city_id mean median lower_50 upper_50 lower_80 upper_80 lower_90 upper_90 lower_95 upper_95
1	3240	3241	2366	4251	1696	5279	1349	5947	1079	6560
2	19018	19019	16803	21370	14926	23606	13855	24996	12958	26237
3	73148	73150	68738	77695	64884	81907	62631	84481	60706	86749
4	27680	27681	24994	30503	22692	33164	21368	34808	20249	36270
5	310	310	87	670	4	1112	0	1429	0	1737
6	145373	145376	139128	151755	133621	157620	130380	161182	127595	164310
7	7060	7061	5737	8520	4663	9952	4074	10862	3594	11685
8	23615	23616	21139	26228	19026	28699	17816	30230	16796	31593
9	19579	19580	17331	21964	15423	24230	14335	25639	13422	26895
10	46519	46521	43016	50159	39979	53554	38215	55639	36714	57483
11	7269	7270	5926	8749	4833	10200	4233	11121	3744	11953
12	4347	4348	3324	5507	2520	6670	2092	7418	1752	8101
13	55737	55739	51896	59715	48555	63414	46609	65681	44950	67683
14	778	778	385	1308	148	1903	59	2313	15	2700
15	1927	1927	1269	2722	793	3556	562	4108	393	4620
16	3144	3145	2284	4141	1627	5156	1287	5817	1024	6423
17	18055	18056	15899	20348	14074	22531	13035	23891	12165	25104
18	1461	1461	897	2162	506	2912	325	3413	200	3881
19	33409	33411	30451	36504	27904	39409	26434	41200	25188	42789
20	14158	14159	12256	16197	10661	18150	9760	19372	9009	20466
21	6584	6585	5309	7996	4278	9385	3714	10269	3257	11070
22	2721	2721	1926	3653	1327	4610	1022	5236	789	5812
23	11773	11774	10045	13638	8606	15435	7798	16564	7128	17577
24	46647	46649	43139	50292	40098	53692	38331	55779	36828	57625
25	13631	13632	11766	15633	10204	17553	9323	18755	8589	19832
26	118017	118020	112397	123774	107453	129076	104548	132301	102056	135137
27	96142	96145	91076	101345	86631	106148	84025	109075	81793	111650
28	9435	9436	7895	11112	6626	12740	5919	13766	5338	14691
29	7126	7127	5797	8592	4717	10030	4124	10944	3641	11770
30	9388	9389	7852	11061	6586	12685	5882	13710	5303	14633
31	2408	2408	1664	3289	1111	4200	834	4798	625	5350
32	3676	3677	2741	4748	2016	5832	1635	6533	1336	7175
33	711	711	338	1221	119	1798	42	2196	7	2574
34	226	226	46	543	0	947	0	1241	0	1529
35	34333	34335	31333	37470	28749	40412	27256	42225	25991	43834
36	28379	28381	25658	31237	23325	33928	21982	35592	20848	37069
37	135929	135932	129893	142102	124574	147780	121444	151229	118758	154259
38	139611	139614	133493	145867	128100	151618	124926	155112	122201	158180
39	96549	96552	91472	101763	87018	106575	84406	109508	82168	112089
40	128094	128097	122236	134089	117078	139605	114045	142959	111442	145905
41	15718	15719	13711	17863	12020	19911	11062	21190	10261	22334
42	32554	32556	29635	35610	27123	38480	25674	40250	24447	41820
43	63274	63276	59177	67508	55605	71438	53521	73843	51743	75964
44	37442	37444	34306	40715	31600	43779	30034	45666	28705	47338
45	23163	23164	20711	25752	18621	28200	17423	29719	16415	31070
46	68591	68593	64323	72996	60596	77081	58420	79578	56561	81780
47	3588	3589	2665	4648	1950	5721	1576	6415	1284	7051
48	24774	24775	22236	27449	20068	29975	18824	31540	17775	32932
49	19484	19485	17241	21864	15339	24124	14254	25530	13343	26784
50	1374	1374	829	2056	455	2788	285	3279	169	3738
51	16061	16062	14031	18228	12320	20297	11350	21588	10539	22742
52	29525	29527	26748	32439	24365	35180	22992	36874	21832	38377
53	21503	21504	19143	24000	17136	26365	15988	27834	15022	29143
54	12542	12543	10756	14465	9265	16314	8426	17474	7730	18513
55	7400	7401	6044	8893	4940	10355	4333	11283	3838	12121
56	6808	6809	5510	8243	4459	9652	3883	10549	3415	11360
57	6826	6827	5526	8263	4473	9674	3897	10571	3428	11383
58	7694	7695	6310	9215	5181	10702	4559	11645	4050	12497
59	173893	173897	167057	180867	161017	187264	157457	191145	154395	194550
60	19307	19308	17075	21676	15182	23927	14102	25328	13197	26576
61	11745	11746	10019	13608	8582	15403	7775	16531	7107	17542
62	47567	47569	44024	51247	40951	54678	39165	56785	37646	58647
63	60846	60848	56830	64999	53331	68857	51290	71218	49549	73302
64	104626	104629	99339	110051	94694	115053	91968	118099	89632	120779
65	921	921	487	1492	214	2124	103	2555	39	2962
66	946	946	505	1524	226	2162	112	2596	45	3006
67	52831	52833	49094	56706	45845	60312	43955	62523	42344	64477
68	28058	28060	25353	30900	23034	33577	21700	35232	20573	36702
69	664824	664831	651391	678394	639411	690732	632297	698167	626147	704661
70	67469	67471	63237	71839	59542	75891	57385	78369	55543	80554
71	23097	23098	20649	25682	18562	28127	17366	29644	16359	30994
72	448	448	166	867	29	1362	1	1711	0	2047
73	11223	11224	9537	13046	8137	14805	7352	15910	6702	16903
74	139239	139242	133129	145486	127743	151230	124574	154720	121853	157784
75	10649	10650	9009	12426	7649	14144	6889	15225	6260	16197
76	658	658	302	1151	98	1713	30	2102	2	2473
77	6538	6539	5268	7945	4241	9330	3680	10212	3225	11011
78	7137	7138	5807	8604	4726	10043	4132	10957	3649	11784
79	4974	4975	3875	6210	3002	7441	2533	8231	2158	8949
80	11081	11082	9406	12893	8016	14641	7237	15741	6592	16729
81	211000	211004	203462	218675	196791	225704	192853	229962	189464	233695
82	23513	23514	21042	26121	18935	28586	17727	30115	16710	31475
83	35297	35299	32255	38476	29632	41457	28116	43294	26831	44922
84	585	585	253	1054	71	1594	16	1970	0	2329
85	16253	16254	14211	18433	12488	20513	11511	21811	10694	22971
86	1435	1435	876	2131	490	2875	313	3373	191	3838
87	1195	1195	691	1836	355	2531	207	2999	110	3439
88	153649	153653	147227	160208	141561	166233	138223	169890	135356	173101
89	70820	70822	66482	75295	62693	79443	60478	81977	58587	84212
90	233771	233775	225834	241846	218802	249235	214649	253709	211072	257629
91	219442	219446	211754	227267	204947	234432	200928	238772	197468	242576
92	7911	7912	6507	9452	5359	10958	4726	11912	4208	12773
93	19086	19087	16867	21442	14986	23681	13913	25074	13014	26317
94	6556	6557	5284	7965	4255	9352	3693	10235	3237	11034
95	124	124	8	377	0	722	0	982	0	1240
