city_id mean median lower_50 upper_50 lower_80 upper_80 lower_90 upper_90 lower_95 upper_95
1	2578	2578	2026	3195	1586	3809	1349	4201	1158	4558
2	19676	19677	18093	21324	16725	22866	15932	23814	15259	24653
3	59839	59840	57055	62689	54604	65313	53164	66909	51928	68311
4	11015	11014	9840	12257	8838	13432	8264	14161	7781	14810
5	47	47	1	158	0	316	0	436	0	556
6	215512	215515	210199	220892	205470	225793	202667	228752	200247	231338
7	4428	4429	3695	5228	3091	6005	2756	6495	2480	6937
8	7260	7260	6312	8274	5514	9244	5063	9851	4687	10393
9	16810	16811	15350	18336	14092	19768	13365	20650	12749	21432
10	47910	47912	45423	50464	43239	52821	41958	54257	40861	55520
11	984	984	656	1378	417	1790	300	2063	214	2315
12	3028	3028	2427	3695	1943	4352	1679	4771	1466	5151
13	24365	24366	22601	26196	21069	27902	20177	28948	19419	29873
14	111	111	23	265	0	461	0	603	0	743
15	1059	1059	718	1467	467	1891	342	2171	250	2429
16	974	974	647	1366	410	1776	294	2048	209	2299
17	6585	6585	5683	7552	4928	8481	4502	9062	4148	9582
18	2328	2328	1805	2916	1391	3504	1170	3880	992	4224
19	11225	11224	10038	12478	9026	13664	8446	14399	7957	15053
20	5842	5842	4995	6755	4289	7635	3892	8187	3563	8682
21	2195	2195	1689	2768	1289	3340	1076	3708	906	4044
22	1411	1411	1011	1877	708	2353	553	2663	433	2949
23	3726	3727	3056	4462	2510	5182	2209	5639	1963	6051
24	23017	23018	21303	24797	19816	26457	18952	27476	18217	28377
25	8008	8009	7011	9072	6169	10087	5691	10720	5292	11285
26	143037	143040	138715	147426	134879	151435	132609	153860	130653	155982
27	44494	44495	42098	46956	39996	49231	38765	50617	37711	51838
28	17053	17054	15583	18591	14315	20032	13582	20920	12961	21707
29	1614	1614	1184	2110	854	2613	683	2940	549	3239
30	11414	11414	10217	12678	9195	13872	8610	14613	8117	15272
31	596	596	348	911	182	1250	108	1480	59	1694
32	2366	2366	1839	2959	1421	3550	1197	3930	1017	4275
33	111	111	23	265	0	461	0	603	0	743
34	133	133	34	300	0	506	0	655	0	801
35	69350	69351	66350	72416	63705	75234	62148	76945	60811	78448
36	5257	5258	4455	6126	3790	6964	3418	7492	3110	7966
37	106155	106157	102435	109940	99143	113406	97198	115505	95524	117345
38	29941	29942	27982	31967	26274	33849	25277	35000	24427	36016
39	66270	66271	63338	69267	60755	72024	59235	73699	57929	75170
40	27214	27215	25348	29147	23723	30945	22777	32046	21971	33019
41	2852	2852	2270	3500	1803	4140	1549	4549	1344	4920
42	7551	7552	6584	8585	5769	9573	5307	10190	4922	10742
43	36866	36867	34687	39110	32783	41188	31669	42457	30716	43576
44	47764	47766	45281	50315	43100	52668	41822	54102	40726	55363
45	7319	7319	6367	8337	5566	9311	5112	9919	4734	10464
46	25761	25762	23946	27643	22368	29394	21449	30468	20667	31416
47	767	767	481	1119	281	1493	186	1743	120	1975
48	11430	11430	10232	12695	9210	13890	8624	14631	8131	15291
49	8677	8678	7638	9783	6758	10836	6257	11492	5838	12077
50	238	238	93	449	20	695	2	869	0	1035
51	13226	13226	11935	14584	10829	15863	10193	16655	9655	17358
52	16569	16570	15120	18085	13872	19507	13150	20383	12539	21160
53	14223	14222	12882	15629	11732	16953	11070	17771	10510	18497
54	2760	2761	2188	3399	1730	4030	1482	4434	1281	4800
55	1103	1103	754	1519	496	1950	367	2233	271	2496
56	9808	9809	8701	10982	7760	12096	7223	12788	6772	13405
57	1707	1707	1264	2216	922	2731	744	3065	604	3371
58	1747	1748	1299	2262	952	2782	770	3119	628	3427
59	48861	48863	46349	51440	44143	53819	42848	55269	41739	56544
60	9138	9138	8070	10272	7165	11350	6650	12021	6217	12619
61	8132	8133	7127	9204	6278	10226	5796	10863	5393	11432
62	32155	32156	30123	34254	28350	36200	27315	37390	26431	38440
63	140893	140895	136603	145249	132796	149228	130545	151635	128603	153742
64	83705	83707	80406	87070	77492	90157	75774	92030	74297	93673
65	501	501	276	792	131	1110	69	1327	32	1530
66	318	319	146	557	48	829	14	1017	1	1196
67	9702	9702	8600	10869	7665	11977	7132	12666	6684	13280
68	42085	42086	39756	44481	37715	46695	36519	48046	35496	49235
69	739822	739827	729949	749761	721115	758769	715855	764184	711299	768905
70	25474	25475	23669	27345	22100	29087	21187	30155	20410	31099
71	14830	14829	13460	16265	12284	17615	11606	18448	11032	19188
72	209	209	76	409	12	646	0	813	0	974
73	8396	8397	7374	9484	6510	10521	6019	11168	5608	11745
74	27696	27697	25813	29646	24173	31459	23218	32569	22404	33550
75	4098	4099	3394	4869	2817	5619	2497	6094	2235	6522
76	140	140	37	310	1	519	0	670	0	817
77	5561	5561	4735	6453	4048	7313	3663	7853	3344	8338
78	1356	1356	965	1813	670	2282	519	2588	403	2869
79	1856	1856	1393	2385	1033	2918	843	3263	694	3579
80	11160	11159	9976	12410	8967	13592	8389	14325	7903	14978
81	189855	189858	184870	194906	180437	199512	177811	202294	175544	204726
82	95611	95613	92083	99205	88962	102499	87121	104495	85537	106245
83	11600	11599	10392	12873	9362	14077	8771	14823	8273	15486
84	284	284	123	511	35	772	8	954	0	1128
85	19046	19046	17489	20668	16145	22186	15366	23120	14705	23947
86	159	159	47	338	3	555	0	711	0	862
87	179	179	58	367	6	592	0	753	0	908
88	27259	27260	25391	29193	23765	30992	22818	32095	22010	33068
89	13176	13175	11887	14531	10783	15808	10148	16598	9612	17300
90	77199	77201	74032	80432	71237	83400	69590	85202	68175	86783
91	55629	55631	52946	58379	50586	60912	49200	62453	48011	63808
92	892	892	581	1269	358	1665	250	1928	172	2172
93	19337	19338	17769	20972	16413	22501	15628	23441	14961	24274
94	3365	3365	2730	4066	2215	4755	1933	5192	1703	5588
95	2407	2407	1875	3005	1453	3601	1226	3983	1044	4330
