city_id mean median lower_50 upper_50 lower_80 upper_80 lower_90 upper_90 lower_95 upper_95
1	1216	1216	962	1500	759	1780	649	1960	560	2123
2	7507	7508	6854	8190	6291	8830	5966	9225	5691	9575
3	28846	28846	27551	30170	26411	31388	25740	32128	25164	32778
4	11254	11255	10451	12087	9754	12862	9348	13338	9002	13758
5	132	132	58	235	17	353	4	436	0	514
6	61844	61845	59942	63776	58254	65542	57256	66609	56395	67544
7	2622	2622	2242	3031	1925	3426	1747	3673	1600	3895
8	8515	8516	7819	9241	7217	9921	6868	10339	6572	10709
9	8229	8229	7544	8943	6953	9612	6611	10023	6321	10388
10	20674	20675	19581	21798	18621	22835	18059	23467	17577	24023
11	2625	2625	2245	3035	1928	3429	1750	3677	1602	3899
12	1787	1787	1476	2127	1221	2460	1080	2670	965	2860
13	22777	22777	21628	23955	20619	25042	20027	25703	19519	26285
14	313	313	191	464	107	625	68	733	42	834
15	729	729	536	952	387	1179	310	1326	250	1460
16	1168	1168	919	1446	721	1722	614	1899	527	2059
17	6298	6298	5701	6924	5189	7514	4894	7878	4644	8202
18	646	646	465	857	327	1072	256	1212	202	1341
19	13864	13864	12971	14786	12192	15643	11738	16166	11350	16629
20	4846	4846	4324	5398	3880	5920	3625	6244	3411	6532
21	2368	2368	2008	2758	1709	3134	1541	3371	1403	3584
22	1054	1054	819	1319	632	1583	532	1753	452	1907
23	4521	4522	4018	5055	3590	5560	3345	5874	3140	6154
24	20060	20060	18983	21167	18038	22189	17485	22812	17011	23360
25	5544	5544	4985	6133	4507	6688	4232	7033	4001	7338
26	51300	51301	49569	53061	48035	54672	47129	55648	46349	56502
27	38565	38566	37066	40094	35741	41496	34960	42346	34289	43092
28	4033	4034	3559	4538	3157	5018	2928	5316	2735	5583
29	2987	2988	2581	3424	2240	3842	2048	4104	1888	4338
30	4120	4120	3640	4629	3233	5114	3001	5415	2806	5684
31	973	973	747	1228	570	1484	475	1648	399	1798
32	1465	1465	1185	1775	958	2080	834	2274	733	2449
33	280	280	166	424	88	579	54	683	31	781
34	107	107	42	201	9	312	1	390	0	464
35	14552	14553	13637	15497	12839	16374	12372	16909	11974	17382
36	11147	11148	10348	11976	9654	12748	9250	13221	8906	13640
37	53223	53224	51459	55016	49896	56656	48973	57650	48177	58519
38	50696	50697	48975	52446	47450	54048	46550	55018	45774	55868
39	40965	40965	39419	42540	38053	43984	37247	44859	36553	45627
40	48468	48469	46785	50180	45296	51747	44416	52696	43659	53528
41	6168	6169	5578	6789	5071	7373	4780	7734	4534	8054
42	11659	11660	10842	12507	10131	13295	9717	13778	9365	14205
43	27209	27210	25952	28495	24846	29679	24195	30399	23637	31032
44	15914	15915	14957	16902	14120	17816	13630	18375	13212	18868
45	8201	8201	7517	8913	6927	9581	6586	9992	6296	10356
46	25489	25489	24273	26734	23203	27881	22575	28579	22035	29193
47	1321	1321	1056	1616	842	1907	726	2093	632	2262
48	9851	9852	9101	10631	8451	11359	8073	11806	7752	12202
49	7933	7934	7261	8635	6682	9292	6347	9697	6062	10055
50	552	552	386	748	261	950	198	1082	151	1204
51	6005	6005	5422	6617	4923	7194	4636	7550	4393	7867
52	13101	13101	12233	13998	11477	14831	11037	15341	10661	15792
53	8589	8589	7889	9318	7285	10000	6934	10420	6637	10792
54	4875	4875	4351	5428	3905	5951	3650	6276	3435	6565
55	2989	2990	2583	3426	2242	3844	2050	4106	1889	4341
56	2688	2688	2303	3102	1982	3501	1801	3751	1651	3976
57	2477	2477	2108	2875	1801	3259	1629	3501	1487	3718
58	2926	2927	2524	3358	2188	3773	1998	4032	1839	4265
59	64031	64032	62095	65997	60377	67792	59361	68878	58485	69829
60	8454	8454	7760	9177	7160	9855	6813	10271	6518	10640
61	5127	5128	4590	5694	4132	6230	3869	6562	3648	6858
62	19092	19093	18042	20172	17121	21171	16582	21779	16121	22315
63	25671	25672	24451	26921	23378	28073	22747	28773	22206	29388
64	43102	43103	41516	44717	40114	46197	39286	47095	38574	47881
65	368	368	235	531	141	703	96	817	64	923
66	441	441	294	617	187	802	134	924	96	1037
67	18338	18338	17309	19397	16407	20376	15880	20973	15428	21499
68	11605	11605	10789	12450	10080	13237	9667	13719	9316	14145
69	327339	327342	322943	331765	319010	335776	316668	338187	314640	340289
70	28619	28619	27329	29938	26194	31151	25526	31888	24952	32536
71	9793	9793	9045	10571	8397	11296	8020	11742	7700	12137
72	203	203	108	328	48	466	23	559	9	648
73	4594	4595	4087	5132	3655	5641	3408	5957	3201	6239
74	50737	50738	49015	52488	47490	54091	46589	55061	45814	55912
75	3580	3580	3133	4056	2757	4510	2543	4793	2364	5046
76	273	273	160	415	84	568	51	672	28	768
77	2712	2712	2326	3129	2003	3529	1821	3780	1671	4005
78	2997	2997	2589	3433	2248	3852	2055	4114	1895	4349
79	1845	1845	1528	2191	1269	2528	1125	2741	1008	2933
80	4712	4712	4197	5256	3760	5771	3509	6091	3299	6376
81	88546	88547	86267	90855	84240	92960	83038	94230	82002	95342
82	9838	9839	9088	10618	8439	11345	8061	11792	7741	12187
83	14455	14455	13543	15396	12747	16270	12282	16804	11885	17275
84	238	238	134	372	66	518	36	616	18	709
85	6857	6858	6234	7510	5698	8124	5388	8503	5127	8839
86	549	549	383	744	259	946	197	1078	149	1199
87	482	482	328	666	214	858	158	984	116	1100
88	57549	57550	55715	59413	54088	61118	53126	62149	52298	63052
89	28270	28271	26989	29581	25860	30787	25196	31520	24627	32164
90	86700	86701	84445	88985	82440	91068	81251	92326	80226	93426
91	84492	84493	82266	86748	80287	88805	79114	90047	78102	91133
92	3110	3110	2695	3555	2347	3981	2150	4247	1986	4486
93	7459	7459	6808	8139	6247	8778	5923	9171	5649	9520
94	2772	2772	2381	3193	2054	3597	1870	3851	1718	4078
95	63	63	17	139	0	233	0	301	0	367
