city_id mean median lower_50 upper_50 lower_80 upper_80 lower_90 upper_90 lower_95 upper_95
1	1216	1216	969	1491	771	1762	663	1936	576	2093
2	7507	7508	6873	8170	6326	8790	6009	9172	5741	9510
3	28846	28846	27589	30130	26481	31311	25829	32029	25269	32659
4	11254	11255	10475	12062	9796	12813	9401	13274	9065	13680
5	132	132	60	231	19	345	6	424	0	500
6	61844	61845	59998	63719	58359	65431	57389	66466	56553	67372
7	2622	2622	2253	3019	1944	3401	1771	3640	1626	3854
8	8515	8516	7839	9220	7254	9878	6914	10283	6626	10641
9	8229	8229	7564	8921	6989	9569	6656	9968	6374	10320
10	20674	20675	19612	21764	18680	22769	18133	23382	17665	23920
11	2625	2625	2256	3022	1947	3404	1773	3643	1629	3858
12	1787	1787	1484	2117	1236	2438	1098	2641	985	2824
13	22777	22777	21661	23920	20681	24973	20105	25614	19612	26178
14	313	313	194	459	112	614	73	718	46	815
15	729	729	541	945	396	1164	320	1306	260	1435
16	1168	1168	926	1437	732	1704	627	1875	543	2029
17	6298	6298	5718	6905	5220	7477	4933	7829	4690	8142
18	646	646	470	850	335	1058	265	1193	211	1317
19	13864	13864	12997	14759	12240	15589	11798	16096	11421	16544
20	4846	4846	4339	5381	3907	5887	3659	6200	3450	6479
21	2368	2368	2018	2746	1726	3110	1563	3339	1428	3545
22	1054	1054	825	1311	643	1566	545	1730	466	1879
23	4521	4522	4032	5038	3616	5528	3377	5832	3177	6102
24	20060	20060	19014	21133	18096	22124	17558	22728	17097	23259
25	5544	5544	5001	6115	4536	6653	4268	6986	4042	7282
26	51300	51301	49619	53008	48130	54571	47249	55517	46491	56345
27	38565	38566	37110	40048	35823	41408	35064	42232	34411	42955
28	4033	4034	3572	4523	3181	4987	2958	5276	2770	5533
29	2987	2988	2592	3410	2261	3815	2073	4068	1917	4295
30	4120	4120	3653	4614	3257	5083	3031	5374	2842	5634
31	973	973	754	1220	580	1467	487	1626	413	1770
32	1465	1465	1193	1766	972	2060	850	2247	751	2416
33	280	280	169	419	93	568	58	669	34	762
34	107	107	43	198	10	304	1	379	0	450
35	14552	14553	13664	15469	12888	16318	12434	16837	12046	17295
36	11147	11148	10372	11951	9697	12699	9304	13158	8969	13563
37	53223	53224	51511	54963	49993	56554	49095	57516	48322	58360
38	50696	50697	49025	52394	47545	53948	46670	54888	45916	55712
39	40965	40965	39464	42493	38137	43893	37354	44742	36680	45486
40	48468	48469	46835	50129	45388	51649	44533	52569	43797	53375
41	6168	6169	5595	6770	5102	7336	4818	7685	4578	7995
42	11659	11660	10865	12481	10174	13245	9772	13713	9429	14127
43	27209	27210	25989	28457	24914	29605	24282	30303	23739	30916
44	15914	15915	14984	16872	14171	17759	13695	18300	13288	18777
45	8201	8201	7537	8892	6963	9539	6631	9937	6349	10289
46	25489	25489	24308	26697	23269	27809	22658	28486	22134	29080
47	1321	1321	1063	1607	855	1889	741	2068	649	2230
48	9851	9852	9123	10608	8491	11313	8123	11746	7810	12129
49	7933	7934	7281	8614	6717	9250	6391	9642	6114	9989
50	552	552	390	741	268	936	206	1064	159	1181
51	6005	6005	5439	6598	4953	7157	4674	7502	4437	7809
52	13101	13101	12258	13971	11524	14779	11095	15273	10729	15709
53	8589	8589	7910	9296	7322	9957	6981	10364	6691	10723
54	4875	4875	4366	5411	3932	5918	3684	6232	3474	6512
55	2989	2990	2594	3412	2262	3817	2075	4071	1918	4297
56	2688	2688	2314	3090	2001	3476	1825	3717	1678	3934
57	2477	2477	2118	2863	1819	3235	1652	3468	1512	3677
58	2926	2927	2536	3345	2208	3746	2022	3997	1868	4222
59	64031	64032	62152	65938	60484	67680	59496	68733	58645	69654
60	8454	8454	7780	9156	7197	9812	6859	10215	6572	10572
61	5127	5128	4606	5677	4160	6196	3904	6517	3688	6803
62	19092	19093	18073	20140	17178	21108	16654	21697	16205	22217
63	25671	25672	24487	26884	23444	28000	22830	28679	22304	29275
64	43102	43103	41563	44669	40200	46105	39396	46974	38704	47737
65	368	368	238	525	146	691	101	801	69	903
66	441	441	298	612	193	790	141	907	102	1016
67	18338	18338	17339	19365	16463	20314	15950	20893	15510	21402
68	11605	11605	10813	12425	10124	13187	9722	13654	9380	14067
69	327339	327341	323073	331634	319254	335525	316980	337864	315011	339904
70	28619	28619	27367	29898	26264	31075	25614	31789	25057	32417
71	9793	9793	9067	10547	8436	11251	8070	11682	7758	12064
72	203	203	110	324	51	456	26	546	11	631
73	4594	4595	4101	5115	3681	5609	3440	5915	3238	6187
74	50737	50738	49066	52436	47585	53990	46709	54931	45955	55755
75	3580	3580	3146	4041	2779	4481	2571	4755	2396	4999
76	273	273	163	410	88	558	55	657	32	750
77	2712	2712	2337	3116	2022	3503	1845	3746	1698	3964
78	2997	2997	2601	3420	2269	3825	2081	4079	1924	4306
79	1845	1845	1537	2180	1285	2506	1144	2712	1029	2897
80	4712	4712	4212	5239	3786	5738	3542	6048	3337	6323
81	88546	88547	86334	90786	84365	92828	83198	94060	82191	95138
82	9838	9839	9110	10594	8478	11299	8111	11732	7799	12114
83	14455	14455	13569	15368	12796	16215	12344	16732	11958	17189
84	238	238	137	367	69	508	40	603	21	692
85	6857	6858	6252	7491	5730	8085	5429	8452	5174	8777
86	549	549	387	738	266	932	204	1059	157	1177
87	482	482	332	661	221	845	165	966	123	1078
88	57549	57550	55768	59358	54189	61011	53254	62011	52449	62886
89	28270	28271	27026	29542	25930	30711	25285	31422	24731	32046
90	86700	86701	84511	88917	82564	90938	81409	92157	80413	93224
91	84492	84493	82331	86681	80409	88676	79270	89880	78287	90934
92	3110	3110	2707	3541	2368	3954	2176	4211	2015	4442
93	7459	7459	6827	8119	6281	8737	5966	9118	5698	9456
94	2772	2772	2392	3180	2074	3571	1895	3816	1745	4036
95	63	63	18	136	1	226	0	291	0	354
