city_id mean median lower_50 upper_50 lower_80 upper_80 lower_90 upper_90 lower_95 upper_95
1	2396	2396	1796	3082	1329	3774	1084	4221	891	4630
2	15203	15204	13626	16866	12280	18438	11508	19412	10857	20278
3	53283	53284	50293	56359	47674	59203	46141	60938	44829	62466
4	10267	10268	8979	11642	7893	12954	7276	13772	6761	14503
5	47	47	0	180	0	373	0	522	0	672
6	181764	181767	176205	187408	171273	192566	168355	195685	165841	198416
7	2469	2469	1859	3165	1384	3865	1133	4318	935	4732
8	6864	6865	5819	7996	4951	9089	4466	9777	4064	10394
9	15447	15448	13858	17124	12500	18707	11721	19688	11064	20561
10	39488	39489	36920	42142	34681	44606	33375	46114	32261	47444
11	912	912	558	1352	314	1822	201	2137	123	2430
12	2849	2849	2190	3593	1672	4337	1395	4816	1174	5252
13	20251	20252	18425	22164	16853	23961	15947	25069	15179	26053
14	101	101	12	277	0	509	0	681	0	851
15	859	859	517	1288	283	1747	177	2056	104	2344
16	917	917	562	1358	317	1829	203	2145	125	2439
17	6156	6157	5169	7231	4353	8272	3898	8928	3524	9519
18	1204	1204	791	1703	493	2226	349	2573	243	2895
19	9358	9359	8130	10672	7098	11929	6514	12715	6027	13418
20	5372	5373	4453	6379	3698	7359	3280	7979	2937	8538
21	2089	2089	1531	2732	1103	3386	881	3811	708	4200
22	1202	1202	790	1701	492	2224	348	2570	242	2891
23	2816	2816	2162	3556	1647	4297	1372	4773	1153	5208
24	19660	19661	17861	21546	16315	23318	15423	24411	14669	25382
25	7345	7346	6262	8514	5361	9641	4855	10349	4436	10984
26	112453	112456	108090	116903	104235	120983	101962	123458	100007	125630
27	41670	41672	39031	44396	36729	46924	35384	48470	34237	49834
28	16520	16521	14874	18252	13466	19885	12657	20896	11974	21795
29	1583	1583	1103	2149	745	2732	564	3115	428	3468
30	11057	11057	9718	12481	8587	13838	7943	14684	7404	15439
31	562	562	294	917	126	1310	59	1579	21	1833
32	1811	1812	1295	2414	904	3030	704	3432	550	3802
33	107	107	14	286	0	522	0	696	0	868
34	128	128	22	319	0	566	0	747	0	924
35	42867	42869	40190	45631	37853	48193	36488	49760	35322	51142
36	5725	5725	4774	6762	3991	7770	3557	8407	3199	8980
37	91336	91338	87408	95350	83945	99039	81906	101279	80155	103246
38	27681	27682	25538	29910	23682	31992	22605	33271	21690	34402
39	54765	54767	51734	57883	49077	60765	47521	62523	46190	64071
40	24505	24506	22491	26605	20751	28570	19744	29779	18889	30850
41	2767	2768	2119	3502	1610	4237	1338	4710	1123	5142
42	6482	6483	5467	7583	4627	8648	4158	9319	3771	9923
43	34527	34528	32129	37011	30043	39323	28828	40739	27793	41991
44	37588	37589	35083	40178	32902	42585	31630	44059	30546	45359
45	6097	6098	5115	7167	4303	8203	3851	8857	3479	9445
46	21446	21447	19565	23414	17945	25259	17009	26397	16216	27406
47	756	755	438	1160	225	1598	131	1893	70	2171
48	10300	10300	9009	11676	7921	12990	7304	13809	6787	14542
49	7187	7187	6116	8343	5225	9459	4726	10160	4313	10790
50	210	210	63	444	4	729	0	932	0	1129
51	11740	11741	10360	13207	9190	14602	8524	15470	7966	16245
52	12348	12349	10931	13851	9729	15279	9043	16166	8467	16958
53	12868	12869	11421	14402	10191	15857	9489	16761	8899	17567
54	2643	2644	2011	3362	1515	4083	1252	4548	1044	4972
55	1057	1057	673	1527	401	2025	272	2356	180	2664
56	5363	5364	4444	6369	3690	7348	3273	7967	2930	8526
57	1460	1460	1001	2005	661	2569	492	2941	365	3284
58	1618	1618	1133	2190	769	2778	586	3164	446	3520
59	44836	44837	42097	47661	39704	50280	38306	51880	37111	53290
60	8693	8694	7511	9962	6521	11178	5962	11939	5496	12620
61	7695	7696	6586	8891	5661	10042	5141	10764	4709	11412
62	27516	27517	25380	29739	23529	31814	22456	33089	21544	34218
63	108479	108482	104195	112850	100410	116860	98179	119293	96261	121427
64	76261	76263	72676	79933	69521	83313	67667	85369	66076	87176
65	473	473	230	802	86	1172	33	1427	7	1669
66	303	303	118	575	24	894	2	1118	0	1333
67	9334	9334	8107	10646	7077	11902	6494	12687	6008	13389
68	37829	37831	35317	40428	33128	42842	31852	44320	30764	45625
69	672871	672877	662137	683692	652543	693511	646836	699420	641898	704574
70	21217	21218	19347	23174	17736	25011	16805	26143	16017	27147
71	13466	13467	11985	15034	10724	16520	10004	17442	9398	18264
72	196	196	55	423	2	702	0	902	0	1096
73	7300	7301	6221	8466	5323	9590	4819	10296	4401	10929
74	24811	24812	22785	26924	21034	28901	20019	30117	19158	31194
75	3259	3259	2552	4052	1989	4840	1686	5345	1443	5804
76	123	123	21	312	0	556	0	736	0	912
77	4240	4241	3428	5139	2770	6022	2410	6584	2117	7093
78	1297	1297	867	1813	553	2352	399	2708	286	3037
79	1690	1691	1193	2274	820	2873	629	3265	485	3626
80	10194	10195	8911	11564	7829	12872	7215	13687	6702	14417
81	147806	147809	142798	152901	138361	157563	135741	160386	133483	162859
82	73735	73737	70210	77346	67110	80672	65288	82695	63726	84474
83	9938	9939	8671	11291	7604	12583	6999	13390	6494	14111
84	255	255	89	509	12	810	0	1024	0	1231
85	17785	17786	16076	19580	14611	21271	13767	22316	13055	23245
86	157	157	36	365	0	626	0	816	0	1001
87	162	161	38	372	0	635	0	826	0	1012
88	25418	25420	23367	27556	21593	29556	20565	30785	19692	31874
89	12622	12623	11189	14141	9972	15584	9278	16480	8695	17279
90	57589	57591	54479	60786	51753	63738	50154	65538	48786	67122
91	46723	46724	43926	49606	41481	52277	40052	53908	38830	55346
92	826	826	491	1247	264	1699	162	2004	93	2289
93	18273	18274	16540	20092	15053	21804	14197	22862	13473	23802
94	2961	2962	2290	3720	1758	4476	1474	4962	1247	5405
95	2036	2037	1487	2672	1065	3319	847	3739	677	4125
