city_id mean median lower_50 upper_50 lower_80 upper_80 lower_90 upper_90 lower_95 upper_95
1	2172	2173	1669	2742	1272	3312	1060	3679	892	4013
2	12978	12978	11700	14324	10605	15592	9975	16376	9444	17074
3	47846	47847	45360	50398	43178	52754	41898	54188	40801	55451
4	9574	9574	8480	10734	7552	11835	7022	12520	6578	13131
5	47	47	1	158	0	316	0	436	0	556
6	163450	163452	158827	168139	154720	172419	152289	175005	150192	177268
7	1500	1500	1087	1979	772	2467	609	2785	483	3077
8	5686	5687	4851	6588	4155	7456	3765	8002	3441	8492
9	14670	14669	13308	16098	12138	17441	11464	18270	10894	19006
10	36079	36080	33925	38300	32041	40356	30940	41613	29999	42720
11	865	865	559	1237	341	1628	236	1888	160	2130
12	2738	2738	2168	3373	1712	4003	1465	4405	1266	4770
13	18537	18538	17003	20139	15677	21637	14910	22560	14259	23377
14	94	95	16	240	0	427	0	565	0	700
15	815	816	520	1177	310	1560	210	1815	140	2052
16	868	868	562	1240	343	1632	238	1893	162	2135
17	5815	5816	4970	6727	4266	7604	3870	8155	3542	8649
18	758	758	474	1108	275	1480	182	1728	116	1960
19	8279	8280	7265	9360	6407	10391	5920	11033	5513	11607
20	4227	4227	3511	5009	2924	5770	2598	6251	2330	6685
21	1992	1992	1511	2539	1135	3089	935	3443	778	3767
22	1148	1148	791	1571	526	2009	393	2297	294	2563
23	2505	2505	1961	3114	1529	3720	1296	4108	1109	4461
24	18259	18260	16736	19848	15421	21336	14660	22252	14014	23064
25	6767	6767	5852	7747	5086	8687	4653	9275	4292	9802
26	102025	102027	98380	105737	95153	109137	93249	111196	91609	113002
27	39308	39309	37057	41624	35088	43767	33935	45075	32949	46227
28	16059	16058	14633	17552	13405	18953	12696	19817	12096	20583
29	1548	1548	1128	2034	806	2528	640	2850	511	3145
30	10699	10698	9541	11923	8555	13083	7990	13802	7516	14443
31	550	550	313	853	156	1183	88	1406	45	1615
32	1440	1440	1036	1910	729	2390	571	2703	450	2991
33	107	107	21	260	0	454	0	595	0	734
34	119	119	26	277	0	477	0	622	0	764
35	32959	32960	30902	35083	29105	37053	28056	38257	27160	39319
36	5932	5932	5078	6852	4366	7737	3965	8293	3633	8791
37	83133	83135	79846	86487	76942	89564	75230	91431	73758	93069
38	25963	25964	24141	27852	22556	29610	21634	30687	20848	31639
39	49762	49763	47226	52364	44999	54764	43692	56226	42572	57512
40	22246	22247	20561	23997	19101	25630	18253	26633	17531	27521
41	2701	2701	2135	3332	1683	3958	1438	4358	1241	4721
42	6016	6016	5156	6942	4438	7834	4034	8392	3699	8894
43	32757	32758	30706	34874	28915	36838	27869	38039	26976	39098
44	33731	33732	31649	35879	29831	37871	28769	39088	27861	40162
45	4866	4866	4096	5702	3459	6513	3103	7023	2810	7482
46	18330	18331	16804	19923	15487	21414	14724	22331	14077	23145
47	739	739	459	1085	264	1453	172	1700	109	1929
48	9530	9531	8439	10688	7513	11787	6985	12470	6542	13080
49	6502	6503	5607	7464	4857	8387	4434	8965	4082	9483
50	195	195	67	389	9	620	0	785	0	943
51	10616	10615	9462	11836	8480	12991	7919	13708	7446	14346
52	10202	10203	9072	11399	8111	12533	7562	13237	7100	13865
53	11650	11649	10440	12926	9407	14133	8815	14880	8316	15545
54	2537	2538	1990	3151	1555	3760	1320	4150	1131	4505
55	1037	1037	700	1441	452	1862	330	2139	239	2396
56	4063	4063	3362	4830	2787	5578	2469	6051	2209	6477
57	1546	1546	1126	2031	805	2526	638	2847	509	3142
58	1409	1409	1010	1874	707	2350	552	2660	432	2946
59	40079	40080	37806	42418	35816	44581	34652	45900	33655	47063
60	8409	8410	7386	9499	6522	10536	6030	11183	5619	11760
61	7402	7402	6444	8426	5639	9405	5182	10016	4801	10563
62	25149	25150	23356	27009	21798	28740	20891	29802	20119	30740
63	101695	101697	98055	105401	94834	108795	92933	110851	91296	112654
64	71723	71724	68672	74840	65980	77704	64396	79444	63035	80971
65	435	435	228	708	98	1011	46	1218	17	1413
66	290	290	127	520	37	783	9	966	0	1141
67	8947	8948	7891	10070	6996	11137	6487	11802	6060	12395
68	34251	34252	32153	36415	30320	38422	29249	39648	28334	40729
69	606213	606218	597280	615214	589291	623376	584537	628285	580421	632566
70	21414	21415	19762	23133	18331	24737	17500	25723	16794	26595
71	12157	12157	10921	13460	9864	14691	9257	15452	8746	16130
72	195	195	67	389	9	620	0	785	0	943
73	7087	7087	6151	8090	5364	9049	4919	9649	4548	10186
74	23108	23109	21391	24892	19901	26556	19035	27576	18298	28479
75	2836	2837	2256	3483	1790	4122	1537	4530	1333	4900
76	96	96	16	241	0	429	0	568	0	703
77	3788	3788	3112	4530	2560	5255	2256	5714	2007	6129
78	1231	1231	860	1668	583	2119	443	2414	336	2686
79	1579	1579	1154	2069	829	2568	660	2892	528	3189
80	10135	10135	9008	11327	8051	12458	7504	13160	7044	13786
81	134990	134992	130792	139255	127068	143152	124865	145510	122967	147574
82	53122	53123	50500	55809	48197	58286	46844	59794	45684	61120
83	8590	8590	7556	9690	6681	10738	6183	11391	5767	11974
84	239	239	94	450	20	697	2	871	0	1037
85	17188	17189	15711	18731	14438	20177	13702	21068	13078	21858
86	159	159	47	338	3	555	0	711	0	862
87	163	163	49	343	3	562	0	718	0	870
88	23357	23358	21630	25150	20131	26822	19260	27848	18519	28755
89	11919	11918	10694	13209	9649	14428	9049	15183	8543	15855
90	51614	51615	49030	54263	46761	56706	45428	58194	44286	59502
91	42897	42899	40545	45316	38484	47551	37276	48914	36242	50113
92	765	765	480	1117	279	1490	185	1739	119	1972
93	16373	16373	14933	17880	13692	19294	12976	20166	12369	20939
94	2758	2759	2187	3396	1728	4028	1480	4431	1280	4797
95	2039	2040	1552	2593	1171	3148	968	3505	807	3832
