city_id mean median lower_50 upper_50 lower_80 upper_80 lower_90 upper_90 lower_95 upper_95
1	2183	2183	1573	2891	1110	3615	871	4086	687	4519
2	14200	14200	12568	15930	11185	17574	10395	18596	9733	19507
3	50487	50489	47367	53706	44643	56690	43052	58514	41692	60123
4	9813	9814	8466	11260	7337	12648	6701	13518	6171	14296
5	45	45	0	190	0	406	0	573	0	742
6	169686	169689	163925	175546	158822	180908	155808	184155	153212	187000
7	1945	1946	1373	2617	943	3308	724	3759	557	4175
8	6506	6507	5418	7694	4524	8848	4027	9578	3619	10235
9	14878	14879	13207	16648	11788	18328	10977	19371	10296	20301
10	37582	37583	34897	40366	32564	42958	31207	44548	30051	45953
11	890	890	519	1360	270	1869	159	2212	87	2534
12	2803	2804	2106	3600	1564	4402	1278	4921	1052	5395
13	19260	19261	17352	21267	15719	23160	14780	24331	13988	25372
14	101	101	9	293	0	551	0	744	0	935
15	811	811	459	1263	227	1754	127	2087	64	2400
16	887	887	516	1356	268	1865	158	2207	86	2529
17	5912	5913	4877	7046	4031	8153	3562	8854	3179	9486
18	1048	1048	641	1554	360	2095	230	2457	141	2796
19	8598	8599	7340	9956	6292	11263	5703	12085	5216	12821
20	5029	5030	4078	6079	3308	7110	2885	7765	2541	8358
21	2036	2037	1449	2722	1006	3426	780	3885	606	4307
22	1168	1168	735	1699	431	2263	288	2639	187	2990
23	2678	2679	1998	3458	1470	4245	1193	4755	976	5221
24	18817	18818	16932	20802	15320	22674	14393	23833	13612	24864
25	6956	6956	5829	8182	4900	9371	4382	10121	3956	10797
26	105796	105799	101258	110434	97256	114695	94900	117284	92877	119556
27	40556	40558	37765	43446	35337	46134	33923	47781	32717	49236
28	16339	16340	14586	18192	13092	19945	12237	21033	11517	22002
29	1552	1552	1046	2157	675	2787	492	3203	357	3588
30	10928	10929	9503	12452	8305	13910	7627	14821	7061	15636
31	551	551	269	931	101	1359	39	1654	9	1934
32	1611	1611	1094	2227	714	2866	526	3288	385	3677
33	107	107	11	303	0	564	0	759	0	952
34	124	124	17	331	0	603	0	804	0	1002
35	36963	36965	34301	39725	31989	42297	30644	43875	29499	45269
36	6001	6001	4958	7143	4104	8257	3631	8962	3244	9598
37	87559	87561	83435	91782	79806	95671	77673	98036	75843	100115
38	26461	26462	24217	28805	22280	31002	21160	32354	20210	33553
39	51884	51886	48721	55147	45958	58170	44343	60018	42963	61647
40	23263	23264	21161	25464	19354	27531	18311	28807	17428	29939
41	2730	2730	2042	3516	1509	4310	1228	4823	1007	5293
42	6323	6324	5251	7495	4371	8635	3883	9355	3483	10005
43	33279	33280	30755	35902	28568	38349	27298	39852	26217	41181
44	34954	34955	32367	37641	30122	40146	28817	41683	27707	43042
45	5376	5376	4391	6459	3590	7521	3149	8194	2789	8803
46	19607	19608	17682	21632	16033	23540	15085	24721	14285	25770
47	746	746	411	1181	193	1658	102	1982	46	2287
48	10074	10074	8708	11539	7563	12944	6916	13823	6378	14611
49	6891	6891	5770	8111	4845	9296	4330	10043	3907	10716
50	205	205	53	457	1	768	0	993	0	1212
51	11081	11082	9646	12615	8439	14083	7755	14999	7184	15819
52	11167	11168	9726	12707	8514	14180	7827	15099	7254	15922
53	11970	11971	10477	13563	9217	15083	8502	16031	7904	16878
54	2578	2578	1911	3343	1396	4118	1127	4620	916	5080
55	1046	1046	639	1551	358	2092	229	2454	140	2792
56	4452	4452	3560	5443	2843	6420	2452	7043	2136	7609
57	1584	1584	1072	2195	697	2830	510	3249	372	3637
58	1447	1447	960	2033	607	2647	434	3052	307	3428
59	42477	42478	39619	45433	37131	48181	35681	49864	34445	51350
60	8587	8588	7330	9944	6282	11251	5694	12071	5207	12808
61	7593	7594	6414	8872	5437	10109	4891	10887	4440	11587
62	26141	26142	23910	28471	21986	30655	20873	32000	19930	33192
63	104986	104988	100465	109606	96479	113852	94133	116430	92117	118695
64	74237	74239	70444	78130	67113	81721	65158	83908	63483	85832
65	471	471	215	827	69	1232	20	1514	1	1781
66	292	293	101	583	14	931	0	1177	0	1414
67	9131	9131	7833	10528	6749	11872	6139	12715	5632	13470
68	35931	35932	33307	38654	31029	41192	29705	42749	28577	44126
69	641021	641027	629778	652364	619737	662664	613768	668866	608605	674278
70	21509	21510	19490	23627	17757	25620	16759	26851	15915	27944
71	12694	12695	11155	14333	9853	15894	9113	16867	8494	17735
72	189	190	45	433	0	738	0	959	0	1174
73	7139	7139	5997	8380	5053	9583	4528	10342	4094	11024
74	23652	23653	21533	25871	19709	27955	18656	29240	17765	30380
75	3052	3052	2322	3881	1750	4712	1447	5248	1207	5738
76	112	112	12	311	0	575	0	772	0	966
77	3965	3965	3126	4902	2456	5832	2094	6427	1803	6967
78	1276	1276	822	1829	498	2413	343	2801	231	3161
79	1631	1632	1111	2251	728	2894	538	3317	395	3708
80	10211	10211	8835	11686	7681	13099	7030	13983	6487	14775
81	141583	141586	136325	146940	131676	151850	128932	154826	126572	157436
82	61151	61153	57713	64689	54702	67960	52938	69956	51430	71714
83	9427	9428	8107	10846	7004	12209	6382	13064	5865	13829
84	247	247	75	518	5	847	0	1083	0	1311
85	17475	17476	15660	19389	14111	21198	13222	22319	12474	23317
86	162	162	32	391	0	682	0	895	0	1103
87	162	162	32	391	0	682	0	895	0	1103
88	24453	24454	22297	26709	20441	28825	19369	30130	18460	31287
89	12343	12344	10825	13959	9544	15501	8816	16461	8207	17320
90	52571	52573	49387	55855	46604	58898	44978	60757	43588	62396
91	44910	44912	41971	47949	39409	50771	37915	52498	36640	54022
92	798	798	449	1246	220	1734	122	2065	60	2376
93	17404	17405	15593	19315	14047	21120	13161	22239	12414	23235
94	2895	2895	2186	3703	1632	4517	1339	5042	1109	5522
95	2043	2044	1456	2731	1011	3435	784	3895	610	4318
