city_id mean median lower_50 upper_50 lower_80 upper_80 lower_90 upper_90 lower_95 upper_95
1	2578	2578	1664	3690	1012	4862	699	5640	474	6363
2	19676	19677	16977	22573	14717	25353	13442	27093	12381	28652
3	59839	59842	55059	64818	50924	69472	48528	72334	46492	74868
4	11015	11016	9021	13208	7395	15353	6500	16714	5769	17943
5	47	47	0	282	0	665	0	971	0	1284
6	215512	215517	206351	224872	198271	233471	193514	238694	189427	243279
7	4428	4429	3200	5855	2265	7310	1782	8258	1410	9129
8	7260	7261	5660	9059	4389	10849	3706	11998	3159	13043
9	16810	16811	14323	19496	12254	22085	11093	23711	10131	25171
10	47910	47913	43644	52376	39971	56568	37851	59153	36056	61447
11	984	984	458	1709	154	2533	50	3102	6	3644
12	3028	3029	2030	4225	1301	5474	942	6298	677	7061
13	24365	24367	21351	27579	18807	30643	17362	32553	16153	34260
14	111	111	0	420	0	869	0	1214	0	1562
15	1059	1060	509	1808	185	2652	67	3235	13	3788
16	974	974	451	1695	150	2516	47	3084	5	3624
17	6585	6586	5065	8303	3868	10020	3228	11125	2719	12132
18	2328	2328	1465	3390	858	4516	572	5267	370	5967
19	11225	11226	9211	13438	7567	15601	6661	16972	5921	18211
20	5842	5843	4417	7466	3304	9099	2715	10153	2250	11116
21	2195	2195	1360	3229	778	4330	507	5067	319	5753
22	1411	1411	761	2259	346	3194	175	3830	73	4430
23	3726	3727	2608	5043	1771	6400	1348	7289	1027	8108
24	23017	23018	20090	26142	17624	29128	16226	30991	15058	32657
25	8008	8009	6323	9893	4975	11760	4246	12955	3659	14040
26	143037	143041	135593	150681	129058	157735	125226	162033	121942	165814
27	44494	44496	40386	48801	36856	52850	34821	55350	33100	57569
28	17053	17055	14548	19758	12462	22364	11291	24000	10320	25469
29	1614	1614	912	2515	450	3496	251	4161	125	4785
30	11414	11415	9383	13645	7723	15824	6807	17205	6059	18452
31	596	596	209	1183	30	1881	0	2376	0	2853
32	2366	2366	1495	3435	881	4569	591	5325	386	6028
33	111	111	0	420	0	869	0	1214	0	1562
34	133	134	2	463	0	931	0	1287	0	1644
35	69350	69352	64196	74702	59725	79693	57127	82756	54917	85465
36	5257	5258	3910	6803	2868	8366	2321	9378	1893	10304
37	106155	106158	99755	112753	94162	118866	90892	122601	88098	125893
38	29941	29943	26589	33492	23740	36861	22113	38953	20746	40818
39	66270	66272	61234	71504	56869	76389	54335	79388	52180	82042
40	27214	27216	24023	30605	21319	33828	19779	35834	18487	37624
41	2852	2852	1886	4016	1186	5236	845	6042	595	6790
42	7551	7552	5917	9384	4616	11205	3915	12372	3352	13432
43	36866	36868	33135	40795	29946	44504	28114	46801	26570	48843
44	47764	47767	43504	52223	39838	56409	37722	58991	35929	61281
45	7319	7320	5712	9125	4435	10921	3748	12073	3198	13121
46	25761	25763	22659	29062	20036	32206	18543	34164	17293	35912
47	767	767	314	1419	76	2176	11	2707	0	3215
48	11430	11432	9397	13663	7736	15843	6820	17225	6070	18472
49	8677	8678	6919	10635	5505	12568	4736	13802	4115	14921
50	238	238	30	645	0	1182	0	1580	0	1974
51	13226	13228	11032	15620	9226	17946	8222	19415	7397	20738
52	16569	16571	14101	19237	12049	21809	10898	23425	9944	24876
53	14223	14224	11943	16701	10061	19104	9012	20618	8147	21981
54	2760	2761	1812	3908	1128	5111	796	5909	554	6649
55	1103	1103	540	1865	203	2721	79	3311	18	3870
56	9808	9809	7932	11883	6413	13922	5581	15219	4905	16393
57	1707	1707	982	2631	500	3633	288	4309	152	4944
58	1747	1748	1013	2681	522	3691	305	4373	164	5013
59	48861	48864	44551	53370	40840	57601	38697	60209	36881	62523
60	9138	9139	7330	11144	5873	13121	5078	14381	4434	15523
61	8132	8133	6433	10030	5073	11910	4336	13112	3743	14204
62	32155	32157	28678	35832	25716	39313	24021	41473	22596	43397
63	140893	140897	133505	148479	127021	155483	123219	159750	119963	163505
64	83705	83708	78033	89575	73095	95033	70218	98375	67765	101326
65	501	501	154	1047	12	1708	0	2182	0	2640
66	318	319	62	774	0	1354	0	1779	0	2194
67	9702	9703	7836	11766	6327	13795	5501	15087	4830	16256
68	42085	42087	38092	46277	34667	50222	32695	52660	31028	54825
69	739822	739831	722764	757079	707572	772791	698559	782268	690775	790551
70	25474	25476	22390	28757	19782	31884	18299	33832	17058	35572
71	14830	14831	12500	17358	10572	19806	9496	21347	8607	22734
72	209	209	20	597	0	1117	0	1505	0	1889
73	8396	8397	6668	10323	5281	12229	4529	13447	3922	14552
74	27696	27698	24476	31116	21746	34365	20190	36387	18885	38190
75	4098	4099	2921	5475	2031	6885	1575	7806	1226	8652
76	140	140	3	476	0	948	0	1308	0	1668
77	5561	5562	4173	7148	3093	8747	2524	9782	2077	10727
78	1356	1356	721	2190	319	3111	156	3739	61	4332
79	1856	1856	1096	2814	582	3848	351	4544	198	5195
80	11160	11161	9152	13367	7514	15524	6611	16892	5874	18128
81	189855	189860	181263	198646	173695	206733	169244	211649	165424	215968
82	95611	95614	89542	101878	84247	107693	81156	111249	78517	114386
83	11600	11601	9551	13847	7876	16042	6951	17432	6194	18687
84	284	284	47	719	0	1282	0	1695	0	2102
85	19046	19047	16392	21898	14173	24637	12922	26353	11882	27891
86	159	159	7	511	0	997	0	1365	0	1732
87	179	180	12	546	0	1047	0	1423	0	1797
88	27259	27261	24065	30652	21359	33878	19817	35885	18524	37676
89	13176	13177	10985	15565	9183	17887	8182	19353	7359	20674
90	77199	77202	71756	82841	67024	88092	64271	91311	61925	94155
91	55629	55632	51024	60433	47047	64930	44744	67698	42790	70150
92	892	892	396	1587	119	2384	31	2937	1	3465
93	19337	19339	16663	22211	14425	24969	13163	26696	12113	28244
94	3365	3366	2307	4622	1525	5924	1134	6780	842	7571
95	2407	2407	1528	3485	906	4626	612	5386	402	6093
