city_id mean median lower_50 upper_50 lower_80 upper_80 lower_90 upper_90 lower_95 upper_95
1	1188	1188	783	1677	491	2189	348	2527	244	2842
2	10652	10653	9357	12031	8262	13346	7639	14164	7118	14896
3	35805	35806	33395	38299	31296	40617	30073	42036	29030	43290
4	12338	12339	10941	13819	9754	15225	9077	16099	8508	16878
5	115	115	18	296	0	531	0	704	0	874
6	75327	75329	71812	78926	68719	82238	66901	84253	65341	86023
7	7179	7180	6123	8319	5244	9417	4750	10107	4341	10726
8	10334	10335	9059	11693	7982	12989	7370	13797	6859	14519
9	9512	9513	8290	10818	7262	12066	6679	12845	6192	13542
10	22758	22759	20845	24755	19194	26625	18239	27777	17429	28797
11	2853	2853	2203	3587	1689	4320	1414	4791	1195	5221
12	2142	2142	1584	2784	1154	3434	929	3855	753	4241
13	23796	23797	21839	25837	20148	27747	19169	28922	18339	29963
14	433	433	205	745	72	1097	25	1341	4	1572
15	811	811	484	1222	261	1664	161	1961	93	2239
16	1124	1124	732	1600	450	2101	314	2434	216	2742
17	6733	6734	5712	7838	4864	8906	4389	9577	3996	10180
18	778	778	459	1181	243	1617	146	1910	82	2184
19	14826	14827	13290	16446	11979	17977	11227	18925	10593	19769
20	5310	5311	4408	6296	3667	7256	3256	7863	2919	8411
21	2957	2957	2294	3704	1769	4448	1488	4926	1263	5361
22	1171	1171	770	1656	480	2165	339	2503	237	2815
23	4876	4876	4013	5823	3308	6747	2918	7333	2600	7862
24	20923	20924	19091	22839	17512	24637	16600	25745	15828	26728
25	6612	6613	5600	7708	4761	8766	4291	9432	3903	10031
26	62299	62301	59107	65575	56303	68598	54659	70439	53249	72059
27	44635	44636	41939	47415	39583	49990	38206	51563	37029	52950
28	4288	4288	3481	5179	2827	6052	2468	6608	2176	7110
29	2935	2935	2275	3679	1752	4421	1472	4897	1249	5331
30	5257	5258	4359	6239	3623	7194	3215	7799	2880	8344
31	1115	1115	724	1590	444	2089	309	2420	212	2728
32	2255	2255	1682	2912	1237	3576	1004	4006	821	4399
33	255	255	90	504	13	800	0	1010	0	1212
34	94	94	10	262	0	484	0	650	0	814
35	16288	16289	14676	17984	13296	19583	12503	20572	11834	21452
36	16254	16255	14644	17948	13266	19546	12474	20534	11805	21413
37	60266	60268	57127	63489	54371	66464	52755	68276	51371	69871
38	59556	59558	56436	62760	53697	65718	52091	67520	50716	69106
39	42826	42827	40186	45550	37881	48075	36534	49618	35383	50978
40	62150	62152	58961	65423	56162	68442	54519	70281	53112	71898
41	6208	6209	5229	7271	4419	8300	3967	8949	3594	9532
42	14357	14358	12846	15952	11558	17460	10819	18395	10197	19227
43	28092	28093	25962	30306	24116	32372	23043	33640	22132	34762
44	17945	17946	16251	19723	14797	21396	13960	22429	13252	23347
45	9157	9158	7959	10439	6952	11665	6382	12432	5906	13118
46	35453	35454	33055	37935	30967	40242	29751	41655	28713	42903
47	1280	1280	858	1786	550	2313	399	2661	287	2983
48	9746	9747	8509	11067	7466	12329	6875	13117	6381	13821
49	8886	8887	7706	10150	6716	11359	6156	12116	5689	12793
50	755	755	441	1153	230	1583	136	1873	75	2145
51	6885	6886	5852	8002	4993	9080	4512	9758	4113	10366
52	16719	16720	15085	18437	13686	20055	12881	21056	12202	21946
53	8793	8794	7620	10050	6635	11254	6079	12007	5615	12681
54	5425	5426	4513	6421	3763	7391	3346	8003	3005	8555
55	3011	3011	2342	3764	1811	4514	1526	4995	1298	5433
56	3319	3319	2614	4108	2052	4890	1748	5390	1503	5845
57	2547	2547	1935	3243	1456	3942	1201	4392	1000	4804
58	3116	3116	2435	3881	1893	4642	1601	5130	1368	5574
59	80175	80177	76548	83886	73353	87300	71474	89376	69861	91199
60	11336	11337	9998	12758	8865	14110	8220	14952	7679	15703
61	7617	7618	6528	8790	5619	9918	5108	10626	4683	11260
62	22126	22127	20240	24096	18614	25941	17674	27078	16876	28086
63	30513	30514	28291	32819	26362	34967	25241	36285	24286	37450
64	50807	50809	47928	53770	45407	56510	43931	58182	42669	59655
65	430	430	203	741	71	1092	24	1335	4	1566
66	567	567	300	918	132	1305	64	1570	25	1819
67	21588	21589	19726	23534	18121	25358	17193	26482	16407	27479
68	14037	14038	12544	15614	11271	17107	10542	18032	9928	18856
69	341100	341104	333574	348710	326867	355636	322887	359812	319449	363461
70	43056	43057	40409	45787	38097	48318	36746	49865	35593	51229
71	12383	12384	10983	13867	9794	15275	9115	16151	8545	16931
72	327	327	135	603	33	924	5	1148	0	1363
73	5714	5715	4776	6736	4004	7727	3574	8353	3221	8917
74	66126	66128	62836	69500	59944	72611	58247	74505	56792	76170
75	3891	3891	3125	4741	2506	5579	2169	6113	1896	6596
76	427	427	201	737	70	1088	24	1330	3	1561
77	3523	3523	2796	4334	2213	5137	1897	5649	1641	6114
78	3122	3122	2440	3888	1898	4650	1606	5138	1372	5582
79	2469	2469	1867	3155	1397	3844	1148	4290	952	4696
80	5519	5520	4598	6524	3841	7500	3420	8117	3075	8673
81	102773	102775	98661	106969	95029	110820	92889	113157	91049	115207
82	11750	11751	10387	13197	9232	14571	8573	15426	8021	16189
83	15393	15394	13827	17043	12489	18600	11721	19565	11073	20423
84	286	286	109	547	21	854	1	1070	0	1278
85	8917	8918	7735	10183	6743	11394	6182	12152	5714	12830
86	517	517	264	854	109	1229	48	1486	15	1729
87	449	449	216	766	79	1123	29	1369	6	1602
88	67528	67530	64203	70937	61279	74080	59563	75992	58092	77674
89	35913	35914	33499	38411	31397	40732	30172	42153	29127	43408
90	119665	119667	115224	124190	111297	128337	108980	130850	106986	133054
91	105058	105060	100900	109300	97227	113193	95062	115554	93200	117626
92	3623	3623	2885	4445	2292	5257	1970	5776	1710	6246
93	8393	8394	7248	9622	6288	10801	5747	11539	5296	12200
94	3159	3159	2473	3929	1926	4695	1632	5186	1396	5632
95	37	37	0	158	0	338	0	479	0	621
