city_id mean median lower_50 upper_50 lower_80 upper_80 lower_90 upper_90 lower_95 upper_95
1	3365	3365	2626	4195	2039	5020	1724	5550	1471	6031
2	18755	18756	16950	20653	15401	22440	14511	23544	13758	24525
3	69579	69581	66058	73191	62966	76522	61151	78550	59596	80334
4	26551	26552	24394	28800	22529	30903	21449	32197	20532	33343
5	359	359	148	661	37	1011	6	1256	0	1490
6	139863	139866	134853	144965	130418	149638	127801	152469	125548	154951
7	7131	7131	6035	8318	5126	9466	4618	10188	4197	10837
8	21358	21359	19428	23380	17768	25279	16810	26450	16000	27490
9	19221	19222	17393	21141	15824	22949	14921	24066	14157	25058
10	45358	45359	42524	48283	40050	50996	38606	52654	37372	54117
11	7262	7263	6156	8460	5238	9617	4724	10345	4299	10999
12	4424	4425	3571	5369	2880	6299	2503	6890	2196	7426
13	55089	55087	51961	58307	49223	61285	47619	63101	46248	64702
14	848	849	500	1288	265	1762	160	2081	90	2380
15	2035	2035	1471	2690	1041	3359	819	3795	648	4195
16	3344	3345	2608	4172	2023	4995	1709	5523	1457	6004
17	18194	18195	16416	20064	14893	21825	14017	22915	13278	23883
18	1555	1555	1068	2134	707	2734	526	3128	391	3492
19	32956	32957	30547	35456	28456	37785	27240	39215	26205	40478
20	14135	14135	12573	15788	11245	17355	10485	18328	9847	19195
21	6604	6604	5551	7748	4681	8857	4195	9556	3795	10185
22	2840	2841	2166	3607	1636	4375	1355	4870	1132	5322
23	11408	11408	10009	12897	8828	14317	8157	15202	7595	15993
24	46322	46323	43458	49277	40956	52017	39495	53692	38247	55169
25	13329	13329	11813	14935	10527	16460	9793	17408	9176	18253
26	113415	113417	108907	118013	104926	122233	102579	124794	100562	127040
27	94265	94267	90160	98462	86541	102319	84411	104663	82582	106721
28	9505	9506	8233	10869	7165	12175	6562	12993	6059	13724
29	7423	7423	6304	8633	5374	9802	4853	10536	4422	11196
30	9025	9026	7787	10356	6749	11632	6164	12431	5677	13147
31	2384	2384	1769	3090	1294	3803	1045	4266	851	4690
32	3695	3696	2919	4563	2298	5423	1962	5972	1692	6472
33	782	782	450	1206	229	1666	132	1977	69	2268
34	279	279	99	551	15	873	0	1102	0	1322
35	33748	33749	31310	36277	29193	38634	27961	40079	26913	41356
36	26912	26913	24739	29175	22861	31292	21773	32594	20849	33747
37	129767	129770	124943	134683	120676	139189	118158	141920	115992	144315
38	135476	135479	130546	140498	126184	145099	123609	147888	121393	150332
39	94815	94817	90698	99024	87068	102893	84932	105243	83097	107306
40	120226	120229	115584	124960	111482	129301	109062	131934	106982	134243
41	15783	15784	14130	17527	12720	19176	11912	20198	11231	21108
42	30685	30687	28363	33099	26349	35352	25180	36735	24185	37958
43	62893	62892	59549	66330	56614	69503	54894	71437	53421	73139
44	37232	37234	34669	39887	32439	42356	31140	43868	30033	45204
45	22484	22485	20502	24557	18796	26502	17810	27701	16975	28765
46	65238	65236	61830	68736	58839	71966	57086	73933	55583	75665
47	3776	3776	2991	4652	2362	5520	2021	6074	1747	6578
48	25231	25232	23129	27424	21314	29477	20264	30741	19373	31861
49	19523	19524	17680	21458	16098	23279	15187	24403	14417	25402
50	1282	1282	843	1811	527	2366	373	2734	261	3075
51	15469	15470	13833	17196	12438	18830	11639	19843	10966	20744
52	27896	27897	25684	30200	23769	32353	22659	33676	21717	34848
53	21693	21694	19748	23730	18074	25643	17108	26823	16290	27870
54	12166	12167	10720	13703	9497	15165	8800	16075	8216	16888
55	7538	7539	6410	8758	5472	9934	4946	10673	4511	11337
56	6717	6718	5655	7871	4776	8988	4286	9692	3882	10325
57	6573	6574	5523	7715	4655	8821	4171	9519	3772	10147
58	7400	7401	6283	8609	5355	9776	4835	10509	4405	11168
59	168098	168101	162601	173687	157728	178799	154848	181892	152367	184602
60	18469	18470	16677	20352	15142	22126	14259	23223	13513	24198
61	10962	10963	9592	12423	8437	13818	7781	14687	7233	15464
62	45174	45176	42347	48094	39878	50801	38436	52456	37205	53916
63	60074	60072	56806	63433	53941	66537	52262	68429	50825	70095
64	101402	101404	97142	105753	93384	109749	91171	112176	89270	114306
65	1025	1026	638	1504	368	2013	241	2353	153	2671
66	931	931	564	1389	312	1880	197	2209	118	2517
67	50452	50454	47461	53535	44846	56389	43316	58132	42009	59669
68	27753	27754	25546	30051	23637	32198	22530	33519	21590	34688
69	650802	650808	639941	661755	630238	671697	624468	677681	619475	682902
70	63298	63296	59942	66745	56998	69928	55272	71868	53794	73575
71	21515	21516	19578	23544	17911	25449	16950	26625	16135	27668
72	448	448	207	779	69	1156	22	1417	2	1666
73	10893	10894	9528	12350	8376	13740	7723	14607	7176	15382
74	132961	132963	128076	137936	123756	142495	121206	145259	119012	147681
75	10896	10897	9531	12353	8379	13743	7725	14611	7179	15386
76	674	675	369	1071	172	1507	90	1803	40	2081
77	6539	6540	5492	7678	4626	8782	4144	9478	3747	10105
78	7188	7189	6087	8380	5174	9532	4664	10256	4241	10907
79	4836	4836	3941	5822	3214	6788	2814	7401	2489	7956
80	10701	10702	9348	12145	8208	13524	7561	14385	7021	15154
81	207959	207963	201840	214171	196407	219843	193191	223272	190419	226273
82	22807	22808	20811	24895	19092	26853	18098	28060	17257	29131
83	34919	34920	32438	37491	30282	39886	29028	41354	27959	42651
84	588	589	306	962	130	1377	60	1660	21	1928
85	14926	14927	13320	16623	11952	18230	11169	19227	10510	20115
86	1538	1539	1054	2114	696	2711	517	3104	383	3467
87	1304	1304	861	1837	541	2396	385	2766	271	3109
88	145254	145257	140147	150452	135626	155212	132956	158096	130658	160623
89	63234	63232	59880	66679	56937	69860	55212	71799	53735	73506
90	211670	211673	205495	217935	200013	223657	196768	227115	193970	230142
91	209428	209431	203287	215661	197834	221352	194607	224793	191824	227805
92	7573	7573	6442	8795	5502	9974	4975	10715	4538	11380
93	18724	18725	16920	20620	15373	22405	14483	23509	13731	24490
94	6553	6553	5504	7693	4638	8798	4155	9494	3757	10121
95	165	165	37	384	0	659	0	860	0	1055
