city_id mean median lower_50 upper_50 lower_80 upper_80 lower_90 upper_90 lower_95 upper_95
1	2048	2048	1560	2602	1177	3158	974	3517	813	3844
2	12672	12673	11409	14002	10328	15256	9707	16032	9183	16722
3	47256	47257	44786	49793	42618	52134	41346	53561	40257	54816
4	9311	9312	8233	10455	7319	11543	6797	12219	6360	12823
5	30	30	0	126	0	270	0	381	0	494
6	162358	162361	157751	167032	153658	171298	151235	173876	149145	176131
7	1397	1397	1000	1861	699	2335	544	2644	426	2929
8	5484	5484	4664	6370	3983	7225	3601	7762	3285	8244
9	14344	14345	12998	15756	11842	17085	11177	17906	10614	18635
10	35567	35568	33428	37772	31559	39815	30466	41063	29532	42163
11	787	787	497	1143	293	1521	196	1772	128	2007
12	2598	2598	2044	3218	1602	3833	1363	4227	1172	4585
13	18171	18172	16652	19757	15340	21241	14581	22155	13937	22965
14	70	70	7	200	0	373	0	502	0	631
15	740	740	460	1086	264	1455	173	1702	109	1931
16	790	790	499	1147	295	1525	198	1777	129	2012
17	5611	5611	4781	6507	4091	7370	3704	7913	3383	8400
18	685	685	417	1020	232	1378	147	1618	89	1842
19	8035	8036	7036	9100	6193	10117	5714	10751	5314	11317
20	4053	4053	3353	4819	2779	5566	2462	6039	2201	6465
21	1873	1873	1408	2405	1045	2940	854	3286	704	3603
22	1058	1058	717	1466	466	1890	342	2169	249	2428
23	2371	2371	1843	2965	1425	3557	1200	3936	1021	4282
24	17895	17896	16388	19469	15087	20943	14334	21851	13696	22655
25	6546	6547	5647	7511	4895	8437	4470	9016	4117	9536
26	101163	101165	97533	104859	94321	108245	92425	110296	90793	112094
27	38773	38774	36538	41074	34583	43203	33438	44502	32460	45647
28	15718	15719	14307	17195	13094	18582	12393	19438	11800	20197
29	1443	1443	1039	1914	731	2394	573	2708	451	2995
30	10421	10422	9278	11630	8306	12775	7750	13486	7283	14120
31	488	488	267	776	124	1091	65	1306	29	1508
32	1339	1339	951	1794	658	2260	508	2564	394	2845
33	81	81	11	218	0	398	0	531	0	663
34	91	91	14	234	0	420	0	556	0	691
35	32470	32471	30428	34578	28646	36534	27605	37730	26716	38784
36	5725	5725	4887	6630	4189	7501	3797	8048	3472	8539
37	82355	82357	79083	85693	76193	88756	74490	90615	73025	92245
38	25529	25530	23722	27402	22151	29146	21237	30215	20459	31160
39	49160	49161	46640	51747	44427	54133	43128	55586	42016	56865
40	21844	21845	20175	23579	18729	25199	17889	26194	17175	27074
41	2562	2562	2012	3178	1574	3790	1337	4181	1147	4537
42	5808	5808	4963	6719	4260	7596	3864	8146	3536	8640
43	32269	32270	30233	34371	28457	36321	27420	37513	26534	38565
44	33236	33237	31170	35369	29365	37346	28312	38555	27411	39621
45	4679	4679	3924	5500	3302	6296	2955	6798	2669	7250
46	17966	17967	16455	19543	15152	21020	14398	21929	13758	22735
47	667	667	403	998	221	1352	139	1590	83	1812
48	9268	9269	8192	10410	7281	11495	6761	12170	6325	12772
49	6286	6286	5406	7232	4670	8141	4256	8711	3911	9221
50	159	159	47	337	3	555	0	711	0	862
51	10339	10340	9201	11543	8233	12684	7680	13393	7214	14024
52	9931	9932	8816	11112	7869	12232	7329	12928	6874	13548
53	11360	11361	10166	12621	9147	13813	8563	14552	8071	15209
54	2403	2403	1872	3001	1450	3596	1223	3978	1042	4325
55	952	952	630	1341	396	1747	282	2016	199	2266
56	3892	3892	3207	4644	2646	5377	2337	5842	2083	6261
57	1441	1441	1037	1911	730	2392	572	2705	450	2993
58	1309	1309	925	1759	637	2221	490	2523	378	2801
59	39539	39540	37282	41862	35306	44011	34150	45323	33161	46478
60	8163	8164	7156	9237	6305	10260	5822	10899	5418	11469
61	7171	7172	6229	8179	5437	9144	4989	9747	4616	10287
62	24722	24723	22944	26566	21400	28283	20502	29337	19737	30268
63	100834	100836	97210	104524	94003	107904	92110	109952	90481	111748
64	71000	71002	67964	74102	65287	76952	63711	78683	62358	80203
65	380	380	189	638	73	926	30	1125	8	1313
66	246	246	99	460	22	709	3	884	0	1052
67	8693	8694	7652	9800	6772	10854	6271	11510	5851	12096
68	33752	33753	31669	35901	29850	37893	28788	39111	27880	40184
69	604109	604114	595191	613093	587216	621242	582470	626142	578362	630417
70	21020	21021	19383	22723	17966	24313	17144	25291	16445	26155
71	11861	11862	10640	13148	9597	14365	8999	15118	8494	15788
72	159	159	47	337	3	555	0	711	0	862
73	6861	6862	5940	7848	5168	8794	4731	9385	4368	9915
74	22699	22700	20997	24467	19521	26117	18664	27129	17934	28025
75	2694	2694	2129	3325	1678	3950	1433	4350	1236	4712
76	71	71	7	201	0	375	0	505	0	634
77	3623	3623	2963	4349	2425	5060	2129	5511	1888	5919
78	1138	1138	783	1560	519	1996	388	2283	289	2548
79	1473	1473	1064	1948	753	2433	592	2749	468	3039
80	9864	9865	8753	11041	7810	12158	7271	12852	6819	13470
81	133998	134000	129815	138247	126105	142130	123911	144479	122020	146536
82	52500	52501	49894	55172	47604	57635	46260	59135	45108	60453
83	8341	8342	7322	9426	6462	10460	5972	11104	5563	11680
84	199	199	70	395	10	628	0	793	0	952
85	16835	16836	15374	18362	14115	19795	13387	20678	12770	21460
86	127	127	30	290	0	493	0	641	0	785
87	130	130	32	294	0	499	0	648	0	792
88	22945	22946	21234	24723	19749	26380	18887	27398	18153	28298
89	11625	11626	10416	12900	9385	14105	8793	14851	8295	15516
90	51001	51002	48433	53635	46178	56064	44854	57543	43719	58844
91	42339	42340	40002	44742	37955	46963	36756	48317	35729	49510
92	692	692	422	1028	236	1388	150	1628	91	1853
93	16029	16030	14604	17520	13378	18920	12669	19783	12070	20549
94	2618	2618	2062	3240	1618	3858	1378	4253	1185	4612
95	1919	1919	1448	2457	1080	2998	886	3347	732	3666
