city_id mean median lower_50 upper_50 lower_80 upper_80 lower_90 upper_90 lower_95 upper_95
1	3498	3498	2618	4505	1935	5520	1575	6177	1293	6778
2	20475	20476	18256	22821	16367	25042	15286	26421	14376	27649
3	78293	78296	73894	82820	70041	87006	67784	89559	65854	91808
4	29615	29616	26933	32423	24627	35061	23297	36689	22171	38134
5	378	378	131	751	18	1196	0	1512	0	1817
6	153417	153420	147233	159728	141772	165521	138554	169036	135788	172120
7	10478	10479	8909	12174	7605	13811	6874	14840	6268	15763
8	25555	25557	23069	28169	20939	30631	19713	32154	18679	33507
9	20891	20892	18649	23260	16739	25502	15645	26893	14725	28132
10	48771	48773	45312	52357	42306	55696	40557	57743	39067	59551
11	7782	7783	6438	9253	5337	10686	4728	11593	4228	12411
12	4863	4863	3814	6038	2978	7206	2528	7954	2166	8634
13	57402	57405	53645	61288	50369	64896	48458	67104	46828	69052
14	953	954	524	1510	247	2119	130	2533	59	2923
15	2205	2206	1520	3018	1011	3859	757	4411	565	4921
16	3336	3336	2478	4321	1815	5317	1467	5962	1195	6552
17	18823	18824	16698	21075	14894	23212	13863	24540	12998	25724
18	1664	1664	1077	2378	657	3130	455	3630	310	4093
19	34859	34860	31944	37900	29428	40748	27972	42502	26737	44055
20	14889	14891	13007	16899	11420	18818	10520	20016	9768	21087
21	7310	7311	6010	8738	4948	10132	4362	11016	3883	11814
22	2926	2927	2127	3853	1516	4796	1200	5410	955	5973
23	12778	12779	11039	14645	9581	16435	8758	17555	8073	18559
24	48456	48458	45008	52031	42012	55359	40269	57400	38784	59203
25	14709	14710	12838	16707	11262	18615	10368	19807	9622	20872
26	125471	125474	119885	131185	114963	136439	112067	139633	109581	142437
27	100469	100471	95476	105588	91089	110308	88514	113181	86306	115707
28	9884	9885	8362	11533	7100	13128	6394	14131	5811	15032
29	7481	7482	6165	8924	5089	10333	4494	11225	4007	12030
30	10488	10489	8918	12185	7613	13823	6882	14852	6276	15776
31	2748	2749	1976	3648	1389	4567	1087	5167	855	5718
32	4126	4127	3165	5215	2409	6304	2005	7004	1685	7643
33	807	807	417	1323	175	1898	80	2291	27	2662
34	296	296	85	634	4	1047	0	1344	0	1631
35	36096	36098	33129	39190	30566	42085	29082	43867	27822	45445
36	30848	30850	28110	33713	25753	36402	24392	38061	23240	39532
37	141973	141976	136026	148047	130780	153625	127690	157013	125035	159986
38	147074	147077	141021	153255	135678	158930	132530	162375	129825	165398
39	99772	99775	94797	104874	90426	109577	87860	112441	85660	114959
40	139768	139771	133868	145794	128664	151331	125599	154693	122966	157644
41	16307	16308	14334	18408	12666	20408	11717	21655	10922	22768
42	35412	35413	32474	38477	29937	41346	28468	43112	27222	44677
43	65029	65031	61025	69160	57528	72990	55485	75330	53740	77394
44	38971	38972	35886	42183	33216	45185	31668	47031	30353	48664
45	24624	24625	22185	27190	20096	29611	18897	31108	17884	32439
46	73954	73956	69680	78355	65940	82428	63751	84914	61879	87104
47	3800	3801	2881	4847	2161	5899	1780	6578	1479	7197
48	25505	25506	23021	28116	20893	30576	19669	32097	18636	33449
49	20576	20577	18352	22928	16457	25154	15373	26536	14461	27767
50	1772	1773	1165	2508	726	3279	513	3789	358	4263
51	17452	17453	15408	19622	13676	21686	12690	22970	11862	24116
52	32118	32120	29323	35041	26915	37781	25524	39470	24344	40968
53	22252	22253	19936	24695	17959	27004	16826	28435	15871	29708
54	13629	13630	11831	15555	10320	17398	9465	18550	8752	19581
55	7873	7873	6521	9352	5413	10792	4799	11704	4295	12526
56	7366	7366	6060	8798	4994	10197	4405	11083	3923	11884
57	6914	6915	5652	8304	4623	9665	4057	10528	3595	11309
58	8302	8303	6912	9819	5769	11294	5135	12226	4614	13066
59	184306	184309	177521	191217	171520	197550	167979	201389	164932	204754
60	21057	21058	18806	23435	16887	25686	15789	27082	14865	28325
61	13481	13482	11693	15396	10191	17231	9342	18377	8634	19404
62	50842	50844	47309	54503	44236	57908	42447	59995	40922	61838
63	64225	64227	60246	68331	56772	72137	54742	74464	53009	76516
64	110005	110008	104778	115359	100180	120289	97478	123289	95160	125925
65	1063	1064	607	1647	305	2282	173	2711	89	3114
66	1190	1190	703	1804	374	2466	226	2911	128	3328
67	56368	56370	52645	60219	49400	63795	47508	65985	45894	67917
68	29610	29611	26929	32418	24623	35056	23293	36684	22167	38128
69	680228	680235	667136	693447	655455	705461	648515	712699	642514	719018
70	76639	76641	72287	81118	68476	85261	66246	87790	64337	90016
71	25234	25235	22763	27831	20648	30279	19431	31793	18404	33139
72	656	656	311	1128	109	1662	38	2031	6	2382
73	12198	12199	10500	14023	9080	15776	8279	16874	7614	17858
74	149945	149948	143832	156185	138436	161914	135256	165391	132524	168442
75	11057	11058	9443	12798	8099	14474	7344	15527	6718	16471
76	868	869	462	1402	205	1992	100	2394	39	2773
77	7084	7085	5805	8490	4762	9865	4187	10737	3718	11525
78	7660	7661	6328	9120	5237	10544	4633	11445	4139	12258
79	5568	5568	4441	6821	3535	8059	3043	8849	2645	9566
80	12035	12036	10348	13848	8939	15590	8145	16682	7484	17660
81	218323	218327	210933	225839	204387	232717	200520	236882	197190	240531
82	26112	26114	23598	28753	21443	31241	20203	32778	19155	34144
83	36934	36935	33932	40063	31337	42989	29834	44790	28558	46385
84	727	727	360	1220	139	1774	56	2154	14	2515
85	18212	18214	16123	20429	14351	22533	13340	23842	12491	25009
86	1564	1564	996	2258	595	2992	403	3481	267	3935
87	1307	1307	794	1947	441	2632	279	3092	168	3521
88	163011	163014	156634	169514	151000	175480	147679	179099	144823	182274
89	78088	78091	73694	82609	69846	86789	67593	89340	65666	91586
90	262042	262046	253940	270271	246753	277790	242502	282339	238838	286321
91	232355	232359	224730	240107	217972	247198	213977	251490	210536	255249
92	8710	8710	7285	10262	6110	11769	5457	12720	4919	13576
93	20499	20500	18279	22846	16388	25069	15307	26449	14397	27677
94	7179	7179	5891	8594	4840	9977	4260	10854	3787	11646
95	140	140	15	393	0	729	0	979	0	1227
