city_id mean median lower_50 upper_50 lower_80 upper_80 lower_90 upper_90 lower_95 upper_95
1	1240	1241	991	1518	790	1792	681	1967	593	2125
2	8825	8825	8136	9542	7540	10211	7194	10623	6900	10987
3	32225	32226	30896	33582	29723	34828	29032	35585	28438	36249
4	12193	12194	11381	13033	10674	13814	10261	14292	9909	14714
5	132	132	60	231	19	345	6	424	0	500
6	69708	69709	67746	71697	66004	73512	64972	74610	64082	75570
7	5216	5217	4690	5771	4240	6294	3981	6618	3763	6906
8	9765	9765	9039	10518	8410	11220	8044	11651	7733	12033
9	9040	9040	8342	9765	7738	10442	7388	10858	7090	11226
10	21832	21832	20740	22951	19781	23983	19218	24612	18736	25164
11	2851	2852	2466	3265	2143	3661	1960	3909	1808	4131
12	2007	2007	1686	2356	1420	2694	1272	2908	1150	3099
13	23476	23477	22344	24637	21348	25706	20763	26356	20261	26928
14	399	399	264	563	166	734	118	847	83	952
15	807	807	608	1033	453	1261	372	1408	307	1543
16	1176	1176	933	1447	739	1714	633	1885	548	2040
17	6633	6633	6038	7256	5525	7842	5230	8203	4980	8523
18	735	735	546	951	400	1170	323	1312	263	1442
19	14584	14584	13694	15501	12917	16351	12463	16871	12075	17329
20	5165	5165	4641	5716	4193	6237	3936	6560	3720	6846
21	2724	2725	2348	3129	2033	3517	1855	3760	1707	3978
22	1101	1101	867	1363	680	1624	579	1790	498	1941
23	4895	4895	4385	5432	3950	5940	3701	6255	3491	6535
24	20797	20798	19732	21890	18797	22898	18248	23512	17778	24052
25	6167	6168	5594	6769	5101	7335	4817	7684	4577	7994
26	59399	59400	57590	61237	55984	62915	55034	63931	54216	64820
27	41431	41432	39923	42968	38588	44376	37800	45230	37122	45978
28	4129	4129	3662	4623	3266	5093	3039	5385	2849	5645
29	3014	3014	2617	3438	2284	3845	2095	4099	1938	4326
30	4754	4754	4252	5284	3824	5785	3579	6096	3372	6372
31	1079	1079	847	1338	662	1596	563	1761	482	1911
32	1725	1726	1429	2050	1185	2367	1051	2567	940	2747
33	280	280	169	419	93	568	58	669	34	762
34	107	107	43	198	10	304	1	379	0	450
35	15616	15617	14695	16565	13890	17444	13419	17980	13016	18453
36	13540	13540	12683	14424	11936	15245	11499	15747	11127	16189
37	56871	56872	55101	58669	53530	60313	52602	61307	51801	62177
38	55850	55851	54095	57632	52540	59261	51620	60246	50827	61109
39	42572	42573	41042	44129	39688	45556	38889	46421	38202	47179
40	57131	57132	55357	58933	53783	60580	52852	61576	52049	62449
41	6268	6269	5690	6875	5193	7445	4907	7797	4664	8109
42	13420	13420	12567	14300	11823	15118	11389	15617	11018	16058
43	27866	27867	26631	29129	25543	30290	24903	30996	24353	31616
44	17218	17219	16251	18214	15403	19135	14907	19696	14482	20191
45	8896	8896	8204	9615	7605	10287	7257	10700	6962	11066
46	29817	29818	28539	31123	27412	32323	26749	33052	26179	33692
47	1335	1335	1075	1622	866	1905	751	2085	658	2248
48	9745	9745	9020	10497	8391	11199	8026	11629	7715	12010
49	8428	8428	7755	9128	7173	9783	6835	10186	6549	10543
50	726	726	539	942	394	1160	318	1301	258	1431
51	6670	6671	6073	7295	5560	7882	5263	8244	5012	8565
52	14786	14786	13890	15710	13107	16566	12650	17088	12259	17549
53	8762	8763	8076	9477	7482	10144	7137	10554	6844	10917
54	5354	5354	4820	5915	4364	6445	4102	6773	3880	7064
55	3087	3087	2685	3516	2347	3927	2156	4184	1996	4414
56	2990	2991	2595	3414	2263	3819	2076	4072	1919	4298
57	2483	2483	2124	2869	1825	3242	1657	3475	1517	3685
58	3115	3115	2712	3547	2372	3959	2180	4217	2019	4448
59	71975	71977	69982	73997	68211	75841	67162	76955	66258	77930
60	9551	9551	8834	10296	8212	10991	7851	11418	7543	11795
61	6386	6386	5802	6997	5300	7572	5010	7927	4766	8242
62	21168	21169	20093	22270	19150	23287	18596	23907	18121	24451
63	28283	28284	27039	29555	25942	30725	25297	31436	24743	32060
64	46800	46801	45195	48432	43774	49926	42935	50831	42212	51624
65	389	389	255	550	159	720	112	832	78	936
66	533	533	374	720	255	912	195	1038	149	1154
67	20423	20423	19368	21506	18441	22506	17898	23114	17432	23650
68	12605	12606	11779	13459	11059	14252	10639	14737	10281	15166
69	339709	339712	335362	344084	331472	348048	329155	350430	327148	352507
70	38697	38697	37239	40182	35950	41544	35190	42370	34535	43094
71	10992	10993	10222	11791	9552	12534	9162	12989	8830	13391
72	293	293	179	435	100	586	64	688	39	783
73	5193	5193	4668	5746	4219	6268	3961	6592	3744	6879
74	59101	59102	57297	60934	55695	62609	54748	63622	53931	64508
75	3693	3693	3252	4162	2880	4608	2667	4886	2489	5133
76	382	383	250	543	155	711	109	823	75	926
77	2999	2999	2603	3422	2270	3828	2082	4081	1926	4308
78	3168	3168	2761	3603	2418	4019	2224	4278	2062	4511
79	2189	2189	1853	2553	1574	2905	1418	3126	1289	3325
80	5249	5249	4721	5805	4269	6329	4010	6654	3791	6943
81	97476	97478	95154	99826	93087	101966	91861	103258	90803	104387
82	11375	11376	10591	12187	9909	12942	9512	13405	9173	13814
83	15210	15210	14301	16146	13507	17014	13042	17544	12645	18011
84	282	282	170	422	94	571	59	672	35	766
85	8458	8458	7784	9160	7201	9816	6863	10220	6575	10577
86	554	554	392	744	270	939	208	1067	160	1184
87	480	480	330	658	219	842	164	963	122	1075
88	63451	63452	61581	65350	59920	67084	58937	68132	58090	69049
89	32870	32871	31528	34240	30342	35499	29644	36262	29044	36932
90	107143	107145	104708	109606	102539	111848	101253	113201	100141	114382
91	94893	94894	92602	97211	90563	99324	89354	100598	88310	101712
92	3459	3459	3033	3913	2673	4346	2469	4616	2298	4857
93	8147	8147	7486	8836	6914	9481	6583	9878	6302	10229
94	2998	2998	2602	3421	2270	3827	2082	4080	1925	4307
95	47	47	10	113	0	196	0	256	0	315
