city_id mean median lower_50 upper_50 lower_80 upper_80 lower_90 upper_90 lower_95 upper_95
1	3295	3295	2443	4274	1785	5265	1440	5907	1170	6495
2	19980	19981	17789	22298	15925	24495	14858	25859	13962	27073
3	77323	77325	72951	81822	69123	85983	66882	88521	64964	90757
4	29019	29020	26365	31800	24084	34413	22769	36026	21656	37457
5	313	313	94	659	6	1079	0	1380	0	1671
6	152057	152060	145901	158340	140465	164108	137263	167608	134509	170680
7	10125	10126	8584	11794	7304	13405	6588	14419	5996	15330
8	25002	25003	22543	27588	20438	30025	19228	31533	18206	32873
9	20391	20392	18177	22732	16292	24950	15213	26326	14306	27552
10	48006	48008	44575	51564	41593	54878	39859	56910	38382	58706
11	7478	7479	6162	8921	5086	10329	4492	11221	4005	12026
12	4623	4624	3602	5771	2792	6914	2356	7647	2007	8314
13	56572	56574	52842	60429	49591	64012	47696	66205	46079	68141
14	849	849	448	1377	195	1962	94	2361	35	2738
15	2045	2045	1387	2830	904	3646	664	4183	485	4680
16	3138	3138	2308	4095	1670	5066	1337	5696	1078	6274
17	18349	18350	16252	20573	14472	22685	13457	23998	12604	25169
18	1525	1525	966	2211	571	2939	384	3423	252	3874
19	34212	34214	31325	37226	28834	40049	27393	41788	26171	43328
20	14468	14469	12613	16450	11051	18344	10166	19527	9427	20584
21	7016	7017	5744	8416	4706	9785	4135	10654	3669	11439
22	2741	2741	1970	3640	1384	4558	1082	5157	851	5707
23	12388	12389	10676	14227	9244	15992	8436	17097	7764	18088
24	47693	47695	44273	51240	41302	54543	39574	56569	38102	58359
25	14290	14291	12447	16260	10896	18144	10017	19320	9284	20372
26	124242	124245	118683	129928	113786	135157	110905	138336	108432	141127
27	99369	99372	94404	104461	90042	109155	87482	112013	85287	114527
28	9541	9542	8047	11163	6810	12732	6119	13720	5549	14609
29	7183	7184	5895	8598	4843	9982	4264	10859	3790	11652
30	10135	10136	8593	11804	7313	13417	6596	14431	6004	15342
31	2569	2569	1824	3441	1262	4335	975	4920	756	5457
32	3906	3907	2973	4966	2241	6030	1853	6716	1545	7342
33	711	711	349	1200	132	1749	52	2127	12	2485
34	239	239	56	549	0	937	0	1219	0	1494
35	35438	35440	32499	38504	29961	41375	28492	43141	27245	44707
36	30240	30242	27530	33077	25198	35742	23852	37385	22713	38843
37	140665	140668	134746	146711	129525	152265	126450	155637	123808	158597
38	145743	145746	139717	151896	134399	157546	131267	160976	128575	163987
39	98676	98679	93729	103750	89383	108429	86832	111277	84645	113783
40	138470	138473	132598	144469	127419	149981	124369	153328	121749	156266
41	15866	15867	13920	17939	12277	19914	11343	21146	10562	22246
42	34760	34762	31850	37797	29338	40642	27884	42393	26651	43945
43	64145	64147	60169	68248	56697	72053	54669	74378	52936	76429
44	38287	38289	35230	41472	32585	44449	31052	46279	29750	47900
45	24081	24082	21669	26620	19606	29015	18421	30498	17422	31816
46	73011	73013	68765	77385	65049	81432	62876	83903	61017	86081
47	3589	3590	2697	4608	2003	5635	1636	6299	1348	6905
48	24952	24953	22496	27535	20393	29971	19184	31477	18164	32816
49	20080	20081	17883	22404	16014	24606	14945	25972	14046	27190
50	1629	1629	1049	2336	635	3082	437	3578	295	4039
51	16995	16996	14979	19138	13273	21177	12301	22446	11487	23579
52	31498	31500	28731	34392	26347	37108	24971	38782	23805	40267
53	21736	21737	19448	24151	17496	26435	16378	27851	15436	29111
54	13226	13227	11455	15124	9969	16942	9130	18079	8430	19098
55	7567	7568	6243	9018	5160	10434	4561	11330	4070	12139
56	7070	7071	5792	8475	4751	9849	4177	10720	3708	11507
57	6628	6629	5393	7990	4390	9326	3839	10174	3390	10942
58	7988	7989	6626	9477	5508	10927	4889	11844	4381	12671
59	182815	182819	176059	189699	170083	196007	166557	199830	163522	203183
60	20555	20556	18332	22905	16438	25131	15355	26512	14443	27742
61	13080	13081	11319	14968	9843	16777	9008	17909	8313	18922
62	50061	50063	46556	53693	43508	57074	41734	59145	40222	60976
63	63346	63348	59395	67424	55946	71206	53931	73518	52211	75557
64	108854	108857	103655	114180	99082	119086	96395	122070	94090	124694
65	953	953	524	1509	247	2119	130	2533	59	2923
66	1073	1073	614	1659	310	2296	177	2726	92	3130
67	55545	55547	51849	59368	48630	62920	46753	65094	45152	67013
68	29014	29015	26361	31795	24080	34408	22765	36020	21652	37452
69	677362	677369	664298	690553	652641	702542	645716	709765	639729	716071
70	75679	75681	71355	80131	67569	84249	65353	86762	63458	88976
71	24684	24685	22242	27254	20151	29677	18949	31176	17935	32508
72	570	570	253	1014	76	1524	20	1877	0	2215
73	11817	11818	10147	13615	8751	15342	7966	16425	7313	17396
74	148601	148604	142516	154813	137144	160517	133980	163979	131260	167017
75	10694	10695	9108	12407	7789	14059	7049	15096	6436	16028
76	769	769	390	1275	158	1839	68	2227	21	2593
77	6794	6795	5543	8172	4525	9523	3965	10380	3509	11155
78	7359	7360	6054	8791	4988	10189	4400	11075	3918	11875
79	5311	5312	4212	6537	3331	7750	2854	8525	2469	9229
80	11656	11657	9998	13442	8613	15159	7834	16235	7187	17201
81	216700	216704	209338	224189	202817	231042	198965	235192	195648	238828
82	25553	25554	23067	28166	20937	30629	19712	32151	18677	33505
83	36268	36270	33294	39369	30724	42271	29236	44057	27973	45638
84	636	636	297	1102	101	1630	33	1996	4	2343
85	17746	17747	15685	19934	13937	22014	12941	23308	12105	24462
86	1429	1429	890	2096	513	2805	337	3278	214	3720
87	1184	1184	699	1796	371	2457	224	2901	126	3318
88	161609	161612	155260	168085	149652	174026	146345	177630	143502	180791
89	77119	77121	72753	81612	68930	85768	66692	88303	64777	90536
90	260264	260268	252190	268465	245028	275960	240792	280493	237141	284463
91	230681	230685	223084	238406	216350	245471	212371	249748	208943	253494
92	8388	8389	6991	9912	5841	11394	5203	12330	4678	13173
93	20004	20005	17812	22324	15946	24521	14879	25886	13982	27101
94	6887	6888	5627	8274	4601	9633	4036	10495	3576	11274
95	102	102	5	327	0	638	0	873	0	1108
