city_id mean median lower_50 upper_50 lower_80 upper_80 lower_90 upper_90 lower_95 upper_95
1	1188	1188	918	1493	704	1798	589	1994	498	2173
2	10652	10652	9807	11532	9076	12354	8652	12859	8292	13307
3	35805	35806	34242	37403	32864	38873	32053	39765	31356	40549
4	12338	12339	11427	13283	10637	14165	10178	14706	9787	15184
5	115	115	43	222	8	348	0	437	0	523
6	75327	75328	73052	77637	71032	79748	69837	81024	68808	82141
7	7179	7179	6489	7904	5897	8587	5556	9010	5268	9385
8	10334	10334	9502	11201	8783	12011	8366	12510	8012	12951
9	9512	9512	8715	10344	8026	11124	7628	11603	7290	12029
10	22758	22759	21515	24036	20426	25216	19787	25936	19241	26570
11	2853	2853	2424	3317	2068	3764	1868	4045	1703	4298
12	2142	2142	1773	2546	1470	2940	1303	3189	1165	3414
13	23796	23797	22525	25102	21410	26308	20756	27044	20196	27691
14	433	433	277	624	166	826	113	961	75	1086
15	811	811	591	1066	422	1326	334	1495	267	1650
16	1124	1124	861	1422	655	1719	545	1911	457	2086
17	6733	6733	6065	7436	5493	8099	5165	8509	4887	8874
18	778	778	562	1028	398	1284	313	1450	248	1603
19	14826	14827	13826	15861	12956	16822	12448	17411	12016	17931
20	5310	5310	4719	5936	4216	6530	3929	6899	3687	7228
21	2957	2957	2520	3429	2157	3883	1953	4169	1784	4425
22	1171	1171	903	1474	691	1777	577	1972	487	2150
23	4876	4876	4310	5477	3830	6048	3557	6403	3327	6720
24	20923	20924	19732	22149	18689	23283	18079	23975	17557	24584
25	6612	6612	5950	7309	5384	7966	5059	8373	4784	8735
26	62299	62300	60231	64402	58399	66325	57316	67490	56383	68510
27	44635	44636	42887	46417	41343	48053	40433	49044	39651	49915
28	4288	4288	3758	4853	3311	5391	3057	5726	2845	6026
29	2935	2935	2500	3405	2138	3858	1935	4143	1767	4399
30	5257	5257	4669	5880	4169	6471	3883	6838	3643	7166
31	1115	1115	853	1411	648	1708	538	1899	451	2074
32	2255	2255	1876	2669	1564	3072	1391	3327	1249	3556
33	255	255	139	406	64	572	33	684	15	790
34	94	94	30	192	3	311	0	395	0	477
35	16288	16289	15239	17372	14325	18377	13791	18993	13335	19536
36	16254	16255	15206	17337	14293	18341	13760	18956	13305	19498
37	60266	60267	58233	62334	56431	64227	55367	65373	54450	66377
38	59556	59557	57535	61612	55744	63494	54686	64633	53775	65632
39	42826	42827	41115	44572	39603	46175	38712	47147	37947	48000
40	62150	62151	60085	64250	58255	66171	57173	67334	56242	68353
41	6208	6208	5567	6884	5020	7522	4706	7918	4442	8269
42	14357	14358	13373	15375	12518	16323	12019	16903	11594	17415
43	28092	28093	26709	29510	25494	30816	24780	31612	24168	32311
44	17945	17946	16843	19082	15881	20135	15319	20779	14838	21347
45	9157	9157	8375	9974	7701	10739	7311	11211	6980	11629
46	35453	35454	33897	37043	32526	38506	31720	39394	31027	40174
47	1280	1280	999	1596	775	1911	655	2113	558	2297
48	9746	9746	8939	10588	8242	11377	7838	11862	7495	12292
49	8886	8886	8116	9691	7452	10446	7069	10911	6744	11323
50	755	755	543	1002	382	1254	299	1419	235	1570
51	6885	6885	6209	7596	5631	8266	5298	8680	5017	9048
52	16719	16720	15656	17817	14729	18835	14188	19458	13726	20007
53	8793	8793	8027	9594	7367	10345	6986	10808	6663	11218
54	5425	5425	4827	6058	4319	6658	4028	7030	3783	7362
55	3011	3011	2570	3487	2203	3945	1997	4233	1826	4491
56	3319	3319	2855	3818	2467	4297	2249	4597	2067	4866
57	2547	2547	2143	2986	1809	3411	1622	3679	1469	3920
58	3116	3116	2667	3600	2293	4065	2082	4357	1908	4619
59	80175	80176	77827	82558	75742	84734	74508	86049	73444	87201
60	11336	11336	10464	12243	9708	13090	9270	13610	8897	14070
61	7617	7617	6905	8364	6294	9066	5942	9499	5644	9885
62	22126	22127	20901	23386	19827	24551	19198	25261	18660	25887
63	30513	30514	29071	31990	27802	33350	27057	34177	26417	34904
64	50807	50808	48941	52708	47291	54449	46317	55504	45479	56430
65	430	430	274	621	164	822	111	956	74	1081
66	567	567	386	783	252	1008	186	1156	136	1293
67	21588	21589	20378	22833	19318	23984	18697	24686	18166	25305
68	14037	14038	13065	15044	12219	15981	11726	16555	11307	17062
69	341100	341103	336238	345997	331890	350436	329301	353106	327061	355435
70	43056	43057	41340	44807	39824	46414	38931	47389	38163	48244
71	12383	12384	11471	13330	10679	14213	10219	14755	9827	15234
72	327	327	193	496	103	677	62	799	35	914
73	5714	5714	5100	6363	4577	6977	4277	7358	4025	7698
74	66126	66127	63995	68292	62106	70272	60989	71470	60027	72520
75	3891	3891	3387	4430	2964	4944	2724	5266	2523	5554
76	427	427	272	617	162	818	110	952	73	1076
77	3523	3523	3045	4036	2644	4528	2417	4836	2229	5112
78	3122	3122	2673	3606	2298	4072	2087	4365	1912	4627
79	2469	2469	2071	2902	1743	3321	1560	3585	1410	3824
80	5519	5519	4916	6157	4402	6762	4109	7137	3862	7471
81	102773	102774	100112	105469	97746	107926	96343	109410	95133	110708
82	11750	11750	10862	12673	10092	13534	9645	14063	9264	14531
83	15393	15394	14374	16447	13486	17426	12968	18025	12527	18554
84	286	286	162	445	81	618	45	734	23	844
85	8917	8917	8146	9723	7481	10479	7096	10945	6771	11358
86	517	517	344	724	219	941	157	1084	112	1217
87	449	449	289	643	176	848	121	985	82	1111
88	67528	67529	65375	69716	63465	71717	62336	72928	61363	73988
89	35913	35914	34347	37514	32967	38985	32155	39879	31457	40664
90	119665	119667	116793	122572	114235	125221	112719	126819	111410	128216
91	105058	105059	102368	107783	99975	110268	98556	111767	97332	113079
92	3623	3623	3138	4143	2730	4642	2500	4954	2308	5233
93	8393	8393	7645	9176	7001	9911	6630	10364	6315	10766
94	3159	3159	2707	3646	2330	4114	2117	4408	1941	4672
95	37	37	4	105	0	197	0	265	0	332
