city_id mean median lower_50 upper_50 lower_80 upper_80 lower_90 upper_90 lower_95 upper_95
1	1185	1185	921	1482	712	1778	600	1968	510	2140
2	8676	8676	7934	9451	7294	10178	6924	10625	6610	11022
3	31940	31941	30501	33412	29233	34766	28488	35590	27848	36313
4	12018	12018	11142	12927	10381	13775	9939	14295	9562	14754
5	114	114	44	218	9	339	1	425	0	507
6	69288	69289	67161	71449	65273	73423	64157	74617	63194	75662
7	5102	5102	4537	5700	4056	6268	3781	6620	3551	6934
8	9608	9608	8826	10423	8151	11185	7759	11654	7427	12070
9	8889	8889	8138	9673	7489	10408	7114	10861	6796	11262
10	21597	21598	20417	22811	19382	23932	18776	24616	18257	25218
11	2767	2767	2355	3212	2013	3641	1821	3911	1661	4153
12	1936	1936	1594	2311	1315	2677	1160	2909	1034	3118
13	23233	23234	22008	24491	20933	25652	20303	26360	19763	26983
14	368	368	228	541	131	725	86	848	54	963
15	762	762	554	1003	395	1249	312	1409	248	1556
16	1122	1122	866	1411	663	1700	555	1886	469	2055
17	6504	6504	5864	7177	5315	7812	5000	8205	4734	8554
18	692	692	494	923	345	1159	268	1313	209	1455
19	14392	14393	13431	15386	12595	16309	12107	16874	11691	17373
20	5051	5051	4489	5646	4011	6211	3738	6562	3508	6874
21	2642	2642	2240	3077	1906	3498	1719	3762	1565	4000
22	1049	1049	802	1329	608	1610	504	1791	422	1956
23	4784	4784	4237	5364	3773	5915	3508	6257	3286	6562
24	20568	20569	19416	21753	18408	22848	17817	23516	17312	24105
25	6043	6043	5426	6693	4900	7306	4597	7686	4342	8024
26	59012	59013	57050	61007	55311	62832	54284	63937	53399	64905
27	41108	41109	39473	42776	38029	44307	37178	45235	36447	46050
28	4027	4027	3527	4560	3105	5069	2865	5387	2664	5670
29	2927	2927	2503	3384	2149	3824	1951	4101	1786	4348
30	4645	4645	4106	5217	3650	5760	3390	6098	3171	6399
31	1027	1027	783	1305	591	1583	489	1762	408	1926
32	1660	1660	1345	2008	1089	2351	949	2568	835	2765
33	254	254	141	400	67	561	36	669	17	772
34	91	91	30	185	3	299	0	379	0	457
35	15418	15419	14423	16446	13556	17400	13050	17984	12618	18499
36	13355	13356	12430	14313	11626	15204	11158	15750	10758	16232
37	56492	56493	54573	58444	52873	60231	51868	61313	51003	62261
38	55474	55475	53572	57409	51888	59180	50893	60252	50036	61192
39	42244	42245	40587	43935	39122	45486	38259	46426	37517	47252
40	56751	56752	54827	58708	53123	60499	52116	61583	51249	62533
41	6143	6143	5521	6798	4990	7416	4684	7799	4427	8139
42	13236	13237	12316	14190	11515	15077	11049	15621	10652	16101
43	27601	27602	26264	28971	25089	30233	24399	31001	23807	31676
44	17010	17011	15964	18089	15051	19089	14517	19700	14061	20239
45	8746	8746	8001	9524	7358	10254	6987	10703	6671	11101
46	29543	29544	28160	30960	26942	32264	26227	33057	25613	33754
47	1277	1277	1003	1585	784	1890	666	2086	571	2264
48	9588	9588	8807	10402	8132	11164	7741	11632	7409	12047
49	8282	8282	7557	9040	6933	9751	6573	10189	6267	10577
50	684	684	488	914	339	1149	263	1302	205	1444
51	6541	6541	5899	7216	5349	7853	5033	8247	4766	8597
52	14593	14594	13626	15593	12783	16523	12292	17092	11872	17594
53	8614	8614	7875	9387	7237	10111	6869	10557	6556	10952
54	5238	5238	4665	5844	4178	6418	3899	6775	3664	7092
55	2999	2999	2570	3462	2211	3907	2010	4186	1842	4436
56	2904	2904	2482	3360	2130	3798	1932	4073	1768	4320
57	2404	2404	2021	2820	1705	3223	1529	3477	1383	3705
58	3027	3027	2595	3492	2235	3939	2033	4219	1864	4470
59	71549	71550	69387	73744	67468	75750	66333	76962	65354	78024
60	9396	9396	8623	10202	7955	10956	7569	11421	7241	11832
61	6259	6259	5631	6920	5094	7544	4786	7930	4526	8273
62	20937	20938	19775	22132	18757	23237	18161	23911	17650	24504
63	28016	28017	26669	29396	25485	30667	24789	31440	24192	32120
64	46456	46457	44717	48228	43179	49852	42272	50837	41492	51701
65	358	358	220	529	125	711	81	833	50	946
66	497	497	332	695	212	902	153	1039	109	1165
67	20196	20197	19055	21370	18056	22456	17471	23118	16971	23702
68	12427	12427	11536	13352	10761	14213	10311	14741	9927	15207
69	338782	338785	334058	343539	329832	347852	327316	350445	325138	352707
70	38384	38385	36805	39996	35411	41477	34590	42375	33884	43164
71	10826	10826	9995	11690	9275	12497	8857	12992	8502	13430
72	266	266	150	415	73	578	41	689	20	792
73	5079	5079	4515	5676	4036	6242	3762	6594	3531	6907
74	58715	58716	56758	60705	55024	62526	53999	63628	53117	64594
75	3597	3597	3125	4102	2728	4585	2504	4887	2317	5158
76	352	352	216	521	121	702	78	823	48	937
77	2912	2912	2489	3368	2137	3807	1939	4083	1774	4330
78	3079	3079	2644	3548	2280	3998	2075	4280	1905	4533
79	2115	2115	1757	2506	1463	2887	1300	3127	1166	3344
80	5134	5134	4567	5734	4085	6303	3809	6656	3577	6971
81	96980	96981	94460	99533	92219	101861	90891	103266	89745	104495
82	11206	11206	10360	12085	9627	12905	9201	13408	8839	13853
83	15014	15015	14033	16029	13177	16971	12678	17547	12252	18056
84	256	256	142	403	68	564	37	673	17	775
85	8312	8312	7586	9071	6961	9783	6599	10222	6293	10611
86	517	517	348	719	225	929	164	1067	119	1196
87	446	446	291	635	179	833	125	964	86	1086
88	63051	63052	61022	65113	59224	66998	58161	68139	57245	69138
89	32582	32583	31128	34069	29848	35436	29094	36267	28447	36997
90	106623	106624	103980	109299	101628	111738	100234	113209	99030	114496
91	94403	94404	91917	96922	89707	99219	88397	100606	87267	101820
92	3366	3366	2910	3855	2528	4324	2312	4617	2132	4880
93	8004	8004	7292	8749	6679	9449	6325	9880	6025	10263
94	2911	2911	2488	3367	2136	3806	1938	4082	1773	4329
95	37	37	4	103	0	191	0	257	0	321
