city_id mean median lower_50 upper_50 lower_80 upper_80 lower_90 upper_90 lower_95 upper_95
1	1185	1185	813	1627	537	2085	400	2387	297	2665
2	8676	8677	7609	9813	6708	10897	6196	11572	5768	12176
3	31940	31941	29861	34089	28048	36085	26991	37306	26089	38383
4	12018	12019	10756	13350	9680	14609	9063	15390	8543	16085
5	114	114	23	275	0	480	0	630	0	777
6	69288	69290	66209	72437	63496	75333	61900	77092	60530	78638
7	5102	5102	4292	5982	3622	6834	3249	7371	2941	7855
8	9608	9609	8483	10803	7531	11938	6988	12645	6532	13275
9	8889	8890	7809	10039	6896	11135	6376	11818	5942	12428
10	21597	21598	19894	23370	18419	25027	17564	26046	16838	26948
11	2767	2767	2180	3424	1711	4076	1457	4493	1253	4872
12	1936	1936	1450	2491	1073	3052	874	3414	718	3745
13	23233	23234	21465	25071	19932	26786	19043	27840	18286	28772
14	368	368	176	630	63	926	23	1130	4	1324
15	762	762	470	1124	268	1509	174	1767	108	2007
16	1122	1122	761	1553	495	2001	364	2297	266	2570
17	6504	6505	5585	7493	4817	8444	4385	9039	4026	9574
18	692	692	416	1038	227	1410	141	1659	83	1893
19	14392	14393	13008	15846	11821	17216	11138	18062	10561	18814
20	5051	5051	4245	5927	3579	6775	3208	7310	2902	7791
21	2642	2642	2069	3285	1613	3924	1367	4333	1170	4706
22	1049	1049	701	1467	447	1904	323	2192	231	2459
23	4784	4784	4001	5637	3355	6465	2996	6988	2701	7459
24	20568	20569	18906	22300	17470	23919	16638	24915	15931	25797
25	6043	6043	5158	6998	4422	7917	4008	8494	3665	9013
26	59012	59014	56173	61921	53677	64600	52210	66230	50952	67663
27	41108	41109	38745	43541	36676	45793	35465	47167	34430	48378
28	4027	4027	3311	4813	2727	5580	2404	6066	2140	6506
29	2927	2927	2322	3602	1837	4270	1574	4696	1362	5084
30	4645	4645	3874	5486	3239	6304	2886	6820	2597	7285
31	1027	1027	683	1441	433	1874	310	2160	220	2425
32	1660	1660	1213	2177	870	2702	692	3044	554	3357
33	254	254	100	478	22	739	2	922	0	1098
34	91	91	13	239	0	432	0	574	0	715
35	15418	15419	13984	16922	12753	18336	12043	19209	11443	19985
36	13355	13356	12023	14757	10883	16080	10228	16898	9676	17626
37	56492	56494	53715	59339	51275	61962	49841	63559	48612	64963
38	55474	55476	52723	58295	50305	60896	48885	62479	47668	63871
39	42244	42245	39848	44710	37749	46991	36521	48383	35470	49609
40	56751	56753	53968	59604	51521	62233	50085	63834	48853	65241
41	6143	6144	5251	7105	4507	8032	4089	8613	3743	9135
42	13236	13237	11910	14632	10776	15949	10124	16764	9575	17489
43	27601	27602	25671	29601	23992	31463	23015	32603	22182	33611
44	17010	17011	15502	18588	14204	20069	13455	20982	12820	21792
45	8746	8747	7675	9887	6770	10975	6255	11653	5825	12259
46	29543	29544	27545	31611	25805	33534	24791	34711	23927	35751
47	1277	1277	889	1735	600	2207	454	2516	344	2802
48	9588	9589	8465	10781	7513	11916	6971	12622	6516	13252
49	8282	8283	7240	9394	6362	10454	5864	11116	5448	11708
50	684	684	410	1028	222	1398	137	1647	80	1879
51	6541	6542	5619	7533	4849	8486	4415	9083	4055	9619
52	14593	14594	13199	16057	12003	17435	11315	18287	10734	19044
53	8614	8615	7551	9747	6654	10827	6144	11500	5717	12102
54	5238	5238	4417	6129	3737	6992	3358	7535	3044	8023
55	2999	2999	2386	3682	1894	4357	1627	4788	1411	5178
56	2904	2904	2302	3576	1819	4242	1557	4667	1346	5053
57	2404	2404	1859	3019	1428	3633	1197	4027	1013	4386
58	3027	3027	2411	3713	1916	4390	1648	4823	1430	5215
59	71549	71551	68420	74748	65661	77689	64038	79476	62644	81045
60	9396	9397	8284	10578	7343	11702	6807	12401	6358	13026
61	6259	6260	5358	7230	4607	8164	4184	8750	3834	9276
62	20937	20938	19260	22684	17810	24317	16970	25321	16256	26210
63	28016	28017	26071	30031	24379	31906	23394	33054	22555	34069
64	46456	46457	43941	49041	41736	51428	40444	52884	39338	54165
65	358	358	169	617	59	910	20	1112	3	1305
66	497	497	268	796	122	1125	62	1349	26	1560
67	20196	20197	18550	21912	17127	23518	16303	24505	15604	25380
68	12427	12428	11143	13781	10047	15060	9418	15852	8888	16557
69	338782	338786	331932	345702	325822	351995	322194	355787	319057	359098
70	38384	38385	36101	40737	34106	42915	32938	44246	31941	45419
71	10826	10827	9630	12092	8613	13292	8032	14037	7543	14701
72	266	266	108	494	26	759	4	945	0	1123
73	5079	5079	4271	5957	3603	6808	3231	7344	2923	7826
74	58715	58717	55884	61616	53393	64289	51931	65916	50676	67345
75	3597	3597	2923	4341	2375	5072	2074	5536	1830	5956
76	352	352	165	609	57	900	19	1102	2	1293
77	2912	2912	2309	3585	1825	4252	1563	4677	1352	5064
78	3079	3079	2458	3770	1958	4453	1686	4888	1466	5283
79	2115	2115	1606	2694	1207	3275	996	3650	829	3993
80	5134	5134	4321	6017	3649	6871	3275	7410	2965	7894
81	96980	96982	93331	100699	90105	104108	88202	106175	86564	107987
82	11206	11207	9989	12493	8952	13712	8359	14469	7861	15143
83	15014	15015	13599	16498	12385	17895	11686	18758	11095	19524
84	256	256	102	480	23	742	2	926	0	1102
85	8312	8313	7268	9425	6389	10488	5889	11151	5472	11744
86	517	517	283	821	132	1155	69	1381	31	1595
87	446	446	231	731	98	1047	45	1264	15	1468
88	63051	63053	60116	66056	57532	68823	56013	70505	54710	71984
89	32582	32583	30482	34752	28650	36767	27581	37999	26669	39086
90	106623	106625	102795	110521	99408	114091	97408	116254	95687	118150
91	94403	94405	90803	98073	87621	101437	85745	103478	84130	105267
92	3366	3366	2715	4087	2188	4797	1900	5248	1666	5657
93	8004	8005	6981	9097	6119	10142	5630	10794	5223	11377
94	2911	2911	2308	3584	1824	4250	1562	4676	1351	5063
95	37	37	0	144	0	300	0	421	0	542
