city_id mean median lower_50 upper_50 lower_80 upper_80 lower_90 upper_90 lower_95 upper_95
1	2058	2058	1468	2748	1022	3454	793	3915	618	4339
2	13879	13880	12267	15590	10900	17217	10121	18229	9468	19131
3	49881	49883	46781	53081	44073	56048	42492	57862	41142	59461
4	9547	9548	8219	10975	7107	12346	6481	13205	5960	13975
5	29	29	0	155	0	353	0	510	0	670
6	168573	168576	162832	174414	157746	179759	154742	182996	152155	185832
7	1828	1828	1275	2481	861	3154	653	3595	495	4002
8	6290	6291	5221	7458	4344	8596	3857	9315	3458	9963
9	14550	14551	12898	16301	11496	17963	10696	18996	10023	19918
10	37059	37060	34393	39824	32078	42399	30731	43979	29584	45375
11	811	811	459	1262	227	1754	127	2087	64	2399
12	2662	2662	1984	3439	1459	4225	1183	4733	966	5199
13	18886	18887	16997	20874	15382	22750	14453	23911	13670	24943
14	76	76	3	249	0	489	0	672	0	854
15	736	736	403	1168	188	1643	99	1965	44	2269
16	808	808	457	1259	226	1750	126	2082	63	2394
17	5706	5707	4690	6821	3861	7911	3403	8601	3028	9225
18	962	962	574	1449	310	1973	191	2325	110	2655
19	8349	8350	7110	9688	6079	10978	5501	11789	5022	12517
20	4839	4840	3908	5870	3154	6884	2741	7529	2407	8112
21	1916	1916	1348	2583	922	3269	706	3718	541	4132
22	1077	1077	664	1590	377	2136	244	2502	152	2843
23	2540	2540	1879	3301	1369	4071	1102	4570	894	5027
24	18448	18449	16582	20414	14987	22269	14071	23417	13298	24439
25	6732	6733	5624	7939	4712	9111	4205	9851	3787	10518
26	104918	104920	100399	109537	96414	113781	94069	116359	92054	118623
27	40013	40015	37241	42884	34830	45555	33426	47192	32230	48637
28	15995	15996	14261	17829	12784	19565	11939	20643	11229	21602
29	1447	1447	960	2033	607	2646	434	3052	307	3428
30	10647	10648	9241	12152	8061	13593	7393	14493	6836	15299
31	489	489	227	851	76	1261	24	1546	3	1816
32	1504	1504	1007	2101	644	2723	466	3134	334	3515
33	81	81	4	258	0	502	0	687	0	871
34	96	96	8	284	0	538	0	729	0	918
35	36445	36446	33802	39187	31507	41742	30172	43310	29036	44695
36	5793	5794	4769	6916	3932	8013	3470	8708	3092	9335
37	86760	86762	82655	90964	79043	94836	76921	97191	75100	99261
38	26023	26024	23797	28348	21878	30527	20768	31870	19827	33060
39	51270	51272	48126	54514	45380	57520	43775	59357	42404	60977
40	22852	22853	20769	25034	18979	27084	17947	28349	17073	29472
41	2590	2590	1922	3358	1405	4134	1135	4637	923	5098
42	6110	6111	5057	7262	4194	8385	3716	9096	3325	9736
43	32787	32788	30283	35391	28112	37821	26853	39313	25781	40634
44	34450	34451	31882	37118	29654	39605	28360	41132	27258	42483
45	5179	5180	4214	6244	3429	7288	2999	7951	2648	8551
46	19230	19231	17324	21236	15692	23127	14755	24297	13963	25338
47	674	674	358	1090	158	1550	77	1863	30	2159
48	9804	9805	8457	11250	7329	12638	6693	13507	6164	14285
49	6668	6669	5566	7870	4659	9037	4154	9774	3740	10438
50	168	168	35	401	0	695	0	910	0	1120
51	10798	10799	9382	12313	8192	13763	7518	14669	6957	15480
52	10883	10884	9461	12404	8266	13859	7589	14769	7025	15582
53	11676	11677	10202	13250	8959	14752	8254	15690	7665	16528
54	2442	2442	1795	3189	1297	3946	1038	4438	836	4889
55	960	960	573	1447	309	1970	190	2322	110	2651
56	4273	4274	3401	5245	2700	6205	2320	6818	2013	7374
57	1478	1478	985	2070	627	2688	451	3097	322	3475
58	1346	1346	878	1913	542	2509	380	2904	262	3271
59	41921	41923	39083	44859	36612	47590	35172	49262	33944	50739
60	8338	8339	7100	9676	6070	10966	5492	11776	5014	12503
61	7359	7360	6199	8619	5239	9838	4703	10607	4261	11298
62	25705	25706	23493	28016	21587	30183	20484	31518	19550	32701
63	104111	104113	99610	108712	95641	112941	93305	115509	91298	117765
64	73502	73504	69728	77376	66414	80950	64469	83127	62803	85042
65	414	414	177	751	48	1139	10	1410	0	1669
66	248	248	76	520	5	850	0	1086	0	1314
67	8874	8875	7595	10252	6528	11579	5929	12411	5431	13158
68	35420	35421	32815	38124	30554	40645	29240	42192	28122	43559
69	638857	638863	627633	650181	617609	660464	611651	666655	606497	672058
70	21114	21115	19114	23213	17398	25189	16410	26410	15575	27494
71	12391	12392	10871	14011	9587	15555	8857	16517	8246	17377
72	154	154	29	379	0	666	0	877	0	1083
73	6912	6913	5789	8134	4863	9320	4347	10069	3923	10742
74	23238	23239	21138	25438	19331	27504	18289	28779	17407	29910
75	2904	2904	2194	3714	1639	4528	1346	5054	1114	5535
76	85	85	5	265	0	512	0	698	0	884
77	3796	3796	2977	4715	2324	5627	1972	6212	1690	6743
78	1181	1181	746	1715	439	2282	295	2659	192	3011
79	1524	1524	1023	2124	657	2750	477	3163	343	3546
80	9939	9940	8583	11395	7446	12791	6805	13665	6271	14448
81	140567	140570	135328	145905	130696	150798	127963	153763	125611	156364
82	60484	60486	57065	64003	54071	67257	52318	69242	50818	70991
83	9166	9167	7865	10566	6779	11912	6168	12756	5660	13513
84	206	206	53	458	1	770	0	996	0	1215
85	17119	17120	15323	19014	13791	20806	12913	21917	12173	22906
86	129	129	19	339	0	613	0	816	0	1015
87	129	129	19	339	0	613	0	816	0	1015
88	24032	24033	21895	26268	20056	28368	18994	29662	18095	30810
89	12044	12045	10546	13642	9282	15166	8564	16116	7964	16965
90	51953	51955	48788	55218	46022	58243	44406	60092	43025	61722
91	44339	44341	41419	47359	38874	50164	37390	51880	36124	53395
92	723	723	393	1152	182	1623	94	1944	41	2246
93	17049	17050	15257	18940	13728	20729	12852	21838	12114	22825
94	2751	2751	2061	3541	1525	4337	1242	4852	1020	5323
95	1923	1923	1354	2591	927	3278	710	3728	545	4142
