city_id mean median lower_50 upper_50 lower_80 upper_80 lower_90 upper_90 lower_95 upper_95
1	1181	1181	924	1469	720	1756	610	1939	522	2106
2	7775	7775	7091	8490	6503	9161	6163	9574	5875	9941
3	30128	30129	28767	31520	27569	32801	26864	33579	26259	34263
4	11551	11551	10714	12419	9988	13228	9565	13724	9206	14162
5	115	115	46	216	10	333	1	416	0	495
6	64587	64588	62587	66618	60813	68474	59764	69597	58860	70580
7	3667	3667	3203	4163	2811	4636	2589	4932	2404	5196
8	8918	8918	8185	9683	7551	10398	7185	10838	6873	11228
9	8422	8422	7710	9165	7096	9862	6740	10291	6439	10671
10	20963	20964	19831	22127	18838	23202	18256	23857	17757	24434
11	2621	2621	2231	3043	1906	3449	1724	3705	1573	3934
12	1829	1829	1506	2184	1241	2530	1095	2750	976	2948
13	22891	22892	21707	24107	20667	25228	20058	25911	19535	26512
14	312	312	188	468	103	635	64	747	38	852
15	727	727	529	957	377	1190	299	1342	238	1482
16	1118	1118	869	1399	671	1679	565	1858	480	2022
17	6288	6288	5675	6933	5150	7540	4848	7916	4593	8249
18	627	627	444	841	306	1061	236	1205	183	1337
19	14014	14015	13091	14968	12287	15855	11818	16398	11417	16876
20	4867	4867	4329	5436	3872	5975	3611	6310	3391	6609
21	2452	2452	2075	2860	1762	3255	1588	3503	1443	3727
22	1022	1022	784	1291	597	1561	497	1734	418	1892
23	4618	4618	4095	5173	3651	5699	3397	6026	3184	6318
24	20206	20207	19094	21349	18120	22405	17550	23049	17061	23617
25	5688	5688	5106	6302	4608	6881	4323	7241	4082	7560
26	54058	54059	52230	55917	50611	57619	49654	58649	48830	59552
27	39600	39601	38038	41194	36658	42656	35844	43543	35145	44321
28	3985	3985	3500	4501	3090	4993	2857	5300	2662	5573
29	2917	2917	2504	3361	2160	3788	1966	4055	1805	4295
30	4278	4278	3775	4812	3349	5321	3106	5637	2903	5919
31	986	986	753	1251	570	1516	472	1687	395	1843
32	1495	1495	1204	1817	969	2135	841	2337	736	2519
33	254	254	143	396	71	551	39	656	19	754
34	91	91	31	182	4	292	0	369	0	444
35	14809	14810	13860	15790	13032	16700	12548	17257	12136	17748
36	11819	11819	10973	12697	10237	13514	9810	14016	9445	14459
37	54758	54759	52918	56629	51288	58342	50325	59378	49495	60286
38	52525	52526	50723	54358	49128	56036	48185	57052	47373	57942
39	41399	41400	39801	43028	38389	44522	37557	45429	36840	46223
40	51916	51917	50125	53739	48539	55407	47602	56417	46795	57303
41	6079	6079	5476	6713	4961	7311	4664	7681	4414	8010
42	12318	12318	11454	13214	10702	14048	10265	14559	9892	15010
43	27323	27324	26028	28650	24888	29871	24219	30614	23645	31267
44	16149	16150	15157	17172	14291	18121	13784	18701	13352	19212
45	8394	8394	7683	9136	7070	9832	6715	10260	6414	10639
46	26893	26894	25608	28209	24478	29421	23814	30159	23245	30807
47	1270	1270	1003	1568	790	1864	674	2053	581	2225
48	9747	9747	8980	10546	8316	11292	7931	11750	7604	12156
49	8009	8009	7315	8734	6717	9415	6371	9834	6078	10205
50	599	599	421	809	287	1025	219	1166	168	1296
51	6224	6224	5614	6865	5092	7470	4791	7844	4538	8176
52	13859	13860	12941	14808	12141	15690	11675	16230	11277	16706
53	8516	8516	7800	9264	7182	9964	6824	10395	6521	10777
54	5019	5019	4473	5597	4008	6144	3742	6483	3518	6785
55	2956	2956	2541	3403	2193	3832	1998	4101	1835	4343
56	2706	2706	2309	3134	1979	3547	1793	3806	1639	4038
57	2290	2290	1926	2685	1626	3068	1458	3309	1320	3526
58	2933	2933	2519	3378	2174	3806	1979	4074	1817	4315
59	66993	66994	64956	69061	63149	70951	62080	72094	61158	73094
60	8766	8766	8039	9524	7412	10234	7048	10671	6740	11058
61	5525	5525	4951	6130	4462	6702	4181	7056	3944	7372
62	19811	19812	18711	20943	17746	21989	17182	22627	16699	23189
63	26360	26361	25088	27663	23970	28864	23313	29594	22749	30236
64	44257	44258	42604	45941	41143	47484	40281	48420	39539	49241
65	348	348	216	512	124	686	81	802	51	911
66	447	447	295	630	185	822	132	950	92	1067
67	19126	19127	18045	20238	17098	21267	16544	21895	16070	22448
68	11809	11809	10963	12686	10228	13504	9800	14005	9436	14448
69	333211	333213	328649	337804	324568	341968	322138	344471	320034	346654
70	32299	32300	30890	33740	29647	35064	28916	35869	28288	36576
71	10243	10243	9456	11061	8774	11825	8379	12294	8042	12710
72	224	224	121	358	55	506	28	607	12	702
73	4700	4700	4172	5259	3724	5790	3467	6120	3252	6414
74	53717	53718	51895	55571	50281	57267	49327	58294	48506	59194
75	3520	3520	3065	4006	2683	4471	2466	4761	2285	5021
76	282	282	165	431	86	592	51	700	28	802
77	2733	2733	2334	3163	2002	3578	1815	3838	1661	4071
78	2983	2983	2566	3432	2217	3863	2020	4133	1857	4375
79	1898	1898	1568	2259	1298	2611	1149	2834	1026	3035
80	4795	4795	4262	5360	3808	5895	3549	6228	3331	6525
81	90862	90863	88487	93268	86376	95462	85124	96787	84045	97945
82	10617	10617	9816	11450	9121	12227	8717	12704	8374	13126
83	14602	14603	13659	15576	12838	16480	12358	17033	11949	17521
84	232	232	127	369	59	518	31	620	14	716
85	7320	7320	6657	8014	6087	8666	5758	9069	5480	9426
86	511	511	347	706	227	908	167	1042	123	1165
87	445	445	293	628	184	820	130	947	92	1064
88	60098	60099	58170	62058	56460	63850	55449	64934	54578	65883
89	30393	30394	29026	31791	27822	33077	27114	33859	26506	34546
90	95738	95739	93300	98207	91131	100458	89846	101817	88737	103005
91	88209	88210	85870	90580	83790	92742	82557	94048	81494	95190
92	3178	3178	2747	3641	2385	4084	2181	4362	2011	4611
93	7662	7662	6984	8372	6400	9038	6062	9449	5777	9813
94	2798	2798	2394	3233	2058	3652	1868	3915	1711	4151
95	43	43	7	111	0	199	0	263	0	327
