city_id mean median lower_50 upper_50 lower_80 upper_80 lower_90 upper_90 lower_95 upper_95
1	1240	1241	970	1544	755	1846	639	2039	547	2215
2	8825	8825	8076	9607	7431	10339	7057	10790	6740	11190
3	32225	32226	30780	33704	29506	35064	28757	35891	28114	36617
4	12193	12193	11310	13109	10544	13962	10098	14486	9718	14948
5	132	132	55	242	14	369	2	458	0	544
6	69708	69709	67574	71875	65680	73855	64561	75052	63595	76101
7	5216	5217	4645	5821	4158	6394	3880	6750	3646	7067
8	9765	9765	8976	10586	8295	11354	7900	11827	7565	12245
9	9040	9040	8282	9831	7628	10571	7249	11027	6928	11432
10	21832	21832	20645	23052	19604	24179	18995	24866	18473	25471
11	2851	2852	2433	3303	2085	3738	1889	4011	1727	4256
12	2007	2007	1658	2388	1373	2760	1215	2995	1086	3208
13	23476	23477	22245	24741	21164	25908	20531	26619	19988	27245
14	399	399	253	578	150	768	101	895	66	1013
15	807	806	592	1054	427	1306	341	1470	274	1619
16	1176	1176	913	1472	705	1767	593	1956	504	2128
17	6633	6633	5986	7313	5432	7954	5114	8350	4844	8702
18	735	734	530	972	375	1214	295	1372	233	1517
19	14584	14583	13617	15584	12774	16513	12283	17082	11864	17584
20	5165	5165	4596	5767	4112	6337	3836	6691	3603	7007
21	2724	2725	2316	3166	1976	3592	1786	3860	1629	4101
22	1101	1101	847	1388	647	1675	541	1859	456	2027
23	4895	4895	4341	5481	3872	6038	3603	6384	3378	6692
24	20797	20798	19639	21988	18624	23089	18030	23761	17522	24352
25	6167	6168	5544	6824	5012	7443	4706	7826	4448	8167
26	59399	59400	57431	61401	55686	63232	54656	64340	53768	65311
27	41431	41432	39790	43106	38340	44642	37486	45574	36751	46392
28	4129	4129	3622	4669	3194	5183	2951	5504	2747	5791
29	3014	3014	2583	3477	2224	3923	2022	4203	1854	4454
30	4754	4754	4209	5332	3747	5881	3483	6223	3261	6527
31	1079	1079	828	1363	630	1647	525	1830	441	1997
32	1725	1726	1404	2080	1142	2428	999	2650	882	2849
33	280	280	160	433	81	599	46	711	24	817
34	107	107	39	208	7	327	0	411	0	492
35	15616	15616	14615	16651	13742	17611	13232	18198	12797	18716
36	13540	13539	12608	14504	11798	15401	11326	15950	10924	16435
37	56871	56872	54945	58830	53239	60623	52231	61708	51363	62659
38	55850	55851	53941	57791	52251	59568	51253	60644	50393	61587
39	42572	42573	40908	44269	39438	45826	38571	46770	37826	47598
40	57131	57132	55201	59094	53491	60891	52480	61979	51610	62932
41	6268	6269	5640	6930	5103	7554	4794	7940	4534	8284
42	13420	13419	12493	14380	11686	15273	11217	15820	10817	16303
43	27866	27867	26523	29242	25342	30510	24648	31282	24053	31960
44	17218	17219	16166	18304	15247	19309	14710	19924	14251	20466
45	8896	8896	8144	9680	7495	10415	7120	10868	6802	11269
46	29817	29818	28427	31240	27204	32550	26485	33347	25868	34047
47	1335	1335	1054	1649	829	1960	707	2159	610	2340
48	9745	9745	8957	10565	8276	11333	7882	11805	7547	12223
49	8428	8428	7696	9192	7066	9909	6702	10350	6394	10742
50	726	726	523	962	369	1203	290	1360	228	1505
51	6670	6671	6022	7352	5466	7995	5146	8392	4876	8745
52	14786	14785	13812	15793	12964	16728	12469	17301	12046	17806
53	8762	8763	8017	9541	7373	10271	7001	10721	6686	11119
54	5354	5354	4774	5966	4281	6546	3999	6906	3761	7227
55	3087	3087	2651	3556	2287	4007	2082	4289	1911	4543
56	2990	2991	2562	3452	2204	3897	2003	4176	1836	4426
57	2483	2483	2093	2905	1771	3314	1591	3571	1443	3803
58	3115	3115	2677	3586	2311	4039	2105	4323	1934	4577
59	71975	71977	69807	74177	67882	76188	66744	77405	65762	78469
60	9551	9551	8772	10364	8098	11124	7708	11591	7377	12006
61	6386	6386	5751	7053	5208	7682	4897	8072	4633	8418
62	21168	21169	20000	22370	18976	23480	18376	24157	17863	24754
63	28283	28284	26930	29669	25740	30946	25040	31723	24440	32406
64	46800	46801	45054	48578	43511	50208	42600	51197	41817	52063
65	389	389	245	566	143	754	96	879	62	996
66	533	533	362	738	236	950	173	1091	127	1220
67	20423	20423	19275	21603	18271	22695	17682	23361	17179	23947
68	12605	12605	11707	13536	10927	14403	10473	14935	10086	15404
69	339709	339712	334979	344473	330747	348792	328227	351388	326046	353653
70	38697	38697	37111	40315	35711	41802	34887	42704	34178	43495
71	10992	10993	10155	11863	9429	12675	9008	13174	8650	13615
72	293	293	170	449	88	617	51	731	28	838
73	5193	5193	4623	5797	4137	6369	3860	6724	3627	7040
74	59101	59102	57138	61098	55398	62925	54370	64030	53484	64999
75	3693	3693	3215	4205	2812	4694	2584	4999	2394	5273
76	382	382	240	558	140	745	93	870	60	986
77	2999	2999	2569	3461	2211	3906	2009	4185	1842	4436
78	3168	3168	2726	3643	2357	4099	2148	4385	1975	4641
79	2189	2189	1824	2586	1525	2973	1358	3217	1221	3437
80	5249	5249	4675	5855	4187	6430	3908	6787	3673	7105
81	97476	97478	94950	100036	92703	102369	91372	103778	90223	105011
82	11375	11376	10523	12260	9784	13086	9355	13593	8990	14041
83	15210	15209	14222	16231	13360	17179	12858	17759	12429	18271
84	282	282	162	435	82	602	47	715	25	820
85	8458	8458	7725	9223	7094	9941	6729	10384	6420	10776
86	554	554	379	762	249	978	185	1120	137	1251
87	480	480	318	675	201	879	144	1014	101	1139
88	63451	63452	61416	65520	59612	67411	58545	68555	57626	69557
89	32870	32871	31410	34363	30123	35736	29366	36571	28717	37304
90	107143	107145	104494	109826	102136	112270	100738	113746	99532	115036
91	94893	94894	92400	97418	90184	99721	88871	101112	87738	102328
92	3459	3459	2997	3955	2608	4429	2389	4726	2206	4992
93	8147	8147	7428	8899	6810	9604	6452	10039	6150	10425
94	2998	2998	2568	3460	2210	3905	2008	4184	1841	4434
95	47	47	8	120	0	214	0	283	0	350
