city_id mean median lower_50 upper_50 lower_80 upper_80 lower_90 upper_90 lower_95 upper_95
1	2183	2183	1678	2754	1280	3325	1067	3692	898	4027
2	14200	14199	12860	15605	11711	16928	11049	17745	10490	18470
3	50487	50488	47932	53108	45689	55525	44372	56997	43243	58292
4	9813	9814	8705	10987	7765	12101	7227	12794	6776	13411
5	45	45	1	156	0	313	0	432	0	551
6	169686	169688	164975	174463	160789	178822	158310	181456	156172	183760
7	1945	1946	1471	2487	1100	3031	904	3382	749	3703
8	6506	6507	5611	7468	4861	8392	4438	8970	4086	9488
9	14878	14877	13507	16316	12328	17668	11649	18502	11074	19243
10	37582	37583	35382	39847	33458	41945	32333	43225	31370	44354
11	890	890	579	1267	357	1663	249	1925	171	2169
12	2803	2804	2227	3446	1764	4082	1513	4488	1311	4857
13	19260	19260	17694	20891	16342	22417	15558	23356	14893	24187
14	101	101	19	251	0	442	0	582	0	719
15	811	811	516	1172	308	1554	208	1809	138	2045
16	887	887	577	1263	355	1658	247	1921	170	2164
17	5912	5913	5060	6831	4349	7715	3949	8270	3618	8767
18	1048	1048	708	1454	459	1876	336	2154	244	2412
19	8598	8599	7563	9699	6688	10747	6190	11400	5773	11983
20	5029	5029	4245	5879	3597	6701	3234	7219	2935	7684
21	2036	2037	1550	2589	1168	3144	966	3501	806	3828
22	1168	1168	807	1594	539	2035	405	2325	304	2592
23	2678	2678	2115	3307	1665	3931	1422	4329	1226	4691
24	18817	18818	17271	20430	15934	21940	15161	22868	14504	23691
25	6956	6956	6028	7949	5250	8901	4810	9496	4443	10029
26	105796	105798	102083	109575	98796	113035	96855	115131	95184	116968
27	40556	40557	38270	42908	36268	45084	35096	46411	34093	47580
28	16339	16338	14900	17844	13661	19257	12945	20127	12339	20900
29	1552	1552	1131	2039	809	2534	642	2856	513	3151
30	10928	10927	9757	12165	8760	13336	8188	14062	7708	14709
31	551	551	314	854	157	1184	89	1407	45	1617
32	1611	1611	1182	2106	852	2609	681	2936	547	3235
33	107	107	21	260	0	454	0	595	0	734
34	124	124	29	286	0	488	0	635	0	778
35	36963	36964	34782	39211	32875	41291	31759	42562	30806	43682
36	6001	6001	5142	6926	4425	7816	4022	8374	3687	8875
37	87559	87561	84184	91000	81202	94155	79443	96069	77930	97748
38	26461	26462	24621	28368	23020	30142	22088	31229	21294	32189
39	51884	51886	49294	54541	47018	56990	45682	58481	44537	59792
40	23263	23264	21539	25052	20044	26721	19175	27745	18436	28651
41	2730	2730	2161	3364	1706	3993	1459	4395	1260	4759
42	6323	6324	5441	7272	4703	8184	4287	8755	3941	9266
43	33279	33280	31211	35413	29405	37391	28351	38601	27450	39668
44	34954	34955	32834	37140	30981	39166	29899	40404	28974	41495
45	5376	5376	4564	6253	3890	7100	3513	7633	3201	8111
46	19607	19608	18027	21253	16662	22792	15870	23738	15198	24576
47	746	746	465	1094	268	1464	176	1711	112	1941
48	10074	10074	8951	11263	7997	12390	7451	13091	6993	13715
49	6891	6891	5968	7880	5194	8827	4756	9420	4391	9951
50	205	205	73	403	11	638	0	804	0	965
51	11081	11080	9902	12326	8897	13505	8321	14236	7836	14886
52	11167	11166	9983	12417	8974	13600	8396	14333	7909	14986
53	11970	11969	10743	13263	9695	14485	9094	15241	8587	15914
54	2578	2578	2026	3195	1586	3809	1349	4201	1158	4558
55	1046	1046	706	1451	458	1873	334	2151	243	2409
56	4452	4452	3716	5253	3111	6032	2775	6523	2498	6966
57	1584	1584	1159	2075	832	2575	663	2899	531	3197
58	1447	1447	1042	1918	734	2400	576	2713	454	3001
59	42477	42478	40136	44883	38085	47108	36884	48464	35855	49659
60	8587	8587	7553	9687	6678	10735	6181	11388	5764	11970
61	7593	7593	6623	8630	5805	9620	5342	10238	4955	10791
62	26141	26142	24312	28036	22721	29799	21796	30880	21007	31835
63	104986	104988	101287	108750	98013	112198	96080	114286	94416	116116
64	74237	74239	71133	77408	68393	80321	66780	82089	65394	83642
65	471	471	254	754	116	1066	59	1278	25	1478
66	292	293	129	523	38	787	9	970	0	1145
67	9131	9131	8063	10264	7159	11342	6643	12013	6211	12611
68	35931	35932	33781	38147	31902	40200	30803	41454	29864	42559
69	641021	641026	631833	650275	623616	658666	618725	663712	614491	668112
70	21509	21510	19853	23231	18419	24839	17586	25827	16878	26700
71	12694	12693	11430	14025	10348	15280	9726	16057	9201	16747
72	189	189	64	381	8	610	0	773	0	931
73	7139	7139	6199	8145	5409	9108	4962	9710	4590	10248
74	23652	23653	21914	25457	20406	27138	19529	28170	18783	29083
75	3052	3052	2449	3721	1962	4381	1697	4801	1482	5182
76	112	112	23	267	0	463	0	606	0	746
77	3965	3965	3273	4723	2706	5462	2393	5931	2136	6353
78	1276	1276	898	1720	614	2177	470	2477	360	2752
79	1631	1632	1199	2130	867	2635	694	2964	559	3264
80	10211	10211	9080	11407	8119	12542	7569	13247	7107	13875
81	141583	141585	137283	145950	133467	149939	131209	152352	129263	154464
82	61151	61153	58336	64032	55858	66684	54401	68296	53151	69712
83	9427	9427	8342	10578	7421	11672	6896	12352	6456	12958
84	247	247	99	461	23	710	3	885	0	1053
85	17475	17476	15986	19030	14701	20488	13958	21386	13328	22182
86	162	162	48	341	3	560	0	716	0	868
87	162	162	48	341	3	560	0	716	0	868
88	24453	24454	22685	26287	21150	27996	20257	29044	19497	29970
89	12343	12342	11096	13655	10031	14894	9419	15661	8903	16343
90	52571	52573	49964	55245	47672	57710	46327	59210	45174	60530
91	44910	44912	42503	47384	40392	49669	39154	51062	38094	52287
92	798	798	505	1156	299	1536	201	1788	132	2024
93	17404	17405	15918	18957	14636	20411	13895	21308	13267	22102
94	2895	2895	2308	3548	1837	4192	1580	4604	1373	4977
95	2043	2044	1556	2597	1174	3153	971	3511	810	3838
