city_id mean median lower_50 upper_50 lower_80 upper_80 lower_90 upper_90 lower_95 upper_95
1	3286	3286	2557	4107	1978	4924	1667	5449	1419	5926
2	24677	24678	22599	26847	20806	28879	19768	30130	18888	31239
3	87973	87975	84009	92029	80517	95760	78463	98027	76699	100019
4	30517	30518	28201	32925	26193	35171	25027	36550	24036	37771
5	309	309	117	592	22	926	1	1161	0	1386
6	170375	170378	164840	176001	159934	181146	157034	184260	154535	186988
7	17395	17396	15658	19224	14171	20949	13317	22017	12597	22966
8	27513	27514	25316	29801	23416	31940	22314	33256	21379	34420
9	22299	22300	20326	24364	18627	26301	17646	27496	16815	28556
10	51279	51281	48263	54386	45625	57263	44082	59019	42763	60567
11	8038	8039	6872	9296	5899	10507	5353	11267	4900	11949
12	5172	5173	4245	6190	3489	7185	3072	7816	2731	8385
13	57766	57768	54562	61061	51755	64107	50111	65965	48704	67601
14	1097	1097	695	1590	411	2113	277	2461	181	2785
15	2190	2190	1603	2868	1153	3558	919	4005	737	4416
16	3143	3143	2431	3947	1867	4749	1566	5264	1325	5733
17	19158	19159	17332	21075	15766	22880	14865	23995	14103	24986
18	1792	1792	1265	2410	869	3045	668	3460	514	3842
19	35749	35750	33238	38351	31056	40773	29785	42257	28703	43568
20	15432	15433	13798	17157	12405	18789	11607	19801	10935	20702
21	7969	7970	6808	9222	5840	10428	5297	11185	4846	11865
22	2932	2932	2246	3710	1706	4488	1418	4990	1190	5447
23	12866	12867	11378	14445	10116	15946	9397	16879	8793	17711
24	48722	48724	45783	51752	43215	54559	41714	56274	40431	57786
25	15850	15851	14194	17598	12780	19250	11970	20274	11287	21186
26	137344	137347	132379	142400	127986	147032	125393	149839	123162	152299
27	108252	108254	103849	112746	99963	116871	97673	119375	95704	121572
28	9937	9938	8635	11330	7541	12664	6921	13497	6405	14242
29	7161	7162	6063	8351	5152	9501	4642	10224	4221	10874
30	12193	12194	10746	13732	9521	15195	8823	16107	8239	16920
31	2794	2794	2125	3554	1601	4317	1323	4809	1102	5258
32	5134	5135	4211	6148	3458	7140	3043	7769	2704	8337
33	711	711	396	1117	191	1561	104	1862	49	2146
34	226	226	68	475	5	777	0	994	0	1203
35	38023	38024	35432	40705	33177	43199	31864	44726	30744	46075
36	37879	37880	35293	40556	33043	43045	31732	44570	30614	45916
37	149901	149904	144712	155181	140117	160015	137404	162942	135067	165508
38	160591	160594	155219	166055	150459	171053	147646	174080	145224	176731
39	101288	101290	97031	105637	93275	109631	91063	112056	89163	114185
40	158700	158703	153360	164132	148629	169102	145833	172111	143426	174747
41	16113	16114	14443	17875	13016	19540	12198	20571	11509	21489
42	38647	38648	36035	41351	33761	43864	32435	45403	31305	46762
43	64978	64980	61577	68470	58593	71693	56843	73657	55344	75385
44	41480	41481	38772	44279	36412	46878	35035	48469	33860	49873
45	25476	25477	23364	27680	21540	29742	20484	31012	19588	32137
46	89095	89097	85105	93176	81590	96930	79523	99211	77747	101215
47	3570	3570	2808	4424	2200	5270	1871	5813	1608	6305
48	24786	24787	22703	26960	20906	28997	19866	30250	18983	31361
49	21784	21785	19834	23825	18157	25742	17188	26924	16368	27972
50	1982	1982	1426	2630	1003	3291	786	3722	618	4118
51	18115	18116	16341	19980	14822	21739	13948	22826	13210	23792
52	36445	36446	33910	39072	31705	41516	30421	43013	29327	44336
53	22131	22132	20165	24188	18473	26119	17497	27309	16669	28365
54	14186	14187	12621	15842	11291	17412	10530	18386	9890	19255
55	7661	7662	6523	8890	5577	10075	5046	10820	4607	11488
56	8180	8181	7003	9448	6021	10669	5469	11435	5011	12122
57	6864	6865	5790	8030	4900	9158	4403	9868	3993	10507
58	8293	8294	7107	9570	6118	10798	5561	11568	5099	12259
59	207159	207162	201051	213358	195629	219020	192420	222442	189653	225438
60	25367	25368	23259	27566	21439	29625	20386	30892	19492	32014
61	17312	17313	15579	19137	14096	20858	13244	21923	12526	22871
62	54109	54111	51010	57300	48297	60251	46709	62053	45351	63640
63	70827	70829	67275	74471	64154	77831	62322	79876	60751	81675
64	121648	121651	116978	126409	112851	130775	110417	133423	108323	135745
65	1098	1098	696	1592	412	2115	277	2463	182	2787
66	1374	1374	919	1921	587	2492	423	2868	303	3218
67	60641	60643	57357	64016	54478	67134	52791	69035	51347	70708
68	32730	32731	30330	35222	28246	37544	27035	38969	26004	40228
69	685185	685191	674039	696422	664080	706620	658157	712757	653031	718112
70	94479	94481	90369	98680	86746	102542	84613	104888	82782	106949
71	28533	28534	26295	30862	24358	33039	23234	34376	22279	35560
72	782	782	450	1206	229	1666	132	1976	69	2268
73	14053	14054	12496	15701	11172	17264	10415	18235	9779	19100
74	173483	173486	167897	179160	162945	184351	160018	187492	157496	190243
75	11254	11255	9865	12734	8693	14145	8027	15025	7470	15811
76	1077	1077	679	1566	399	2085	267	2431	173	2753
77	8096	8097	6925	9358	5949	10573	5400	11335	4945	12019
78	7590	7591	6458	8814	5516	9994	4989	10735	4552	11401
79	6304	6305	5276	7423	4429	8509	3957	9195	3569	9812
80	12934	12935	11442	14517	10177	16021	9455	16957	8850	17791
81	235407	235411	228893	242012	223105	248039	219677	251681	216720	254867
82	27533	27534	25335	29822	23434	31962	22332	33277	21396	34442
83	37873	37874	35288	40550	33037	43039	31727	44563	30609	45910
84	760	760	433	1178	217	1633	123	1941	63	2230
85	20943	20944	19032	22945	17389	24827	16442	25988	15640	27018
86	1441	1441	973	2000	631	2582	461	2965	335	3320
87	1178	1178	760	1688	461	2225	318	2582	215	2914
88	176607	176610	170971	182334	165973	187571	163019	190739	160473	193514
89	86689	86691	82754	90715	79288	94420	77250	96672	75501	98650
90	310078	310082	302595	317652	295934	324552	291985	328715	288574	332355
91	261163	261167	254299	268118	248196	274460	244580	278290	241460	281639
92	9249	9250	7994	10595	6943	11885	6349	12693	5855	13416
93	21531	21532	19593	23561	17926	25467	16963	26642	16149	27686
94	7516	7517	6390	8734	5453	9909	4929	10647	4494	11310
95	87	87	7	259	0	492	0	667	0	840
