city_id mean median lower_50 upper_50 lower_80 upper_80 lower_90 upper_90 lower_95 upper_95
1	3499	3499	2564	4579	1846	5676	1472	6389	1182	7042
2	22118	22120	19657	24725	17565	27196	16369	28731	15365	30099
3	82377	82380	77560	87340	73346	91933	70881	94737	68773	97209
4	30678	30680	27767	33735	25269	36612	23831	38389	22615	39968
5	370	370	115	770	9	1255	0	1601	0	1936
6	162081	162084	155294	169012	149307	175378	145781	179244	142751	182637
7	13831	13832	11900	15907	10285	17901	9375	19151	8619	20270
8	27009	27010	24281	29881	21949	32592	20611	34271	19481	35763
9	21868	21870	19422	24460	17342	26919	16154	28446	15156	29807
10	50306	50308	46558	54200	43306	57831	41417	60059	39809	62030
11	8211	8212	6740	9828	5539	11407	4877	12409	4336	13313
12	5045	5046	3908	6328	3007	7607	2525	8429	2140	9177
13	57950	57953	53922	62124	50418	66007	48378	68387	46639	70489
14	1072	1072	587	1702	274	2394	143	2864	64	3307
15	2262	2263	1525	3145	984	4065	717	4671	520	5232
16	3359	3359	2444	4418	1744	5497	1382	6199	1101	6843
17	19241	19242	16950	21676	15011	23994	13908	25437	12983	26725
18	1806	1806	1154	2602	692	3444	472	4004	314	4524
19	35698	35700	32552	38990	29843	42078	28278	43982	26952	45671
20	15355	15356	13317	17539	11605	19629	10637	20937	9830	22107
21	7715	7715	6291	9283	5133	10821	4496	11797	3977	12679
22	2962	2963	2108	3962	1462	4987	1132	5656	880	6272
23	13180	13181	11297	15209	9725	17160	8841	18383	8107	19481
24	49034	49036	45334	52879	42126	56466	40263	58669	38679	60617
25	15394	15395	13352	17580	11638	19673	10669	20982	9861	22153
26	134006	134009	127842	140315	122415	146121	119224	149651	116485	152753
27	103527	103530	98118	109082	93371	114208	90587	117331	88202	120079
28	9904	9905	8281	11672	6944	13389	6200	14472	5588	15447
29	7453	7454	6055	8997	4920	10511	4297	11473	3790	12343
30	11446	11447	9696	13341	8244	15172	7432	16324	6760	17359
31	2830	2831	1996	3809	1370	4815	1051	5473	808	6079
32	4451	4452	3387	5660	2553	6873	2110	7656	1760	8369
33	812	812	399	1370	151	1997	60	2428	14	2837
34	289	289	72	651	1	1102	0	1428	0	1745
35	37260	37261	34044	40621	31271	43772	29669	45713	28311	47435
36	33805	33806	30745	37010	28113	40020	26595	41878	25310	43526
37	145468	145471	139043	152038	133380	158080	130049	161750	127188	164975
38	154329	154332	147708	161094	141871	167311	138434	171087	135482	174402
39	101581	101584	96224	107083	91523	112163	88767	115258	86406	117982
40	150678	150682	144138	157364	138372	163509	134978	167242	132063	170521
41	16477	16478	14362	18736	12582	20895	11574	22243	10731	23449
42	37383	37384	34161	40749	31384	43905	29779	45850	28418	47574
43	65421	65423	61136	69851	57401	73965	55223	76482	53364	78704
44	40655	40657	37293	44163	34389	47446	32708	49467	31281	51257
45	25390	25392	22748	28178	20493	30812	19200	32444	18111	33897
46	79884	79887	75142	84772	70995	89298	68570	92062	66497	94499
47	3795	3796	2818	4917	2063	6052	1667	6787	1357	7460
48	25143	25144	22514	27917	20270	30539	18985	32164	17901	33611
49	21237	21238	18827	23792	16780	26218	15612	27725	14632	29069
50	1991	1992	1304	2824	808	3698	569	4278	394	4815
51	18111	18112	15891	20476	14016	22731	12950	24136	12058	25391
52	33458	33460	30415	36647	27798	39643	26288	41492	25011	43133
53	22392	22393	19915	25013	17808	27499	16604	29042	15593	30418
54	14217	14218	12258	16321	10618	18340	9693	19604	8924	20737
55	7975	7975	6526	9569	5345	11128	4695	12118	4164	13012
56	7775	7776	6345	9349	5182	10892	4542	11871	4020	12756
57	7049	7050	5691	8552	4593	10030	3992	10970	3504	11822
58	8512	8513	7013	10156	5787	11761	5109	12778	4555	13696
59	193936	193940	186506	201511	179939	208457	176066	212670	172735	216364
60	22507	22508	20024	25135	17911	27627	16704	29174	15689	30552
61	15116	15117	13094	17283	11397	19359	10438	20657	9639	21819
62	53156	53158	49301	57156	45953	60883	44006	63170	42349	65190
63	67454	67456	63101	71951	59306	76125	57092	78679	55202	80932
64	114926	114929	109223	120774	104212	126165	101269	129447	98747	132333
65	1074	1074	588	1705	275	2397	144	2868	64	3311
66	1326	1326	778	2018	409	2767	244	3271	136	3743
67	58951	58953	54887	63160	51351	67074	49292	69473	47537	71591
68	30607	30608	27699	33660	25204	36533	23768	38309	22554	39886
69	688099	688107	674039	702303	661502	715220	654056	723005	647621	729803
70	87838	87841	82861	92960	78504	97697	75953	100587	73770	103133
71	26501	26503	23800	29347	21492	32035	20168	33699	19051	35179
72	745	745	353	1282	123	1891	42	2311	6	2710
73	13125	13126	11245	15149	9677	17096	8795	18317	8063	19413
74	161384	161387	154612	168300	148638	174653	145120	178511	142097	181897
75	11170	11171	9442	13043	8010	14854	7209	15994	6548	17018
76	1026	1027	553	1645	251	2326	127	2790	53	3227
77	7478	7479	6077	9024	4940	10540	4316	11503	3808	12375
78	7860	7861	6423	9443	5252	10993	4608	11977	4082	12866
79	6027	6028	4777	7422	3775	8803	3232	9685	2795	10486
80	12747	12748	10896	14743	9353	16665	8486	17871	7767	18953
81	228900	228905	220822	237124	213671	244654	209449	249216	205814	253214
82	27308	27309	24565	30196	22219	32921	20872	34607	19735	36107
83	37900	37902	34656	41289	31859	44466	30241	46423	28870	48157
84	782	783	378	1331	139	1950	52	2376	10	2781
85	20401	20402	18040	22907	16038	25288	14897	26769	13939	28090
86	1572	1572	969	2320	550	3118	356	3651	221	4149
87	1309	1309	765	1998	400	2742	237	3244	130	3714
88	169601	169605	162657	176689	156528	183198	152917	187148	149814	190614
89	82728	82730	77900	87700	73677	92303	71206	95113	69093	97589
90	287980	287985	278910	297195	270866	305618	266109	310714	262010	315176
91	244983	244987	236623	253488	229219	261271	224845	265985	221078	270115
92	9121	9122	7567	10821	6291	12476	5584	13522	5004	14466
93	21250	21251	18839	23806	16792	26232	15624	27740	14642	29085
94	7405	7406	6012	8944	4881	10454	4261	11414	3756	12282
95	124	124	7	386	0	746	0	1018	0	1288
