city_id mean median lower_50 upper_50 lower_80 upper_80 lower_90 upper_90 lower_95 upper_95
1	3296	3297	2183	4638	1376	6041	982	6970	693	7830
2	21604	21606	18576	24860	16045	27988	14619	29949	13434	31706
3	81382	81385	75398	87595	70204	93385	67185	96938	64616	100080
4	30072	30074	26479	33893	23439	37530	21709	39795	20259	41817
5	306	306	46	794	0	1429	0	1898	0	2359
6	160683	160688	152228	169366	144809	177382	140459	182266	136733	186565
7	13425	13426	11062	16016	9130	18545	8063	20147	7189	21593
8	26440	26442	23078	30030	20246	33459	18640	35599	17299	37513
9	21357	21359	18347	24595	15832	27707	14416	29658	13239	31406
10	49529	49532	44886	54401	40900	58984	38603	61814	36662	64328
11	7899	7900	6113	9913	4701	11923	3944	13214	3341	14389
12	4801	4802	3434	6396	2399	8029	1868	9094	1460	10074
13	57116	57119	52121	62339	47819	67239	45333	70259	43227	72937
14	961	961	413	1738	114	2633	24	3257	0	3854
15	2100	2101	1235	3194	651	4375	390	5170	217	5914
16	3160	3161	2073	4476	1289	5857	908	6771	632	7620
17	18761	18763	15947	21803	13609	24739	12298	26584	11213	28241
18	1661	1661	904	2646	418	3730	216	4466	94	5160
19	35044	35046	31156	39160	27851	43062	25962	45486	24374	47646
20	14927	14928	12429	17653	10376	20304	9236	21978	8299	23487
21	7412	7413	5686	9367	4327	11323	3602	12581	3027	13729
22	2776	2777	1764	4017	1048	5329	708	6203	467	7017
23	12784	12785	10481	15315	8603	17790	7568	19360	6722	20778
24	48267	48270	43685	53078	39754	57606	37490	60404	35577	62889
25	14965	14966	12464	17694	10407	20348	9266	22024	8327	23535
26	132735	132739	125061	140637	118345	147950	114416	152414	111055	156346
27	102411	102415	95684	109366	89822	115826	86403	119779	83486	123268
28	9561	9562	7585	11765	6001	13946	5142	15340	4449	16605
29	7156	7157	5462	9079	4132	11006	3425	12247	2864	13380
30	11077	11078	8941	13441	7214	15766	6268	17245	5501	18585
31	2648	2649	1662	3862	970	5151	644	6011	415	6812
32	4222	4223	2947	5725	1995	7275	1513	8290	1149	9227
33	716	716	258	1402	42	2216	0	2791	0	3345
34	233	233	21	674	0	1266	0	1709	0	2148
35	36591	36593	32616	40794	29232	44775	27296	47246	25667	49447
36	33168	33170	29389	37175	26181	40980	24351	43345	22814	45454
37	144144	144148	136142	152374	129131	159982	125025	164622	121511	168708
38	152965	152970	144719	161440	137487	169268	133250	174040	129621	178241
39	100475	100479	93813	107365	88009	113766	84625	117684	81739	121143
40	149331	149335	141184	157706	134043	165444	129859	170162	126277	174316
41	16033	16034	13440	18854	11301	21590	10110	23316	9128	24869
42	36713	36715	32731	40923	29341	44910	27401	47385	25769	49588
43	64534	64537	59218	70079	54626	75268	51967	78461	49710	81290
44	39957	39959	35798	44344	32248	48491	30213	51061	28498	53348
45	24839	24841	21584	28322	18848	31655	17300	33737	16009	35601
46	78904	78907	73014	85023	67904	90729	64936	94232	62410	97330
47	3584	3585	2418	4978	1564	6429	1142	7386	829	8271
48	24594	24596	21356	28061	18635	31378	17096	33452	15812	35308
49	20733	20735	17769	23925	15296	26996	13904	28922	12749	30649
50	1839	1839	1037	2870	509	3994	283	4755	139	5470
51	17646	17648	14921	20600	12662	23456	11399	25253	10355	26869
52	32825	32827	29066	36812	25877	40599	24057	42953	22530	45052
53	21874	21876	18827	25150	16278	28296	14841	30266	13647	32033
54	13805	13806	11408	16431	9444	18991	8358	20612	7468	22074
55	7667	7668	5909	9653	4522	11637	3781	12913	3190	14075
56	7471	7472	5738	9433	4372	11395	3643	12658	3064	13809
57	6760	6761	5117	8632	3832	10513	3152	11727	2615	12836
58	8194	8195	6373	10243	4929	12284	4153	13594	3533	14786
59	192407	192412	183144	201898	174998	210641	170213	215961	166108	220637
60	21988	21990	18932	25272	16376	28425	14935	30400	13737	32171
61	14691	14692	12214	17396	10179	20028	9050	21691	8123	23191
62	52357	52360	47580	57363	43473	62066	41105	64969	39100	67545
63	66553	66556	61152	72182	56484	77447	53780	80686	51484	83554
64	113750	113754	106654	121074	100460	127866	96842	132018	93752	135679
65	963	963	414	1741	115	2636	25	3261	0	3858
66	1202	1202	575	2057	206	3023	74	3690	13	4323
67	58109	58112	53070	63376	48728	68316	46218	71359	44091	74058
68	30001	30003	26413	33818	23376	37451	21648	39713	20201	41733
69	685216	685226	667635	703026	651997	719260	642729	729062	634730	737634
70	86810	86813	80626	93223	75252	99193	72125	102854	69462	106089
71	25938	25940	22609	29495	19807	32894	18219	35016	16893	36914
72	653	653	221	1314	27	2104	0	2665	0	3207
73	12729	12730	10431	15255	8558	17726	7525	19292	6682	20708
74	159989	159994	151553	168654	144151	176653	139811	181527	136093	185817
75	10805	10806	8697	13141	6994	15441	6064	16905	5310	18232
76	918	918	385	1680	100	2562	18	3178	0	3767
77	7180	7181	5483	9106	4150	11035	3441	12279	2879	13413
78	7555	7556	5811	9527	4436	11499	3702	12767	3118	13923
79	5760	5761	4252	7497	3089	9256	2482	10398	2009	11443
80	12357	12358	10095	14848	8253	17286	7240	18834	6413	20232
81	227239	227245	217163	237544	208284	247019	203060	252777	198575	257835
82	26736	26738	23355	30346	20505	33792	18889	35943	17539	37865
83	37226	37228	33216	41465	29800	45478	27844	47967	26199	50184
84	688	688	242	1363	35	2166	0	2736	0	3284
85	19907	19909	17005	23037	14587	26052	13229	27944	12103	29643
86	1437	1437	741	2362	310	3390	140	4094	47	4759
87	1186	1186	564	2036	199	2998	70	3662	11	4292
88	168171	168176	159519	177052	151922	185245	147466	190236	143647	194627
89	81730	81733	75733	87956	70528	93758	67502	97318	64926	100466
90	286116	286122	274796	297665	264796	308261	258902	314689	253834	320329
91	243264	243270	232835	253922	223638	263716	218224	269664	213573	274887
92	8792	8793	6902	10911	5395	13014	4582	14361	3930	15586
93	20746	20748	17781	23939	15307	27011	13915	28937	12759	30665
94	7109	7110	5421	9026	4096	10947	3392	12186	2834	13316
95	88	88	0	403	0	882	0	1257	0	1637
