city_id mean median lower_50 upper_50 lower_80 upper_80 lower_90 upper_90 lower_95 upper_95
1	2265	2265	1683	2933	1232	3609	996	4047	812	4448
2	14871	14872	13312	16516	11982	18072	11219	19036	10577	19895
3	52660	52662	49688	55718	47085	58546	45562	60272	44258	61792
4	9995	9996	8725	11352	7654	12647	7047	13456	6540	14179
5	30	30	0	145	0	323	0	462	0	604
6	180612	180615	175071	186239	170155	191381	167247	194490	164741	197213
7	2336	2336	1744	3014	1285	3699	1044	4142	854	4547
8	6642	6643	5614	7756	4763	8833	4287	9511	3893	10120
9	15113	15114	13541	16771	12199	18339	11430	19310	10781	20174
10	38952	38953	36402	41588	34179	44036	32883	45535	31777	46857
11	832	832	496	1254	268	1708	164	2013	95	2299
12	2706	2706	2066	3433	1563	4161	1296	4630	1084	5058
13	19868	19869	18059	21763	16504	23544	15607	24643	14848	25618
14	76	76	5	234	0	450	0	612	0	774
15	782	782	458	1193	240	1636	143	1935	79	2215
16	837	837	500	1260	270	1715	167	2021	97	2307
17	5946	5947	4976	7002	4176	8027	3731	8674	3365	9257
18	1112	1112	717	1593	435	2101	300	2438	203	2751
19	9098	9099	7888	10394	6872	11636	6298	12412	5819	13107
20	5176	5177	4274	6164	3535	7128	3127	7739	2792	8289
21	1967	1967	1427	2593	1015	3230	802	3645	638	4026
22	1110	1110	715	1591	434	2098	299	2435	202	2748
23	2674	2674	2038	3397	1539	4121	1273	4588	1063	5014
24	19283	19284	17502	21151	15971	22907	15089	23991	14343	24953
25	7115	7116	6050	8266	5165	9377	4668	10075	4257	10702
26	111548	111550	107203	115979	103364	120044	101100	122510	99153	124673
27	41120	41121	38499	43827	36212	46340	34877	47876	33738	49232
28	16174	16175	14546	17888	13154	19506	12355	20507	11680	21398
29	1477	1477	1015	2025	673	2593	502	2966	374	3310
30	10774	10775	9453	12181	8338	13522	7704	14358	7173	15104
31	500	500	249	837	98	1214	40	1474	11	1719
32	1698	1698	1200	2283	825	2883	634	3276	489	3637
33	81	81	6	242	0	462	0	626	0	790
34	99	99	11	273	0	503	0	675	0	844
35	42309	42310	39650	45055	37328	47601	35973	49159	34816	50532
36	5522	5523	4589	6542	3822	7534	3397	8161	3048	8726
37	90520	90522	86610	94516	83163	98189	81134	100420	79391	102379
38	27233	27234	25108	29444	23268	31510	22201	32779	21293	33902
39	54134	54136	51120	57234	48480	60100	46933	61848	45610	63388
40	24083	24084	22087	26165	20364	28114	19366	29314	18519	30377
41	2627	2627	1997	3344	1503	4063	1241	4527	1034	4950
42	6266	6267	5269	7349	4445	8399	3986	9060	3607	9655
43	34026	34027	31646	36493	29576	38788	28371	40195	27344	41438
44	37065	37066	34579	39638	32413	42029	31151	43493	30075	44785
45	5888	5889	4923	6939	4128	7960	3685	8604	3321	9184
46	21052	21053	19189	23002	17585	24831	16658	25959	15874	26960
47	683	683	383	1070	186	1492	102	1777	49	2046
48	10027	10028	8754	11386	7682	12683	7074	13493	6566	14217
49	6959	6960	5906	8098	5032	9198	4542	9890	4137	10511
50	173	173	43	389	0	657	0	851	0	1040
51	11449	11450	10086	12898	8933	14277	8276	15135	7726	15902
52	12049	12050	10650	13534	9464	14946	8788	15824	8220	16607
53	12563	12564	11133	14079	9920	15518	9227	16412	8646	17210
54	2506	2506	1891	3207	1412	3912	1158	4367	958	4783
55	971	971	605	1424	349	1905	229	2227	145	2526
56	5167	5168	4266	6155	3528	7118	3120	7728	2786	8278
57	1358	1358	917	1885	594	2434	434	2796	315	3131
58	1511	1511	1043	2065	696	2638	522	3014	391	3361
59	44265	44266	41544	47073	39167	49675	37778	51265	36592	52668
60	8443	8444	7279	9693	6304	10893	5755	11645	5297	12318
61	7460	7461	6368	8638	5459	9773	4948	10485	4525	11125
62	27069	27070	24950	29274	23116	31333	22052	32599	21148	33719
63	107590	107592	103323	111943	99555	115937	97334	118360	95424	120486
64	75516	75518	71949	79170	68810	82534	66965	84581	65382	86379
65	416	416	191	727	63	1081	19	1327	2	1560
66	258	258	90	512	13	815	0	1030	0	1237
67	9074	9075	7866	10369	6851	11609	6278	12384	5800	13078
68	37305	37306	34810	39886	32638	42284	31371	43752	30291	45049
69	670654	670660	659937	681457	650359	691260	644663	697159	639732	702305
70	20825	20826	18972	22764	17377	24585	16456	25707	15677	26703
71	13154	13155	11690	14704	10446	16174	9735	17087	9137	17901
72	160	160	37	369	0	632	0	822	0	1008
73	7071	7072	6009	8219	5127	9327	4633	10023	4223	10648
74	24387	24388	22378	26482	20643	28443	19639	29649	18786	30718
75	3106	3106	2417	3881	1870	4654	1577	5149	1342	5600
76	95	95	10	266	0	494	0	664	0	832
77	4066	4066	3271	4947	2630	5814	2279	6367	1995	6867
78	1201	1201	789	1699	491	2222	347	2569	242	2890
79	1581	1581	1102	2147	744	2730	563	3112	427	3465
80	9923	9924	8657	11275	7591	12566	6987	13373	6482	14094
81	146768	146771	141778	151845	137357	156491	134746	159304	132497	161769
82	73002	73004	69495	76595	66411	79905	64599	81919	63045	83689
83	9670	9671	8421	11005	7370	12282	6775	13079	6278	13792
84	214	214	65	449	5	735	0	940	0	1138
85	17426	17427	15735	19204	14285	20878	13452	21914	12748	22834
86	125	125	21	315	0	560	0	740	0	917
87	129	129	23	321	0	569	0	750	0	928
88	24989	24990	22955	27109	21197	29092	20179	30313	19315	31393
89	12320	12321	10905	13822	9704	15248	9019	16134	8444	16925
90	56942	56944	53850	60120	51139	63057	49550	64847	48190	66423
91	46140	46142	43361	49005	40932	51660	39512	53282	38299	54711
92	750	750	433	1153	222	1590	129	1885	69	2161
93	17909	17910	16194	19710	14723	21407	13877	22455	13161	23386
94	2816	2816	2162	3556	1647	4297	1372	4774	1154	5208
95	1916	1916	1384	2534	979	3165	770	3576	609	3953
