city_id mean median lower_50 upper_50 lower_80 upper_80 lower_90 upper_90 lower_95 upper_95
1	2413	2413	1601	3390	1012	4413	724	5088	513	5715
2	16666	16667	14398	19100	12498	21433	11425	22894	10532	24202
3	55480	55482	51274	59852	47628	63931	45510	66436	43710	68652
4	10458	10459	8679	12403	7218	14297	6409	15494	5744	16573
5	30	30	0	213	0	519	0	767	0	1021
6	196574	196578	188583	204730	181529	212218	177373	216762	173800	220750
7	2936	2937	2032	4006	1360	5111	1022	5836	768	6506
8	6721	6722	5311	8297	4183	9858	3573	10856	3081	11763
9	15930	15931	13715	18311	11861	20598	10817	22030	9948	23314
10	41955	41957	38308	45768	35166	49343	33350	51547	31811	53501
11	868	868	414	1487	148	2187	53	2670	9	3129
12	2795	2796	1915	3841	1265	4924	940	5637	697	6295
13	21356	21357	18778	24100	16598	26713	15358	28341	14319	29794
14	79	79	0	324	0	686	0	967	0	1250
15	862	862	410	1480	145	2178	51	2659	8	3117
16	867	867	414	1486	147	2186	52	2668	9	3127
17	6165	6166	4818	7678	3747	9182	3170	10146	2709	11023
18	1632	1632	979	2451	533	3330	331	3920	194	4472
19	9833	9834	8110	11722	6701	13564	5921	14731	5284	15784
20	5439	5440	4179	6865	3186	8291	2656	9208	2235	10045
21	2034	2034	1296	2938	773	3894	524	4531	347	5123
22	1129	1129	600	1824	266	2591	130	3115	51	3609
23	3022	3023	2104	4106	1419	5224	1073	5957	812	6633
24	19988	19989	17496	22645	15394	25180	14201	26761	13203	28174
25	7484	7485	5992	9142	4789	10777	4134	11820	3604	12765
26	123667	123670	117346	130154	111796	136137	108539	139782	105748	142987
27	42407	42409	38740	46240	35579	49833	33753	52048	32204	54011
28	16491	16492	14235	18912	12346	21235	11280	22689	10393	23991
29	1492	1492	872	2278	455	3128	269	3701	148	4238
30	11009	11010	9181	13003	7677	14940	6841	16163	6154	17265
31	509	509	181	1003	28	1589	0	2004	0	2404
32	1860	1860	1158	2728	667	3652	438	4269	277	4844
33	82	82	0	330	0	695	0	978	0	1262
34	99	99	1	363	0	743	0	1034	0	1327
35	51078	51080	47045	55276	43556	59199	41532	61611	39813	63745
36	5241	5242	4006	6642	3035	8046	2518	8950	2109	9775
37	96737	96740	91156	102484	86272	107801	83414	111046	80970	113906
38	28456	28458	25467	31611	22917	34594	21456	36443	20225	38088
39	57959	57961	53658	62426	49926	66590	47758	69147	45913	71407
40	25556	25558	22728	28550	20323	31388	18948	33151	17793	34721
41	2659	2660	1803	3681	1174	4743	862	5443	630	6090
42	7020	7021	5577	8629	4420	10219	3791	11235	3285	12157
43	35543	35545	32193	39059	29318	42367	27662	44411	26262	46226
44	40379	40381	36803	44121	33724	47633	31946	49798	30440	51719
45	6424	6425	5047	7966	3950	9497	3357	10478	2881	11369
46	23177	23179	20488	26032	18208	28745	16908	30433	15817	31939
47	692	692	296	1254	81	1902	17	2354	0	2786
48	10343	10344	8574	12278	7123	14162	6319	15354	5659	16429
49	7493	7494	6000	9152	4797	10788	4141	11831	3611	12777
50	188	188	21	521	0	962	0	1290	0	1615
51	12330	12331	10391	14435	8786	16472	7891	17756	7152	18910
52	12838	12839	10858	14984	9216	17059	8298	18364	7540	19538
53	13458	13459	11428	15653	9743	17772	8798	19105	8017	20301
54	2565	2566	1726	3570	1112	4617	809	5308	584	5947
55	997	997	505	1655	204	2389	88	2893	26	3370
56	7119	7120	5665	8738	4498	10339	3864	11360	3352	12287
57	1553	1553	918	2353	489	3216	296	3797	167	4340
58	1593	1593	949	2403	511	3274	313	3859	181	4407
59	46163	46165	42333	50158	39027	53898	37112	56200	35488	58240
60	8578	8579	6974	10347	5672	12083	4957	13185	4375	14183
61	7685	7686	6172	9364	4950	11018	4284	12072	3744	13027
62	28790	28792	25783	31963	23217	34962	21746	36820	20507	38475
63	121852	121855	115578	128291	110070	134233	106839	137851	104070	141035
64	77799	77802	72803	82961	68445	87752	65902	90682	63732	93268
65	441	441	141	906	14	1467	0	1867	0	2254
66	266	266	52	646	0	1130	0	1484	0	1830
67	9180	9181	7518	11008	6163	12795	5417	13929	4808	14954
68	39217	39219	35694	42906	32663	46370	30913	48507	29433	50403
69	707247	707255	692016	722644	678441	736652	670383	745097	663420	752475
70	20853	20854	18306	23565	16155	26150	14932	27761	13908	29200
71	14071	14072	11994	16314	10265	18476	9295	19834	8491	21052
72	165	165	14	482	0	909	0	1229	0	1546
73	7609	7610	6103	9280	4890	10927	4227	11977	3691	12928
74	25865	25867	23019	28876	20598	31730	19214	33502	18051	35081
75	3474	3475	2484	4630	1734	5813	1349	6586	1054	7296
76	104	104	1	373	0	756	0	1050	0	1345
77	4648	4649	3489	5972	2588	7307	2113	8170	1739	8959
78	1228	1228	673	1949	315	2740	165	3278	73	3784
79	1670	1670	1009	2497	555	3384	348	3979	207	4535
80	10477	10478	8696	12424	7234	14319	6424	15517	5758	16597
81	161764	161768	154523	169171	148144	175983	144391	180123	141170	183760
82	83616	83619	78433	88964	73908	93923	71264	96954	69006	99627
83	10535	10536	8749	12487	7282	14387	6469	15588	5801	16670
84	229	229	36	587	0	1052	0	1395	0	1731
85	17636	17637	15301	20137	13339	22532	12230	24028	11305	25368
86	126	126	4	413	0	814	0	1118	0	1421
87	132	132	6	424	0	829	0	1136	0	1441
88	25772	25774	22932	28778	20515	31627	19134	33396	17973	34973
89	12459	12460	10509	14574	8895	16621	7994	17911	7250	19070
90	64484	64487	59943	69191	55995	73572	53697	76257	51740	78630
91	50230	50232	46232	54394	42773	58286	40768	60679	39064	62797
92	780	780	354	1371	113	2046	33	2514	2	2960
93	18566	18567	16168	21130	14150	23581	13007	25112	12052	26481
94	3078	3079	2151	4171	1457	5298	1107	6036	841	6716
95	2076	2076	1329	2989	799	3952	545	4593	364	5189
