city_id mean median lower_50 upper_50 lower_80 upper_80 lower_90 upper_90 lower_95 upper_95
1	1181	1181	845	1573	591	1973	461	2235	360	2475
2	7775	7776	6870	8736	6103	9649	5666	10217	5299	10724
3	30128	30129	28319	31993	26739	33720	25814	34775	25025	35705
4	11551	11552	10442	12716	9491	13813	8944	14492	8481	15094
5	115	115	30	256	0	432	0	558	0	682
6	64587	64588	61926	67304	59577	69799	58194	71313	57005	72642
7	3667	3667	3054	4336	2550	4986	2271	5397	2041	5767
8	8918	8919	7947	9945	7120	10918	6647	11522	6249	12060
9	8422	8423	7479	9421	6678	10369	6220	10957	5835	11482
10	20963	20964	19459	22523	18153	23976	17393	24867	16745	25654
11	2621	2621	2107	3191	1693	3752	1466	4109	1283	4433
12	1829	1829	1404	2309	1070	2790	892	3099	750	3381
13	22891	22892	21318	24520	19950	26035	19152	26963	18473	27782
14	312	312	153	527	58	768	23	934	5	1092
15	727	727	470	1040	286	1370	198	1589	134	1793
16	1118	1118	792	1500	547	1891	422	2148	326	2383
17	6288	6288	5477	7155	4794	7984	4408	8501	4085	8964
18	627	627	390	920	225	1232	147	1440	93	1634
19	14014	14015	12789	15295	11735	16496	11125	17236	10609	17893
20	4867	4867	4157	5633	3565	6371	3233	6834	2957	7250
21	2452	2452	1956	3004	1557	3549	1340	3897	1165	4212
22	1022	1022	712	1388	480	1766	363	2014	275	2242
23	4618	4618	3927	5365	3353	6086	3031	6539	2764	6945
24	20206	20207	18730	21738	17449	23166	16704	24042	16069	24816
25	5688	5688	4918	6514	4272	7306	3908	7801	3604	8245
26	54058	54059	51626	56546	49484	58835	48223	60226	47142	61448
27	39600	39601	37522	41734	35699	43703	34630	44903	33714	45959
28	3985	3985	3345	4681	2817	5356	2522	5781	2280	6164
29	2917	2917	2374	3516	1932	4104	1690	4478	1492	4815
30	4278	4278	3614	4998	3064	5694	2756	6133	2502	6527
31	986	986	682	1346	456	1719	342	1963	257	2189
32	1495	1495	1114	1932	819	2374	664	2660	542	2921
33	254	254	113	451	35	676	9	832	0	981
34	91	91	18	220	0	384	0	504	0	621
35	14809	14810	13549	16125	12463	17357	11835	18117	11302	18789
36	11819	11820	10697	12997	9734	14106	9180	14792	8711	15400
37	54758	54759	52310	57262	50153	59565	48885	60964	47795	62194
38	52525	52526	50128	54978	48017	57235	46776	58607	45711	59812
39	41399	41400	39274	43580	37408	45592	36314	46817	35376	47895
40	51916	51917	49533	54355	47435	56599	46202	57964	45143	59162
41	6079	6079	5282	6932	4612	7748	4233	8258	3917	8714
42	12318	12319	11172	13520	10187	14651	9620	15349	9140	15969
43	27323	27324	25602	29100	24100	30748	23223	31756	22474	32645
44	16149	16150	14832	17522	13695	18806	13036	19596	12476	20295
45	8394	8395	7453	9391	6653	10338	6196	10925	5812	11449
46	26893	26894	25186	28656	23696	30292	22827	31292	22084	32175
47	1270	1270	921	1675	654	2088	517	2356	410	2603
48	9747	9748	8730	10820	7863	11833	7365	12462	6946	13021
49	8009	8010	7090	8984	6310	9910	5866	10485	5492	10999
50	599	599	368	886	208	1192	134	1397	83	1589
51	6224	6224	5417	7087	4739	7912	4354	8427	4034	8888
52	13859	13860	12641	15133	11593	16327	10987	17064	10474	17717
53	8516	8517	7568	9520	6761	10473	6301	11064	5914	11592
54	5019	5019	4297	5797	3695	6545	3357	7014	3076	7435
55	2956	2956	2409	3559	1964	4150	1719	4526	1520	4865
56	2706	2706	2184	3284	1761	3853	1530	4215	1342	4543
57	2290	2290	1812	2824	1429	3353	1221	3692	1054	3999
58	2933	2933	2388	3534	1945	4123	1702	4497	1503	4836
59	66993	66994	64282	69760	61889	72299	60479	73840	59267	75193
60	8766	8767	7803	9785	6984	10750	6516	11349	6122	11883
61	5525	5525	4767	6339	4131	7121	3773	7610	3475	8048
62	19811	19812	18350	21328	17082	22743	16345	23610	15717	24378
63	26360	26361	24670	28106	23196	29726	22336	30717	21602	31592
64	44257	44258	42059	46511	40128	48589	38994	49853	38021	50966
65	348	348	179	573	74	824	33	996	11	1159
66	447	447	251	699	123	973	68	1159	33	1334
67	19126	19127	17691	20617	16446	22008	15723	22862	15108	23617
68	11809	11810	10687	12987	9725	14095	9171	14780	8702	15389
69	333211	333214	327131	339347	321704	344920	318478	348277	315689	351207
70	32299	32300	30425	34229	28786	36014	27827	37104	27007	38065
71	10243	10244	9200	11342	8309	12379	7797	13022	7366	13593
72	224	224	94	410	24	626	4	777	0	921
73	4700	4700	4003	5453	3422	6180	3097	6636	2827	7046
74	53717	53718	51293	56197	49157	58479	47901	59866	46823	61084
75	3520	3520	2920	4176	2428	4814	2155	5218	1931	5582
76	282	282	132	488	45	721	15	882	2	1035
77	2733	2733	2208	3314	1783	3885	1550	4249	1361	4578
78	2983	2983	2433	3589	1986	4182	1740	4559	1539	4900
79	1898	1898	1465	2387	1123	2875	940	3189	794	3475
80	4795	4795	4090	5556	3504	6289	3174	6749	2901	7162
81	90862	90864	87701	94079	84901	97025	83248	98809	81825	100372
82	10617	10618	9555	11735	8646	12790	8124	13443	7684	14024
83	14602	14603	13351	15909	12273	17133	11650	17887	11121	18556
84	232	232	99	421	27	639	5	792	0	937
85	7320	7320	6443	8253	5701	9142	5278	9695	4924	10189
86	511	511	300	778	158	1067	94	1261	52	1443
87	445	445	250	696	122	970	67	1156	33	1331
88	60098	60099	57532	62720	55269	65129	53937	66592	52793	67877
89	30393	30394	28576	32266	26988	34000	26060	35059	25266	35993
90	95738	95740	92492	99040	89617	102061	87918	103891	86455	105494
91	88209	88211	85095	91379	82338	94283	80710	96041	79308	97583
92	3178	3178	2610	3802	2145	4413	1889	4800	1680	5149
93	7662	7663	6764	8616	6003	9523	5569	10088	5206	10592
94	2798	2798	2266	3386	1835	3963	1599	4330	1407	4662
95	43	43	2	140	0	276	0	379	0	481
