city_id mean median lower_50 upper_50 lower_80 upper_80 lower_90 upper_90 lower_95 upper_95
1	2396	2396	1865	2992	1444	3587	1218	3968	1037	4315
2	15203	15202	13816	16656	12624	18021	11936	18864	11354	19612
3	53283	53284	50657	55974	48350	58455	46995	59965	45833	61293
4	10267	10268	9133	11467	8169	12605	7618	13311	7154	13941
5	47	47	1	158	0	316	0	436	0	556
6	181764	181766	176887	186707	172551	191215	169983	193938	167767	196320
7	2469	2469	1930	3074	1501	3676	1270	4062	1085	4413
8	6864	6865	5943	7852	5171	8798	4734	9389	4370	9919
9	15447	15447	14049	16912	12847	18288	12153	19136	11566	19890
10	39488	39489	37232	41809	35258	43957	34102	45268	33114	46422
11	912	912	597	1293	371	1693	261	1958	181	2203
12	2849	2849	2267	3496	1800	4137	1546	4545	1342	4916
13	20251	20252	18645	21923	17256	23486	16450	24446	15766	25297
14	101	101	19	251	0	442	0	582	0	719
15	859	860	555	1230	338	1621	233	1880	158	2122
16	917	917	601	1299	374	1700	264	1965	183	2212
17	6156	6157	5286	7093	4559	7994	4149	8558	3809	9064
18	1204	1204	838	1637	564	2083	427	2376	322	2646
19	9358	9358	8277	10505	7360	11595	6837	12273	6399	12878
20	5372	5373	4561	6250	3888	7097	3511	7629	3198	8107
21	2089	2089	1596	2648	1208	3209	1002	3570	839	3900
22	1202	1202	836	1634	563	2081	425	2373	321	2643
23	2816	2816	2238	3460	1774	4097	1522	4504	1319	4873
24	19660	19661	18079	21308	16711	22849	15919	23797	15245	24636
25	7345	7346	6391	8365	5589	9341	5135	9950	4755	10495
26	112453	112455	108624	116349	105233	119913	103230	122072	101504	123963
27	41670	41672	39353	44054	37322	46258	36133	47603	35115	48786
28	16520	16521	15073	18033	13826	19453	13106	20328	12496	21104
29	1583	1583	1158	2074	832	2573	662	2898	531	3195
30	11057	11056	9879	12301	8875	13478	8300	14208	7816	14858
31	562	562	322	869	163	1201	93	1426	49	1637
32	1811	1812	1354	2335	1000	2863	813	3204	666	3517
33	107	107	21	260	0	454	0	595	0	734
34	128	128	31	291	0	495	0	643	0	787
35	42867	42869	40516	45285	38455	47519	37248	48881	36214	50081
36	5725	5725	4887	6629	4188	7501	3796	8048	3471	8539
37	91336	91338	87888	94849	84840	98071	83042	100024	81496	101736
38	27681	27682	25798	29631	24159	31443	23204	32553	22390	33533
39	54765	54767	52103	57494	49763	60007	48388	61537	47209	62882
40	24505	24506	22735	26341	21198	28051	20304	29100	19543	30027
41	2767	2768	2195	3407	1736	4039	1487	4443	1286	4809
42	6482	6482	5588	7442	4839	8364	4417	8941	4066	9458
43	34527	34528	32420	36700	30579	38714	29504	39944	28585	41029
44	37588	37589	35388	39854	33464	41951	32338	43232	31376	44360
45	6097	6098	5231	7030	4508	7926	4101	8488	3763	8993
46	21446	21447	19793	23166	18361	24772	17529	25758	16823	26631
47	756	756	472	1105	274	1477	181	1725	115	1956
48	10300	10300	9164	11502	8198	12641	7646	13348	7182	13979
49	7187	7187	6243	8196	5451	9162	5002	9765	4628	10306
50	210	211	77	411	13	648	0	815	0	976
51	11740	11740	10526	13021	9488	14232	8894	14982	8392	15649
52	12348	12347	11101	13661	10035	14900	9423	15667	8907	16349
53	12868	12867	11595	14208	10505	15471	9878	16252	9350	16947
54	2643	2644	2084	3269	1638	3888	1396	4285	1202	4645
55	1057	1057	716	1465	465	1889	341	2168	249	2426
56	5363	5364	4553	6240	3880	7086	3503	7618	3191	8096
57	1460	1460	1053	1933	743	2416	584	2730	461	3019
58	1618	1618	1188	2114	857	2618	685	2945	551	3245
59	44836	44837	42431	47308	40321	49591	39084	50982	38026	52207
60	8693	8694	7653	9800	6772	10854	6271	11510	5851	12096
61	7695	7696	6718	8739	5895	9735	5428	10357	5038	10913
62	27516	27517	25639	29459	24005	31267	23053	32373	22242	33351
63	108479	108481	104719	112305	101390	115808	99423	117930	97730	119789
64	76261	76263	73114	79475	70336	82426	68700	84217	67294	85789
65	473	473	256	757	117	1069	59	1281	25	1482
66	303	303	136	537	42	804	11	990	0	1167
67	9334	9334	8254	10479	7339	11568	6817	12245	6379	12849
68	37829	37831	35623	40102	33692	42206	32562	43491	31597	44623
69	672871	672876	663457	682351	655036	690946	650023	696114	645683	700620
70	21217	21218	19573	22928	18149	24525	17322	25507	16620	26375
71	13466	13465	12163	14836	11046	16126	10403	16924	9861	17632
72	196	196	68	390	9	622	0	787	0	945
73	7300	7301	6349	8317	5550	9290	5097	9898	4719	10442
74	24811	24812	23030	26659	21483	28379	20583	29434	19817	30366
75	3259	3259	2634	3949	2129	4628	1852	5060	1627	5450
76	123	123	29	284	0	486	0	632	0	775
77	4240	4241	3524	5023	2935	5785	2608	6267	2340	6701
78	1297	1297	915	1744	628	2205	482	2506	371	2783
79	1690	1691	1250	2197	910	2710	733	3043	594	3348
80	10194	10195	9065	11390	8104	12524	7555	13228	7094	13856
81	147806	147809	143412	152267	139511	156341	137203	158805	135212	160961
82	73735	73736	70641	76895	67911	79798	66303	81561	64922	83108
83	9938	9938	8823	11119	7876	12240	7334	12936	6880	13556
84	255	256	105	473	25	725	4	902	0	1071
85	17785	17786	16282	19354	14986	20824	14236	21729	13599	22531
86	157	157	46	335	3	551	0	707	0	857
87	162	162	48	341	3	560	0	716	0	868
88	25418	25419	23615	27288	22049	29028	21137	30095	20360	31038
89	12622	12621	11361	13949	10283	15201	9663	15976	9140	16665
90	57589	57591	54859	60386	52456	62962	51045	64529	49834	65906
91	46723	46724	44267	49245	42111	51574	40848	52993	39765	54242
92	826	826	528	1190	317	1575	216	1831	144	2069
93	18273	18274	16749	19863	15434	21351	14672	22268	14027	23080
94	2961	2962	2368	3621	1890	4272	1630	4688	1419	5064
95	2036	2037	1550	2589	1168	3144	966	3501	806	3828
