city_id mean median lower_50 upper_50 lower_80 upper_80 lower_90 upper_90 lower_95 upper_95
1	2183	2182	1644	2798	1223	3417	1002	3818	827	4183
2	14200	14199	12765	15710	11539	17135	10835	18018	10242	18803
3	50487	50489	47749	53301	45349	55901	43942	57486	42738	58881
4	9813	9814	8627	11075	7625	12277	7055	13026	6577	13694
5	45	45	0	167	0	341	0	476	0	610
6	169686	169688	164634	174813	160151	179496	157498	182327	155211	184806
7	1945	1945	1439	2529	1048	3119	843	3502	684	3853
8	6506	6507	5548	7541	4750	8538	4302	9164	3931	9727
9	14878	14877	13409	16423	12152	17880	11429	18781	10819	19582
10	37582	37583	35225	40015	33167	42271	31966	43651	30940	44868
11	890	890	559	1297	327	1728	218	2016	141	2284
12	2803	2803	2187	3496	1698	4184	1435	4626	1224	5028
13	19260	19261	17583	21012	16139	22656	15304	23669	14597	24568
14	101	101	15	264	0	476	0	632	0	786
15	811	811	497	1201	280	1618	180	1897	111	2157
16	887	887	557	1293	325	1724	216	2011	140	2279
17	5912	5913	5000	6900	4245	7855	3822	8457	3473	8997
18	1048	1048	686	1486	426	1946	299	2250	208	2533
19	8598	8599	7491	9782	6559	10913	6031	11620	5590	12252
20	5029	5029	4191	5943	3502	6832	3119	7393	2804	7899
21	2036	2036	1517	2632	1115	3234	903	3623	738	3980
22	1168	1168	784	1628	503	2108	365	2425	263	2718
23	2678	2678	2077	3356	1601	4031	1346	4465	1142	4860
24	18817	18818	17161	20550	15734	22176	14910	23179	14212	24068
25	6956	6956	5964	8024	5135	9052	4669	9696	4282	10274
26	105796	105798	101816	109853	98296	113571	96220	115826	94434	117803
27	40556	40557	38106	43082	35965	45423	34714	46852	33644	48113
28	16339	16338	14798	17956	13475	19478	12714	20418	12070	21253
29	1552	1551	1103	2077	765	2615	592	2966	459	3289
30	10928	10927	9675	12258	8611	13520	8005	14306	7495	15006
31	551	551	299	879	137	1239	71	1485	30	1716
32	1611	1610	1153	2145	806	2691	628	3047	492	3375
33	107	107	17	273	0	488	0	646	0	802
34	124	124	25	300	0	524	0	687	0	848
35	36963	36965	34626	39377	32587	41616	31396	42985	30379	44192
36	6001	6001	5082	6996	4320	7958	3893	8562	3541	9106
37	87559	87561	83941	91253	80748	94645	78868	96704	77252	98511
38	26461	26462	24490	28509	22779	30419	21786	31591	20940	32627
39	51884	51886	49108	54737	46674	57371	45247	58976	44024	60390
40	23263	23264	21417	25185	19819	26982	18893	28087	18106	29064
41	2730	2729	2122	3413	1641	4094	1382	4531	1175	4929
42	6323	6324	5379	7344	4594	8328	4154	8947	3789	9502
43	33279	33280	31063	35571	29133	37700	28008	39004	27048	40154
44	34954	34955	32682	37302	30702	39482	29546	40816	28560	41993
45	5376	5376	4508	6319	3792	7235	3393	7812	3064	8332
46	19607	19608	17915	21375	16457	23033	15614	24054	14899	24960
47	746	746	447	1122	243	1525	150	1796	87	2050
48	10074	10074	8872	11352	7855	12568	7276	13326	6791	14002
49	6891	6891	5903	7954	5079	8978	4616	9620	4231	10195
50	205	205	66	420	7	679	0	863	0	1042
51	11081	11080	9819	12420	8747	13691	8135	14481	7622	15185
52	11167	11166	9900	12511	8824	13786	8209	14579	7694	15286
53	11970	11969	10657	13360	9539	14677	8900	15495	8363	16223
54	2578	2577	1988	3243	1523	3907	1275	4335	1076	4724
55	1046	1046	684	1483	424	1943	298	2247	207	2530
56	4452	4452	3666	5314	3023	6156	2668	6690	2377	7171
57	1584	1584	1130	2114	787	2656	611	3010	477	3336
58	1447	1447	1015	1955	692	2478	528	2821	403	3136
59	42477	42478	39969	45061	37775	47454	36492	48915	35396	50203
60	8587	8587	7480	9770	6549	10901	6021	11607	5581	12238
61	7593	7593	6555	8708	5685	9777	5194	10446	4785	11046
62	26141	26142	24181	28176	22482	30075	21495	31240	20655	32271
63	104986	104988	101021	109027	97515	112732	95448	114978	93669	116948
64	74237	74239	70909	77642	67977	80773	66253	82676	64772	84348
65	471	471	241	777	99	1118	44	1352	14	1573
66	292	293	119	542	29	832	4	1035	0	1229
67	9131	9131	7988	10349	7025	11512	6478	12238	6021	12886
68	35931	35932	33627	38311	31618	40520	30445	41871	29444	43063
69	641021	641026	631168	650951	622359	659959	617118	665378	612583	670105
70	21509	21510	19735	23359	18203	25090	17316	26156	16563	27100
71	12694	12693	11340	14124	10186	15477	9525	16317	8969	17064
72	189	189	58	398	4	650	0	831	0	1006
73	7139	7139	6133	8221	5293	9261	4819	9912	4426	10496
74	23652	23653	21790	25590	20179	27401	19244	28514	18450	29499
75	3052	3051	2407	3772	1892	4487	1614	4944	1390	5359
76	112	112	19	281	0	498	0	657	0	814
77	3965	3964	3225	4781	2624	5581	2294	6089	2025	6549
78	1276	1276	873	1755	575	2252	426	2579	315	2882
79	1631	1631	1171	2169	821	2718	641	3076	503	3405
80	10211	10210	9000	11497	7976	12721	7392	13483	6903	14163
81	141583	141586	136973	146270	132886	150556	130470	153150	128389	155423
82	61151	61153	58134	64244	55482	67096	53925	68831	52590	70357
83	9427	9427	8265	10665	7285	11844	6728	12580	6262	13237
84	247	247	91	479	16	753	0	947	0	1133
85	17475	17476	15880	19146	14509	20717	13718	21686	13049	22546
86	162	161	43	357	1	598	0	772	0	941
87	162	161	43	357	1	598	0	772	0	941
88	24453	24454	22559	26423	20919	28263	19967	29393	19158	30393
89	12343	12342	11008	13753	9872	15089	9222	15918	8674	16656
90	52571	52573	49777	55442	47325	58093	45888	59709	44658	61131
91	44910	44912	42330	47567	40072	50024	38751	51524	37620	52846
92	798	798	487	1185	272	1599	174	1876	106	2135
93	17404	17405	15812	19072	14444	20640	13655	21607	12988	22466
94	2895	2894	2268	3598	1769	4296	1500	4743	1285	5150
95	2043	2043	1523	2640	1120	3243	908	3633	742	3990
