city_id mean median lower_50 upper_50 lower_80 upper_80 lower_90 upper_90 lower_95 upper_95
1	2265	2265	1556	3106	1031	3978	769	4551	572	5080
2	14871	14872	12951	16923	11336	18885	10421	20111	9657	21207
3	52660	52662	48989	56464	45796	60003	43937	62172	42353	64088
4	9995	9996	8433	11690	7140	13329	6418	14362	5821	15290
5	30	30	0	186	0	439	0	642	0	850
6	180612	180616	173757	187600	167696	194007	164121	197892	161047	201299
7	2336	2336	1615	3190	1079	4072	810	4651	608	5186
8	6642	6643	5381	8036	4359	9404	3799	10275	3343	11062
9	15113	15114	13177	17182	11547	19158	10623	20392	9852	21496
10	38952	38954	35804	42233	33082	45301	31505	47188	30166	48859
11	832	832	429	1368	179	1964	81	2373	27	2759
12	2706	2706	1925	3620	1335	4556	1034	5167	803	5730
13	19868	19869	17639	22230	15744	24471	14662	25863	13753	27104
14	76	76	0	284	0	585	0	817	0	1050
15	782	782	393	1304	156	1887	66	2288	18	2667
16	837	837	432	1375	181	1972	82	2381	28	2768
17	5946	5947	4756	7268	3799	8573	3277	9404	2855	10158
18	1112	1112	635	1721	319	2384	182	2832	93	3252
19	9098	9099	7611	10718	6385	12290	5703	13282	5142	14176
20	5176	5177	4071	6414	3189	7643	2712	8429	2330	9144
21	1967	1967	1311	2756	834	3579	600	4124	427	4628
22	1110	1110	634	1719	318	2381	181	2828	93	3248
23	2674	2674	1898	3583	1313	4514	1014	5123	786	5684
24	19283	19284	17088	21611	15224	23821	14160	25195	13267	26420
25	7115	7116	5807	8555	4743	9966	4158	10861	3681	11670
26	111548	111551	106175	117054	101449	122126	98673	125212	96292	127925
27	41120	41122	37884	44489	35082	47637	33458	49571	32078	51284
28	16174	16175	14169	18312	12477	20350	11516	21622	10712	22757
29	1477	1477	917	2169	527	2906	345	3399	218	3858
30	10774	10775	9150	12531	7800	14227	7045	15293	6419	16250
31	500	500	202	931	47	1432	6	1783	0	2120
32	1698	1698	1093	2435	662	3213	455	3730	307	4210
33	81	81	1	294	0	599	0	833	0	1068
34	99	99	3	327	0	647	0	889	0	1131
35	42309	42311	39025	45725	36181	48916	34531	50876	33129	52611
36	5522	5523	4378	6799	3461	8062	2964	8869	2564	9602
37	90520	90523	85686	95487	81446	100073	78961	102868	76833	105329
38	27233	27234	24612	29987	22364	32581	21071	34184	19979	35609
39	54134	54136	50411	57990	47171	61576	45284	63773	43676	65713
40	24083	24084	21622	26677	19519	29126	18312	30643	17294	31993
41	2627	2627	1859	3528	1280	4453	985	5058	760	5615
42	6266	6267	5043	7622	4055	8956	3516	9806	3078	10575
43	34026	34028	31088	37097	28556	39976	27092	41750	25851	43322
44	37065	37067	33996	40267	31345	43264	29810	45109	28508	46743
45	5888	5889	4705	7204	3752	8503	3234	9331	2815	10083
46	21052	21053	18755	23481	16800	25783	15682	27211	14741	28484
47	683	683	324	1175	114	1732	39	2116	6	2481
48	10027	10028	8462	11724	7167	13366	6443	14400	5846	15330
49	6959	6960	5667	8384	4616	9781	4039	10668	3569	11470
50	173	173	25	454	0	820	0	1090	0	1357
51	11449	11450	9773	13258	8376	15001	7592	16095	6942	17077
52	12049	12050	10328	13903	8891	15686	8082	16805	7411	17808
53	12563	12564	10804	14455	9333	16272	8504	17411	7816	18432
54	2506	2506	1757	3388	1196	4295	912	4890	696	5437
55	971	971	530	1545	246	2175	128	2604	56	3007
56	5167	5168	4063	6404	3181	7632	2706	8418	2324	9132
57	1358	1358	824	2025	457	2738	289	3217	174	3664
58	1511	1511	944	2210	547	2954	361	3450	231	3913
59	44265	44267	40905	47758	37992	51017	36300	53019	34862	54789
60	8443	8444	7013	10006	5838	11527	5187	12488	4652	13355
61	7460	7461	6120	8933	5026	10373	4423	11286	3930	12111
62	27069	27070	24456	29815	22216	32402	20927	34001	19838	35421
63	107590	107593	102314	112999	97676	117983	94952	121017	92617	123684
64	75516	75518	71107	80058	67249	84262	64992	86829	63063	89091
65	416	416	150	815	24	1287	0	1621	0	1943
66	258	258	63	586	0	995	0	1291	0	1579
67	9074	9075	7589	10692	6365	12262	5684	13253	5124	14146
68	37305	37307	34226	40517	31566	43523	30026	45374	28719	47013
69	670654	670661	657382	684058	645543	696244	638511	703586	632432	709997
70	20825	20826	18541	23242	16597	25532	15486	26953	14552	28220
71	13154	13155	11352	15088	9843	16944	8992	18105	8283	19146
72	160	160	20	432	0	791	0	1057	0	1320
73	7071	7072	5768	8507	4708	9914	4125	10807	3649	11614
74	24387	24388	21910	26997	19792	29461	18577	30986	17552	32343
75	3106	3106	2265	4080	1620	5071	1286	5715	1027	6306
76	95	95	3	320	0	636	0	877	0	1117
77	4066	4067	3094	5171	2332	6279	1927	6994	1607	7646
78	1201	1201	703	1832	368	2513	219	2973	120	3403
79	1581	1581	1000	2295	590	3051	396	3555	259	4025
80	9923	9924	8367	11612	7079	13246	6360	14275	5766	15201
81	146768	146771	140595	153074	135149	158867	131941	162384	129186	165471
82	73002	73004	68668	77469	64878	81605	62662	84132	60767	86358
83	9670	9671	8135	11338	6866	12954	6158	13972	5574	14888
84	214	214	42	519	0	906	0	1190	0	1467
85	17426	17427	15342	19642	13579	21752	12576	23065	11735	24238
86	125	125	9	373	0	711	0	964	0	1215
87	129	129	10	380	0	720	0	975	0	1228
88	24989	24990	22481	27630	20335	30122	19103	31664	18063	33036
89	12320	12321	10579	14194	9124	15995	8305	17125	7624	18137
90	56942	56944	53122	60895	49795	64568	47856	66818	46202	68803
91	46140	46142	42708	49705	39730	53029	38000	55069	36528	56873
92	750	750	370	1262	142	1837	57	2233	14	2608
93	17909	17910	15796	20155	14006	22291	12987	23621	12132	24807
94	2816	2816	2018	3747	1413	4698	1102	5319	864	5890
95	1916	1916	1269	2695	801	3511	572	4050	404	4550
