city_id mean median lower_50 upper_50 lower_80 upper_80 lower_90 upper_90 lower_95 upper_95
1	3295	3295	2565	4117	1985	4935	1674	5460	1425	5938
2	19980	19981	18115	21937	16513	23777	15590	24914	14810	25923
3	77323	77325	73609	81128	70343	84633	68424	86766	66778	88641
4	29019	29020	26762	31368	24807	33561	23673	34909	22709	36102
5	313	313	120	598	23	933	1	1168	0	1395
6	152057	152060	146831	157375	142202	162242	139468	165190	137114	167773
7	10125	10126	8810	11531	7704	12876	7078	13716	6556	14467
8	25002	25003	22910	27185	21104	29230	20059	30489	19172	31604
9	20391	20392	18506	22367	16887	24225	15953	25373	15164	26391
10	48006	48008	45089	51014	42541	53801	41052	55504	39779	57006
11	7478	7479	6355	8693	5421	9865	4898	10602	4465	11264
12	4623	4623	3749	5588	3041	6535	2652	7137	2336	7682
13	56572	56574	53402	59833	50625	62849	48999	64688	47608	66309
14	849	849	501	1289	265	1763	160	2082	90	2381
15	2045	2045	1479	2702	1048	3372	825	3808	654	4209
16	3138	3138	2426	3941	1864	4743	1562	5257	1322	5726
17	18349	18350	16563	20226	15033	21995	14153	23088	13410	24060
18	1525	1525	1043	2099	687	2694	509	3085	376	3447
19	34212	34213	31757	36758	29624	39130	28384	40584	27327	41870
20	14468	14469	12887	16140	11542	17724	10773	18707	10126	19583
21	7016	7017	5929	8194	5029	9333	4525	10050	4110	10695
22	2741	2741	2079	3495	1561	4251	1286	4740	1069	5185
23	12388	12389	10929	13938	9693	15413	8989	16331	8399	17150
24	47693	47695	44786	50691	42246	53470	40762	55168	39494	56664
25	14290	14291	12720	15952	11383	17527	10619	18505	9977	19376
26	124242	124245	119522	129053	115350	133464	112889	136139	110772	138485
27	99369	99371	95153	103677	91434	107634	89244	110037	87363	112147
28	9541	9542	8266	10907	7196	12216	6591	13034	6087	13767
29	7183	7184	6083	8375	5170	9526	4660	10250	4238	10901
30	10135	10136	8820	11542	7713	12887	7087	13727	6564	14479
31	2569	2569	1929	3300	1432	4036	1169	4513	963	4948
32	3906	3906	3107	4797	2465	5677	2117	6239	1835	6749
33	711	711	396	1117	191	1561	104	1862	49	2146
34	239	239	76	494	7	801	0	1021	0	1233
35	35438	35439	32939	38029	30766	40440	29501	41919	28424	43225
36	30240	30241	27935	32637	25937	34874	24777	36247	23790	37462
37	140665	140668	135640	145781	131193	150467	128567	153307	126307	155795
38	145743	145746	140627	150950	136098	155718	133424	158606	131122	161137
39	98676	98678	94475	102969	90769	106913	88588	109308	86714	111411
40	138470	138473	133485	143547	129073	148197	126469	151015	124228	153485
41	15866	15867	14209	17615	12794	19268	11984	20292	11301	21204
42	34760	34761	32285	37326	30134	39716	28883	41181	27817	42476
43	64145	64147	60767	67615	57802	70818	56064	72770	54575	74488
44	38287	38288	35687	40978	33424	43480	32106	45012	30981	46365
45	24081	24082	22029	26225	20259	28234	19235	29471	18367	30568
46	73011	73013	69404	76710	66233	80119	64371	82195	62775	84019
47	3589	3589	2825	4445	2215	5293	1885	5837	1620	6330
48	24952	24953	22862	27133	21058	29176	20014	30434	19129	31548
49	20080	20081	18210	22042	16604	23886	15678	25025	14896	26037
50	1629	1629	1129	2220	757	2831	570	3232	429	3602
51	16995	16996	15278	18803	13810	20510	12967	21566	12257	22506
52	31498	31499	29144	33943	27103	36224	25917	37623	24907	38861
53	21736	21737	19788	23775	18113	25689	17146	26870	16327	27918
54	13226	13227	11717	14827	10436	16346	9705	17291	9091	18133
55	7567	7568	6437	8789	5497	9967	4970	10708	4534	11373
56	7070	7071	5979	8252	5074	9396	4569	10115	4151	10762
57	6628	6629	5573	7774	4701	8885	4215	9585	3814	10215
58	7988	7989	6825	9242	5856	10450	5312	11208	4861	11888
59	182815	182818	177080	188641	171993	193967	168985	197189	166393	200010
60	20555	20556	18662	22539	17036	24404	16098	25555	15305	26577
61	13080	13081	11579	14672	10306	16184	9580	17124	8970	17962
62	50061	50063	47082	53132	44477	55975	42954	57712	41652	59243
63	63346	63348	59989	66794	57044	69978	55317	71919	53838	73626
64	108854	108856	104439	113360	100541	117497	98245	120007	96270	122210
65	953	953	581	1416	325	1911	207	2243	126	2553
66	1073	1073	676	1562	396	2080	265	2425	172	2747
67	55545	55547	52404	58777	49654	61766	48044	63590	46666	65196
68	29014	29015	26757	31363	24802	33556	23668	34904	22704	36096
69	677362	677368	666280	688535	656379	698675	650490	704778	645394	710102
70	75679	75681	72005	79444	68775	82913	66878	85024	65251	86880
71	24684	24685	22606	26854	20812	28886	19774	30138	18894	31247
72	570	570	293	938	122	1349	55	1629	18	1895
73	11817	11818	10393	13332	9189	14775	8504	15674	7930	16477
74	148601	148604	143435	153858	138861	158672	136159	161587	133833	164141
75	10694	10695	9342	12138	8202	13516	7555	14377	7015	15146
76	769	769	440	1190	221	1647	126	1956	65	2245
77	6794	6795	5725	7954	4841	9077	4347	9784	3940	10421
78	7359	7360	6245	8564	5320	9728	4802	10460	4373	11118
79	5311	5312	4371	6342	3603	7349	3179	7986	2832	8562
80	11656	11657	10242	13161	9047	14595	8367	15489	7798	16287
81	216700	216703	210452	223039	204903	228827	201619	232325	198786	235386
82	25553	25554	23437	27760	21610	29826	20553	31097	19655	32223
83	36268	36269	33739	38888	31539	41327	30259	42821	29168	44141
84	636	636	341	1023	153	1449	76	1740	31	2014
85	17746	17747	15991	19593	14488	21334	13624	22411	12896	23369
86	1429	1429	964	1986	623	2565	454	2948	329	3301
87	1184	1184	764	1695	465	2233	321	2591	218	2923
88	161609	161612	156220	167090	151444	172104	148622	175140	146192	177799
89	77119	77121	73410	80919	70148	84420	68232	86550	66588	88422
90	260264	260268	253412	267207	247320	273538	243710	277362	240595	280705
91	230681	230685	224233	237220	218505	243188	215112	246793	212186	249948
92	8388	8389	7195	9672	6200	10906	5639	11681	5174	12375
93	20004	20005	18137	21962	16535	23803	15611	24941	14830	25950
94	6887	6888	5811	8055	4920	9185	4422	9896	4011	10536
95	102	102	11	284	0	527	0	707	0	885
