city_id mean median lower_50 upper_50 lower_80 upper_80 lower_90 upper_90 lower_95 upper_95
1	2442	2442	1775	3216	1264	4004	1001	4516	796	4987
2	19298	19299	17325	21377	15640	23340	14673	24556	13857	25637
3	59179	59181	55685	62779	52629	66113	50842	68149	49314	69943
4	10733	10734	9275	12297	8054	13796	7364	14735	6790	15575
5	30	30	0	163	0	374	0	541	0	712
6	214258	214262	207561	221061	201622	227278	198109	231040	195082	234333
7	4250	4251	3353	5254	2635	6249	2247	6885	1935	7464
8	7031	7032	5861	8307	4899	9547	4365	10330	3925	11036
9	16461	16462	14643	18385	13097	20209	12213	21341	11471	22350
10	47320	47322	44201	50545	41483	53541	39898	55374	38546	56993
11	901	901	516	1392	261	1925	150	2285	78	2623
12	2881	2881	2151	3717	1585	4561	1288	5107	1055	5606
13	23945	23946	21742	26255	19848	28426	18757	29766	17833	30955
14	84	84	4	271	0	530	0	726	0	922
15	973	973	571	1481	301	2030	180	2399	100	2745
16	891	891	509	1379	256	1910	146	2269	75	2606
17	6367	6368	5257	7584	4348	8770	3845	9522	3433	10200
18	2199	2199	1568	2936	1091	3691	847	4183	660	4637
19	10940	10941	9468	12518	8233	14031	7536	14977	6955	15824
20	5637	5638	4595	6785	3748	7910	3283	8624	2903	9270
21	2070	2070	1460	2787	1001	3523	768	4005	590	4448
22	1311	1311	836	1892	500	2506	339	2915	225	3296
23	3563	3563	2746	4487	2101	5409	1756	6003	1482	6543
24	22608	22609	20469	24854	18633	26967	17576	28273	16682	29433
25	7768	7769	6536	9106	5517	10403	4949	11219	4481	11954
26	142016	142019	136574	147564	131764	152652	128927	155738	126487	158444
27	43925	43927	40922	47034	38309	49925	36786	51697	35488	53261
28	16702	16703	14871	18640	13312	20476	12421	21615	11672	22631
29	1507	1507	994	2126	623	2775	442	3204	310	3602
30	11127	11128	9642	12718	8396	14242	7691	15196	7104	16049
31	532	532	249	921	85	1363	28	1669	3	1959
32	2236	2236	1600	2979	1118	3739	870	4234	681	4690
33	84	84	4	271	0	530	0	726	0	922
34	104	104	8	306	0	579	0	783	0	986
35	68639	68641	64872	72512	61570	76092	59636	78275	57980	80197
36	5063	5064	4079	6154	3283	7227	2848	7910	2496	8529
37	105275	105278	100597	110059	96475	114459	94050	117133	91967	119481
38	29475	29476	27025	32032	24909	34425	23684	35898	22645	37204
39	65575	65577	61894	69362	58670	72864	56782	75000	55167	76882
40	26770	26771	24437	29209	22428	31497	21266	32906	20282	34157
41	2709	2709	2003	3521	1459	4344	1174	4877	952	5365
42	7318	7319	6124	8619	5139	9881	4591	10677	4140	11394
43	36348	36350	33621	39181	31256	41824	29883	43446	28714	44881
44	47175	47177	44061	50395	41348	53387	39765	55217	38415	56833
45	7089	7090	5914	8370	4948	9614	4410	10400	3969	11108
46	25329	25330	23061	27703	21110	29932	19984	31307	19031	32526
47	694	694	363	1131	156	1616	73	1947	26	2260
48	11143	11144	9657	12735	8409	14261	7704	15214	7117	16068
49	8427	8428	7142	9819	6075	11163	5478	12009	4984	12769
50	198	198	46	456	0	780	0	1015	0	1244
51	12917	12918	11313	14627	9959	16259	9191	17276	8548	18185
52	16223	16224	14419	18133	12885	19945	12009	21070	11272	22073
53	13902	13903	12236	15674	10826	17362	10024	18412	9352	19351
54	2620	2620	1927	3420	1393	4231	1116	4757	899	5240
55	1015	1015	604	1533	324	2090	198	2465	114	2815
56	9542	9543	8171	11020	7027	12441	6384	13333	5850	14133
57	1597	1597	1067	2233	681	2897	492	3335	352	3741
58	1636	1636	1099	2279	707	2949	514	3391	370	3800
59	48265	48267	45115	51522	42368	54546	40766	56396	39400	58029
60	8881	8882	7560	10308	6461	11685	5845	12550	5335	13326
61	7890	7891	6648	9238	5620	10544	5047	11366	4573	12106
62	31672	31673	29130	34320	26932	36796	25658	38319	24576	39667
63	139879	139882	134478	145386	129706	150436	126891	153499	124471	156186
64	82924	82926	78778	87176	75135	91097	72997	93484	71164	95583
65	442	442	189	802	51	1217	10	1506	0	1783
66	272	272	85	566	7	921	0	1175	0	1421
67	9437	9438	8074	10907	6937	12321	6298	13209	5768	14005
68	41532	41534	38613	44557	36076	47372	34599	49098	33341	50622
69	737497	737504	725027	750073	713888	761489	707265	768361	701535	774358
70	25044	25045	22790	27405	20850	29622	19731	30990	18784	32203
71	14502	14503	12799	16311	11357	18032	10535	19102	9846	20057
72	172	172	34	416	0	727	0	955	0	1177
73	8150	8151	6887	9520	5840	10844	5255	11678	4772	12427
74	27248	27249	24894	29708	22865	32015	21693	33436	20699	34696
75	3927	3927	3066	4894	2382	5856	2014	6472	1719	7033
76	110	110	10	316	0	593	0	799	0	1004
77	5361	5362	4346	6482	3524	7582	3073	8282	2706	8915
78	1258	1258	794	1828	467	2433	313	2836	204	3211
79	1741	1741	1186	2403	777	3089	573	3542	421	3960
80	10876	10877	9408	12450	8178	13958	7483	14902	6904	15747
81	188678	188681	182397	195065	176832	200908	173543	204446	170710	207544
82	94776	94778	90340	99318	86436	103500	84141	106043	82172	108278
83	11310	11311	9812	12914	8555	14449	7843	15409	7250	16269
84	240	240	67	519	3	861	0	1107	0	1346
85	18674	18675	16734	20720	15079	22653	14129	23851	13329	24917
86	127	127	16	344	0	631	0	844	0	1054
87	145	145	23	374	0	671	0	890	0	1105
88	26814	26815	24479	29255	22468	31544	21305	32955	20321	34206
89	12867	12868	11266	14574	9915	16203	9148	17218	8507	18126
90	76449	76451	72470	80534	68978	84304	66930	86601	65175	88622
91	54993	54995	51627	58466	48686	61684	46968	63651	45500	65385
92	813	813	450	1282	215	1795	115	2144	53	2471
93	18963	18964	17008	21024	15339	22971	14381	24178	13574	25251
94	3210	3210	2437	4089	1832	4972	1511	5542	1257	6062
95	2276	2276	1633	3025	1146	3790	895	4289	703	4748
