city_id mean median lower_50 upper_50 lower_80 upper_80 lower_90 upper_90 lower_95 upper_95
1	3441	3442	2628	4363	1990	5287	1651	5882	1381	6425
2	19501	19502	17491	21620	15774	23622	14789	24863	13959	25966
3	74092	74094	70122	78171	66640	81938	64600	84235	62852	86256
4	28262	28263	25831	30802	23735	33183	22524	34651	21497	35951
5	374	374	143	715	28	1115	2	1397	0	1668
6	146702	146706	141094	152420	136137	157663	133213	160842	130698	163631
7	7355	7356	6142	8678	5143	9963	4587	10774	4130	11504
8	24153	24154	21909	26505	19983	28717	18873	30083	17933	31296
9	20069	20070	18029	22218	16285	24247	15285	25504	14441	26621
10	47272	47274	44112	50542	41360	53580	39756	55440	38387	57082
11	7569	7569	6337	8910	5321	10211	4756	11032	4291	11771
12	4579	4580	3634	5635	2875	6678	2464	7345	2132	7951
13	56561	56563	53100	60132	50076	63442	48309	65464	46799	67248
14	878	878	495	1371	243	1908	135	2272	66	2614
15	2083	2083	1463	2812	998	3563	762	4054	583	4507
16	3342	3343	2542	4251	1915	5164	1582	5752	1319	6289
17	18525	18527	16568	20593	14898	22548	13942	23760	13136	24839
18	1597	1597	1061	2243	671	2917	481	3364	341	3777
19	34048	34049	31374	36831	29060	39431	27718	41028	26577	42443
20	14575	14576	12845	16415	11380	18165	10546	19255	9847	20227
21	6869	6870	5699	8149	4738	9396	4205	10184	3768	10894
22	2905	2906	2163	3757	1588	4618	1287	5175	1050	5685
23	12154	12154	10578	13838	9253	15449	8502	16455	7876	17355
24	47401	47403	44237	50675	41481	53717	39874	55579	38504	57223
25	14040	14041	12343	15847	10908	17567	10092	18639	9408	19596
26	119215	119218	114165	124375	109710	129115	107087	131994	104834	134521
27	97224	97226	92668	101889	88659	106183	86303	108795	84281	111091
28	9776	9777	8369	11292	7195	12752	6535	13667	5987	14489
29	7423	7423	6204	8751	5199	10041	4640	10855	4181	11589
30	9728	9729	8324	11241	7154	12697	6496	13611	5950	14430
31	2582	2582	1885	3388	1351	4207	1074	4740	859	5228
32	3890	3890	3022	4867	2335	5840	1966	6465	1671	7033
33	807	807	441	1281	206	1802	108	2156	48	2490
34	281	281	88	584	7	950	0	1212	0	1464
35	34981	34982	32270	37801	29922	40434	28560	42052	27402	43483
36	28968	28969	26506	31539	24383	33948	23155	35432	22113	36747
37	137215	137218	131792	142746	127003	147821	124179	150900	121752	153602
38	140914	140917	135418	146519	130563	151660	127700	154778	125238	157514
39	97633	97636	93068	102308	89050	106611	86688	109228	84662	111528
40	129342	129345	124079	134714	119433	139646	116696	142639	114343	145265
41	16157	16158	14332	18091	12783	19927	11898	21067	11155	22084
42	33185	33186	30546	35933	28263	38501	26940	40080	25815	41478
43	64152	64154	60462	67952	57232	71467	55342	73613	53725	75503
44	38118	38120	35286	41060	32829	43802	31402	45485	30187	46974
45	23695	23697	21474	26026	19567	28219	18469	29573	17540	30775
46	69505	69507	65662	73458	62294	77111	60322	79339	58633	81301
47	3799	3800	2943	4765	2265	5729	1901	6348	1612	6911
48	25325	25326	23026	27732	21050	29994	19910	31390	18945	32628
49	19973	19974	17938	22117	16199	24141	15201	25395	14359	26510
50	1506	1506	987	2134	613	2794	432	3231	300	3636
51	16505	16506	14660	18459	13092	20313	12196	21464	11444	22490
52	30126	30127	27614	32747	25446	35201	24191	36711	23126	38050
53	22016	22017	19877	24265	18044	26383	16990	27693	16099	28857
54	12935	12936	11308	14671	9936	16328	9158	17362	8507	18286
55	7702	7703	6459	9055	5433	10366	4862	11193	4391	11937
56	7098	7099	5907	8398	4928	9663	4385	10462	3938	11182
57	7116	7117	5924	8418	4943	9684	4399	10484	3952	11205
58	8002	8003	6734	9379	5686	10713	5101	11554	4619	12310
59	175347	175350	169210	181593	163777	187311	160569	190775	157807	193811
60	19793	19795	17768	21928	16037	23944	15044	25193	14207	26304
61	12125	12126	10552	13808	9228	15417	8479	16422	7853	17321
62	48329	48331	45133	51634	42349	54704	40725	56583	39340	58242
63	61707	61709	58089	65435	54924	68885	53073	70992	51490	72849
64	105754	105757	101001	110617	96813	115090	94350	117809	92236	120197
65	1030	1030	610	1559	325	2129	198	2512	112	2871
66	1056	1056	630	1591	340	2167	209	2553	121	2915
67	53634	53636	50264	57112	47323	60339	45606	62312	44140	64052
68	28644	28645	26196	31201	24085	33597	22865	35073	21830	36382
69	667664	667670	655637	679800	644900	690823	638518	697460	632998	703254
70	68376	68378	64564	72297	61225	75921	59270	78132	57596	80079
71	23629	23630	21411	25956	19507	28146	18410	29498	17482	30699
72	525	524	241	918	78	1366	24	1676	2	1971
73	11595	11595	10057	13241	8766	14818	8036	15804	7427	16686
74	140540	140543	135052	146138	130203	151272	127344	154387	124886	157119
75	11011	11012	9514	12617	8260	14157	7552	15121	6962	15984
76	750	750	400	1210	178	1717	88	2063	35	2390
77	6822	6823	5656	8098	4699	9341	4168	10127	3733	10835
78	7434	7435	6214	8763	5208	10054	4649	10869	4189	11603
79	5222	5223	4209	6346	3389	7451	2941	8154	2578	8791
80	11450	11451	9923	13087	8641	14655	7916	15635	7312	16513
81	212601	212605	205838	219473	199841	225755	196296	229557	193241	232886
82	24049	24051	21811	26397	19889	28605	18781	29968	17845	31178
83	35954	35955	33205	38812	30823	41479	29440	43118	28264	44567
84	672	672	343	1110	141	1598	62	1932	20	2249
85	16700	16701	14844	18665	13266	20528	12364	21686	11606	22717
86	1570	1570	1039	2210	654	2881	466	3324	329	3735
87	1318	1319	836	1910	495	2536	334	2953	219	3341
88	155016	155019	149249	160892	144149	166277	141140	169542	138551	172404
89	71749	71751	67843	75764	64419	79473	62413	81735	60695	83726
90	235456	235460	228336	242685	222018	249289	218280	253283	215057	256779
91	221075	221079	214178	228081	208059	234485	204441	238359	201323	241750
92	8223	8224	6937	9619	5873	10969	5278	11819	4787	12584
93	19570	19571	17556	21693	15836	23698	14849	24940	14018	26046
94	6841	6841	5672	8118	4714	9362	4183	10149	3747	10858
95	166	166	30	411	0	725	0	955	0	1181
