city_id mean median lower_50 upper_50 lower_80 upper_80 lower_90 upper_90 lower_95 upper_95
1	1127	1127	890	1392	700	1655	598	1823	515	1976
2	7115	7115	6498	7760	5966	8365	5659	8738	5398	9068
3	27034	27035	25818	28278	24747	29423	24116	30118	23575	30729
4	10499	10499	9746	11280	9093	12007	8712	12452	8388	12846
5	113	113	47	207	12	315	2	390	0	463
6	58437	58438	56642	60260	55050	61925	54108	62932	53297	63814
7	2463	2463	2106	2848	1808	3219	1641	3452	1502	3661
8	7426	7426	6795	8085	6251	8702	5937	9082	5670	9419
9	7799	7799	7152	8474	6594	9105	6270	9494	5996	9838
10	19846	19847	18806	20914	17893	21900	17358	22500	16900	23029
11	2437	2437	2082	2820	1786	3190	1619	3421	1481	3629
12	1678	1678	1386	1998	1146	2311	1014	2509	905	2687
13	22025	22026	20929	23149	19965	24186	19400	24817	18915	25372
14	271	271	162	408	87	556	54	655	31	747
15	675	675	495	883	356	1095	284	1232	228	1358
16	1117	1117	881	1381	692	1643	590	1810	508	1962
17	6067	6067	5498	6664	5010	7225	4729	7572	4491	7880
18	591	591	423	787	296	987	231	1118	180	1238
19	13324	13324	12474	14202	11733	15016	11301	15514	10931	15953
20	4597	4597	4104	5118	3683	5612	3443	5918	3240	6190
21	2203	2203	1866	2568	1586	2921	1430	3143	1300	3342
22	990	990	769	1239	593	1488	499	1648	424	1793
23	4169	4169	3700	4666	3301	5138	3074	5431	2883	5692
24	19436	19437	18407	20493	17504	21469	16975	22064	16522	22587
25	5197	5197	4672	5750	4222	6273	3965	6596	3747	6884
26	48367	48368	46736	50026	45290	51545	44436	52464	43701	53270
27	37089	37090	35662	38544	34401	39878	33657	40687	33018	41397
28	3830	3830	3381	4307	3001	4761	2784	5043	2602	5295
29	2900	2900	2511	3317	2185	3716	2000	3966	1847	4190
30	3793	3793	3346	4268	2968	4719	2752	5000	2572	5251
31	871	871	664	1106	502	1341	416	1493	347	1631
32	1344	1344	1084	1632	873	1916	758	2096	665	2260
33	250	250	146	382	76	525	45	622	24	712
34	91	91	34	176	6	277	0	348	0	417
35	13914	13914	13045	14811	12287	15642	11844	16150	11466	16598
36	10258	10258	9514	11030	8868	11749	8493	12190	8173	12580
37	50282	50283	48618	51974	47144	53521	46273	54458	45522	55278
38	48567	48568	46932	50230	45484	51751	44628	52672	43891	53479
39	39698	39699	38221	41203	36915	42582	36145	43418	35482	44151
40	45116	45117	43541	46719	42146	48187	41323	49076	40614	49855
41	5946	5946	5383	6537	4900	7093	4622	7437	4387	7742
42	10647	10647	9889	11433	9230	12165	8847	12613	8521	13010
43	26537	26538	25332	27770	24271	28904	23647	29593	23112	30199
44	15337	15338	14424	16278	13627	17149	13160	17681	12761	18149
45	7681	7681	7039	8351	6485	8978	6165	9364	5893	9706
46	23750	23751	22611	24917	21609	25992	21021	26646	20516	27221
47	1263	1263	1011	1543	808	1819	698	1995	608	2154
48	9661	9661	8940	10410	8314	11109	7950	11538	7641	11918
49	7655	7655	7014	8324	6461	8950	6141	9335	5870	9677
50	446	446	302	618	196	797	144	915	105	1024
51	5525	5525	4983	6095	4519	6632	4252	6965	4026	7260
52	11923	11923	11120	12754	10421	13526	10013	13999	9666	14417
53	8357	8357	7687	9055	7108	9707	6772	10109	6487	10464
54	4485	4485	3998	5000	3583	5488	3346	5791	3146	6060
55	2858	2858	2472	3272	2148	3669	1966	3917	1813	4139
56	2488	2488	2129	2875	1829	3248	1661	3482	1521	3691
57	2212	2212	1874	2578	1594	2931	1437	3154	1307	3353
58	2647	2647	2276	3046	1966	3429	1791	3669	1646	3885
59	61233	61234	59396	63098	57765	64802	56800	65833	55968	66734
60	7860	7860	7211	8537	6650	9171	6325	9561	6050	9907
61	4643	4643	4147	5167	3725	5662	3483	5970	3279	6244
62	17878	17879	16892	18892	16027	19830	15521	20402	15088	20905
63	24925	24926	23758	26120	22731	27220	22127	27890	21609	28478
64	41274	41275	39768	42808	38436	44213	37649	45065	36973	45812
65	334	334	211	485	125	644	84	751	55	850
66	371	371	241	529	148	695	103	806	70	908
67	16997	16998	16036	17986	15194	18901	14701	19460	14279	19951
68	11068	11068	10295	11869	9623	12615	9231	13071	8898	13475
69	318051	318053	313846	322284	310082	326121	307841	328427	305901	330438
70	26133	26134	24938	27356	23885	28482	23266	29167	22735	29768
71	8907	8907	8215	9627	7616	10300	7268	10713	6972	11078
72	158	158	78	266	30	387	12	471	3	550
73	4270	4270	3795	4773	3391	5250	3161	5546	2967	5810
74	47999	48000	46374	49652	44934	51165	44084	52081	43351	52883
75	3437	3437	3012	3890	2654	4321	2450	4590	2280	4831
76	228	228	129	355	64	493	36	587	18	675
77	2534	2534	2171	2925	1869	3300	1699	3536	1557	3747
78	2824	2824	2440	3236	2119	3630	1937	3877	1786	4098
79	1653	1653	1363	1971	1125	2282	994	2478	887	2656
80	4384	4384	3903	4893	3493	5376	3259	5676	3062	5943
81	86268	86269	84085	88479	82142	90495	80991	91712	79997	92776
82	9196	9196	8493	9927	7883	10610	7529	11029	7228	11400
83	13936	13936	13067	14833	12308	15665	11865	16174	11486	16622
84	186	186	98	302	43	430	20	518	8	601
85	6036	6036	5469	6631	4982	7191	4701	7537	4464	7844
86	504	504	350	686	235	874	178	997	134	1111
87	444	444	300	616	195	794	143	912	104	1021
88	53907	53908	52184	55658	50656	57259	49753	58228	48974	59076
89	25092	25093	23921	26291	22890	27395	22284	28066	21764	28656
90	78230	78231	76151	80337	74303	82258	73209	83418	72264	84433
91	79843	79844	77743	81971	75876	83912	74769	85083	73814	86108
92	2839	2839	2454	3252	2132	3647	1950	3895	1798	4116
93	7039	7039	6425	7681	5897	8283	5591	8654	5332	8982
94	2609	2609	2241	3005	1933	3386	1760	3625	1616	3838
95	51	51	12	118	0	203	0	265	0	325
