city_id mean median lower_50 upper_50 lower_80 upper_80 lower_90 upper_90 lower_95 upper_95
1	2548	2548	1895	3296	1390	4053	1125	4543	918	4992
2	17017	17018	15255	18876	13750	20632	12887	21720	12160	22689
3	56119	56121	52879	59455	50044	62542	48385	64426	46966	66086
4	10736	10737	9347	12223	8177	13644	7515	14531	6962	15325
5	47	47	0	190	0	401	0	564	0	729
6	197775	197779	191651	203996	186218	209680	183005	213119	180235	216130
7	3084	3085	2362	3903	1793	4723	1491	5251	1250	5733
8	6945	6945	5836	8149	4920	9317	4410	10053	3989	10715
9	16273	16274	14551	18092	13082	19812	12241	20879	11532	21829
10	42511	42512	39697	45421	37246	48124	35817	49778	34597	51239
11	950	950	570	1425	311	1936	193	2279	113	2600
12	2940	2940	2235	3741	1684	4544	1391	5062	1159	5535
13	21753	21754	19754	23848	18037	25818	17046	27033	16208	28112
14	105	105	11	295	0	549	0	738	0	925
15	943	943	565	1418	307	1927	190	2270	111	2590
16	948	949	569	1424	310	1935	192	2278	113	2599
17	6379	6380	5319	7536	4446	8660	3962	9370	3563	10010
18	1743	1743	1212	2371	816	3018	616	3443	465	3835
19	10103	10104	8756	11546	7626	12928	6987	13793	6454	14567
20	5640	5641	4646	6731	3833	7795	3384	8470	3017	9078
21	2158	2158	1561	2851	1106	3557	872	4017	690	4440
22	1222	1222	785	1755	474	2318	325	2692	218	3039
23	3173	3173	2439	4002	1861	4832	1552	5366	1307	5853
24	20372	20373	18439	22401	16781	24311	15826	25491	15019	26540
25	7720	7721	6549	8987	5576	10212	5032	10981	4581	11673
26	124620	124623	119769	129568	115482	134106	112954	136859	110781	139274
27	42966	42967	40137	45891	37672	48608	36234	50271	35008	51738
28	16840	16841	15087	18689	13591	20437	12733	21520	12010	22484
29	1598	1599	1092	2201	718	2827	531	3238	392	3619
30	11295	11295	9868	12818	8665	14272	7983	15180	7413	15991
31	572	572	288	952	115	1377	49	1668	14	1944
32	1978	1979	1409	2644	979	3326	759	3771	591	4181
33	108	108	12	301	0	557	0	747	0	936
34	128	128	19	333	0	600	0	797	0	991
35	51691	51693	48584	54895	45868	57863	44280	59676	42923	61274
36	5439	5439	4463	6510	3667	7558	3228	8222	2870	8822
37	97580	97583	93293	101964	89514	105994	87290	108443	85381	110594
38	28914	28915	26602	31322	24603	33574	23444	34958	22459	36184
39	58612	58614	55300	62020	52400	65172	50702	67096	49249	68789
40	25990	25992	23801	28276	21912	30417	20819	31735	19891	32903
41	2800	2801	2114	3583	1578	4370	1295	4879	1072	5343
42	7248	7249	6115	8478	5177	9668	4653	10418	4220	11091
43	36055	36056	33468	38738	31220	41238	29913	42770	28799	44125
44	40924	40926	38165	43780	35762	46435	34362	48060	33168	49496
45	6643	6643	5560	7822	4667	8967	4170	9689	3761	10339
46	23591	23592	21507	25771	19713	27816	18677	29078	17799	30196
47	765	765	429	1197	209	1669	115	1988	56	2288
48	10620	10621	9238	12098	8075	13512	7417	14396	6868	15186
49	7729	7730	6557	8997	5584	10222	5039	10992	4588	11684
50	227	227	66	484	4	798	0	1024	0	1242
51	12632	12633	11120	14240	9841	15771	9113	16724	8504	17575
52	13146	13147	11603	14786	10296	16345	9551	17315	8926	18181
53	13774	13775	12193	15451	10852	17043	10087	18034	9445	18917
54	2704	2704	2030	3474	1506	4249	1230	4751	1013	5209
55	1084	1084	675	1589	390	2127	256	2486	163	2820
56	7349	7350	6207	8587	5262	9784	4733	10538	4297	11216
57	1661	1662	1144	2275	760	2911	568	3328	424	3714
58	1703	1703	1178	2324	788	2965	592	3387	445	3775
59	46746	46748	43793	49795	41217	52623	39712	54353	38428	55879
60	8830	8831	7574	10183	6526	11483	5935	12299	5445	13030
61	7924	7925	6737	9208	5750	10446	5197	11224	4739	11924
62	29251	29252	26925	31673	24913	33936	23747	35328	22756	36560
63	122798	122801	117983	127710	113728	132216	111220	134949	109063	137347
64	78555	78557	74713	82494	71336	86123	69352	88331	67652	90273
65	500	500	238	858	84	1263	29	1543	5	1809
66	312	312	115	605	20	952	1	1197	0	1432
67	9441	9442	8141	10838	7052	12178	6438	13017	5927	13769
68	39755	39756	37035	42570	34669	45188	33290	46792	32115	48208
69	709524	709530	697881	721263	687478	731918	681291	738330	675938	743924
70	21245	21247	19271	23317	17575	25264	16597	26467	15770	27535
71	14394	14395	12777	16107	11403	17732	10618	18742	9959	19643
72	202	202	53	447	1	750	0	969	0	1182
73	7847	7847	6666	9124	5684	10357	5134	11133	4679	11829
74	26302	26303	24099	28601	22198	30754	21098	32079	20164	33254
75	3635	3636	2847	4520	2219	5400	1880	5963	1609	6476
76	133	134	21	342	0	612	0	811	0	1007
77	4834	4835	3917	5847	3174	6842	2767	7475	2435	8047
78	1325	1325	868	1878	539	2459	379	2843	263	3201
79	1782	1783	1245	2416	843	3070	640	3498	486	3893
80	10756	10757	9364	12243	8194	13665	7531	14554	6978	15348
81	162854	162857	157301	168503	152383	173673	149477	176804	146975	179547
82	84400	84402	80416	88480	76911	92238	74850	94523	73083	96531
83	10814	10815	9419	12306	8245	13732	7580	14622	7025	15418
84	272	272	91	549	11	881	0	1117	0	1344
85	17997	17998	16183	19907	14632	21710	13742	22826	12990	23818
86	158	158	32	381	0	664	0	871	0	1073
87	165	165	35	391	0	678	0	886	0	1090
88	26208	26209	24009	28503	22112	30653	21014	31976	20082	33148
89	12763	12764	11243	14379	9957	15917	9224	16874	8611	17729
90	65173	65175	61678	68764	58612	72081	56816	74103	55277	75882
91	50838	50840	47757	54016	45064	56960	43491	58759	42146	60344
92	857	858	499	1312	259	1804	153	2135	83	2446
93	18936	18937	17075	20895	15480	22740	14564	23882	13790	24897
94	3230	3230	2489	4067	1905	4903	1592	5441	1344	5931
95	2201	2201	1598	2900	1137	3613	899	4076	715	4502
