city_id mean median lower_50 upper_50 lower_80 upper_80 lower_90 upper_90 lower_95 upper_95
1	2058	2058	1536	2657	1131	3261	918	3652	751	4010
2	13879	13880	12462	15373	11251	16783	10556	17657	9970	18434
3	49881	49882	47160	52678	44775	55263	43377	56839	42181	58227
4	9547	9548	8378	10792	7391	11979	6829	12719	6360	13380
5	29	29	0	134	0	293	0	418	0	545
6	168573	168576	163539	173684	159070	178352	156426	181174	154147	183645
7	1828	1828	1338	2394	962	2970	767	3344	615	3686
8	6290	6291	5348	7308	4566	8290	4127	8907	3764	9462
9	14550	14551	13098	16078	11855	17520	11142	18412	10539	19206
10	37059	37060	34719	39475	32677	41717	31484	43088	30466	44297
11	811	811	497	1201	280	1618	180	1896	111	2157
12	2662	2662	2063	3338	1588	4011	1334	4444	1131	4838
13	18886	18887	17226	20622	15797	22251	14971	23255	14272	24145
14	76	76	6	222	0	419	0	566	0	712
15	736	736	439	1109	237	1511	145	1781	84	2033
16	808	808	495	1197	278	1613	178	1892	109	2152
17	5706	5707	4811	6677	4070	7618	3657	8210	3315	8742
18	962	962	617	1383	372	1828	254	2124	170	2399
19	8349	8350	7258	9516	6341	10632	5822	11330	5389	11954
20	4839	4839	4018	5737	3343	6610	2970	7163	2663	7661
21	1916	1916	1413	2495	1026	3082	824	3462	666	3811
22	1077	1077	710	1521	444	1985	315	2293	221	2579
23	2540	2540	1956	3201	1494	3861	1248	4286	1052	4673
24	18448	18449	16808	20164	15397	21775	14582	22769	13891	23650
25	6732	6733	5756	7784	4943	8796	4486	9432	4107	10002
26	104918	104920	100954	108958	97450	112662	95383	114907	93605	116876
27	40013	40014	37580	42522	35454	44848	34211	46269	33150	47521
28	15995	15996	14471	17596	13163	19103	12410	20034	11774	20861
29	1447	1447	1015	1955	692	2478	528	2821	403	3136
30	10647	10648	9410	11960	8362	13208	7764	13984	7263	14676
31	489	489	254	800	108	1146	50	1383	17	1606
32	1504	1504	1063	2021	731	2552	562	2900	433	3220
33	81	81	8	230	0	430	0	579	0	727
34	96	96	13	255	0	464	0	618	0	771
35	36445	36446	34125	38842	32100	41065	30919	42426	29910	43625
36	5793	5794	4891	6771	4144	7718	3726	8314	3381	8850
37	86760	86762	83159	90437	79982	93814	78110	95864	76502	97664
38	26023	26024	24068	28054	22373	29949	21388	31112	20551	32141
39	51270	51272	48511	54106	46091	56725	44673	58321	43459	59727
40	22852	22853	21023	24758	19440	26539	18523	27635	17744	28605
41	2590	2590	1999	3257	1533	3923	1283	4351	1084	4741
42	6110	6111	5182	7114	4412	8083	3981	8693	3625	9241
43	32787	32788	30588	35062	28673	37177	27557	38471	26605	39614
44	34450	34451	32195	36781	30230	38946	29083	40271	28105	41440
45	5179	5179	4328	6106	3627	7007	3237	7575	2916	8087
46	19230	19231	17555	20981	16112	22624	15278	23636	14571	24534
47	674	674	391	1033	202	1421	119	1684	64	1929
48	9804	9805	8619	11065	7617	12267	7047	13015	6570	13684
49	6668	6669	5697	7715	4888	8723	4434	9356	4057	9924
50	168	168	46	366	1	610	0	786	0	956
51	10798	10799	9552	12120	8496	13376	7893	14157	7388	14853
52	10883	10884	9632	12210	8571	13470	7966	14254	7458	14953
53	11676	11677	10379	13049	9277	14351	8646	15160	8117	15880
54	2442	2442	1870	3091	1419	3740	1180	4158	989	4540
55	960	960	615	1381	370	1825	253	2121	170	2396
56	4273	4273	3504	5119	2876	5946	2530	6470	2247	6944
57	1478	1478	1041	1991	713	2519	546	2864	420	3182
58	1346	1346	931	1837	622	2345	467	2679	351	2987
59	41921	41922	39430	44489	37251	46866	35977	48319	34889	49599
60	8338	8339	7248	9504	6332	10620	5813	11317	5380	11941
61	7359	7360	6337	8457	5483	9511	5001	10171	4600	10763
62	25705	25706	23762	27724	22078	29607	21100	30764	20268	31787
63	104111	104113	100163	108135	96672	111825	94614	114062	92843	116025
64	73502	73504	70191	76890	67274	80006	65558	81900	64086	83564
65	414	414	201	704	74	1030	28	1254	6	1468
66	248	248	92	481	16	756	0	950	0	1136
67	8874	8875	7748	10076	6800	11224	6262	11940	5813	12581
68	35420	35421	33133	37783	31139	39977	29975	41319	28982	42503
69	638857	638862	629020	648770	620227	657763	614995	663173	610467	667892
70	21114	21115	19357	22947	17840	24664	16962	25720	16217	26656
71	12391	12392	11054	13804	9915	15143	9263	15973	8715	16712
72	154	154	39	345	0	583	0	755	0	922
73	6912	6913	5923	7977	5098	9002	4633	9645	4248	10221
74	23238	23239	21393	25159	19796	26955	18871	28059	18085	29037
75	2904	2904	2276	3608	1776	4307	1507	4755	1291	5162
76	85	85	9	237	0	439	0	590	0	739
77	3796	3796	3073	4595	2487	5381	2166	5880	1905	6332
78	1181	1181	795	1644	512	2126	372	2444	269	2738
79	1524	1524	1080	2044	745	2578	575	2928	444	3249
80	9939	9940	8745	11209	7736	12418	7161	13171	6680	13843
81	140567	140570	135973	145237	131901	149508	129495	152094	127421	154358
82	60484	60486	57484	63561	54847	66397	53299	68123	51972	69641
83	9166	9167	8021	10387	7056	11552	6508	12278	6049	12928
84	206	206	67	421	7	681	0	866	0	1044
85	17119	17120	15541	18774	14185	20329	13403	21289	12741	22142
86	129	129	27	307	0	534	0	698	0	860
87	129	129	27	307	0	534	0	698	0	860
88	24032	24033	22155	25985	20530	27810	19587	28931	18786	29923
89	12044	12045	10726	13438	9605	14759	8964	15579	8424	16309
90	51953	51955	49175	54807	46739	57443	45311	59050	44088	60464
91	44339	44340	41776	46979	39532	49421	38220	50912	37097	52226
92	723	723	429	1093	229	1492	140	1760	80	2012
93	17049	17050	15474	18700	14121	20253	13341	21211	12681	22062
94	2751	2751	2141	3437	1657	4120	1397	4559	1189	4958
95	1923	1923	1419	2503	1031	3091	828	3472	670	3821
