city_id mean median lower_50 upper_50 lower_80 upper_80 lower_90 upper_90 lower_95 upper_95
1	2442	2442	1906	3044	1480	3643	1251	4028	1068	4377
2	19298	19299	17731	20931	16377	22458	15593	23398	14926	24230
3	59179	59181	56411	62014	53974	64624	52542	66211	51313	67606
4	10733	10734	9573	11959	8585	13120	8020	13841	7544	14483
5	30	30	0	126	0	270	0	381	0	494
6	214258	214261	208960	219622	204246	224510	201451	227460	199038	230039
7	4250	4250	3532	5034	2943	5797	2616	6279	2347	6713
8	7031	7032	6098	8030	5315	8986	4873	9584	4503	10119
9	16461	16462	15017	17972	13772	19389	13054	20263	12445	21038
10	47320	47321	44848	49858	42678	52201	41406	53629	40316	54885
11	901	901	588	1280	364	1678	255	1942	176	2186
12	2881	2881	2296	3532	1826	4176	1570	4586	1364	4959
13	23945	23946	22196	25760	20678	27452	19795	28490	19044	29407
14	84	84	12	223	0	404	0	539	0	671
15	973	973	647	1365	410	1776	294	2047	209	2298
16	891	891	580	1268	357	1664	250	1927	172	2171
17	6367	6367	5481	7319	4740	8233	4323	8806	3975	9319
18	2199	2199	1692	2772	1292	3345	1079	3714	909	4050
19	10940	10941	9769	12178	8770	13349	8199	14076	7718	14723
20	5637	5637	4805	6535	4113	7400	3725	7944	3403	8432
21	2070	2070	1579	2627	1194	3186	989	3546	827	3874
22	1311	1311	927	1761	638	2223	491	2526	379	2804
23	3563	3563	2909	4284	2376	4989	2083	5437	1844	5842
24	22608	22609	20910	24373	19437	26019	18581	27030	17853	27923
25	7768	7769	6786	8816	5959	9817	5489	10441	5097	11000
26	142016	142018	137709	146389	133887	150385	131626	152801	129677	154916
27	43925	43926	41544	46372	39457	48632	38234	50010	37187	51224
28	16702	16703	15247	18224	13993	19651	13269	20530	12655	21310
29	1507	1507	1093	1987	777	2476	614	2795	487	3087
30	11127	11128	9945	12375	8938	13556	8361	14288	7875	14940
31	532	532	300	831	147	1157	81	1377	40	1585
32	2236	2236	1725	2814	1321	3391	1105	3762	933	4100
33	84	84	12	223	0	404	0	539	0	671
34	104	104	20	255	0	447	0	588	0	726
35	68639	68641	65655	71689	63024	74493	61476	76197	60146	77693
36	5063	5063	4277	5916	3625	6740	3261	7259	2961	7726
37	105275	105277	101571	109045	98293	112497	96357	114588	94690	116420
38	29475	29476	27531	31485	25837	33353	24849	34496	24006	35504
39	65575	65577	62659	68557	60090	71300	58578	72967	57280	74430
40	26770	26771	24919	28687	23308	30471	22371	31564	21571	32529
41	2709	2709	2143	3342	1690	3968	1444	4369	1246	4732
42	7318	7319	6366	8336	5565	9310	5112	9919	4734	10463
43	36348	36349	34185	38577	32295	40641	31189	41902	30244	43013
44	47175	47176	44707	49710	42541	52049	41270	53474	40182	54729
45	7089	7090	6152	8092	5366	9052	4921	9652	4550	10189
46	25329	25330	23529	27195	21965	28932	21055	29998	20280	30939
47	694	694	424	1031	237	1390	151	1631	92	1857
48	11143	11144	9960	12392	8952	13573	8375	14306	7888	14958
49	8427	8428	7403	9517	6537	10556	6045	11203	5633	11781
50	198	198	69	393	10	626	0	791	0	950
51	12917	12918	11641	14259	10549	15524	9921	16307	9391	17003
52	16223	16224	14789	17723	13555	19131	12842	19999	12238	20769
53	13902	13903	12577	15293	11441	16603	10787	17412	10234	18131
54	2620	2620	2064	3243	1619	3860	1379	4255	1186	4614
55	1015	1015	681	1415	437	1832	317	2107	228	2362
56	9542	9543	8450	10700	7524	11800	6995	12484	6551	13093
57	1597	1597	1170	2090	842	2592	672	2917	539	3216
58	1636	1636	1203	2135	870	2641	697	2970	562	3271
59	48265	48266	45768	50828	43576	53194	42290	54634	41189	55902
60	8881	8882	7829	9999	6938	11064	6431	11726	6006	12317
61	7890	7891	6900	8946	6066	9954	5592	10583	5196	11145
62	31672	31673	29656	33755	27896	35687	26869	36869	25993	37912
63	139879	139881	135605	144219	131812	148185	129569	150584	127635	152683
64	82924	82926	79641	86274	76741	89347	75031	91211	73561	92847
65	442	442	233	717	102	1022	49	1230	18	1426
66	272	272	115	495	31	753	6	933	0	1105
67	9437	9438	8351	10589	7430	11683	6905	12364	6464	12970
68	41532	41533	39218	43912	37191	46113	36004	47455	34988	48637
69	737497	737502	727640	747420	718819	756414	713568	761821	709020	766535
70	25044	25045	23255	26900	21700	28628	20795	29687	20025	30624
71	14502	14503	13148	15922	11986	17258	11316	18083	10750	18815
72	172	172	54	356	5	579	0	738	0	892
73	8150	8151	7143	9223	6294	10246	5811	10884	5407	11453
74	27248	27249	25380	29182	23755	30981	22808	32083	22001	33056
75	3927	3927	3238	4682	2675	5418	2364	5885	2109	6306
76	110	110	22	264	0	459	0	602	0	742
77	5361	5361	4551	6237	3878	7083	3501	7615	3189	8093
78	1258	1258	883	1700	601	2154	459	2452	351	2726
79	1741	1741	1294	2255	947	2774	766	3111	624	3419
80	10876	10877	9708	12110	8713	13279	8143	14003	7664	14649
81	188678	188681	183709	193714	179290	198306	176672	201079	174413	203504
82	94776	94778	91264	98355	88157	101634	86324	103622	84747	105365
83	11310	11311	10118	12568	9102	13758	8520	14495	8029	15152
84	240	240	95	452	21	699	2	873	0	1039
85	18674	18675	17133	20281	15803	21785	15032	22710	14378	23530
86	127	127	30	290	0	493	0	641	0	785
87	145	145	39	317	1	528	0	681	0	829
88	26814	26815	24961	28733	23350	30518	22411	31612	21611	32578
89	12867	12868	11594	14207	10504	15470	9878	16251	9349	16946
90	76449	76451	73298	79666	70517	82621	68878	84414	67470	85988
91	54993	54994	52325	57727	49980	60246	48602	61779	47421	63126
92	813	813	518	1175	309	1557	209	1811	139	2048
93	18963	18964	17410	20582	16069	22097	15292	23029	14632	23855
94	3210	3210	2591	3896	2090	4570	1816	4999	1593	5388
95	2276	2276	1760	2859	1352	3440	1133	3814	959	4154
