city_id mean median lower_50 upper_50 lower_80 upper_80 lower_90 upper_90 lower_95 upper_95
1	3240	3240	2516	4055	1942	4868	1635	5389	1389	5864
2	19018	19019	17199	20928	15639	22727	14742	23838	13983	24826
3	73148	73150	69537	76850	66363	80263	64500	82340	62902	84166
4	27680	27681	25476	29975	23570	32120	22465	33439	21526	34607
5	310	310	118	594	23	927	1	1163	0	1388
6	145373	145376	140264	150574	135741	155335	133070	158220	130771	160748
7	7060	7061	5970	8242	5066	9384	4561	10103	4143	10749
8	23615	23616	21583	25738	19831	27729	18819	28955	17960	30042
9	19579	19580	17733	21516	16149	23340	15236	24466	14465	25466
10	46519	46521	43649	49481	41142	52226	39678	53904	38427	55384
11	7269	7270	6162	8467	5243	9625	4729	10353	4304	11007
12	4347	4347	3501	5284	2818	6206	2444	6793	2141	7325
13	55737	55739	52591	58975	49836	61969	48223	63795	46842	65404
14	778	778	447	1201	226	1660	130	1970	68	2261
15	1927	1927	1379	2566	964	3220	751	3647	588	4039
16	3144	3144	2432	3948	1868	4750	1567	5265	1326	5735
17	18055	18056	16284	19917	14767	21673	13895	22759	13159	23724
18	1461	1461	990	2023	644	2608	472	2994	345	3350
19	33409	33410	30984	35926	28877	38271	27653	39709	26610	40981
20	14158	14159	12595	15812	11266	17381	10506	18354	9867	19222
21	6584	6585	5533	7727	4664	8834	4180	9532	3781	10160
22	2721	2721	2061	3472	1546	4226	1273	4713	1057	5158
23	11773	11774	10352	13286	9150	14726	8466	15623	7894	16425
24	46647	46649	43773	49613	41262	52362	39796	54042	38543	55524
25	13631	13632	12098	15255	10796	16796	10052	17754	9428	18607
26	118017	118020	113418	122707	109355	127010	106959	129619	104898	131908
27	96142	96144	91996	100380	88340	104275	86188	106640	84339	108718
28	9435	9436	8167	10794	7104	12096	6503	12911	6003	13640
29	7126	7127	6030	8313	5122	9460	4614	10182	4194	10831
30	9388	9389	8124	10744	7063	12043	6464	12856	5965	13583
31	2408	2408	1790	3117	1312	3834	1062	4298	865	4723
32	3676	3676	2902	4541	2283	5399	1948	5948	1679	6446
33	711	711	396	1117	191	1561	104	1862	49	2146
34	226	226	68	475	5	777	0	994	0	1203
35	34333	34334	31874	36884	29737	39259	28494	40716	27435	42003
36	28379	28380	26147	30702	24215	32873	23095	34207	22143	35388
37	135929	135932	130990	140959	126620	145568	124041	148361	121822	150809
38	139611	139614	134605	144708	130175	149377	127560	152206	125309	154686
39	96549	96551	92394	100796	88730	104698	86573	107069	84720	109150
40	128094	128097	123301	132979	119062	137456	116562	140170	114411	142550
41	15718	15719	14069	17459	12662	19105	11855	20125	11176	21033
42	32554	32555	30160	35039	28083	37355	26875	38777	25848	40033
43	63274	63276	59919	66721	56975	69903	55250	71842	53772	73549
44	37442	37443	34872	40104	32635	42579	31332	44096	30222	45435
45	23163	23164	21151	25266	19417	27239	18415	28454	17566	29532
46	68591	68593	65096	72178	62026	75486	60225	77501	58682	79273
47	3588	3588	2824	4444	2214	5292	1884	5835	1620	6329
48	24774	24775	22692	26948	20895	28984	19855	30237	18973	31348
49	19484	19485	17643	21417	16062	23236	15152	24360	14383	25358
50	1374	1374	919	1921	587	2492	423	2868	303	3218
51	16061	16062	14393	17820	12970	19483	12153	20513	11465	21429
52	29525	29526	27248	31894	25275	34105	24130	35464	23157	36666
53	21503	21504	19566	23531	17900	25436	16939	26611	16125	27654
54	12542	12543	11074	14102	9829	15585	9120	16508	8526	17331
55	7400	7401	6283	8609	5355	9776	4835	10509	4405	11168
56	6808	6809	5738	7969	4853	9093	4359	9801	3951	10438
57	6826	6827	5755	7989	4868	9114	4373	9823	3964	10460
58	7694	7695	6554	8926	5605	10113	5073	10859	4632	11529
59	173893	173896	168301	179577	163343	184773	160412	187918	157886	190672
60	19307	19308	17474	21231	15902	23043	14996	24162	14231	25156
61	11745	11746	10325	13256	9125	14695	8443	15591	7871	16392
62	47567	47569	44664	50561	42128	53336	40646	55032	39380	56527
63	60846	60848	57557	64227	54673	67349	52983	69253	51535	70929
64	104626	104628	100299	109045	96479	113103	94230	115566	92297	117728
65	921	921	556	1377	306	1866	192	2194	114	2500
66	946	946	576	1408	321	1901	204	2232	123	2541
67	52831	52833	49769	55984	47090	58902	45522	60684	44182	62253
68	28058	28059	25839	30368	23919	32527	22805	33854	21859	35029
69	664824	664830	653846	675893	644037	685941	638204	691988	633157	697264
70	67469	67471	64003	71026	60960	74309	59174	76308	57644	78066
71	23097	23098	21088	25197	19357	27167	18357	28381	17509	29458
72	448	448	208	780	69	1157	22	1418	2	1666
73	11223	11224	9836	12701	8666	14110	8001	14989	7445	15774
74	139239	139242	134240	144330	129816	148992	127204	151818	124956	154294
75	10649	10650	9300	12090	8162	13466	7517	14324	6979	15092
76	658	658	357	1051	164	1482	84	1776	36	2053
77	6538	6539	5491	7677	4625	8781	4143	9477	3746	10103
78	7137	7138	6041	8325	5131	9473	4623	10195	4202	10844
79	4974	4975	4066	5973	3327	6951	2920	7572	2588	8133
80	11081	11082	9704	12550	8541	13951	7881	14825	7329	15606
81	211000	211003	204835	217256	199362	222968	196122	226422	193329	229444
82	23513	23514	21486	25632	19738	27618	18728	28842	17871	29927
83	35297	35298	32803	37883	30634	40290	29373	41765	28298	43069
84	585	585	304	958	129	1372	59	1655	21	1922
85	16253	16254	14575	18022	13142	19694	12320	20730	11628	21651
86	1435	1435	969	1993	627	2573	458	2956	332	3311
87	1195	1195	773	1708	472	2248	327	2607	222	2940
88	153649	153652	148395	158994	143742	163886	140993	166849	138626	169445
89	70820	70822	67268	74464	64147	77823	62315	79869	60745	81668
90	233771	233775	227280	240354	221512	246360	218097	249989	215150	253164
91	219442	219445	213154	225821	207570	231644	204264	235164	201413	238244
92	7911	7912	6754	9159	5791	10362	5249	11116	4801	11794
93	19086	19087	17264	21000	15701	22801	14802	23914	14041	24903
94	6556	6557	5507	7696	4640	8802	4157	9498	3759	10125
95	124	124	19	320	0	575	0	763	0	948
