city_id mean median lower_50 upper_50 lower_80 upper_80 lower_90 upper_90 lower_95 upper_95
1	2265	2265	1750	2846	1343	3427	1125	3799	952	4139
2	14871	14872	13500	16309	12322	17660	11642	18494	11068	19235
3	52660	52661	50050	55336	47757	57803	46410	59304	45256	60625
4	9995	9996	8877	11180	7926	12303	7384	13001	6928	13623
5	30	30	0	126	0	270	0	381	0	494
6	180612	180615	175751	185540	171429	190034	168870	192749	166661	195124
7	2336	2336	1813	2926	1398	3514	1175	3891	998	4235
8	6642	6643	5737	7614	4978	8546	4550	9129	4193	9651
9	15113	15114	13730	16562	12542	17924	11857	18764	11277	19510
10	38952	38953	36712	41258	34752	43392	33605	44694	32623	45841
11	832	832	533	1197	320	1583	219	1840	146	2078
12	2706	2706	2140	3338	1687	3964	1442	4365	1244	4728
13	19868	19869	18278	21524	16902	23073	16105	24025	15428	24868
14	76	76	9	210	0	387	0	518	0	648
15	782	782	493	1137	290	1514	194	1765	126	1999
16	837	837	537	1203	324	1590	222	1847	149	2086
17	5946	5946	5091	6867	4378	7754	3977	8310	3644	8809
18	1112	1112	761	1529	502	1962	372	2246	276	2509
19	9098	9099	8033	10230	7130	11306	6616	11975	6184	12572
20	5176	5176	4381	6038	3721	6871	3352	7395	3047	7866
21	1967	1967	1489	2511	1116	3058	918	3410	762	3733
22	1110	1110	759	1527	501	1959	371	2243	275	2506
23	2674	2674	2112	3303	1662	3926	1419	4324	1223	4686
24	19283	19284	17717	20915	16363	22442	15579	23382	14913	24213
25	7115	7116	6177	8120	5388	9081	4943	9682	4571	10220
26	111548	111550	107735	115428	104357	118978	102362	121128	100644	123012
27	41120	41121	38818	43489	36801	45678	35620	47014	34610	48191
28	16174	16175	14742	17672	13510	19078	12798	19944	12196	20713
29	1477	1477	1068	1953	756	2438	595	2754	470	3044
30	10774	10775	9612	12003	8622	13166	8055	13887	7578	14530
31	500	500	276	791	130	1109	69	1326	32	1529
32	1698	1698	1257	2206	916	2720	738	3053	598	3358
33	81	81	11	218	0	398	0	531	0	663
34	99	99	18	247	0	437	0	576	0	713
35	42309	42310	39973	44711	37926	46931	36728	48285	35701	49477
36	5522	5522	4699	6411	4015	7268	3632	7807	3314	8291
37	90520	90522	87088	94018	84054	97225	82265	99170	80725	100875
38	27233	27234	25366	29167	23741	30965	22794	32067	21987	33039
39	54134	54135	51488	56847	49161	59347	47795	60868	46623	62206
40	24083	24084	22329	25903	20806	27600	19920	28640	19167	29560
41	2627	2627	2070	3250	1625	3869	1384	4264	1191	4624
42	6266	6266	5388	7211	4653	8118	4239	8687	3896	9197
43	34026	34027	31935	36184	30108	38183	29041	39406	28129	40483
44	37065	37066	34881	39315	32971	41399	31854	42671	30898	43792
45	5888	5888	5037	6805	4328	7687	3930	8241	3599	8738
46	21052	21053	19414	22756	17996	24348	17173	25326	16474	26191
47	683	683	415	1017	231	1375	146	1615	88	1838
48	10027	10028	8907	11213	7955	12339	7411	13038	6954	13661
49	6959	6960	6031	7953	5253	8905	4813	9500	4446	10033
50	173	173	55	358	5	581	0	740	0	894
51	11449	11450	10250	12714	9227	13911	8640	14652	8146	15312
52	12049	12050	10818	13346	9766	14571	9162	15330	8654	16005
53	12563	12564	11305	13887	10229	15136	9611	15909	9090	16597
54	2506	2506	1963	3116	1530	3722	1297	4110	1110	4463
55	971	971	645	1363	409	1773	293	2044	208	2295
56	5167	5167	4372	6028	3713	6860	3345	7384	3040	7854
57	1358	1358	967	1816	671	2284	520	2591	404	2872
58	1511	1511	1096	1992	780	2482	616	2800	490	3093
59	44265	44266	41875	46721	39780	48990	38551	50373	37500	51591
60	8443	8444	7418	9534	6552	10574	6059	11222	5646	11800
61	7460	7461	6498	8488	5689	9470	5231	10084	4848	10633
62	27069	27070	25207	28997	23588	30790	22644	31889	21840	32859
63	107590	107592	103846	111401	100530	114889	98572	117003	96886	118854
64	75516	75518	72384	78714	69621	81651	67993	83434	66594	84999
65	416	416	214	684	89	982	40	1186	13	1379
66	258	258	106	476	26	729	4	907	0	1076
67	9074	9075	8010	10204	7109	11279	6595	11948	6164	12544
68	37305	37306	35114	39563	33197	41652	32076	42929	31118	44053
69	670654	670659	661256	680119	652848	688699	647844	693859	643511	698358
70	20825	20826	19196	22520	17786	24103	16968	25077	16273	25938
71	13154	13155	11866	14508	10763	15784	10129	16573	9594	17275
72	160	160	47	339	3	557	0	713	0	864
73	7071	7072	6136	8073	5350	9031	4906	9631	4535	10167
74	24387	24388	22622	26219	21089	27925	20197	28972	19438	29897
75	3106	3106	2497	3781	2006	4446	1738	4869	1520	5253
76	95	95	16	240	0	428	0	566	0	702
77	4066	4066	3365	4834	2790	5582	2472	6055	2211	6482
78	1201	1201	835	1633	562	2079	425	2372	321	2642
79	1581	1581	1156	2072	830	2571	661	2895	530	3193
80	9923	9924	8809	11103	7862	12223	7322	12919	6868	13539
81	146768	146770	142389	151213	138502	155273	136202	157728	134219	159877
82	73002	73004	69923	76147	67208	79036	65609	80790	64235	82330
83	9670	9671	8571	10836	7637	11942	7105	12630	6657	13243
84	214	214	79	416	14	654	0	822	0	984
85	17426	17427	15939	18979	14656	20435	13915	21332	13286	22127
86	125	125	29	287	0	490	0	636	0	780
87	129	129	31	293	0	497	0	645	0	790
88	24989	24990	23202	26843	21649	28569	20745	29627	19976	30563
89	12320	12321	11075	13631	10010	14869	9399	15636	8883	16317
90	56942	56943	54227	59723	51839	62285	50435	63843	49232	65213
91	46140	46141	43699	48647	41558	50962	40303	52372	39227	53613
92	750	750	468	1099	270	1469	178	1717	113	1947
93	17909	17910	16401	19483	15100	20958	14347	21866	13708	22671
94	2816	2816	2238	3460	1774	4097	1522	4504	1319	4873
95	1916	1916	1445	2453	1078	2994	884	3343	731	3662
