city_id mean median lower_50 upper_50 lower_80 upper_80 lower_90 upper_90 lower_95 upper_95
1	3240	3240	2453	4136	1838	5037	1512	5618	1255	6149
2	19018	19019	17034	21112	15340	23091	14369	24317	13551	25409
3	73148	73150	69204	77201	65745	80946	63718	83228	61983	85237
4	27680	27681	25275	30195	23202	32553	22005	34006	20990	35295
5	310	310	104	625	13	1002	0	1270	0	1529
6	145373	145376	139790	151065	134856	156285	131946	159450	129444	162226
7	7060	7061	5872	8357	4896	9619	4355	10416	3910	11134
8	23615	23616	21398	25942	19494	28131	18398	29483	17471	30684
9	19579	19580	17565	21702	15844	23708	14857	24951	14026	26057
10	46519	46521	43385	49763	40656	52777	39065	54623	37709	56253
11	7269	7270	6063	8584	5071	9862	4519	10669	4066	11396
12	4347	4348	3427	5376	2692	6397	2294	7050	1975	7644
13	55737	55739	52301	59282	49300	62569	47547	64577	46050	66349
14	778	778	420	1245	192	1759	97	2109	41	2439
15	1927	1927	1333	2631	891	3358	669	3836	502	4276
16	3144	3144	2370	4028	1766	4917	1447	5492	1196	6017
17	18055	18056	16123	20096	14477	22028	13534	23227	12740	24294
18	1461	1461	951	2081	584	2733	408	3165	280	3566
19	33409	33410	30761	36166	28470	38743	27142	40327	26013	41729
20	14158	14159	12453	15972	11012	17699	10192	18775	9505	19735
21	6584	6585	5439	7838	4501	9062	3983	9836	3558	10534
22	2721	2721	2004	3547	1453	4384	1165	4928	941	5426
23	11773	11774	10223	13432	8921	15019	8185	16012	7570	16900
24	46647	46649	43508	49895	40775	52914	39182	54762	37824	56394
25	13631	13632	11959	15412	10548	17109	9745	18167	9074	19112
26	118017	118020	112992	123151	108561	127868	105952	130733	103710	133248
27	96142	96144	91612	100781	87626	105053	85284	107651	83274	109934
28	9435	9436	8053	10926	6903	12362	6257	13264	5721	14073
29	7126	7127	5933	8429	4951	9696	4407	10496	3959	11217
30	9388	9389	8010	10875	6863	12308	6219	13208	5685	14015
31	2408	2408	1737	3188	1226	3984	963	4503	760	4980
32	3676	3676	2834	4627	2170	5577	1814	6188	1532	6745
33	711	711	371	1160	159	1658	74	1998	27	2319
34	226	226	58	503	1	846	0	1093	0	1334
35	34333	34334	31648	37127	29324	39737	27975	41341	26829	42761
36	28379	28380	25943	30924	23843	33310	22628	34780	21599	36083
37	135929	135932	130533	141435	125766	146487	122957	149552	120541	152241
38	139611	139614	134141	145190	129309	150308	126460	153413	124010	156136
39	96549	96552	92010	101198	88015	105478	85667	108081	83653	110369
40	128094	128097	122857	133440	118234	138349	115510	141328	113170	143943
41	15718	15719	13919	17626	12392	19438	11521	20565	10790	21570
42	32554	32555	29941	35276	27681	37822	26372	39387	25259	40773
43	63274	63276	59610	67048	56403	70540	54527	72672	52922	74550
44	37442	37444	34636	40358	32202	43077	30788	44746	29585	46223
45	23163	23164	20967	25468	19084	27637	17999	28978	17082	30168
46	68591	68593	64773	72518	61429	76148	59470	78362	57794	80312
47	3588	3588	2757	4528	2102	5469	1753	6074	1475	6625
48	24774	24775	22501	27156	20548	29394	19422	30776	18469	32003
49	19484	19485	17475	21602	15759	23604	14775	24844	13945	25947
50	1374	1374	881	1977	530	2613	362	3036	242	3430
51	16061	16062	14242	17989	12697	19820	11815	20957	11075	21971
52	29525	29526	27039	32120	24894	34551	23653	36048	22600	37374
53	21503	21504	19390	23726	17580	25821	16539	27117	15661	28269
54	12542	12543	10941	14252	9592	15886	8828	16907	8189	17819
55	7400	7401	6183	8727	5180	10015	4623	10828	4164	11560
56	6808	6809	5643	8083	4687	9324	4157	10109	3723	10817
57	6826	6827	5659	8102	4702	9345	4171	10131	3736	10840
58	7694	7695	6452	9046	5427	10356	4856	11183	4385	11927
59	173893	173896	167782	180113	162372	185809	159178	189259	156428	192282
60	19307	19308	17307	21416	15600	23409	14621	24644	13796	25743
61	11745	11746	10197	13402	8897	14988	8161	15979	7548	16866
62	47567	47569	44397	50846	41636	53893	40026	55759	38653	57405
63	60846	60848	57254	64548	54112	67975	52274	70068	50704	71913
64	104626	104629	99898	109463	95734	113913	93285	116618	91182	118994
65	921	921	527	1424	266	1971	152	2341	78	2688
66	946	946	546	1455	279	2008	162	2381	86	2730
67	52831	52833	49487	56284	46569	59487	44866	61446	43412	63174
68	28058	28059	25636	30589	23548	32962	22342	34425	21319	35721
69	664824	664831	652823	676934	642109	687934	635741	694558	630233	700339
70	67469	67471	63683	71364	60367	74966	58426	77163	56764	79098
71	23097	23098	20905	25399	19024	27565	17941	28904	17025	30093
72	448	448	190	816	51	1240	10	1537	0	1820
73	11223	11224	9711	12844	8443	14397	7727	15369	7131	16239
74	139239	139242	133777	144811	128951	149922	126106	153023	123659	155743
75	10649	10650	9178	12229	7947	13746	7252	14696	6675	15547
76	658	658	333	1092	135	1576	58	1908	17	2223
77	6538	6539	5397	7788	4463	9008	3947	9780	3524	10476
78	7137	7138	5943	8441	4960	9708	4415	10509	3967	11231
79	4974	4975	3986	6071	3190	7153	2755	7843	2404	8468
80	11081	11082	9579	12692	8320	14237	7609	15203	7018	16069
81	211000	211004	204263	217846	198289	224106	194758	227893	191714	231210
82	23513	23514	21300	25835	19401	28019	18308	29369	17383	30567
83	35297	35299	32574	38129	30215	40774	28846	42398	27682	43836
84	585	585	282	997	103	1462	38	1783	7	2087
85	16253	16254	14423	18193	12868	20033	11980	21176	11234	22196
86	1435	1435	930	2050	568	2697	394	3127	269	3526
87	1195	1195	739	1761	421	2364	273	2767	171	3143
88	153649	153652	147908	159499	142831	164861	139836	168112	137260	170963
89	70820	70822	66940	74809	63539	78496	61547	80744	59841	82723
90	233771	233775	226677	240974	220382	247555	216657	251535	213447	255019
91	219442	219446	212571	226423	206476	232803	202871	236663	199765	240043
92	7911	7912	6651	9281	5609	10608	5028	11444	4549	12197
93	19086	19087	17098	21183	15401	23166	14428	24394	13609	25487
94	6556	6557	5413	7808	4478	9029	3961	9802	3537	10499
95	124	124	14	343	0	634	0	851	0	1065
