city_id mean median lower_50 upper_50 lower_80 upper_80 lower_90 upper_90 lower_95 upper_95
1	1161	1161	920	1430	727	1696	622	1866	538	2021
2	7370	7370	6742	8026	6200	8641	5886	9020	5621	9356
3	28576	28577	27325	29855	26223	31030	25574	31745	25017	32372
4	11086	11086	10312	11888	9639	12634	9248	13091	8914	13495
5	114	114	48	208	13	316	2	392	0	465
6	61449	61450	59608	63318	57975	65024	57008	66056	56175	66960
7	2541	2541	2178	2932	1875	3308	1704	3544	1563	3756
8	8369	8369	7699	9067	7119	9720	6783	10122	6497	10477
9	8085	8085	7426	8772	6857	9414	6527	9809	6247	10159
10	20446	20447	19390	21530	18463	22530	17920	23139	17454	23675
11	2544	2544	2181	2935	1877	3312	1707	3548	1565	3760
12	1720	1720	1424	2044	1181	2360	1046	2560	936	2741
13	22537	22538	21428	23674	20453	24722	19880	25360	19390	25921
14	285	285	173	425	95	576	60	676	36	771
15	687	687	505	897	365	1110	292	1249	235	1376
16	1114	1114	878	1378	690	1639	588	1806	506	1958
17	6172	6172	5598	6774	5105	7340	4821	7689	4581	7999
18	606	606	436	804	307	1007	240	1139	189	1260
19	13677	13677	12816	14566	12065	15391	11626	15895	11251	16339
20	4736	4736	4235	5265	3808	5765	3563	6075	3357	6351
21	2291	2291	1947	2663	1661	3022	1501	3248	1368	3451
22	1003	1003	780	1254	603	1504	508	1664	432	1810
23	4415	4415	3932	4926	3521	5410	3286	5711	3088	5979
24	19835	19836	18795	20903	17883	21888	17348	22489	16890	23017
25	5426	5426	4889	5991	4429	6524	4165	6854	3942	7147
26	50940	50941	49265	52643	47781	54200	46904	55143	46148	55968
27	38253	38254	36804	39730	35522	41085	34767	41906	34117	42626
28	3933	3933	3478	4416	3092	4875	2872	5161	2687	5416
29	2901	2901	2512	3318	2186	3717	2001	3967	1848	4191
30	4018	4018	3558	4506	3167	4970	2944	5258	2757	5515
31	924	924	711	1165	542	1407	452	1562	381	1704
32	1405	1405	1139	1699	923	1989	804	2172	708	2339
33	254	254	149	387	78	531	46	628	26	719
34	91	91	34	176	6	277	0	348	0	417
35	14361	14361	13478	15272	12708	16116	12257	16631	11872	17086
36	10980	10980	10210	11778	9541	12521	9151	12976	8819	13378
37	52856	52857	51150	54590	49637	56176	48743	57135	47973	57976
38	50338	50339	48673	52031	47198	53579	46326	54516	45576	55337
39	40643	40644	39149	42165	37827	43560	37047	44406	36376	45147
40	48118	48119	46491	49773	45049	51288	44198	52205	43464	53008
41	6044	6044	5476	6640	4989	7200	4708	7546	4471	7854
42	11488	11488	10700	12304	10014	13063	9615	13527	9275	13938
43	26947	26948	25733	28189	24663	29332	24034	30026	23494	30636
44	15714	15715	14790	16666	13982	17547	13509	18085	13105	18559
45	8057	8057	7399	8743	6831	9384	6502	9779	6223	10128
46	25235	25236	24060	26437	23027	27544	22419	28218	21898	28809
47	1264	1264	1012	1544	809	1820	698	1996	609	2156
48	9694	9694	8971	10445	8345	11145	7980	11574	7670	11954
49	7792	7792	7146	8466	6587	9098	6264	9486	5990	9831
50	515	515	359	699	243	888	184	1012	140	1127
51	5882	5882	5322	6470	4842	7023	4566	7365	4332	7669
52	12919	12919	12083	13783	11353	14586	10928	15077	10565	15510
53	8442	8442	7769	9143	7186	9799	6848	10202	6562	10559
54	4764	4764	4262	5294	3833	5796	3588	6107	3381	6384
55	2903	2903	2514	3320	2187	3720	2003	3970	1849	4193
56	2606	2606	2238	3002	1931	3382	1758	3621	1614	3835
57	2398	2398	2046	2778	1752	3145	1588	3375	1451	3582
58	2841	2841	2456	3254	2134	3649	1951	3897	1800	4119
59	63629	63630	61756	65530	60093	67266	59108	68316	58260	69235
60	8308	8308	7640	9004	7062	9655	6728	10055	6443	10409
61	5014	5014	4498	5558	4058	6071	3805	6390	3592	6673
62	18873	18874	17859	19915	16970	20877	16449	21464	16003	21980
63	25417	25418	24238	26624	23201	27735	22591	28410	22067	29004
64	42772	42773	41239	44333	39882	45763	39081	46630	38391	47389
65	338	338	214	490	127	650	86	757	56	856
66	408	408	271	573	171	746	123	860	87	966
67	18123	18124	17130	19144	16259	20088	15749	20663	15313	21170
68	11434	11434	10648	12248	9964	13005	9566	13469	9226	13878
69	326429	326431	322168	330718	318355	334604	316085	336940	314118	338976
70	28350	28351	27104	29624	26006	30795	25360	31506	24805	32131
71	9636	9636	8916	10384	8291	11082	7928	11511	7619	11890
72	181	181	94	296	40	423	19	510	7	592
73	4487	4487	4000	5002	3585	5490	3348	5793	3148	6063
74	50379	50380	48714	52072	47238	53621	46366	54559	45615	55380
75	3485	3485	3057	3941	2696	4375	2491	4646	2319	4888
76	247	247	143	379	74	521	43	617	23	707
77	2630	2630	2260	3028	1951	3410	1777	3649	1633	3864
78	2910	2910	2520	3328	2193	3728	2009	3978	1855	4202
79	1777	1777	1476	2106	1228	2427	1091	2630	978	2812
80	4603	4603	4109	5125	3689	5618	3448	5925	3245	6197
81	88073	88074	85867	90307	83904	92344	82740	93573	81735	94647
82	9681	9681	8959	10431	8332	11131	7969	11560	7659	11940
83	14264	14264	13384	15172	12616	16013	12168	16527	11784	16980
84	214	214	119	337	57	473	30	564	14	651
85	6726	6726	6126	7354	5610	7943	5312	8306	5060	8628
86	512	512	357	695	241	884	182	1008	138	1123
87	448	448	304	620	198	800	145	918	106	1027
88	57168	57169	55393	58971	53819	60618	52887	61615	52085	62488
89	28003	28004	26765	29269	25674	30433	25032	31140	24481	31762
90	86232	86233	84049	88443	82107	90458	80956	91675	79962	92738
91	84030	84031	81875	86213	79959	88203	78823	89404	77842	90454
92	3022	3022	2625	3447	2291	3854	2102	4109	1944	4336
93	7322	7322	6696	7976	6156	8589	5844	8967	5579	9302
94	2689	2689	2315	3091	2002	3477	1826	3719	1679	3935
95	51	51	12	118	0	203	0	265	0	325
