city_id mean median lower_50 upper_50 lower_80 upper_80 lower_90 upper_90 lower_95 upper_95
1	2442	2443	1556	3527	928	4675	629	5439	417	6149
2	19298	19300	16626	22169	14391	24924	13130	26650	12082	28196
3	59179	59182	54426	64131	50316	68761	47933	71609	45910	74130
4	10733	10734	8766	12899	7165	15020	6284	16366	5565	17583
5	30	30	0	239	0	597	0	888	0	1189
6	214258	214263	205124	223591	197069	232166	192326	237374	188252	241946
7	4250	4251	3049	5650	2138	7081	1670	8014	1310	8872
8	7031	7032	5458	8803	4211	10569	3543	11703	3009	12735
9	16461	16462	14001	19120	11956	21684	10810	23296	9861	24744
10	47320	47322	43080	51759	39432	55926	37327	58497	35544	60778
11	901	901	402	1599	122	2398	32	2954	1	3483
12	2881	2882	1910	4051	1205	5275	861	6085	609	6835
13	23945	23947	20958	27131	18438	30171	17007	32067	15811	33761
14	84	84	0	366	0	791	0	1122	0	1457
15	973	973	450	1695	150	2515	47	3083	5	3623
16	891	891	395	1586	119	2382	30	2935	1	3463
17	6367	6368	4875	8058	3701	9751	3076	10842	2580	11836
18	2199	2200	1363	3234	780	4336	509	5073	320	5760
19	10940	10941	8953	13126	7334	15265	6442	16622	5714	17848
20	5637	5638	4239	7234	3150	8843	2576	9882	2123	10833
21	2070	2070	1262	3077	704	4154	448	4876	272	5550
22	1311	1311	688	2133	298	3043	141	3665	52	4252
23	3563	3564	2472	4853	1659	6185	1250	7060	942	7866
24	22608	22610	19708	25707	17267	28668	15883	30517	14728	32170
25	7768	7769	6109	9626	4786	11469	4071	12649	3497	13721
26	142016	142020	134598	149633	128088	156663	124270	160946	120999	164715
27	43925	43927	39844	48205	36339	52230	34319	54715	32610	56922
28	16702	16703	14224	19379	12162	21961	11005	23583	10047	25039
29	1507	1507	832	2381	395	3338	210	3988	96	4600
30	11127	11128	9122	13331	7487	15485	6586	16852	5850	18086
31	532	532	171	1092	17	1766	0	2246	0	2711
32	2236	2237	1392	3279	803	4388	527	5129	334	5820
33	84	84	0	366	0	791	0	1122	0	1457
34	104	104	0	407	0	850	0	1192	0	1537
35	68639	68642	63512	73965	59066	78931	56482	81980	54284	84676
36	5063	5064	3743	6582	2725	8120	2193	9117	1777	10031
37	105275	105279	98902	111847	93333	117935	90078	121655	87297	124935
38	29475	29477	26150	32999	23325	36343	21713	38421	20358	40274
39	65575	65578	60566	70783	56226	75643	53706	78628	51563	81269
40	26770	26772	23606	30133	20926	33332	19400	35324	18121	37101
41	2709	2710	1770	3847	1095	5042	768	5834	531	6569
42	7318	7319	5711	9124	4434	10921	3747	12073	3197	13121
43	36348	36350	32644	40251	29479	43935	27663	46217	26131	48247
44	47175	47177	42942	51607	39300	55769	37198	58336	35418	60614
45	7089	7090	5509	8868	4256	10640	3584	11778	3047	12813
46	25329	25331	22254	28603	19655	31722	18177	33665	16939	35401
47	694	694	268	1319	55	2052	4	2568	0	3063
48	11143	11144	9137	13348	7500	15504	6598	16872	5861	18107
49	8427	8428	6695	10358	5306	12267	4552	13486	3944	14592
50	198	198	17	578	0	1091	0	1475	0	1855
51	12917	12918	10749	15284	8967	17585	7979	19039	7166	20350
52	16223	16224	13782	18863	11753	21411	10617	23013	9677	24452
53	13902	13903	11650	16353	9791	18731	8757	20231	7904	21582
54	2620	2621	1698	3741	1039	4920	721	5703	492	6430
55	1015	1015	479	1750	166	2582	57	3157	8	3704
56	9542	9543	7693	11590	6198	13605	5381	14887	4717	16049
57	1597	1597	899	2494	441	3471	244	4134	120	4756
58	1636	1636	929	2542	462	3529	260	4196	131	4823
59	48265	48267	43982	52747	40295	56953	38167	59547	36364	61848
60	8881	8882	7101	10860	5668	12813	4887	14059	4256	15188
61	7890	7891	6218	9761	4882	11617	4160	12804	3579	13883
62	31672	31674	28221	35321	25284	38778	23604	40924	22191	42835
63	139879	139883	132518	147439	126059	154418	122272	158670	119028	162412
64	82924	82927	77279	88768	72366	94201	69503	97529	67063	100467
65	442	442	122	961	4	1598	0	2057	0	2502
66	272	272	42	700	0	1257	0	1666	0	2070
67	9437	9438	7599	11474	6113	13479	5302	14756	4644	15912
68	41532	41534	37566	45697	34165	49618	32207	52041	30553	54193
69	737497	737506	720466	754727	705298	770414	696300	779878	688528	788148
70	25044	25046	21987	28300	19404	31403	17935	33337	16706	35064
71	14502	14503	12199	17004	10296	19427	9234	20954	8358	22328
72	172	172	10	533	0	1029	0	1402	0	1774
73	8150	8151	6449	10050	5087	11932	4349	13135	3755	14227
74	27248	27250	24055	30640	21349	33865	19808	35872	18515	37663
75	3927	3928	2776	5277	1911	6662	1470	7568	1133	8403
76	110	110	0	419	0	867	0	1212	0	1559
77	5361	5362	4000	6921	2944	8496	2390	9516	1955	10449
78	1258	1258	650	2065	273	2962	124	3576	42	4156
79	1741	1741	1008	2673	518	3682	303	4363	162	5002
80	10876	10877	8895	13056	7282	15189	6393	16543	5668	17766
81	188678	188683	180113	197442	172569	205505	168133	210407	164325	214713
82	94776	94779	88734	101016	83464	106807	80387	110349	77761	113473
83	11310	11311	9288	13531	7637	15701	6727	17077	5983	18319
84	240	240	30	649	0	1187	0	1586	0	1980
85	18674	18675	16048	21499	13853	24214	12616	25916	11589	27441
86	127	127	2	451	0	914	0	1267	0	1622
87	145	145	4	485	0	961	0	1323	0	1684
88	26814	26816	23647	30180	20965	33381	19438	35374	18157	37153
89	12867	12868	10704	15229	8926	17527	7939	18979	7129	20287
90	76449	76452	71033	82064	66326	87291	63587	90495	61253	93327
91	54993	54996	50415	59770	46462	64243	44174	66996	42233	69436
92	813	813	344	1481	91	2253	17	2792	0	3308
93	18963	18964	16316	21809	14102	24543	12854	26256	11817	27791
94	3210	3211	2179	4440	1421	5717	1045	6559	765	7337
95	2276	2277	1424	3327	827	4444	546	5189	350	5884
