city_id mean median lower_50 upper_50 lower_80 upper_80 lower_90 upper_90 lower_95 upper_95
1	1161	1161	870	1494	643	1830	524	2048	431	2246
2	7370	7370	6604	8178	5951	8941	5576	9414	5260	9835
3	28576	28577	27048	30146	25708	31596	24922	32480	24250	33257
4	11086	11087	10142	12072	9328	12995	8857	13564	8458	14069
5	114	114	37	233	4	376	0	478	0	576
6	61449	61450	59199	63741	57208	65842	56033	67115	55022	68231
7	2541	2541	2100	3024	1739	3495	1539	3793	1375	4062
8	8369	8369	7552	9228	6852	10038	6449	10539	6109	10984
9	8085	8085	7282	8930	6595	9727	6200	10220	5867	10658
10	20446	20447	19157	21777	18032	23012	17375	23767	16814	24433
11	2544	2544	2103	3027	1741	3498	1541	3796	1378	4065
12	1720	1720	1361	2121	1074	2518	918	2772	792	3002
13	22537	22538	21182	23934	19998	25227	19306	26018	18715	26714
14	285	285	151	461	67	655	33	787	13	912
15	687	687	468	948	306	1219	226	1398	166	1563
16	1114	1114	829	1441	609	1771	493	1985	402	2181
17	6172	6172	5473	6913	4880	7616	4541	8053	4256	8443
18	606	606	401	853	253	1111	181	1281	128	1439
19	13677	13678	12626	14770	11716	15790	11188	16416	10739	16970
20	4736	4736	4126	5388	3613	6010	3323	6399	3080	6747
21	2291	2291	1873	2751	1533	3200	1346	3486	1193	3744
22	1003	1003	734	1314	527	1630	420	1836	337	2024
23	4415	4415	3827	5045	3334	5648	3055	6025	2822	6363
24	19835	19836	18565	21146	17458	22364	16812	23108	16260	23765
25	5426	5426	4772	6122	4219	6785	3904	7197	3641	7566
26	50940	50941	48893	53029	47085	54946	46020	56110	45104	57131
27	38253	38254	36482	40066	34923	41735	34006	42750	33219	43641
28	3933	3933	3379	4529	2917	5101	2656	5460	2440	5781
29	2901	2901	2428	3416	2039	3915	1822	4230	1643	4513
30	4018	4018	3458	4620	2990	5198	2726	5560	2507	5884
31	924	924	666	1224	470	1529	369	1728	292	1911
32	1405	1405	1083	1769	828	2134	692	2368	584	2581
33	254	254	129	421	52	607	23	735	7	856
34	91	91	25	199	1	333	0	429	0	523
35	14361	14362	13284	15480	12350	16524	11807	17165	11346	17731
36	10980	10981	10041	11961	9231	12881	8763	13447	8366	13949
37	52856	52857	50770	54984	48928	56936	47842	58120	46908	59159
38	50338	50339	48303	52415	46506	54321	45448	55478	44538	56493
39	40643	40644	38817	42511	37208	44230	36262	45274	35449	46192
40	48118	48119	46129	50149	44374	52014	43340	53146	42451	54140
41	6044	6044	5353	6777	4766	7474	4431	7907	4150	8293
42	11488	11489	10527	12491	9697	13430	9217	14009	8810	14521
43	26947	26948	25464	28472	24164	29882	23403	30741	22751	31498
44	15714	15715	14586	16884	13607	17973	13037	18641	12552	19231
45	8057	8057	7256	8900	6570	9696	6176	10188	5843	10626
46	25235	25236	23800	26712	22544	28077	21809	28911	21180	29645
47	1264	1264	959	1611	721	1959	594	2184	494	2389
48	9694	9694	8813	10617	8055	11485	7618	12020	7248	12495
49	7792	7792	7004	8622	6331	9405	5944	9890	5618	10321
50	515	515	328	744	196	986	133	1147	88	1297
51	5882	5882	5200	6606	4622	7293	4293	7721	4016	8103
52	12919	12920	11898	13981	11015	14974	10503	15585	10068	16125
53	8442	8442	7621	9305	6918	10118	6513	10621	6171	11067
54	4764	4764	4153	5417	3638	6042	3346	6432	3103	6780
55	2903	2903	2430	3418	2040	3917	1824	4232	1645	4516
56	2606	2606	2159	3095	1793	3571	1590	3872	1423	4144
57	2398	2398	1970	2868	1621	3327	1428	3618	1271	3880
58	2841	2841	2374	3350	1989	3845	1774	4157	1598	4439
59	63629	63630	61339	65961	59312	68098	58115	69392	57086	70527
60	8308	8308	7494	9164	6796	9971	6395	10470	6057	10914
61	5014	5014	4386	5684	3857	6323	3556	6722	3305	7078
62	18873	18874	17635	20153	16556	21341	15927	22069	15390	22711
63	25417	25418	23977	26899	22716	28269	21978	29106	21347	29842
64	42772	42773	40898	44688	39246	46450	38274	47520	37439	48460
65	338	338	191	527	94	734	52	874	26	1005
66	408	408	244	614	132	836	81	984	47	1124
67	18123	18124	16910	19378	15854	20543	15239	21257	14714	21887
68	11434	11435	10475	12435	9648	13372	9169	13949	8763	14460
69	326429	326432	321215	331685	316555	336455	313783	339325	311384	341829
70	28350	28351	26828	29914	25494	31358	24711	32239	24041	33014
71	9636	9636	8758	10556	8002	11421	7567	11955	7198	12429
72	181	181	79	325	23	491	5	607	0	717
73	4487	4487	3894	5122	3396	5729	3115	6109	2880	6449
74	50379	50380	48343	52457	46546	54364	45487	55521	44576	56537
75	3485	3485	2965	4047	2533	4589	2290	4929	2090	5235
76	247	247	124	412	49	597	21	723	6	843
77	2630	2630	2181	3121	1813	3599	1609	3901	1441	4174
78	2910	2910	2437	3425	2046	3925	1829	4241	1650	4525
79	1777	1777	1412	2184	1119	2587	960	2844	831	3078
80	4603	4603	4002	5246	3497	5860	3211	6244	2973	6588
81	88073	88074	85375	90813	82980	93317	81564	94832	80344	96157
82	9681	9681	8800	10604	8043	11470	7607	12005	7237	12480
83	14264	14265	13191	15379	12260	16420	11719	17059	11259	17624
84	214	214	101	369	35	545	12	666	2	781
85	6726	6726	5996	7498	5374	8230	5018	8684	4718	9089
86	512	512	326	740	194	982	131	1143	87	1292
87	448	448	275	663	155	892	100	1046	62	1189
88	57168	57169	54998	59380	53080	61408	51948	62637	50975	63716
89	28003	28004	26491	29557	25165	30993	24387	31868	23722	32639
90	86232	86233	83562	88944	81194	91422	79793	92921	78586	94233
91	84030	84031	81395	86707	79057	89154	77675	90635	76484	91931
92	3022	3022	2539	3547	2140	4055	1918	4376	1735	4664
93	7322	7322	6559	8127	5908	8888	5534	9360	5220	9779
94	2689	2689	2235	3185	1862	3668	1655	3973	1485	4248
95	51	51	7	137	0	251	0	336	0	419
