city_id mean median lower_50 upper_50 lower_80 upper_80 lower_90 upper_90 lower_95 upper_95
1	3488	3489	2503	4636	1756	5810	1372	6575	1077	7279
2	25227	25228	22440	28176	20070	30972	18715	32708	17577	34255
3	89008	89011	83702	94477	79063	99541	76351	102635	74033	105361
4	31128	31129	28023	34395	25367	37477	23841	39384	22554	41080
5	373	373	106	804	5	1331	0	1709	0	2077
6	171814	171818	164411	179380	157883	186334	154041	190558	150740	194266
7	17857	17858	15525	20351	13565	22737	12456	24228	11530	25562
8	28093	28095	25148	31201	22635	34140	21195	35961	19982	37582
9	22822	22823	20175	25631	17931	28301	16652	29961	15579	31442
10	52070	52068	48031	56272	44533	60196	42503	62606	40778	64740
11	8353	8354	6784	10085	5511	11784	4812	12864	4244	13841
12	5425	5426	4177	6837	3192	8247	2666	9155	2247	9982
13	58605	58603	54315	63058	50591	67208	48427	69754	46584	72005
14	1215	1216	667	1926	313	2706	165	3236	74	3735
15	2356	2356	1561	3314	985	4316	703	4979	497	5593
16	3341	3342	2379	4466	1652	5619	1280	6372	995	7065
17	19643	19644	17193	22255	15127	24747	13954	26301	12973	27690
18	1942	1943	1228	2820	724	3749	486	4369	318	4945
19	36410	36412	33046	39937	30156	43253	28490	45300	27081	47117
20	15867	15868	13674	18223	11839	20485	10804	21901	9943	23170
21	8283	8283	6721	10007	5454	11700	4759	12777	4193	13750
22	3123	3124	2196	4214	1500	5336	1147	6070	878	6747
23	13264	13265	11266	15425	9606	17511	8676	18822	7906	20000
24	49493	49491	45557	53592	42152	57422	40178	59778	38502	61863
25	16291	16292	14068	18677	12205	20966	11154	22398	10279	23682
26	138636	138640	131994	145441	126152	151709	122720	155523	119776	158875
27	109400	109403	103509	115454	98343	121045	95315	124454	92723	127455
28	10287	10288	8537	12200	7100	14062	6304	15240	5651	16301
29	7458	7459	5980	9099	4789	10717	4139	11748	3613	12682
30	12580	12581	10636	14687	9025	16724	8125	18006	7380	19158
31	2981	2981	2077	4048	1402	5149	1061	5871	803	6537
32	5386	5387	4143	6793	3162	8199	2639	9104	2222	9929
33	807	807	375	1401	126	2076	41	2543	5	2987
34	281	281	60	666	0	1151	0	1505	0	1851
35	38704	38706	35233	42338	32247	45751	30524	47855	29064	49723
36	38559	38561	35095	42186	32114	45593	30394	47694	28938	49558
37	151251	151255	144310	158355	138198	164893	134605	168867	131521	172359
38	161988	161992	154802	169337	148470	176095	144744	180202	141546	183809
39	102398	102401	96702	108258	91711	113675	88788	116979	86286	119888
40	160089	160093	152946	167395	146652	174115	142949	178199	139771	181785
41	16558	16559	14316	18963	12436	21268	11375	22711	10491	24003
42	39334	39336	35834	42997	32822	46435	31083	48555	29610	50436
43	65868	65870	61315	70584	57354	74970	55048	77658	53082	80032
44	42192	42194	38564	45982	35437	49535	33629	51725	32096	53665
45	26034	26036	23202	29029	20791	31866	19412	33627	18252	35195
46	90136	90139	84797	95639	80127	100734	77397	103846	75063	106589
47	3781	3781	2752	4973	1965	6186	1557	6975	1242	7698
48	25337	25338	22544	28292	20168	31094	18810	32833	17669	34383
49	22300	22302	19685	25079	17470	27720	16208	29364	15149	30830
50	2140	2140	1386	3057	847	4022	587	4663	400	5258
51	18586	18588	16206	21130	14202	23560	13066	25077	12117	26433
52	37112	37114	33715	40672	30795	44018	29111	46083	27687	47916
53	22652	22653	20015	25451	17781	28111	16507	29766	15439	31243
54	14603	14605	12503	16867	10751	19045	9765	20412	8948	21637
55	7969	7969	6438	9662	5199	11327	4521	12386	3971	13345
56	8498	8499	6915	10244	5628	11956	4922	13043	4347	14027
57	7155	7156	5709	8764	4547	10353	3914	11366	3403	12286
58	8613	8614	7019	10370	5722	12092	5010	13186	4429	14175
59	208745	208750	200577	217077	193360	224720	189105	229356	185446	233423
60	25924	25926	23098	28913	20693	31744	19317	33502	18160	35067
61	17773	17774	15447	20262	13492	22642	12385	24130	11462	25461
62	54921	54919	50771	59235	47173	63259	45083	65729	43306	67915
63	71756	71759	67000	76674	62857	81244	60441	84041	58381	86509
64	122864	122868	116617	129275	111129	135188	107909	138790	105150	141957
65	1216	1217	668	1928	314	2708	165	3238	74	3737
66	1506	1506	887	2288	469	3132	282	3700	158	4233
67	61501	61498	57104	66060	53284	70306	51062	72910	49169	75211
68	33362	33364	30146	36742	27388	39925	25802	41893	24462	43642
69	688068	688076	673171	703128	659894	716830	652014	725092	645205	732309
70	95551	95554	90051	101215	85237	106454	82420	109653	80011	112470
71	29124	29125	26124	32287	23561	35275	22091	37126	20853	38773
72	882	883	427	1500	157	2196	59	2676	12	3131
73	14468	14470	12378	16722	10635	18891	9655	20252	8842	21473
74	174935	174939	167464	182569	160875	189584	156996	193844	153664	197584
75	11626	11627	9761	13655	8220	15621	7362	16861	6654	17976
76	1194	1195	652	1900	303	2675	157	3201	69	3698
77	8412	8413	6837	10150	5559	11854	4857	12937	4286	13917
78	7896	7897	6373	9582	5141	11240	4467	12295	3920	13251
79	6583	6584	5200	8130	4093	9662	3494	10642	3012	11532
80	13333	13334	11329	15499	9664	17590	8732	18904	7959	20084
81	237098	237103	228387	245972	220681	254103	216134	259032	212222	263353
82	28113	28115	25167	31222	22653	34162	21213	35984	19999	37606
83	38553	38555	35089	42180	32109	45586	30389	47687	28933	49551
84	859	859	411	1470	148	2159	53	2635	9	3087
85	21449	21451	18886	24176	16718	26770	15483	28386	14449	29828
86	1576	1576	941	2374	508	3233	312	3810	181	4350
87	1300	1301	731	2033	357	2832	197	3374	96	3883
88	178072	178076	170534	185773	163884	192849	159969	197145	156605	200917
89	87716	87719	82450	93146	77846	98175	75155	101247	72855	103956
90	312018	312024	302013	322186	293142	331483	287898	337109	283380	342035
91	262944	262949	253766	272285	245640	280837	240841	286017	236710	290556
92	9587	9588	7900	11436	6521	13241	5759	14385	5135	15416
93	22045	22046	19445	24807	17243	27434	15989	29070	14938	30529
94	7821	7821	6305	9499	5080	11150	4410	12201	3867	13153
95	122	123	4	404	0	797	0	1095	0	1393
