city_id mean median lower_50 upper_50 lower_80 upper_80 lower_90 upper_90 lower_95 upper_95
1	2548	2548	1711	3550	1100	4594	799	5283	576	5921
2	17017	17018	14725	19475	12802	21831	11716	23305	10811	24625
3	56119	56121	51888	60516	48220	64617	46089	67135	44277	69363
4	10736	10738	8933	12706	7450	14622	6627	15833	5951	16924
5	47	47	0	254	0	582	0	843	0	1109
6	197775	197780	189760	205956	182683	213466	178514	218023	174929	222023
7	3084	3085	2156	4179	1462	5306	1111	6045	845	6726
8	6945	6945	5510	8545	4360	10128	3736	11140	3233	12058
9	16273	16275	14033	18679	12158	20988	11100	22433	10220	23728
10	42511	42513	38839	46348	35675	49946	33845	52163	32295	54129
11	950	950	471	1594	183	2315	74	2812	19	3282
12	2940	2940	2035	4010	1363	5116	1025	5842	770	6512
13	21753	21755	19150	24522	16948	27157	15695	28798	14645	30263
14	105	105	1	374	0	759	0	1053	0	1348
15	943	944	467	1585	180	2306	72	2801	18	3270
16	948	949	471	1592	182	2314	74	2810	19	3280
17	6379	6380	5008	7917	3914	9443	3325	10420	2851	11309
18	1743	1744	1066	2586	598	3488	382	4091	233	4655
19	10103	10104	8356	12016	6924	13881	6131	15061	5482	16126
20	5640	5641	4356	7091	3341	8539	2798	9470	2365	10318
21	2158	2158	1395	3087	850	4065	588	4715	399	5318
22	1222	1222	668	1941	311	2731	162	3268	72	3773
23	3173	3173	2230	4281	1523	5421	1164	6168	891	6856
24	20372	20374	17856	23054	15732	25612	14525	27206	13516	28630
25	7720	7721	6203	9403	4978	11060	4310	12116	3769	13073
26	124620	124624	118275	131131	112702	137137	109432	140795	106630	144012
27	42966	42968	39274	46823	36092	50439	34252	52667	32692	54642
28	16840	16842	14560	19286	12648	21631	11569	23098	10670	24412
29	1598	1599	953	2409	514	3281	316	3868	182	4416
30	11295	11296	9442	13313	7916	15272	7067	16509	6368	17623
31	572	572	219	1090	44	1699	3	2127	0	2539
32	1978	1979	1251	2871	739	3817	496	4448	324	5034
33	108	108	2	381	0	768	0	1064	0	1360
34	128	128	5	416	0	818	0	1123	0	1427
35	51691	51693	47634	55914	44122	59859	42085	62284	40354	64430
36	5439	5439	4179	6864	3186	8290	2656	9208	2235	10044
37	97580	97583	91975	103351	87069	108691	84197	111950	81742	114821
38	28914	28916	25901	32093	23329	35099	21854	36961	20612	38618
39	58612	58614	54286	63104	50533	67290	48351	69860	46494	72131
40	25990	25992	23138	29009	20710	31869	19322	33645	18155	35227
41	2800	2801	1920	3847	1268	4931	943	5644	699	6303
42	7248	7249	5781	8882	4601	10494	3960	11524	3442	12457
43	36055	36057	32680	39595	29783	42926	28113	44983	26702	46809
44	40924	40926	37324	44691	34223	48225	32431	50404	30914	52336
45	6643	6643	5241	8210	4121	9763	3516	10756	3028	11659
46	23591	23592	20877	26470	18574	29206	17261	30907	16159	32424
47	765	765	344	1352	107	2022	30	2487	1	2930
48	10620	10621	8826	12579	7353	14486	6536	15691	5864	16777
49	7729	7730	6211	9413	4986	11071	4317	12128	3775	13085
50	227	227	36	584	0	1048	0	1389	0	1725
51	12632	12633	10668	14762	9042	16821	8133	18118	7382	19284
52	13146	13147	11141	15317	9478	17414	8546	18733	7776	19918
53	13774	13775	11719	15994	10011	18135	9054	19480	8261	20688
54	2704	2704	1840	3734	1204	4803	887	5507	652	6158
55	1084	1085	568	1767	244	2523	115	3040	42	3529
56	7349	7350	5871	8993	4682	10615	4034	11650	3511	12589
57	1661	1662	1002	2487	550	3372	344	3965	204	4520
58	1703	1703	1034	2537	574	3430	363	4029	219	4589
59	46746	46748	42892	50766	39563	54528	37635	56844	35999	58895
60	8830	8831	7202	10624	5878	12382	5149	13498	4556	14507
61	7924	7925	6386	9628	5143	11304	4463	12371	3912	13338
62	29251	29253	26219	32448	23631	35469	22147	37341	20896	39007
63	122798	122802	116500	129262	110970	135225	107725	138858	104945	142053
64	78555	78558	73535	83742	69155	88555	66598	91499	64416	94096
65	500	500	176	990	25	1573	0	1986	0	2384
66	312	312	73	716	0	1223	0	1590	0	1948
67	9441	9442	7755	11293	6378	13103	5618	14250	4997	15286
68	39755	39757	36207	43468	33153	46955	31391	49105	29899	51012
69	709524	709532	694268	724945	680671	738976	672600	747434	665626	754824
70	21245	21247	18674	23983	16500	26589	15264	28214	14229	29664
71	14394	14395	12292	16661	10541	18845	9558	20216	8742	21447
72	202	202	26	543	0	992	0	1326	0	1654
73	7847	7848	6317	9543	5081	11212	4405	12275	3857	13238
74	26302	26304	23432	29338	20989	32214	19591	33999	18416	35590
75	3635	3636	2620	4816	1848	6021	1450	6807	1144	7528
76	133	134	6	427	0	833	0	1140	0	1446
77	4834	4835	3651	6183	2727	7540	2239	8416	1854	9216
78	1325	1325	745	2070	364	2884	201	3435	98	3953
79	1782	1783	1097	2634	621	3543	400	4151	248	4719
80	10756	10757	8950	12727	7466	14644	6642	15856	5965	16948
81	162854	162858	155588	170285	149187	177120	145421	181273	142188	184922
82	84400	84403	79193	89773	74645	94754	71988	97798	69719	100483
83	10814	10816	9004	12791	7515	14713	6688	15927	6009	17021
84	272	272	54	655	0	1142	0	1497	0	1845
85	17997	17998	15637	20523	13654	22939	12531	24450	11595	25801
86	158	158	12	470	0	893	0	1210	0	1525
87	165	165	14	482	0	909	0	1229	0	1546
88	26208	26210	23343	29239	20905	32110	19510	33893	18337	35481
89	12763	12764	10789	14903	9152	16972	8238	18274	7482	19445
90	65173	65175	60607	69904	56637	74308	54326	77006	52357	79390
91	50838	50840	46815	55027	43334	58941	41316	61347	39601	63477
92	857	858	407	1473	143	2170	50	2651	8	3109
93	18936	18938	16514	21525	14473	23998	13317	25542	12351	26923
94	3230	3230	2278	4348	1562	5496	1199	6248	922	6940
95	2201	2202	1430	3138	877	4124	610	4778	418	5386
