city_id mean median lower_50 upper_50 lower_80 upper_80 lower_90 upper_90 lower_95 upper_95
1	3499	3499	2349	4877	1508	6315	1094	7263	788	8141
2	22118	22120	19053	25412	16489	28573	15043	30554	13840	32328
3	82377	82381	76356	88627	71129	94451	68090	98024	65503	101183
4	30678	30680	27048	34537	23975	38207	22224	40492	20757	42531
5	370	370	73	895	0	1564	0	2053	0	2531
6	162081	162085	153589	170801	146136	178850	141766	183755	138023	188070
7	13831	13832	11431	16459	9466	19022	8378	20644	7487	22107
8	27009	27011	23610	30636	20744	34098	19118	36259	17760	38190
9	21868	21870	18821	25144	16273	28289	14837	30260	13643	32026
10	50306	50309	45626	55215	41606	59832	39290	62682	37331	65213
11	8211	8212	6388	10263	4942	12306	4166	13616	3545	14809
12	5045	5046	3641	6678	2572	8344	2021	9429	1596	10426
13	57950	57953	52919	63211	48583	68144	46077	71184	43953	73879
14	1072	1072	486	1886	154	2815	44	3459	3	4073
15	2262	2263	1360	3393	743	4608	462	5423	272	6185
16	3359	3359	2234	4712	1417	6126	1016	7061	722	7927
17	19241	19242	16390	22320	14018	25289	12687	27154	11585	28828
18	1806	1806	1012	2828	492	3945	270	4702	130	5413
19	35698	35700	31774	39851	28435	43787	26525	46231	24920	48408
20	15355	15357	12820	18118	10733	20802	9573	22497	8619	24023
21	7715	7716	5951	9706	4559	11696	3814	12975	3221	14140
22	2962	2963	1913	4240	1164	5586	804	6480	545	7311
23	13180	13182	10840	15749	8929	18257	7873	19847	7010	21282
24	49034	49037	44415	53882	40450	58444	38167	61262	36236	63764
25	15394	15395	12856	18160	10765	20847	9603	22543	8648	24071
26	134006	134010	126294	141945	119545	149291	115596	153775	112218	157725
27	103527	103531	96763	110520	90867	117013	87428	120986	84494	124493
28	9904	9905	7891	12146	6273	14360	5394	15774	4684	17056
29	7453	7454	5722	9413	4358	11374	3631	12635	3053	13785
30	11446	11447	9273	13847	7512	16206	6547	17705	5762	19062
31	2830	2831	1807	4082	1081	5404	736	6284	489	7103
32	4451	4452	3139	5992	2153	7574	1652	8610	1270	9564
33	812	812	317	1536	67	2383	6	2978	0	3549
34	289	289	40	767	0	1393	0	1856	0	2312
35	37260	37262	33247	41500	29830	45515	27873	48005	26227	50223
36	33805	33807	29988	37849	26747	41687	24897	44072	23342	46199
37	145468	145472	137429	153735	130385	161376	126258	166037	122727	170140
38	154329	154333	146045	162841	138780	170702	134522	175494	130876	179713
39	101581	101584	94882	108508	89044	114943	85640	118881	82736	122357
40	150678	150683	142495	159091	135320	166862	131116	171601	127517	175772
41	16477	16478	13847	19335	11674	22104	10463	23850	9464	25421
42	37383	37385	33364	41630	29940	45651	27980	48145	26331	50366
43	65421	65424	60067	71003	55442	76225	52763	79439	50489	82285
44	40655	40658	36459	45080	32876	49260	30821	51850	29089	54154
45	25390	25392	22098	28911	19329	32277	17761	34380	16452	36260
46	79884	79888	73957	86040	68814	91780	65825	95303	63282	98418
47	3795	3796	2593	5226	1705	6711	1263	7688	932	8590
48	25143	25144	21867	28646	19113	31998	17554	34091	16253	35964
49	21237	21239	18236	24466	15729	27570	14317	29516	13145	31261
50	1991	1992	1152	3059	591	4217	344	4998	183	5731
51	18111	18113	15349	21102	13056	23992	11773	25809	10712	27442
52	33458	33460	29662	37483	26439	41303	24600	43677	23055	45794
53	22392	22393	19307	25705	16725	28884	15268	30875	14056	32658
54	14217	14218	11782	16880	9785	19474	8679	21114	7771	22594
55	7975	7976	6180	9998	4759	12016	3998	13311	3390	14491
56	7775	7776	6004	9774	4605	11770	3856	13053	3260	14221
57	7049	7050	5369	8958	4051	10873	3351	12107	2796	13234
58	8512	8513	6654	10598	5176	12673	4381	14003	3743	15212
59	193936	193941	184636	203464	176456	212241	171651	217581	167529	222275
60	22507	22509	19414	25828	16824	29015	15363	31010	14148	32798
61	15116	15117	12602	17858	10533	20524	9384	22207	8440	23723
62	53156	53159	48342	58199	44202	62936	41813	65859	39791	68453
63	67454	67457	62016	73120	57314	78418	54590	81677	52276	84563
64	114926	114930	107794	122288	101566	129113	97928	133285	94821	136964
65	1074	1074	488	1889	155	2818	45	3463	3	4077
66	1326	1326	662	2218	259	3218	107	3904	28	4555
67	58951	58953	53875	64255	49499	69228	46969	72292	44825	75008
68	30607	30609	26981	34461	23911	38127	22163	40410	20698	42447
69	688099	688108	670481	705946	654809	722214	645521	732036	637505	740625
70	87838	87841	81617	94288	76209	100292	73063	103973	70382	107226
71	26501	26503	23136	30096	20300	33528	18692	35670	17349	37586
72	745	745	276	1443	49	2266	1	2848	0	3407
73	13125	13126	10790	15688	8883	18192	7830	19779	6970	21211
74	161384	161388	152910	170085	145475	178118	141114	183012	137379	187319
75	11170	11171	9025	13543	7288	15876	6338	17361	5566	18705
76	1026	1027	456	1826	137	2741	36	3377	1	3984
77	7478	7479	5744	9441	4377	11404	3648	12667	3069	13819
78	7860	7861	6079	9870	4671	11875	3917	13164	3316	14337
79	6027	6028	4482	7801	3286	9594	2658	10755	2167	11818
80	12747	12748	10448	15274	8572	17746	7539	19314	6695	20730
81	228900	228906	218787	239242	209875	248751	204631	254529	200128	259604
82	27308	27310	23890	30955	21007	34435	19370	36605	18002	38545
83	37900	37903	33853	42176	30403	46223	28428	48732	26765	50967
84	782	782	299	1494	59	2331	4	2921	0	3487
85	20401	20403	17462	23568	15010	26617	13632	28529	12489	30245
86	1572	1572	839	2534	374	3595	184	4319	73	5002
87	1309	1309	650	2196	252	3191	102	3875	26	4523
88	169601	169605	160911	178518	153281	186745	148805	191756	144969	196164
89	82728	82731	76693	88990	71454	94826	68409	98406	65816	101571
90	287980	287986	276623	299566	266590	310196	260675	316644	255590	322301
91	244983	244989	234517	255678	225286	265505	219852	271474	215184	276714
92	9121	9122	7194	11277	5654	13414	4821	14781	4151	16023
93	21250	21252	18248	24481	15740	27585	14328	29532	13155	31277
94	7405	7406	5680	9359	4322	11314	3598	12573	3022	13720
95	124	124	0	476	0	988	0	1383	0	1781
