city_id mean median lower_50 upper_50 lower_80 upper_80 lower_90 upper_90 lower_95 upper_95
1	1181	1181	938	1452	743	1720	637	1891	552	2047
2	7775	7775	7129	8449	6572	9079	6249	9468	5975	9811
3	30128	30129	28843	31441	27710	32647	27043	33379	26470	34022
4	11551	11551	10761	12369	10073	13130	9673	13596	9331	14007
5	115	115	49	209	13	318	3	394	0	467
6	64587	64588	62700	66502	61024	68251	60032	69309	59177	70234
7	3667	3667	3228	4134	2856	4579	2645	4855	2468	5103
8	8918	8918	8225	9639	7626	10311	7278	10725	6982	11091
9	8422	8422	7749	9123	7168	9778	6830	10180	6544	10537
10	20963	20964	19894	22060	18955	23072	18404	23689	17932	24231
11	2621	2621	2252	3018	1944	3400	1770	3639	1626	3853
12	1829	1829	1523	2163	1271	2488	1132	2693	1017	2878
13	22891	22892	21773	24037	20790	25093	20213	25736	19718	26301
14	312	312	194	458	111	614	73	718	46	815
15	727	727	539	943	394	1161	318	1302	259	1432
16	1118	1118	882	1382	693	1644	591	1812	509	1964
17	6288	6288	5709	6895	5211	7466	4924	7819	4681	8131
18	627	627	454	828	321	1034	253	1167	201	1290
19	14014	14014	13142	14914	12381	15748	11937	16258	11557	16708
20	4867	4867	4359	5403	3926	5910	3677	6224	3468	6503
21	2452	2452	2096	2836	1798	3207	1632	3439	1493	3648
22	1022	1022	797	1275	618	1527	522	1689	445	1836
23	4618	4618	4124	5140	3702	5635	3461	5942	3258	6215
24	20206	20207	19156	21283	18235	22278	17695	22884	17232	23417
25	5688	5688	5138	6266	4666	6811	4395	7148	4166	7447
26	54058	54059	52332	55812	50802	57415	49898	58385	49118	59234
27	39600	39601	38125	41103	36821	42480	36051	43315	35389	44047
28	3985	3985	3527	4471	3138	4933	2916	5220	2730	5477
29	2917	2917	2527	3335	2200	3736	2015	3986	1860	4210
30	4278	4278	3803	4781	3398	5259	3168	5555	2973	5819
31	986	986	765	1235	590	1483	496	1642	421	1787
32	1495	1495	1220	1798	996	2095	873	2284	772	2454
33	254	254	149	387	78	531	46	628	26	719
34	91	91	34	176	6	277	0	348	0	417
35	14809	14809	13913	15733	13129	16590	12671	17113	12280	17575
36	11819	11819	11020	12646	10324	13415	9918	13886	9572	14302
37	54758	54759	53021	56523	51481	58136	50570	59112	49786	59967
38	52525	52526	50824	54254	49317	55834	48425	56791	47658	57629
39	41399	41400	39891	42935	38556	44343	37769	45196	37091	45944
40	51916	51917	50225	53635	48727	55207	47841	56158	47078	56991
41	6079	6079	5510	6676	5021	7238	4739	7585	4501	7893
42	12318	12318	11502	13162	10790	13947	10376	14427	10022	14851
43	27323	27324	26100	28574	25023	29724	24389	30423	23845	31037
44	16149	16150	15212	17114	14393	18007	13913	18552	13503	19032
45	8394	8394	7723	9093	7142	9747	6805	10149	6519	10505
46	26893	26894	25680	28134	24612	29275	23983	29969	23444	30579
47	1270	1270	1017	1551	814	1827	703	2004	613	2164
48	9747	9747	9022	10500	8394	11201	8028	11632	7718	12013
49	8009	8009	7353	8693	6787	9332	6459	9726	6180	10074
50	599	599	430	796	302	998	236	1129	185	1250
51	6224	6224	5648	6828	5153	7396	4867	7747	4626	8059
52	13859	13859	12992	14754	12236	15584	11794	16091	11416	16538
53	8516	8516	7840	9220	7254	9879	6915	10284	6627	10642
54	5019	5019	4503	5563	4062	6077	3809	6395	3596	6678
55	2956	2956	2563	3377	2233	3780	2047	4032	1892	4257
56	2706	2706	2331	3109	2017	3496	1840	3739	1693	3956
57	2290	2290	1946	2662	1660	3021	1500	3247	1367	3449
58	2933	2933	2542	3352	2213	3754	2028	4005	1873	4229
59	66993	66994	65071	68943	63363	70724	62352	71800	61481	72742
60	8766	8766	8080	9480	7485	10148	7140	10558	6848	10921
61	5525	5525	4983	6095	4519	6632	4252	6965	4026	7260
62	19811	19812	18772	20878	17860	21863	17325	22463	16867	22991
63	26360	26361	25159	27589	24102	28719	23480	29406	22946	30010
64	44257	44258	42697	45845	41316	47299	40501	48180	39799	48952
65	348	348	222	502	133	664	91	772	60	872
66	447	447	303	619	197	798	144	916	105	1025
67	19126	19127	18105	20175	17210	21143	16685	21733	16236	22253
68	11809	11809	11010	12636	10314	13405	9909	13876	9563	14291
69	333211	333213	328906	337544	325053	341470	322759	343830	320772	345887
70	32299	32300	30968	33658	29794	34905	29102	35662	28508	36327
71	10243	10243	9500	11014	8854	11733	8479	12173	8160	12563
72	224	224	126	350	62	487	34	580	17	668
73	4700	4700	4201	5227	3776	5725	3532	6035	3327	6310
74	53717	53718	51997	55465	50472	57063	49570	58030	48793	58877
75	3520	3520	3090	3978	2727	4414	2520	4686	2348	4929
76	282	282	170	422	94	571	59	672	35	766
77	2733	2733	2356	3138	2040	3527	1862	3770	1714	3989
78	2983	2983	2588	3406	2257	3810	2069	4063	1913	4289
79	1898	1898	1586	2238	1329	2568	1186	2776	1069	2964
80	4795	4795	4291	5327	3861	5830	3614	6142	3407	6420
81	90862	90863	88621	93131	86626	95199	85444	96447	84423	97538
82	10617	10617	9860	11402	9202	12133	8820	12581	8494	12977
83	14602	14602	13712	15520	12934	16371	12480	16891	12092	17349
84	232	232	132	360	66	499	37	593	19	682
85	7320	7320	6694	7974	6154	8587	5842	8965	5577	9300
86	511	511	356	694	240	883	182	1007	138	1121
87	445	445	301	617	196	796	143	913	104	1022
88	60098	60099	58278	61946	56663	63634	55707	64655	54883	65549
89	30393	30394	29103	31711	27965	32923	27294	33658	26719	34304
90	95738	95739	93437	98067	91389	100188	90174	101468	89125	102587
91	88209	88210	86001	90445	84036	92483	82872	93713	81866	94788
92	3178	3178	2770	3614	2427	4030	2232	4290	2070	4523
93	7662	7662	7021	8331	6468	8957	6148	9343	5876	9685
94	2798	2798	2416	3208	2096	3601	1916	3847	1766	4067
95	43	43	8	106	0	187	0	246	0	304
