city_id mean median lower_50 upper_50 lower_80 upper_80 lower_90 upper_90 lower_95 upper_95
1	3296	3297	2390	4347	1699	5417	1342	6114	1066	6753
2	21604	21605	19172	24181	17107	26625	15927	28144	14936	29498
3	81382	81385	76594	86315	72407	90881	69958	93670	67864	96127
4	30072	30074	27190	33099	24719	35949	23297	37711	22095	39276
5	306	306	81	677	2	1135	0	1465	0	1786
6	160683	160687	153926	167585	147966	173925	144456	177774	141440	181153
7	13425	13426	11524	15472	9935	17439	9041	18672	8299	19778
8	26440	26442	23742	29283	21437	31967	20114	33630	18999	35108
9	21357	21358	18940	23919	16887	26351	15715	27862	14731	29210
10	49529	49531	45810	53393	42585	56997	40712	59210	39118	61167
11	7899	7900	6457	9486	5283	11039	4637	12024	4110	12915
12	4801	4802	3693	6054	2820	7307	2353	8112	1982	8847
13	57116	57118	53117	61260	49640	65116	47616	67480	45891	69568
14	961	961	505	1562	219	2227	104	2681	39	3110
15	2100	2100	1392	2953	878	3846	627	4436	443	4983
16	3160	3161	2275	4190	1602	5242	1256	5928	989	6558
17	18761	18762	16500	21167	14588	23458	13500	24885	12589	26159
18	1661	1661	1039	2428	603	3243	399	3787	256	4293
19	35044	35046	31927	38306	29245	41368	27696	43256	26384	44931
20	14927	14928	12918	17081	11233	19145	10281	20436	9488	21593
21	7412	7413	6018	8951	4886	10462	4266	11422	3761	12290
22	2776	2776	1951	3746	1332	4744	1018	5397	780	5999
23	12784	12785	10930	14783	9385	16707	8517	17915	7797	18998
24	48267	48269	44597	52082	41415	55643	39568	57829	37997	59763
25	14965	14966	12953	17122	11266	19188	10313	20481	9519	21638
26	132735	132738	126601	139014	121200	144794	118026	148308	115301	151396
27	102411	102414	97032	107936	92311	113035	89543	116143	87172	118877
28	9561	9562	7968	11299	6657	12989	5929	14056	5331	15018
29	7156	7157	5787	8670	4679	10157	4072	11103	3579	11960
30	11077	11078	9357	12943	7931	14747	7135	15883	6477	16904
31	2648	2648	1844	3597	1244	4576	941	5218	712	5811
32	4222	4223	3188	5402	2380	6588	1953	7354	1617	8054
33	716	716	333	1244	112	1845	36	2260	4	2655
34	233	233	46	566	0	989	0	1299	0	1603
35	36591	36593	33405	39922	30659	43047	29073	44973	27729	46680
36	33168	33170	30138	36343	27533	39327	26031	41169	24760	42803
37	144144	144148	137748	150685	132113	156699	128797	160354	125950	163565
38	152965	152969	146374	159701	140563	165891	137143	169651	134204	172952
39	100475	100478	95147	105948	90474	111001	87733	114080	85387	116790
40	149331	149335	142820	155987	137081	162106	133703	165823	130802	169087
41	16033	16034	13948	18263	12195	20395	11202	21727	10374	22919
42	36713	36715	33521	40050	30771	43179	29182	45108	27835	46818
43	64534	64536	60279	68934	56571	73022	54408	75523	52563	77731
44	39957	39959	36624	43435	33747	46692	32081	48696	30669	50472
45	24839	24840	22227	27597	19998	30204	18721	31821	17645	33260
46	78904	78907	74191	83762	70071	88261	67662	91010	65603	93432
47	3584	3585	2637	4676	1908	5785	1528	6504	1232	7163
48	24594	24595	21995	27338	19778	29934	18508	31543	17439	32976
49	20733	20734	18352	23259	16333	25657	15181	27149	14214	28479
50	1839	1839	1181	2642	713	3490	489	4053	328	4577
51	17646	17647	15455	19982	13607	22209	12557	23598	11679	24840
52	32825	32827	29811	35984	27221	38954	25727	40786	24464	42413
53	21874	21875	19427	24466	17347	26925	16159	28452	15161	29814
54	13805	13806	11876	15879	10263	17872	9354	19120	8598	20239
55	7667	7668	6248	9231	5094	10764	4460	11738	3943	12618
56	7471	7472	6071	9016	4934	10532	4311	11495	3803	12366
57	6760	6761	5432	8233	4360	9684	3775	10609	3301	11446
58	8194	8195	6724	9809	5525	11387	4864	12388	4323	13292
59	192407	192411	185007	199952	178466	206872	174609	211068	171292	214749
60	21988	21989	19534	24587	17449	27051	16257	28582	15256	29947
61	14691	14692	12699	16828	11029	18878	10086	20160	9300	21309
62	52357	52359	48531	56328	45210	60028	43279	62298	41636	64305
63	66553	66555	62231	71021	58462	75168	56263	77706	54387	79946
64	113750	113753	108077	119568	103092	124933	100165	128198	97656	131070
65	963	963	507	1564	220	2230	105	2684	39	3114
66	1202	1202	684	1865	342	2587	193	3075	98	3533
67	58109	58111	54075	62288	50566	66176	48523	68559	46781	70664
68	30001	30003	27123	33024	24655	35871	23234	37631	22034	39195
69	685216	685224	671186	699391	658675	712281	651246	720050	644824	726835
70	86810	86813	81863	91902	77532	96612	74997	99487	72828	102019
71	25938	25939	23267	28754	20985	31415	19677	33063	18574	34529
72	653	653	290	1161	88	1743	23	2147	1	2532
73	12729	12730	10879	14724	9338	16644	8472	17850	7754	18931
74	159989	159993	153247	166876	147300	173202	143798	177044	140789	180416
75	10805	10806	9107	12648	7701	14433	6917	15557	6269	16568
76	918	918	474	1507	199	2161	91	2609	31	3032
77	7180	7181	5809	8696	4698	10186	4090	11133	3596	11991
78	7555	7556	6147	9108	5003	10632	4374	11599	3863	12474
79	5760	5761	4540	7126	3565	8480	3038	9346	2614	10133
80	12357	12358	10536	14323	9020	16218	8169	17409	7464	18477
81	227239	227243	219190	235433	212066	242936	207860	247482	204239	251466
82	26736	26738	24023	29594	21704	32293	20372	33963	19250	35449
83	37226	37228	34012	40586	31241	43735	29639	45676	28282	47397
84	688	688	314	1207	101	1799	30	2210	2	2601
85	19907	19908	17576	22383	15601	24738	14475	26202	13531	27510
86	1437	1437	864	2155	472	2927	293	3444	173	3928
87	1186	1186	672	1845	333	2563	187	3049	94	3505
88	168171	168175	161257	175230	155155	181711	151560	185646	148470	189099
89	81730	81733	76932	86673	72735	91249	70281	94043	68182	96505
90	286116	286121	277076	295301	269058	303698	264318	308778	260233	313226
91	243264	243269	234934	251739	227556	259496	223198	264194	219445	268310
92	8792	8793	7267	10462	6018	12090	5327	13121	4761	14050
93	20746	20747	18365	23272	16344	25672	15192	27164	14225	28494
94	7109	7110	5745	8618	4641	10101	4037	11045	3546	11899
95	88	88	1	320	0	654	0	910	0	1166
