city_id mean median lower_50 upper_50 lower_80 upper_80 lower_90 upper_90 lower_95 upper_95
1	1244	1243	829	1742	527	2264	379	2608	270	2927
2	10817	10818	9511	12207	8407	13530	7779	14355	7253	15091
3	36107	36108	33686	38611	31579	40938	30350	42363	29302	43622
4	12515	12516	11108	14007	9912	15422	9229	16302	8655	17086
5	133	133	25	324	0	568	0	747	0	922
6	75765	75766	72240	79373	69137	82695	67313	84716	65748	86491
7	7315	7315	6248	8465	5360	9573	4861	10268	4447	10892
8	10496	10497	9211	11866	8125	13171	7508	13985	6991	14712
9	9668	9669	8436	10984	7398	12241	6809	13026	6318	13728
10	22999	23000	21076	25006	19415	26886	18455	28043	17640	29068
11	2939	2938	2278	3683	1755	4425	1475	4902	1251	5336
12	2216	2216	1648	2868	1208	3527	978	3954	797	4345
13	24042	24043	22075	26093	20375	28013	19390	29194	18555	30239
14	467	467	229	789	86	1151	34	1400	8	1636
15	857	857	520	1278	288	1730	181	2032	109	2315
16	1178	1178	775	1665	484	2175	343	2513	240	2826
17	6864	6865	5833	7980	4975	9056	4495	9733	4097	10341
18	823	823	493	1237	268	1681	166	1980	97	2259
19	15020	15021	13474	16651	12154	18191	11396	19145	10758	19993
20	5427	5427	4514	6423	3764	7393	3348	8005	3006	8557
21	3044	3044	2371	3801	1837	4555	1550	5038	1320	5478
22	1226	1226	814	1722	515	2240	369	2583	262	2900
23	4988	4988	4115	5945	3400	6879	3005	7470	2682	8004
24	21154	21155	19311	23081	17723	24888	16806	26001	16029	26989
25	6742	6743	5720	7848	4871	8916	4396	9588	4003	10191
26	62697	62699	59494	65984	56682	69016	55031	70862	53617	72487
27	44972	44973	42266	47762	39901	50347	38518	51926	37336	53317
28	4393	4393	3576	5294	2912	6177	2548	6738	2250	7245
29	3022	3021	2351	3776	1820	4527	1534	5009	1306	5448
30	5373	5374	4465	6365	3719	7330	3306	7940	2966	8490
31	1169	1169	768	1654	478	2162	338	2499	236	2812
32	2331	2331	1748	2999	1294	3672	1055	4107	867	4505
33	281	281	106	540	20	846	1	1061	0	1268
34	110	110	16	288	0	520	0	692	0	860
35	16492	16493	14870	18198	13481	19806	12682	20801	12008	21686
36	16458	16458	14837	18162	13450	19769	12652	20763	11979	21646
37	60657	60659	57508	63891	54743	66875	53122	68693	51732	70292
38	59945	59947	56814	63160	54067	66127	52455	67935	51075	69525
39	43156	43158	40506	45890	38191	48424	36839	49973	35683	51338
40	62547	62549	59349	65830	56540	68859	54891	70703	53479	72326
41	6334	6335	5345	7407	4526	8446	4068	9100	3690	9688
42	14548	14549	13027	16153	11729	17671	10985	18611	10359	19448
43	28359	28361	26219	30584	24363	32659	23286	33933	22369	35060
44	18159	18160	16455	19947	14992	21629	14149	22669	13436	23591
45	9310	9311	8102	10602	7085	11838	6510	12610	6029	13300
46	35753	35755	33345	38246	31248	40562	30026	41981	28984	43233
47	1338	1337	906	1854	588	2390	431	2744	314	3071
48	9904	9904	8656	11235	7604	12506	7008	13300	6509	14008
49	9037	9037	7847	10311	6847	11530	6281	12292	5810	12973
50	799	799	475	1208	255	1647	155	1943	89	2220
51	7018	7018	5974	8145	5106	9233	4619	9916	4216	10529
52	16925	16926	15282	18653	13873	20281	13063	21288	12378	22182
53	8943	8944	7759	10210	6765	11424	6203	12182	5735	12861
54	5543	5543	4620	6550	3861	7528	3439	8146	3093	8703
55	3099	3099	2420	3862	1880	4622	1589	5109	1356	5551
56	3411	3411	2696	4210	2124	5001	1815	5507	1566	5967
57	2628	2628	2006	3334	1517	4042	1257	4498	1051	4914
58	3205	3205	2514	3981	1963	4752	1666	5245	1427	5694
59	80626	80628	76989	84348	73785	87771	71900	89852	70282	91680
60	11506	11507	10158	12938	9016	14300	8365	15147	7819	15903
61	7757	7757	6657	8940	5739	10077	5222	10790	4793	11430
62	22363	22364	20468	24343	18832	26198	17886	27341	17084	28353
63	30792	30793	28560	33108	26622	35265	25494	36589	24535	37758
64	51166	51168	48277	54140	45747	56889	44266	58567	42998	60044
65	464	463	227	785	85	1146	33	1394	7	1630
66	606	605	329	966	151	1363	77	1633	33	1888
67	21823	21824	19950	23779	18336	25612	17403	26742	16611	27744
68	14226	14227	12723	15814	11440	17315	10706	18247	10087	19075
69	342030	342034	334494	349651	327778	356586	323793	360768	320349	364421
70	43387	43388	40730	46128	38408	48669	37052	50221	35893	51590
71	12561	12562	11150	14055	9952	15473	9268	16353	8693	17139
72	356	356	154	643	43	973	9	1203	0	1423
73	5835	5836	4887	6867	4105	7868	3670	8500	3312	9068
74	66536	66538	63235	69921	60335	73041	58632	74940	57172	76610
75	3991	3990	3214	4852	2587	5698	2244	6238	1966	6726
76	461	460	224	781	84	1141	32	1389	7	1624
77	3618	3618	2881	4440	2288	5251	1966	5769	1707	6239
78	3212	3211	2519	3988	1967	4759	1670	5253	1431	5702
79	2549	2548	1936	3245	1457	3944	1203	4394	1001	4806
80	5638	5638	4707	6653	3940	7639	3514	8261	3164	8822
81	103284	103286	99161	107491	95520	111351	93374	113693	91530	115748
82	11923	11924	10550	13380	9386	14764	8721	15625	8164	16392
83	15591	15592	14015	17251	12667	18818	11894	19788	11241	20651
84	314	313	126	585	29	901	4	1123	0	1336
85	9068	9069	7876	10344	6874	11565	6308	12328	5835	13011
86	554	554	291	901	126	1285	60	1548	22	1795
87	483	483	240	810	94	1176	38	1428	10	1667
88	67942	67944	64607	71362	61674	74514	59952	76432	58476	78119
89	36215	36217	33791	38723	31680	41054	30449	42481	29400	43741
90	120216	120219	115765	124751	111828	128907	109506	131427	107507	133635
91	105575	105577	101406	109827	97724	113729	95553	116096	93687	118172
92	3719	3719	2971	4552	2369	5373	2041	5897	1776	6372
93	8539	8540	7384	9779	6415	10967	5868	11711	5412	12376
94	3249	3249	2552	4030	1997	4805	1697	5301	1456	5752
95	47	47	0	178	0	368	0	515	0	661
