city_id mean median lower_50 upper_50 lower_80 upper_80 lower_90 upper_90 lower_95 upper_95
1	2396	2395	1665	3259	1120	4150	846	4735	638	5274
2	15203	15202	13261	17277	11626	19259	10699	20496	9924	21603
3	53283	53285	49589	57108	46377	60668	44506	62848	42912	64775
4	10267	10266	8683	11984	7370	13643	6636	14688	6029	15627
5	47	47	0	224	0	498	0	713	0	931
6	181764	181767	174886	188774	168806	195200	165219	199097	162134	202514
7	2469	2468	1726	3344	1170	4246	889	4837	676	5382
8	6864	6865	5581	8280	4539	9669	3967	10551	3501	11349
9	15447	15446	13489	17538	11840	19534	10904	20780	10122	21894
10	39488	39489	36318	42791	33576	45879	31987	47778	30638	49459
11	912	912	486	1470	217	2086	107	2506	42	2903
12	2849	2848	2046	3784	1436	4740	1123	5364	882	5937
13	20251	20252	18000	22635	16086	24896	14992	26300	14073	27551
14	101	101	4	332	0	653	0	896	0	1139
15	859	860	448	1403	192	2007	89	2419	32	2809
16	917	917	490	1477	219	2094	109	2515	44	2912
17	6156	6157	4945	7501	3967	8825	3434	9669	3001	10433
18	1204	1204	705	1836	369	2518	220	2977	121	3408
19	9358	9357	7849	11000	6603	12592	5909	13596	5337	14500
20	5372	5373	4245	6633	3343	7881	2855	8679	2462	9404
21	2089	2088	1411	2900	914	3743	668	4299	485	4814
22	1202	1202	704	1833	368	2515	219	2974	121	3404
23	2816	2815	2018	3746	1413	4698	1102	5319	863	5889
24	19660	19662	17443	22011	15560	24240	14484	25626	13581	26861
25	7345	7346	6015	8807	4932	10238	4335	11145	3847	11964
26	112453	112456	107058	117981	102312	123073	99524	126172	97133	128895
27	41670	41672	38412	45061	35591	48229	33955	50176	32564	51898
28	16520	16521	14493	18680	12781	20738	11808	22021	10994	23167
29	1583	1582	1001	2297	591	3054	397	3558	259	4028
30	11057	11056	9410	12836	8041	14551	7274	15629	6638	16597
31	562	563	242	1015	68	1536	15	1899	0	2246
32	1811	1811	1184	2571	733	3368	515	3897	356	4387
33	107	107	5	342	0	667	0	913	0	1158
34	128	128	10	378	0	717	0	971	0	1224
35	42867	42869	39561	46306	36698	49516	35036	51488	33623	53233
36	5725	5726	4559	7023	3622	8307	3113	9126	2702	9869
37	91336	91338	86480	96324	82220	100931	79723	103738	77584	106209
38	27681	27683	25038	30457	22771	33071	21466	34686	20363	36121
39	54765	54767	51020	58643	47761	62249	45862	64458	44243	66408
40	24505	24506	22021	27121	19898	29590	18680	31119	17652	32479
41	2767	2767	1977	3691	1379	4635	1072	5252	837	5819
42	6482	6483	5237	7860	4229	9214	3678	10075	3230	10855
43	34527	34528	31567	37620	29014	40518	27539	42304	26288	43887
44	37588	37589	34496	40812	31826	43829	30279	45685	28967	47330
45	6097	6098	4892	7436	3920	8754	3390	9595	2960	10356
46	21446	21448	19127	23898	17153	26219	16023	27659	15072	28942
47	756	756	374	1270	144	1846	58	2242	15	2618
48	10300	10299	8713	12019	7398	13681	6662	14727	6054	15667
49	7187	7187	5872	8634	4802	10050	4213	10949	3733	11762
50	210	210	40	513	0	899	0	1181	0	1458
51	11740	11739	10042	13571	8626	15334	7830	16440	7170	17432
52	12348	12347	10604	14224	9148	16027	8327	17157	7646	18171
53	12868	12867	11087	14782	9596	16619	8756	17770	8057	18801
54	2643	2643	1872	3547	1291	4474	995	5081	769	5639
55	1057	1057	594	1653	290	2303	160	2744	78	3158
56	5363	5364	4237	6622	3336	7870	2848	8668	2456	9392
57	1460	1459	904	2148	516	2882	336	3372	211	3829
58	1618	1618	1029	2339	612	3103	414	3611	274	4084
59	44836	44838	41454	48351	38521	51630	36818	53644	35369	55424
60	8693	8693	7241	10278	6047	11819	5384	12793	4839	13670
61	7695	7696	6333	9191	5220	10651	4605	11576	4102	12411
62	27516	27517	24881	30284	22621	32890	21320	34501	20221	35932
63	108479	108482	103181	113910	98523	118914	95788	121960	93442	124638
64	76261	76264	71830	80825	67952	85049	65684	87628	63744	89900
65	473	473	185	894	39	1386	4	1732	0	2064
66	303	303	86	653	4	1082	0	1390	0	1689
67	9334	9333	7826	10973	6582	12564	5890	13567	5319	14469
68	37829	37831	34728	41063	32048	44090	30496	45952	29179	47601
69	672871	672879	659577	686298	647719	698503	640675	705857	634585	712279
70	21217	21219	18911	23656	16948	25966	15825	27399	14880	28676
71	13466	13465	11642	15422	10113	17298	9250	18471	8531	19522
72	196	196	34	490	0	869	0	1147	0	1420
73	7300	7301	5975	8758	4895	10185	4300	11090	3815	11907
74	24811	24813	22312	27443	20175	29927	18948	31464	17912	32831
75	3259	3258	2395	4255	1731	5265	1385	5921	1116	6523
76	123	123	9	370	0	706	0	959	0	1210
77	4240	4241	3246	5367	2464	6496	2048	7222	1717	7885
78	1297	1296	776	1949	421	2651	261	3122	152	3563
79	1690	1690	1087	2426	657	3203	452	3719	304	4198
80	10194	10193	8616	11905	7308	13559	6577	14600	5973	15537
81	147806	147810	141611	154134	136145	159947	132926	163476	130160	166574
82	73735	73737	69378	78224	65569	82380	63341	84918	61436	87155
83	9938	9937	8381	11628	7092	13263	6372	14293	5778	15220
84	255	255	61	582	0	990	0	1285	0	1573
85	17785	17786	15679	20023	13896	22153	12881	23478	12030	24661
86	157	157	19	428	0	785	0	1050	0	1311
87	162	161	21	435	0	795	0	1061	0	1324
88	25418	25420	22888	28081	20723	30593	19479	32148	18429	33529
89	12622	12621	10859	14518	9384	16339	8553	17480	7862	18503
90	57589	57591	53747	61564	50400	65257	48449	67519	46785	69515
91	46723	46725	43269	50310	40271	53654	38529	55706	37047	57520
92	826	826	424	1360	176	1955	79	2362	26	2748
93	18273	18274	16138	20541	14328	22697	13297	24038	12432	25235
94	2961	2961	2141	3914	1516	4885	1194	5518	945	6099
95	2036	2036	1368	2838	879	3673	638	4224	460	4734
