city_id mean median lower_50 upper_50 lower_80 upper_80 lower_90 upper_90 lower_95 upper_95
1	1240	1241	859	1692	575	2159	432	2465	325	2748
2	8825	8826	7749	9971	6839	11063	6322	11744	5889	12352
3	32225	32226	30137	34384	28315	36388	27253	37614	26346	38695
4	12193	12194	10922	13534	9837	14802	9215	15588	8691	16287
5	132	132	31	302	0	516	0	671	0	822
6	69708	69709	66619	72866	63898	75770	62297	77535	60922	79085
7	5216	5217	4397	6106	3719	6967	3340	7509	3028	7996
8	9765	9765	8631	10969	7669	12113	7121	12824	6662	13459
9	9040	9040	7950	10199	7028	11304	6504	11992	6065	12606
10	21832	21833	20119	23614	18636	25280	17776	26304	17045	27210
11	2851	2851	2255	3518	1777	4178	1519	4600	1310	4984
12	2007	2006	1512	2572	1126	3140	922	3508	762	3843
13	23476	23477	21699	25324	20158	27048	19263	28106	18502	29042
14	399	399	198	671	76	975	31	1184	8	1382
15	807	806	506	1178	294	1571	195	1834	125	2079
16	1176	1176	805	1617	531	2073	395	2374	292	2651
17	6633	6634	5705	7631	4928	8590	4491	9191	4127	9730
18	735	734	449	1090	252	1470	161	1725	98	1962
19	14584	14584	13190	16047	11995	17425	11307	18277	10726	19033
20	5165	5165	4350	6050	3675	6907	3299	7447	2989	7932
21	2724	2724	2142	3377	1677	4024	1426	4439	1225	4816
22	1101	1101	744	1529	481	1974	352	2267	256	2538
23	4895	4895	4102	5757	3448	6594	3084	7122	2784	7597
24	20797	20798	19126	22538	17681	24166	16844	25167	16132	26053
25	6167	6168	5273	7131	4528	8059	4109	8642	3762	9164
26	59399	59401	56551	62317	54046	65005	52574	66641	51312	68078
27	41431	41433	39059	43874	36981	46134	35766	47513	34726	48728
28	4129	4129	3404	4924	2810	5700	2483	6191	2214	6635
29	3014	3013	2399	3698	1906	4374	1638	4806	1421	5198
30	4754	4755	3973	5605	3330	6431	2973	6952	2678	7422
31	1079	1079	725	1502	467	1943	339	2235	245	2504
32	1725	1725	1269	2252	918	2786	735	3132	592	3450
33	280	280	117	513	30	783	5	971	0	1151
34	107	107	20	264	0	466	0	613	0	758
35	15616	15617	14173	17130	12933	18552	12218	19431	11614	20210
36	13540	13540	12198	14951	11050	16282	10390	17106	9833	17838
37	56871	56873	54085	59727	51636	62359	50197	63961	48964	65369
38	55850	55851	53089	58680	50663	61289	49238	62877	48017	64274
39	42572	42573	40166	45048	38059	47337	36826	48734	35771	49965
40	57131	57132	54338	59993	51883	62631	50442	64237	49205	65648
41	6268	6269	5367	7240	4615	8175	4192	8761	3841	9287
42	13420	13421	12084	14825	10942	16151	10285	16971	9731	17700
43	27866	27867	25926	29876	24239	31746	23257	32891	22420	33904
44	17218	17219	15701	18805	14394	20295	13640	21213	13001	22027
45	8896	8896	7815	10046	6901	11142	6382	11825	5947	12435
46	29817	29818	27810	31895	26061	33826	25042	35008	24174	36052
47	1335	1335	937	1802	640	2282	489	2597	374	2887
48	9745	9745	8612	10947	7651	12090	7104	12801	6645	13436
49	8428	8428	7377	9548	6490	10618	5987	11285	5566	11881
50	726	726	442	1080	247	1459	157	1712	95	1949
51	6670	6671	5739	7672	4960	8633	4522	9235	4157	9775
52	14786	14787	13382	16259	12178	17646	11485	18503	10899	19264
53	8762	8763	7690	9905	6784	10993	6269	11672	5838	12278
54	5354	5354	4523	6254	3835	7125	3451	7674	3133	8166
55	3087	3086	2465	3779	1964	4462	1692	4898	1472	5294
56	2990	2990	2379	3672	1887	4346	1621	4777	1405	5167
57	2483	2482	1928	3107	1489	3729	1253	4129	1065	4492
58	3115	3115	2490	3810	1987	4496	1713	4934	1491	5331
59	71975	71977	68837	75184	66070	78134	64442	79926	63043	81499
60	9551	9552	8430	10742	7480	11875	6939	12579	6485	13208
61	6386	6386	5475	7366	4715	8309	4288	8900	3933	9430
62	21168	21169	19482	22924	18023	24565	17178	25575	16459	26468
63	28283	28284	26329	30308	24628	32191	23638	33344	22794	34363
64	46800	46801	44276	49394	42062	51790	40765	53251	39654	54537
65	389	389	190	657	72	958	28	1166	6	1363
66	533	533	295	841	140	1179	75	1408	35	1623
67	20423	20424	18767	22148	17336	23762	16507	24755	15803	25634
68	12605	12606	11312	13968	10207	15256	9573	16053	9039	16763
69	339709	339713	332849	346639	326731	352940	323098	356737	319957	360053
70	38697	38698	36404	41059	34400	43246	33228	44581	32226	45759
71	10992	10993	9787	12268	8761	13476	8175	14226	7682	14894
72	293	292	125	530	34	804	7	994	0	1177
73	5193	5194	4376	6081	3699	6940	3322	7481	3010	7968
74	59101	59103	56260	62012	53762	64694	52294	66325	51035	67759
75	3693	3693	3009	4447	2453	5186	2148	5655	1899	6079
76	382	382	186	649	69	949	26	1155	6	1351
77	2999	2998	2386	3681	1894	4356	1627	4787	1411	5178
78	3168	3168	2537	3869	2029	4560	1752	5000	1528	5400
79	2189	2189	1670	2777	1263	3367	1047	3747	875	4094
80	5249	5249	4427	6141	3746	7004	3366	7548	3053	8036
81	97476	97478	93818	101205	90583	104622	88675	106694	87033	108511
82	11375	11376	10148	12672	9104	13899	8506	14661	8002	15339
83	15210	15210	13786	16704	12563	18109	11859	18977	11263	19747
84	282	282	118	516	31	786	6	975	0	1156
85	8458	8458	7405	9581	6516	10652	6012	11320	5590	11917
86	554	554	310	867	151	1209	83	1441	40	1659
87	480	480	256	774	114	1099	56	1321	22	1530
88	63451	63453	60507	66466	57914	69241	56390	70929	55083	72411
89	32870	32871	30760	35050	28920	37073	27846	38310	26930	39402
90	107143	107146	103306	111051	99910	114629	97906	116797	96180	118698
91	94893	94895	91284	98572	88093	101945	86211	103990	84593	105784
92	3459	3459	2798	4190	2263	4908	1970	5364	1732	5778
93	8147	8148	7114	9250	6244	10303	5751	10960	5338	11547
94	2998	2997	2385	3680	1893	4355	1626	4786	1410	5176
95	47	47	1	164	0	328	0	454	0	580
