city_id mean median lower_50 upper_50 lower_80 upper_80 lower_90 upper_90 lower_95 upper_95
1	3441	3441	2694	4280	2099	5113	1778	5648	1521	6133
2	19501	19502	17658	21434	16078	23254	15167	24378	14397	25377
3	74092	74094	70458	77818	67263	81251	65386	83341	63778	85179
4	28262	28263	26035	30580	24107	32747	22989	34078	22039	35257
5	374	374	158	682	42	1036	8	1284	0	1521
6	146702	146705	141570	151927	137026	156710	134342	159607	132032	162146
7	7355	7356	6242	8561	5317	9724	4799	10456	4370	11113
8	24153	24154	22097	26299	20324	28311	19299	29550	18430	30648
9	20069	20070	18199	22030	16594	23874	15669	25013	14886	26024
10	47272	47274	44379	50258	41851	53024	40374	54715	39112	56206
11	7569	7569	6438	8791	5498	9969	4971	10710	4535	11375
12	4579	4580	3710	5540	3006	6483	2619	7083	2305	7626
13	56561	56560	53392	59822	50615	62838	48990	64677	47598	66297
14	878	878	523	1324	282	1805	173	2127	100	2429
15	2083	2083	1511	2745	1075	3421	850	3860	675	4263
16	3342	3343	2606	4169	2022	4993	1707	5521	1456	6001
17	18525	18526	16731	20411	15193	22188	14308	23286	13561	24262
18	1597	1597	1102	2183	735	2789	551	3187	412	3554
19	34048	34049	31599	36588	29472	38954	28234	40406	27180	41688
20	14575	14576	12988	16253	11638	17842	10865	18829	10215	19707
21	6869	6870	5794	8036	4905	9164	4408	9875	3997	10514
22	2905	2906	2222	3680	1685	4456	1400	4955	1173	5411
23	12154	12154	10709	13690	9486	15151	8790	16061	8206	16874
24	47401	47403	44504	50391	41972	53161	40493	54854	39229	56347
25	14040	14041	12484	15688	11161	17250	10404	18220	9768	19085
26	119215	119218	114593	123929	110508	128252	108100	130875	106028	133175
27	97224	97226	93054	101485	89377	105401	87212	107779	85353	109868
28	9776	9777	8485	11158	7400	12482	6787	13309	6275	14049
29	7423	7423	6304	8633	5374	9802	4853	10536	4422	11196
30	9728	9729	8440	11107	7359	12428	6747	13253	6237	13992
31	2582	2582	1940	3314	1441	4052	1178	4529	971	4966
32	3890	3890	3092	4779	2452	5658	2105	6219	1824	6728
33	807	807	468	1237	242	1702	142	2016	77	2310
34	281	281	100	554	15	877	0	1106	0	1327
35	34981	34982	32498	37555	30340	39952	29084	41421	28015	42719
36	28968	28969	26713	31315	24760	33507	23627	34853	22664	36045
37	137215	137217	132252	142268	127861	146898	125270	149704	123039	152163
38	140914	140917	135884	146035	131433	150725	128805	153566	126543	156057
39	97633	97635	93454	101903	89769	105827	87600	108210	85736	110303
40	129342	129345	124526	134250	120266	138749	117753	141475	115590	143866
41	16157	16158	14484	17921	13056	19588	12237	20621	11547	21540
42	33185	33186	30768	35693	28669	38031	27449	39465	26410	40732
43	64152	64150	60773	67622	57809	70826	56071	72778	54582	74495
44	38118	38120	35524	40804	33266	43300	31951	44829	30829	46180
45	23695	23697	21660	25822	19905	27816	18891	29044	18031	30133
46	69505	69507	65986	73115	62896	76445	61082	78472	59528	80255
47	3799	3800	3012	4678	2381	5548	2038	6104	1763	6609
48	25325	25326	23219	27522	21400	29579	20348	30845	19455	31967
49	19973	19974	18108	21929	16506	23769	15584	24906	14803	25915
50	1506	1506	1027	2076	674	2668	498	3058	367	3418
51	16505	16506	14814	18288	13369	19971	12540	21014	11841	21942
52	30126	30127	27825	32518	25831	34751	24673	36122	23689	37335
53	22016	22017	20056	24068	18369	25994	17394	27182	16570	28235
54	12935	12935	11443	14518	10177	16022	9456	16958	8850	17792
55	7702	7703	6561	8935	5612	10123	5080	10869	4639	11539
56	7098	7099	6005	8283	5098	9428	4591	10149	4172	10796
57	7116	7117	6022	8303	5114	9449	4606	10171	4187	10819
58	8002	8003	6838	9257	5869	10466	5324	11224	4872	11905
59	175347	175350	169731	181054	164752	186272	161808	189429	159272	192195
60	19793	19794	17937	21741	16343	23574	15425	24705	14649	25710
61	12125	12126	10682	13659	9461	15120	8765	16029	8183	16840
62	48329	48330	45402	51347	42845	54143	41350	55851	40073	57357
63	61707	61705	58394	65111	55489	68255	53786	70172	52328	71859
64	105754	105757	101403	110197	97563	114276	95301	116752	93357	118925
65	1030	1030	641	1509	370	2019	243	2360	155	2677
66	1056	1056	662	1541	386	2056	256	2400	165	2720
67	53634	53632	50548	56810	47848	59750	46268	61544	44916	63124
68	28644	28645	26401	30978	24460	33158	23334	34498	22377	35683
69	667664	667670	656662	678757	646832	688825	640987	694885	635928	700172
70	68376	68378	64886	71957	61822	75260	60023	77272	58483	79041
71	23629	23630	21596	25753	19844	27744	18831	28970	17972	30058
72	525	525	261	880	101	1278	41	1552	11	1811
73	11595	11595	10184	13096	8993	14527	8315	15418	7748	16214
74	140540	140543	135517	145654	131072	150338	128448	153176	126189	155664
75	11011	11012	9638	12475	8480	13872	7822	14744	7272	15522
76	750	750	426	1166	211	1619	119	1926	60	2213
77	6822	6823	5751	7985	4865	9110	4370	9818	3962	10456
78	7434	7435	6314	8645	5383	9815	4862	10549	4431	11210
79	5222	5223	4291	6245	3531	7244	3111	7878	2768	8450
80	11450	11451	10049	12943	8866	14365	8193	15251	7630	16043
81	212601	212604	206413	218881	200918	224614	197666	228080	194861	231113
82	24049	24051	21999	26192	20230	28199	19207	29436	18339	30532
83	35954	35955	33436	38563	31246	40991	29972	42479	28886	43794
84	672	672	367	1068	171	1503	89	1799	39	2078
85	16700	16700	14998	18492	13544	20185	12709	21234	12006	22166
86	1570	1570	1080	2151	717	2753	535	3148	399	3514
87	1318	1319	873	1855	550	2416	393	2788	277	3132
88	155016	155019	149738	160384	145064	165298	142302	168273	139924	170880
89	71749	71751	68173	75416	65031	78797	63186	80855	61605	82665
90	235456	235460	228941	242062	223153	248090	219724	251732	216767	254918
91	221075	221078	214764	227477	209158	233322	205839	236854	202977	239945
92	8223	8224	7043	9495	6058	10719	5505	11486	5045	12175
93	19570	19571	17724	21507	16140	23329	15228	24455	14457	25455
94	6841	6841	5768	8005	4881	9131	4385	9840	3976	10478
95	166	166	37	386	0	662	0	862	0	1058
