city_id mean median lower_50 upper_50 lower_80 upper_80 lower_90 upper_90 lower_95 upper_95
1	3286	3287	2081	4765	1230	6332	827	7376	542	8348
2	24677	24679	21135	28493	18181	32164	16519	34466	15140	36532
3	87973	87977	81164	95056	75267	101669	71845	105732	68937	109327
4	30517	30519	26563	34745	23237	38787	21354	41312	19781	43571
5	309	309	34	858	0	1587	0	2129	0	2665
6	170375	170380	160846	180178	152499	189241	147612	194770	143429	199639
7	17395	17397	14444	20621	12020	23760	10677	25745	9574	27534
8	27513	27515	23766	31534	20626	35391	18854	37804	17378	39966
9	22299	22301	18939	25933	16148	29440	14584	31645	13290	33626
10	51279	51282	46113	56719	41696	61853	39159	65031	37019	67857
11	8038	8039	6076	10275	4543	12523	3732	13975	3093	15302
12	5172	5173	3625	6993	2466	8868	1880	10096	1434	11228
13	57766	57769	52275	63531	47564	68958	44852	72311	42560	75290
14	1097	1097	458	2010	118	3066	21	3805	0	4511
15	2190	2191	1231	3423	602	4768	333	5679	163	6535
16	3143	3144	1967	4593	1143	6133	756	7161	485	8119
17	19158	19160	16054	22536	13493	25813	12067	27881	10893	29741
18	1792	1793	938	2920	403	4171	190	5026	69	5833
19	35749	35751	31459	40314	27829	44659	25764	47366	24034	49782
20	15432	15434	12660	18478	10398	21456	9151	23344	8133	25049
21	7969	7970	6016	10197	4491	12437	3685	13884	3050	15206
22	2932	2933	1801	4337	1017	5837	655	6841	404	7778
23	12866	12867	10347	15659	8313	18410	7202	20161	6302	21748
24	48722	48725	43690	54028	39393	59041	36929	62147	34852	64910
25	15850	15852	13039	18935	10742	21948	9474	23858	8437	25581
26	137344	137349	128803	146160	121345	154333	116989	159330	113269	163737
27	108252	108256	100684	116094	94104	123391	90273	127863	87009	131814
28	9937	9938	7740	12408	5996	14869	5058	16447	4309	17883
29	7161	7162	5316	9280	3890	11422	3143	12811	2558	14082
30	12193	12194	9744	14916	7774	17603	6701	19317	5833	20871
31	2794	2795	1693	4169	937	5642	590	6629	354	7552
32	5134	5135	3593	6949	2440	8818	1857	10043	1414	11172
33	711	711	224	1473	19	2393	0	3050	0	3686
34	226	226	11	715	0	1390	0	1901	0	2409
35	38023	38025	33594	42726	29840	47197	27700	49978	25905	52459
36	37879	37881	33459	42574	29712	47036	27577	49813	25786	52290
37	149901	149906	140972	159105	133165	167628	128600	172834	124698	177422
38	160591	160596	151344	170112	143251	178922	138515	184299	134464	189036
39	101288	101292	93972	108878	87619	115948	83923	120284	80777	124117
40	158700	158705	149508	168166	141465	176925	136759	182273	132734	186984
41	16113	16115	13278	19223	10959	22258	9678	24180	8629	25915
42	38647	38650	34181	43388	30393	47892	28233	50693	26420	53192
43	64978	64981	59146	71084	54128	76818	51232	80355	48781	83494
44	41480	41483	36848	46386	32911	51040	30661	53930	28772	56507
45	25476	25478	21875	29351	18867	33075	17174	35410	15767	37503
46	89095	89099	82242	96222	76306	102875	72860	106962	69930	110578
47	3570	3571	2308	5106	1406	6724	973	7799	661	8797
48	24786	24788	21236	28610	18274	32288	16608	34595	15225	36665
49	21784	21786	18465	25377	15710	28848	14169	31031	12893	32993
50	1982	1983	1077	3162	496	4459	255	5341	110	6172
51	18115	18117	15100	21404	12620	24600	11242	26619	10110	28438
52	36445	36447	32112	41053	28444	45437	26355	48166	24605	50603
53	22131	22133	18784	25752	16005	29247	14449	31445	13161	33419
54	14186	14188	11534	17112	9380	19982	8198	21806	7235	23455
55	7661	7662	5748	9848	4261	12052	3477	13477	2860	14780
56	8180	8181	6199	10435	4650	12701	3829	14162	3181	15497
57	6864	6865	5061	8941	3672	11047	2947	12413	2382	13664
58	8293	8294	6298	10563	4735	12841	3907	14311	3251	15653
59	207159	207165	196638	217954	187397	227911	181975	233975	177327	239309
60	25367	25369	21774	29234	18774	32951	17085	35281	15681	37371
61	17312	17314	14368	20530	11951	23663	10612	25644	9512	27430
62	54109	54112	48799	59693	44251	64957	41637	68213	39430	71107
63	70827	70830	64732	77196	59477	83167	56440	86846	53865	90107
64	121648	121652	113618	129953	106620	137666	102540	142388	99059	146555
65	1098	1098	459	2011	118	3068	21	3807	0	4513
66	1374	1374	643	2379	219	3519	72	4307	9	5057
67	60641	60644	55012	66545	50176	72096	47390	75524	45033	78567
68	32730	32732	28631	37104	25173	41277	23211	43880	21571	46207
69	685185	685196	665938	704706	648839	722521	638715	733286	629983	742706
70	94479	94483	87418	101814	81294	108654	77736	112853	74709	116567
71	28533	28535	24715	32626	21510	36546	19699	38998	18191	41193
72	782	782	264	1574	33	2522	0	3195	0	3845
73	14053	14055	11414	16966	9272	19824	8097	21641	7140	23284
74	173483	173488	163867	183374	155441	192516	150506	198092	146282	203002
75	11254	11255	8907	13875	7028	16471	6010	18130	5190	19636
76	1077	1077	446	1983	112	3033	18	3768	0	4471
77	8096	8097	6126	10340	4587	12596	3772	14052	3129	15382
78	7590	7591	5687	9767	4208	11963	3429	13383	2817	14681
79	6304	6305	4582	8300	3265	10333	2584	11655	2057	12869
80	12934	12935	10408	15734	8368	18491	7253	20246	6349	21837
81	235407	235413	224182	246906	214308	257496	208507	263939	203530	269602
82	27533	27535	23784	31556	20643	35413	18870	37828	17394	39990
83	37873	37875	33453	42567	29707	47030	27572	49806	25781	52283
84	760	760	252	1543	28	2482	0	3151	0	3796
85	20943	20945	17691	24469	14997	27879	13492	30026	12248	31956
86	1441	1441	689	2467	247	3626	88	4425	15	5185
87	1178	1178	511	2119	146	3201	33	3954	0	4674
88	176607	176612	166903	186585	158398	195806	153416	201429	149152	206380
89	86689	86693	79931	93721	74080	100288	70686	104324	67801	107896
90	310078	310085	297175	323255	285790	335357	279084	342704	273322	349152
91	261163	261170	249333	273267	238913	284403	232786	291172	227526	297118
92	9249	9250	7134	11638	5464	14024	4571	15559	3860	16956
93	21531	21533	18232	25104	15496	28557	13965	30729	12699	32681
94	7516	7517	5623	9683	4153	11870	3379	13284	2772	14578
95	87	87	0	443	0	997	0	1436	0	1881
