city_id mean median lower_50 upper_50 lower_80 upper_80 lower_90 upper_90 lower_95 upper_95
1	3296	3296	2566	4118	1986	4936	1674	5461	1425	5939
2	21604	21605	19662	23637	17992	25546	17028	26724	16212	27768
3	81382	81384	77571	85285	74217	88877	72245	91063	70554	92983
4	30072	30073	27773	32462	25781	34693	24625	36063	23641	37275
5	306	306	115	588	22	921	1	1155	0	1380
6	160683	160686	155309	166148	150548	171148	147734	174175	145311	176827
7	13425	13426	11904	15037	10613	16567	9876	17518	9256	18366
8	26440	26441	24287	28684	22427	30783	21349	32075	20434	33219
9	21357	21358	19427	23379	17767	25277	16809	26449	15998	27488
10	49529	49531	46566	52584	43975	55413	42461	57141	41167	58664
11	7899	7900	6743	9146	5780	10348	5240	11102	4791	11779
12	4801	4802	3910	5783	3186	6747	2788	7358	2463	7911
13	57116	57118	53931	60393	51140	63422	49506	65270	48107	66897
14	961	961	588	1426	329	1923	211	2255	129	2566
15	2100	2100	1526	2765	1088	3443	861	3883	685	4288
16	3160	3160	2446	3966	1881	4770	1578	5286	1337	5756
17	18761	18762	16955	20659	15406	22446	14516	23550	13763	24532
18	1661	1661	1156	2258	779	2873	589	3277	445	3649
19	35044	35045	32559	37621	30399	40019	29142	41490	28071	42789
20	14927	14928	13321	16625	11953	18232	11169	19228	10510	20116
21	7412	7413	6294	8622	5365	9789	4845	10523	4414	11183
22	2776	2776	2109	3534	1587	4295	1310	4786	1091	5234
23	12784	12785	11301	14358	10044	15854	9327	16785	8726	17615
24	48267	48269	45342	51283	42787	54077	41293	55785	40017	57290
25	14965	14966	13357	16665	11987	18273	11202	19272	10542	20160
26	132735	132738	127855	137706	123538	142262	120991	145023	118799	147444
27	102411	102413	98130	106783	94353	110799	92128	113237	90217	115378
28	9561	9562	8285	10929	7214	12239	6608	13058	6103	13791
29	7156	7157	6058	8345	5147	9495	4638	10218	4217	10868
30	11077	11078	9700	12546	8538	13947	7878	14820	7326	15601
31	2648	2648	1998	3389	1491	4135	1223	4617	1011	5057
32	4222	4222	3389	5146	2717	6057	2351	6637	2054	7163
33	716	716	400	1123	193	1569	105	1870	50	2154
34	233	233	72	485	6	790	0	1008	0	1219
35	36591	36592	34050	39223	31841	41671	30554	43172	29458	44497
36	33168	33169	30751	35676	28653	38013	27433	39446	26395	40714
37	144144	144147	139057	149323	134553	154065	131894	156938	129605	159455
38	152965	152968	147723	158298	143080	163180	140338	166136	137976	168726
39	100475	100477	96235	104806	92495	108785	90293	111201	88401	113322
40	149331	149334	144152	154601	139566	159426	136858	162348	134526	164909
41	16033	16034	14367	17791	12944	19452	12129	20481	11442	21397
42	36713	36714	34168	39349	31955	41802	30666	43304	29567	44632
43	64534	64536	61145	68014	58171	71227	56428	73184	54934	74907
44	39957	39958	37300	42705	34986	45258	33636	46822	32485	48201
45	24839	24840	22754	27015	20954	29054	19913	30309	19030	31421
46	78904	78906	75152	82747	71851	86287	69912	88440	68248	90333
47	3584	3584	2820	4439	2211	5287	1881	5830	1617	6324
48	24594	24595	22519	26760	20729	28789	19694	30038	18815	31145
49	20733	20734	18832	22725	17198	24598	16256	25754	15459	26780
50	1839	1839	1305	2464	902	3106	697	3525	540	3911
51	17646	17647	15896	19488	14398	21224	13537	22299	12810	23254
52	32825	32826	30421	35320	28335	37646	27122	39072	26089	40334
53	21874	21875	19920	23919	18239	25839	17268	27024	16446	28074
54	13805	13806	12262	15439	10951	16989	10202	17952	9572	18810
55	7667	7668	6529	8897	5582	10082	5051	10827	4611	11496
56	7471	7472	6348	8685	5415	9857	4892	10594	4459	11255
57	6760	6761	5694	7917	4812	9038	4320	9744	3914	10378
58	8194	8195	7016	9464	6033	10685	5480	11451	5022	12139
59	192407	192410	186522	198383	181301	203843	178212	207146	175550	210037
60	21988	21989	20029	24038	18343	25963	17369	27150	16545	28204
61	14691	14692	13098	16375	11742	17971	10965	18960	10313	19842
62	52357	52359	49309	55496	46642	58402	45082	60176	43748	61738
63	66553	66555	63111	70087	60089	73347	58317	75333	56798	77081
64	113750	113752	109236	118356	105249	122582	102898	125145	100878	127395
65	963	963	589	1428	331	1925	211	2258	129	2569
66	1202	1202	779	1716	476	2258	330	2617	225	2951
67	58109	58111	54896	61414	52080	64468	50431	66331	49019	67972
68	30001	30002	27705	32388	25715	34617	24560	35986	23578	37196
69	685216	685222	674070	696453	664111	706652	658187	712789	653061	718143
70	86810	86812	82872	90839	79404	94546	77365	96799	75614	98779
71	25938	25939	23806	28161	21965	30241	20898	31522	19993	32656
72	653	653	353	1044	161	1475	82	1768	35	2044
73	12729	12730	11249	14300	9995	15793	9280	16722	8680	17551
74	159989	159992	154627	165442	149876	170432	147069	173453	144651	176099
75	10805	10806	9445	12256	8299	13641	7649	14505	7105	15278
76	918	918	554	1373	305	1862	191	2189	113	2495
77	7180	7181	6080	8371	5168	9522	4657	10247	4235	10897
78	7555	7556	6426	8776	5487	9954	4960	10694	4524	11358
79	5760	5761	4780	6832	3975	7875	3529	8535	3163	9130
80	12357	12358	10900	13906	9666	15378	8963	16295	8373	17113
81	227239	227243	220840	233730	215155	239653	211789	243233	208886	246365
82	26736	26737	24571	28992	22699	31103	21615	32401	20694	33550
83	37226	37227	34663	39880	32433	42349	31135	43861	30028	45197
84	688	688	379	1088	179	1527	95	1825	43	2105
85	19907	19908	18045	21860	16447	23698	15526	24832	14747	25840
86	1437	1437	970	1995	628	2576	459	2959	333	3314
87	1186	1186	766	1697	466	2236	322	2594	219	2926
88	168171	168174	162672	173761	157799	178874	154918	181968	152436	184678
89	81730	81732	77911	85641	74549	89241	72573	91431	70878	93355
90	286116	286120	278930	293393	272536	300026	268746	304029	265475	307530
91	243264	243268	236641	249978	230755	256103	227269	259803	224261	263039
92	8792	8793	7570	10105	6548	11366	5971	12156	5492	12864
93	20746	20747	18844	22739	17210	24612	16268	25768	15470	26795
94	7109	7110	6015	8295	5108	9441	4600	10162	4181	10810
95	88	88	7	261	0	494	0	669	0	843
