city_id mean median lower_50 upper_50 lower_80 upper_80 lower_90 upper_90 lower_95 upper_95
1	2413	2413	1779	3143	1291	3883	1036	4363	838	4803
2	16666	16667	14922	18506	13435	20245	12582	21323	11863	22283
3	55480	55482	52259	58797	49441	61867	47792	63741	46382	65393
4	10458	10459	9087	11926	7934	13330	7282	14207	6738	14992
5	30	30	0	154	0	348	0	502	0	658
6	196574	196577	190469	202776	185052	208443	181849	211872	179089	214874
7	2936	2936	2232	3736	1681	4539	1388	5057	1156	5530
8	6721	6722	5631	7907	4732	9058	4232	9783	3820	10437
9	15930	15931	14226	17730	12775	19433	11943	20490	11244	21431
10	41955	41957	39160	44846	36726	47532	35307	49177	34096	50628
11	868	868	507	1325	265	1819	157	2152	86	2464
12	2795	2795	2109	3577	1574	4364	1292	4872	1069	5336
13	21356	21357	19376	23432	17675	25385	16695	26590	15866	27661
14	79	79	4	251	0	487	0	667	0	845
15	862	862	503	1318	261	1810	155	2143	84	2454
16	867	867	506	1324	264	1818	157	2151	86	2462
17	6165	6166	5123	7303	4268	8410	3793	9110	3403	9741
18	1632	1632	1119	2241	740	2872	551	3286	409	3669
19	9833	9834	8505	11257	7391	12623	6762	13477	6238	14242
20	5439	5440	4464	6511	3668	7558	3229	8223	2870	8822
21	2034	2034	1456	2708	1018	3398	794	3848	621	4261
22	1129	1129	711	1644	417	2189	278	2553	180	2892
23	3022	3022	2307	3833	1746	4646	1447	5170	1211	5648
24	19988	19989	18074	21998	16433	23891	15488	25061	14690	26101
25	7484	7485	6331	8733	5376	9940	4842	10700	4400	11382
26	123667	123670	118834	128596	114564	133117	112047	135860	109882	138266
27	42407	42409	39597	45313	37149	48013	35721	49666	34504	51125
28	16491	16492	14757	18321	13277	20052	12430	21125	11716	22081
29	1492	1492	1004	2076	647	2685	471	3086	340	3458
30	11009	11010	9601	12513	8415	13951	7743	14848	7182	15650
31	509	509	244	870	88	1278	32	1559	6	1827
32	1860	1860	1310	2507	896	3172	686	3607	527	4008
33	82	82	4	256	0	495	0	675	0	855
34	99	99	9	285	0	535	0	722	0	908
35	51078	51080	47989	54263	45290	57214	43713	59017	42364	60606
36	5241	5242	4284	6294	3505	7325	3076	7979	2727	8570
37	96737	96739	92468	101102	88706	105115	86493	107554	84592	109696
38	28456	28457	26163	30845	24180	33080	23031	34454	22056	35671
39	57959	57961	54666	61349	51782	64484	50094	66397	48651	68082
40	25556	25557	23385	27823	21513	29947	20430	31255	19512	32415
41	2659	2659	1991	3423	1473	4193	1200	4691	985	5147
42	7020	7021	5905	8231	4984	9404	4470	10143	4046	10808
43	35543	35544	32975	38208	30744	40690	29446	42213	28342	43558
44	40379	40381	37638	43216	35252	45854	33862	47469	32677	48896
45	6424	6425	5360	7585	4484	8712	3997	9424	3597	10066
46	23177	23178	21112	25338	19335	27367	18309	28618	17440	29728
47	692	692	375	1105	172	1560	88	1869	38	2161
48	10343	10344	8980	11803	7834	13200	7186	14073	6646	14854
49	7493	7494	6340	8743	5384	9950	4849	10710	4407	11393
50	188	188	46	426	0	724	0	939	0	1148
51	12330	12331	10837	13919	9575	15433	8857	16376	8256	17218
52	12838	12839	11314	14459	10023	16001	9288	16961	8673	17818
53	13458	13459	11896	15116	10572	16692	9817	17672	9183	18547
54	2565	2565	1910	3316	1403	4075	1137	4566	928	5016
55	997	997	607	1483	338	2004	215	2353	130	2678
56	7119	7120	5996	8338	5067	9519	4549	10262	4121	10931
57	1553	1553	1054	2148	687	2767	505	3174	370	3551
58	1593	1593	1087	2195	714	2820	528	3231	389	3611
59	46163	46165	43229	49193	40669	52005	39175	53724	37899	55241
60	8578	8579	7341	9912	6309	11195	5729	12000	5247	12723
61	7685	7686	6516	8950	5546	10171	5003	10940	4554	11630
62	28790	28791	26483	31193	24488	33440	23332	34821	22350	36045
63	121852	121855	117055	126745	112818	131234	110320	133957	108172	136346
64	77799	77801	73976	81718	70615	85331	68642	87529	66950	89462
65	441	441	198	781	61	1169	17	1439	1	1696
66	266	266	88	541	10	870	0	1105	0	1331
67	9180	9181	7898	10558	6827	11881	6223	12711	5721	13454
68	39217	39218	36517	42014	34167	44615	32799	46208	31632	47616
69	707247	707253	695623	718967	685237	729605	679060	736007	673715	741593
70	20853	20854	18897	22905	17218	24836	16250	26029	15433	27088
71	14071	14072	12473	15766	11116	17374	10341	18374	9691	19265
72	165	165	35	391	0	678	0	886	0	1091
73	7609	7610	6446	8868	5482	10084	4942	10849	4496	11536
74	25865	25866	23681	28145	21797	30281	20706	31597	19782	32762
75	3474	3474	2704	4340	2093	5203	1765	5756	1503	6260
76	104	104	11	294	0	547	0	736	0	923
77	4648	4649	3750	5642	3024	6620	2626	7243	2304	7806
78	1228	1228	790	1763	478	2326	328	2701	221	3049
79	1670	1670	1151	2285	766	2922	573	3340	428	3726
80	10477	10478	9105	11946	7951	13351	7298	14229	6753	15015
81	161764	161767	156230	167394	151328	172548	148433	175668	145940	178402
82	83616	83618	79651	87678	76162	91418	74112	93693	72354	95693
83	10535	10536	9159	12008	8001	13416	7346	14297	6800	15084
84	229	229	67	487	4	802	0	1028	0	1247
85	17636	17637	15841	19527	14307	21313	13426	22419	12684	23402
86	126	126	18	330	0	596	0	793	0	986
87	132	132	21	340	0	609	0	808	0	1003
88	25772	25773	23592	28048	21711	30181	20623	31494	19701	32658
89	12459	12460	10958	14056	9689	15577	8966	16525	8362	17371
90	64484	64486	61008	68057	57959	71357	56173	73368	54643	75139
91	50230	50232	47168	53389	44492	56316	42928	58105	41593	59682
92	780	780	441	1216	217	1691	121	2012	60	2314
93	18566	18567	16723	20505	15146	22334	14239	23466	13474	24472
94	3078	3078	2356	3896	1788	4715	1486	5243	1246	5724
95	2076	2076	1492	2757	1048	3452	820	3905	644	4322
