city_id mean median lower_50 upper_50 lower_80 upper_80 lower_90 upper_90 lower_95 upper_95
1	1236	1236	987	1513	787	1787	678	1961	590	2120
2	7916	7916	7264	8596	6701	9232	6375	9623	6099	9970
3	30405	30406	29114	31724	27976	32935	27306	33671	26730	34317
4	11723	11723	10927	12547	10234	13313	9830	13782	9486	14196
5	133	133	61	233	19	347	6	426	0	502
6	64992	64993	63099	66914	61418	68668	60423	69728	59565	70656
7	3764	3764	3319	4237	2942	4687	2728	4967	2548	5217
8	9069	9069	8370	9795	7765	10474	7414	10890	7116	11259
9	8569	8569	7890	9275	7303	9936	6963	10341	6673	10701
10	21194	21195	20119	22297	19175	23315	18620	23934	18145	24479
11	2703	2703	2328	3106	2014	3493	1838	3735	1690	3952
12	1898	1898	1586	2238	1329	2568	1186	2776	1068	2964
13	23132	23133	22009	24284	21020	25346	20440	25992	19942	26559
14	341	341	217	493	129	654	87	761	57	861
15	771	771	577	992	426	1216	347	1360	285	1493
16	1172	1172	930	1442	736	1709	630	1880	545	2035
17	6415	6415	5830	7028	5327	7604	5036	7960	4791	8276
18	667	668	488	875	351	1085	279	1222	224	1348
19	14203	14204	13325	15109	12559	15948	12111	16461	11729	16914
20	4979	4979	4465	5521	4026	6033	3774	6350	3562	6632
21	2531	2532	2169	2922	1867	3297	1696	3533	1555	3744
22	1074	1074	842	1333	658	1590	559	1755	479	1905
23	4727	4727	4226	5255	3800	5755	3555	6065	3349	6341
24	20433	20433	19377	21516	18451	22516	17907	23125	17442	23661
25	5809	5809	5252	6393	4775	6943	4501	7283	4269	7585
26	54429	54430	52697	56188	51162	57797	50254	58770	49472	59622
27	39917	39918	38437	41426	37127	42809	36354	43647	35689	44382
28	4086	4086	3622	4578	3228	5046	3003	5336	2814	5595
29	3004	3004	2608	3428	2275	3833	2087	4087	1930	4314
30	4383	4383	3901	4892	3492	5375	3258	5674	3061	5941
31	1037	1037	810	1291	629	1545	532	1708	455	1855
32	1557	1557	1276	1866	1047	2169	920	2361	817	2534
33	280	280	169	419	93	568	58	669	34	762
34	107	107	43	198	10	304	1	379	0	450
35	15003	15004	14101	15934	13312	16796	12851	17322	12457	17786
36	11993	11993	11187	12826	10486	13600	10077	14075	9729	14493
37	55131	55132	53388	56902	51843	58520	50929	59500	50142	60357
38	52890	52891	51184	54625	49671	56211	48776	57171	48006	58012
39	41724	41724	40209	43266	38870	44679	38079	45535	37398	46285
40	52279	52280	50583	54004	49079	55581	48190	56536	47424	57372
41	6204	6204	5628	6807	5134	7374	4850	7725	4609	8035
42	12495	12496	11673	13346	10956	14135	10538	14619	10182	15045
43	27587	27587	26358	28843	25276	29999	24639	30701	24092	31318
44	16352	16352	15409	17323	14584	18221	14101	18769	13688	19252
45	8540	8541	7863	9246	7277	9905	6937	10310	6648	10669
46	27155	27155	25936	28402	24862	29548	24230	30245	23688	30858
47	1327	1328	1069	1614	860	1896	746	2076	653	2238
48	9905	9905	9174	10663	8540	11371	8172	11804	7858	12188
49	8152	8152	7491	8842	6919	9487	6588	9883	6306	10235
50	639	639	464	842	330	1048	261	1183	207	1307
51	6350	6351	5768	6960	5268	7534	4979	7888	4735	8202
52	14047	14048	13174	14948	12412	15783	11967	16293	11587	16744
53	8664	8664	7981	9374	7391	10038	7048	10446	6757	10807
54	5132	5133	4610	5682	4164	6202	3908	6523	3692	6809
55	3043	3043	2644	3470	2309	3878	2120	4133	1961	4362
56	2789	2790	2408	3199	2089	3591	1909	3837	1759	4057
57	2367	2367	2017	2745	1726	3109	1562	3338	1427	3543
58	3020	3020	2623	3445	2289	3852	2100	4106	1943	4334
59	67406	67407	65477	69362	63764	71148	62750	72227	61876	73172
60	8916	8916	8223	9636	7624	10309	7276	10722	6980	11088
61	5644	5644	5096	6220	4626	6763	4356	7098	4128	7397
62	20036	20036	18991	21109	18073	22099	17536	22702	17075	23233
63	26619	26620	25412	27854	24350	28990	23725	29680	23188	30287
64	44593	44593	43027	46186	41640	47646	40822	48530	40117	49305
65	378	378	247	538	152	705	107	817	74	920
66	481	481	331	659	220	844	164	965	122	1077
67	19347	19347	18320	20401	17419	21375	16891	21969	16439	22491
68	11983	11983	11178	12816	10477	13590	10068	14064	9720	14482
69	334131	334133	329820	338469	325962	342401	323664	344764	321674	346824
70	32586	32586	31249	33950	30069	35203	29374	35964	28777	36631
71	10405	10405	9656	11182	9005	11906	8626	12350	8304	12742
72	248	249	145	380	75	523	44	619	24	710
73	4810	4810	4305	5343	3874	5846	3627	6159	3419	6437
74	54087	54088	52361	55841	50830	57444	49925	58414	49146	59264
75	3615	3615	3179	4079	2811	4521	2601	4796	2425	5041
76	309	309	192	455	110	610	72	714	45	810
77	2817	2817	2434	3228	2113	3622	1931	3869	1781	4090
78	3071	3071	2670	3499	2333	3909	2143	4165	1983	4394
79	1968	1968	1650	2314	1388	2649	1242	2861	1121	3051
80	4906	4906	4396	5444	3960	5952	3711	6267	3500	6548
81	91342	91344	89095	93618	87095	95691	85910	96942	84886	98036
82	10782	10782	10019	11573	9356	12309	8970	12760	8641	13159
83	14795	14795	13899	15719	13116	16575	12658	17098	12267	17559
84	257	257	151	391	80	535	48	633	27	724
85	7457	7457	6825	8117	6279	8735	5964	9116	5697	9454
86	548	548	387	737	265	931	204	1058	157	1175
87	479	479	329	657	218	841	163	962	121	1074
88	60489	60490	58663	62343	57042	64037	56083	65061	55257	65957
89	30671	30672	29375	31995	28231	33212	27558	33951	26980	34599
90	96231	96232	93924	98566	91871	100693	90653	101976	89601	103098
91	88682	88684	86468	90924	84498	92968	83331	94201	82322	95279
92	3268	3269	2855	3710	2506	4132	2308	4395	2143	4630
93	7802	7802	7155	8477	6597	9109	6273	9497	5999	9842
94	2883	2883	2495	3299	2170	3697	1986	3946	1833	4169
95	54	54	13	123	0	209	0	272	0	332
