city_id mean median lower_50 upper_50 lower_80 upper_80 lower_90 upper_90 lower_95 upper_95
1	3488	3489	2736	4333	2136	5171	1812	5708	1553	6197
2	25227	25228	23125	27420	21310	29473	20260	30737	19369	31857
3	89008	89010	85020	93087	81507	96839	79440	99119	77666	101122
4	31128	31129	28788	33559	26759	35826	25581	37219	24578	38450
5	373	373	158	680	42	1035	8	1282	0	1519
6	171814	171817	166256	177464	161328	182630	158415	185757	155906	188495
7	17857	17858	16096	19709	14588	21456	13722	22536	12990	23496
8	28093	28094	25873	30405	23951	32565	22837	33893	21890	35068
9	22822	22823	20825	24910	19105	26868	18111	28076	17269	29147
10	52070	52068	49030	55201	46371	58098	44816	59868	43486	61427
11	8353	8354	7163	9634	6170	10866	5611	11639	5146	12332
12	5425	5426	4475	6467	3698	7483	3268	8126	2916	8707
13	58605	58603	55378	61924	52550	64991	50893	66861	49475	68508
14	1215	1216	790	1732	485	2276	337	2637	231	2972
15	2356	2356	1745	3058	1274	3768	1027	4229	834	4650
16	3341	3341	2605	4168	2021	4991	1707	5519	1455	6000
17	19643	19644	17793	21583	16206	23409	15292	24537	14519	25538
18	1942	1943	1392	2584	975	3240	761	3668	596	4061
19	36410	36411	33876	39035	31672	41478	30389	42975	29295	44297
20	15867	15868	14210	17616	12795	19269	11985	20294	11302	21205
21	8283	8283	7098	9559	6109	10786	5553	11556	5091	12247
22	3123	3124	2414	3925	1852	4725	1552	5239	1313	5707
23	13264	13264	11752	14866	10469	16388	9737	17334	9123	18177
24	49493	49495	46531	52546	43941	55375	42428	57102	41134	58625
25	16291	16292	14611	18062	13176	19736	12353	20773	11660	21695
26	138636	138639	133648	143716	129234	148369	126628	151188	124386	153660
27	109400	109402	104974	113917	101066	118064	98763	120580	96784	122788
28	10287	10288	8961	11704	7846	13058	7214	13904	6686	14660
29	7458	7459	6337	8672	5404	9843	4882	10579	4450	11240
30	12580	12581	11109	14142	9863	15627	9153	16551	8557	17376
31	2981	2981	2288	3765	1743	4549	1452	5054	1221	5514
32	5386	5387	4440	6424	3666	7437	3238	8079	2888	8658
33	807	807	468	1237	242	1702	142	2016	77	2310
34	281	281	100	554	15	877	0	1106	0	1327
35	38704	38706	36090	41410	33814	43925	32488	45465	31357	46825
36	38559	38561	35950	41260	33678	43770	32355	45307	31226	46665
37	151251	151254	146039	156555	141423	161409	138696	164350	136349	166926
38	161988	161991	156592	167475	151811	172495	148986	175534	146553	178196
39	102398	102401	98118	106770	94341	110786	92116	113224	90205	115364
40	160089	160092	154725	165544	149973	170535	147165	173557	144746	176204
41	16558	16559	14864	18343	13416	20029	12586	21073	11886	22002
42	39334	39335	36698	42061	34403	44595	33065	46147	31924	47517
43	65868	65870	62444	69383	59438	72628	57675	74604	56165	76343
44	42192	42193	39460	45014	37079	47635	35689	49238	34503	50653
45	26034	26035	23899	28261	22053	30345	20985	31628	20078	32764
46	90136	90139	86123	94241	82587	98016	80507	100310	78720	102325
47	3781	3781	2995	4658	2366	5526	2025	6081	1750	6584
48	25337	25338	23230	27534	21412	29592	20359	30858	19466	31980
49	22300	22302	20327	24365	18628	26303	17647	27498	16816	28557
50	2140	2140	1560	2811	1116	3494	886	3938	708	4345
51	18586	18587	16789	20475	15248	22255	14362	23355	13613	24332
52	37112	37114	34553	39762	32327	42227	31030	43738	29925	45072
53	22652	22653	20662	24732	18949	26684	17960	27887	17121	28954
54	14603	14604	13015	16283	11663	17874	10890	18861	10239	19740
55	7969	7969	6807	9221	5840	10427	5296	11185	4846	11864
56	8498	8498	7297	9790	6294	11031	5729	11810	5260	12508
57	7155	7156	6057	8345	5147	9494	4637	10217	4216	10867
58	8613	8614	7404	9913	6393	11163	5824	11946	5351	12647
59	208745	208749	202614	214968	197170	220651	193949	224086	191171	227093
60	25924	25925	23793	28147	21952	30226	20886	31506	19981	32640
61	17773	17774	16016	19621	14512	21363	13648	22442	12918	23400
62	54921	54920	51799	58135	49064	61108	47464	62922	46095	64520
63	71756	71758	68180	75423	65038	78804	63193	80863	61612	82673
64	122864	122867	118171	127649	114023	132036	111576	134697	109471	137030
65	1216	1217	790	1734	485	2278	338	2638	232	2974
66	1506	1506	1027	2076	674	2668	498	3058	367	3418
67	61501	61499	58194	64899	55293	68038	53594	69952	52138	71636
68	33362	33364	30939	35878	28834	38221	27610	39658	26568	40929
69	688068	688074	676899	699328	666918	709548	660982	715697	655845	721063
70	95551	95554	91418	99776	87773	103659	85628	106018	83786	108089
71	29124	29125	26862	31477	24904	33674	23767	35024	22801	36219
72	882	883	526	1330	284	1811	175	2134	101	2436
73	14468	14469	12888	16140	11543	17724	10773	18707	10126	19583
74	174935	174938	169326	180635	164353	185848	161413	189001	158879	191763
75	11626	11627	10214	13130	9021	14562	8342	15454	7774	16251
76	1194	1194	773	1707	471	2247	326	2606	222	2939
77	8412	8413	7218	9698	6220	10934	5659	11709	5193	12404
78	7896	7897	6740	9143	5778	10345	5237	11099	4789	11776
79	6583	6584	5532	7726	4663	8833	4179	9531	3780	10159
80	13333	13334	11817	14939	10531	16465	9796	17413	9180	18258
81	237098	237102	230560	243727	224751	249775	221311	253429	218343	256626
82	28113	28115	25892	30426	23970	32587	22855	33915	21908	35091
83	38553	38555	35944	41253	33673	43764	32349	45301	31221	46658
84	859	859	508	1301	271	1777	164	2097	93	2397
85	21449	21451	19515	23475	17851	25378	16891	26552	16078	27593
86	1576	1576	1085	2159	721	2761	539	3157	402	3523
87	1300	1301	859	1834	539	2392	383	2762	269	3104
88	178072	178075	172413	183823	167394	189080	164426	192262	161870	195047
89	87716	87719	83758	91766	80271	95492	78220	97756	76460	99746
90	312018	312022	304512	319616	297830	326537	293867	330713	290446	334363
91	262944	262948	256057	269922	249933	276285	246304	280128	243172	283488
92	9587	9587	8309	10956	7236	12268	6629	13088	6124	13822
93	22045	22046	20083	24098	18394	26025	17420	27213	16594	28268
94	7821	7821	6671	9062	5713	10258	5176	11009	4731	11683
95	122	122	19	318	0	572	0	759	0	944
