city_id mean median lower_50 upper_50 lower_80 upper_80 lower_90 upper_90 lower_95 upper_95
1	2058	2058	1569	2614	1185	3171	981	3530	819	3857
2	13879	13880	12555	15269	11420	16577	10767	17386	10214	18104
3	49881	49882	47342	52486	45112	54889	43804	56353	42682	57640
4	9547	9548	8455	10705	7528	11805	6999	12489	6555	13099
5	29	29	0	124	0	267	0	378	0	490
6	168573	168576	163878	173335	159706	177680	157235	180305	155104	182602
7	1828	1828	1369	2354	1012	2884	824	3226	677	3540
8	6290	6290	5410	7237	4674	8146	4259	8715	3915	9226
9	14550	14551	13194	15972	12029	17310	11358	18136	10791	18870
10	37059	37060	34875	39309	32965	41392	31848	42665	30893	43786
11	811	811	516	1172	307	1554	208	1808	138	2045
12	2662	2662	2101	3289	1652	3911	1410	4309	1215	4670
13	18886	18887	17336	20502	15998	22014	15222	22944	14564	23768
14	76	76	9	210	0	387	0	518	0	648
15	736	736	457	1082	262	1450	171	1696	108	1925
16	808	808	514	1169	306	1550	207	1804	136	2040
17	5706	5706	4869	6609	4172	7479	3781	8026	3457	8516
18	962	962	638	1352	403	1761	288	2031	204	2281
19	8349	8350	7330	9434	6469	10469	5979	11113	5570	11689
20	4839	4839	4071	5673	3436	6481	3082	6991	2790	7449
21	1916	1916	1445	2453	1078	2994	884	3343	731	3662
22	1077	1077	732	1488	478	1915	352	2196	258	2456
23	2540	2540	1993	3154	1557	3763	1321	4153	1133	4508
24	18448	18449	16917	20045	15595	21541	14829	22461	14180	23277
25	6732	6733	5820	7710	5056	8648	4624	9234	4265	9760
26	104918	104920	101221	108682	97948	112128	96015	114215	94352	116045
27	40013	40014	37742	42350	35754	44511	34591	45830	33595	46992
28	15995	15996	14572	17485	13346	18883	12639	19745	12040	20510
29	1447	1447	1042	1918	734	2399	576	2713	454	3001
30	10647	10648	9492	11869	8508	13025	7945	13743	7472	14383
31	489	489	267	777	125	1093	65	1308	29	1510
32	1504	1504	1091	1984	775	2473	612	2791	486	3083
33	81	81	11	218	0	398	0	531	0	663
34	96	96	16	242	0	430	0	569	0	704
35	36445	36446	34280	38677	32386	40743	31279	42006	30333	43118
36	5793	5793	4950	6703	4247	7579	3852	8129	3525	8622
37	86760	86762	83401	90185	80432	93327	78682	95233	77177	96904
38	26023	26024	24198	27914	22612	29674	21688	30752	20901	31705
39	51270	51271	48695	53911	46434	56346	45106	57829	43968	59133
40	22852	22853	21144	24626	19663	26281	18802	27296	18070	28194
41	2590	2590	2037	3209	1596	3824	1358	4217	1166	4575
42	6110	6110	5243	7043	4519	7941	4111	8503	3773	9008
43	32787	32788	30735	34906	28943	36870	27897	38071	27004	39131
44	34450	34451	32346	36621	30507	38632	29433	39862	28515	40946
45	5179	5179	4383	6041	3724	6874	3355	7398	3049	7869
46	19230	19231	17666	20860	16314	22385	15531	23323	14867	24154
47	674	674	408	1006	226	1362	142	1601	85	1824
48	9804	9805	8697	10977	7756	12091	7220	12783	6769	13400
49	6668	6669	5761	7642	5000	8575	4571	9159	4214	9683
50	168	168	52	350	4	571	0	729	0	882
51	10798	10799	9634	12028	8643	13192	8076	13915	7599	14558
52	10883	10884	9715	12118	8719	13286	8149	14011	7670	14657
53	11676	11677	10465	12954	9431	14161	8838	14909	8338	15575
54	2442	2442	1906	3044	1480	3643	1251	4028	1068	4377
55	960	960	636	1350	402	1758	287	2028	203	2278
56	4273	4273	3553	5059	2962	5824	2634	6307	2364	6742
57	1478	1478	1068	1954	756	2439	595	2755	471	3046
58	1346	1346	957	1802	663	2269	513	2574	398	2855
59	41921	41922	39596	44312	37559	46522	36366	47871	35345	49058
60	8338	8339	7320	9423	6459	10456	5970	11101	5561	11676
61	7359	7360	6404	8380	5601	9356	5146	9966	4767	10512
62	25705	25706	23892	27585	22315	29334	21398	30407	20616	31354
63	104111	104113	100428	107860	97168	111293	95243	113373	93586	115196
64	73502	73504	70413	76657	67687	79556	66083	81316	64704	82861
65	414	414	213	681	88	979	40	1183	13	1376
66	248	248	100	463	23	712	3	888	0	1056
67	8874	8875	7822	9992	6932	11056	6425	11718	6000	12309
68	35420	35421	33286	37621	31420	39659	30330	40905	29398	42003
69	638857	638862	629685	648095	621481	656472	616599	661510	612372	665903
70	21114	21115	19474	22821	18053	24414	17229	25394	16529	26260
71	12391	12392	11142	13706	10074	14947	9461	15716	8944	16399
72	154	154	44	330	2	545	0	700	0	850
73	6912	6913	5988	7903	5212	8852	4774	9445	4408	9976
74	23238	23239	21516	25027	20021	26694	19153	27718	18414	28623
75	2904	2904	2317	3558	1844	4203	1587	4615	1380	4989
76	85	85	12	224	0	407	0	541	0	674
77	3796	3796	3120	4539	2567	5264	2262	5724	2013	6140
78	1181	1181	818	1610	549	2053	413	2344	311	2612
79	1524	1524	1108	2007	789	2498	625	2818	497	3112
80	9939	9940	8824	11120	7877	12241	7335	12937	6881	13558
81	140567	140569	136282	144918	132480	148893	130231	151298	128292	153402
82	60484	60486	57685	63350	55221	65987	53772	67591	52529	69000
83	9166	9167	8097	10302	7190	11381	6674	12053	6240	12652
84	206	206	74	404	12	640	0	807	0	967
85	17119	17120	15645	18659	14375	20103	13640	20992	13018	21781
86	129	129	31	293	0	497	0	645	0	790
87	129	129	31	293	0	497	0	645	0	790
88	24032	24033	22280	25851	20759	27545	19874	28585	19121	29504
89	12044	12045	10813	13341	9762	14566	9158	15325	8649	15999
90	51953	51954	49361	54611	47084	57062	45747	58554	44601	59866
91	44339	44340	41947	46797	39850	49068	38621	50452	37568	51671
92	723	723	446	1066	254	1431	165	1676	103	1904
93	17049	17050	15578	18586	14311	20027	13578	20915	12957	21702
94	2751	2751	2180	3388	1723	4019	1475	4422	1275	4788
95	1923	1923	1451	2461	1083	3003	888	3352	735	3672
