city_id mean median lower_50 upper_50 lower_80 upper_80 lower_90 upper_90 lower_95 upper_95
1	1236	1236	973	1531	763	1823	650	2010	559	2180
2	7916	7916	7226	8637	6632	9314	6288	9731	5997	10100
3	30405	30406	29038	31803	27834	33090	27125	33872	26517	34558
4	11723	11723	10880	12597	10148	13411	9722	13911	9359	14352
5	133	133	57	240	16	363	3	449	0	531
6	64992	64993	62986	67030	61207	68891	60154	70017	59247	71003
7	3764	3764	3293	4266	2896	4745	2671	5044	2482	5312
8	9069	9069	8330	9840	7690	10561	7320	11005	7006	11398
9	8569	8569	7850	9318	7230	10021	6872	10453	6567	10836
10	21194	21195	20055	22364	19057	23445	18471	24104	17970	24684
11	2703	2703	2307	3131	1976	3544	1791	3802	1637	4035
12	1898	1898	1568	2259	1298	2611	1149	2834	1026	3035
13	23132	23133	21942	24354	20897	25482	20284	26168	19758	26772
14	341	341	210	503	119	676	77	791	48	899
15	771	771	566	1006	409	1246	327	1401	263	1544
16	1172	1172	916	1459	713	1745	603	1928	515	2094
17	6415	6415	5795	7066	5265	7679	4959	8058	4701	8395
18	667	668	478	888	335	1114	261	1261	205	1396
19	14203	14204	13274	15164	12464	16056	11991	16602	11588	17084
20	4979	4979	4435	5554	3972	6099	3707	6437	3485	6739
21	2531	2532	2148	2946	1830	3347	1652	3598	1504	3824
22	1074	1074	829	1349	636	1624	533	1801	451	1962
23	4727	4727	4197	5288	3747	5820	3490	6150	3274	6445
24	20433	20434	19315	21582	18335	22644	17761	23292	17270	23862
25	5809	5809	5220	6429	4717	7014	4428	7377	4184	7699
26	54429	54430	52594	56295	50969	58002	50009	59035	49182	59941
27	39917	39918	38349	41517	36963	42985	36146	43876	35444	44657
28	4086	4086	3595	4609	3179	5106	2943	5416	2745	5693
29	3004	3004	2585	3454	2234	3886	2037	4157	1873	4400
30	4383	4383	3873	4923	3442	5437	3196	5757	2989	6042
31	1037	1037	797	1308	608	1579	507	1753	427	1912
32	1557	1557	1260	1886	1019	2209	887	2414	780	2600
33	280	280	163	428	85	589	50	697	27	799
34	107	107	41	204	8	319	0	400	0	478
35	15003	15004	14048	15990	13214	16906	12727	17466	12312	17961
36	11993	11993	11140	12877	10399	13700	9968	14205	9601	14651
37	55131	55132	53285	57009	51649	58727	50683	59767	49850	60678
38	52890	52891	51082	54730	49481	56413	48535	57433	47721	58326
39	41724	41724	40119	43359	38702	44859	37866	45768	37147	46566
40	52279	52280	50482	54108	48890	55782	47950	56796	47140	57684
41	6204	6204	5595	6844	5073	7448	4774	7821	4521	8153
42	12495	12496	11625	13397	10867	14237	10426	14751	10051	15206
43	27587	27587	26285	28920	25140	30147	24467	30893	23890	31549
44	16352	16352	15354	17382	14481	18336	13972	18919	13536	19433
45	8540	8541	7823	9289	7204	9990	6846	10422	6543	10804
46	27155	27155	25864	28477	24728	29695	24061	30436	23488	31087
47	1327	1328	1054	1632	835	1933	716	2126	620	2300
48	9905	9905	9131	10710	8462	11462	8073	11924	7743	12332
49	8152	8152	7452	8884	6848	9570	6499	9992	6203	10367
50	639	639	454	855	315	1076	243	1221	189	1354
51	6350	6351	5734	6998	5206	7608	4902	7985	4646	8321
52	14047	14048	13123	15003	12318	15890	11848	16433	11447	16913
53	8664	8664	7941	9417	7317	10123	6957	10558	6650	10943
54	5132	5133	4580	5716	4109	6269	3840	6612	3613	6917
55	3043	3043	2621	3496	2269	3931	2070	4204	1904	4448
56	2789	2790	2386	3224	2050	3642	1861	3905	1705	4140
57	2367	2367	1997	2768	1690	3157	1519	3401	1378	3621
58	3020	3020	2600	3471	2248	3905	2050	4176	1886	4420
59	67406	67407	65363	69480	63549	71375	62477	72522	61552	73525
60	8916	8916	8183	9680	7549	10396	7183	10836	6871	11226
61	5644	5644	5064	6255	4568	6833	4284	7191	4045	7509
62	20036	20036	18929	21174	17959	22226	17391	22867	16905	23432
63	26619	26620	25341	27929	24217	29135	23556	29869	22990	30514
64	44593	44593	42934	46283	41467	47832	40601	48771	39856	49594
65	378	378	240	548	142	728	96	848	63	960
66	481	481	323	671	207	869	150	999	108	1120
67	19347	19347	18260	20466	17307	21500	16750	22131	16273	22687
68	11983	11983	11130	12866	10390	13689	9959	14194	9592	14640
69	334131	334133	329562	338730	325475	342899	323042	345406	320935	347592
70	32586	32586	31170	34033	29922	35363	29187	36171	28556	36881
71	10405	10405	9612	11229	8924	11999	8525	12472	8186	12890
72	248	249	139	389	68	543	37	647	18	745
73	4810	4810	4276	5375	3821	5912	3562	6245	3344	6542
74	54087	54088	52258	55947	50638	57649	49681	58679	48857	59582
75	3615	3615	3154	4108	2766	4578	2546	4872	2362	5134
76	309	309	186	465	101	631	63	743	37	848
77	2817	2817	2412	3253	2074	3674	1884	3937	1726	4174
78	3071	3071	2647	3526	2292	3963	2092	4236	1926	4481
79	1968	1968	1632	2335	1356	2693	1203	2920	1078	3124
80	4906	4906	4366	5477	3907	6018	3644	6354	3424	6654
81	91342	91344	88962	93755	86844	95954	85590	97283	84507	98444
82	10782	10782	9974	11621	9273	12403	8867	12884	8520	13309
83	14795	14796	13846	15775	13019	16685	12536	17242	12123	17733
84	257	257	146	400	72	555	40	660	20	759
85	7457	7457	6788	8157	6212	8815	5880	9221	5599	9581
86	548	548	378	749	252	957	188	1094	141	1220
87	479	479	321	669	206	866	149	996	107	1117
88	60489	60490	58554	62455	56839	64252	55825	65340	54951	66293
89	30671	30672	29298	32076	28088	33367	27377	34153	26766	34842
90	96231	96233	93787	98707	91613	100963	90324	102326	89211	103517
91	88682	88684	86337	91060	84251	93227	83015	94537	81949	95682
92	3268	3269	2831	3737	2464	4187	2256	4468	2083	4719
93	7802	7802	7117	8518	6528	9190	6187	9604	5898	9972
94	2883	2883	2473	3324	2130	3749	1938	4015	1778	4254
95	54	54	11	128	0	222	0	290	0	357
