city_id mean median lower_50 upper_50 lower_80 upper_80 lower_90 upper_90 lower_95 upper_95
1	1244	1244	966	1556	747	1866	629	2066	534	2248
2	10817	10817	9965	11703	9229	12531	8801	13040	8438	13491
3	36107	36108	34537	37712	33153	39187	32338	40083	31639	40870
4	12515	12516	11598	13468	10802	14355	10339	14899	9945	15380
5	133	133	54	246	13	379	2	471	0	560
6	75765	75766	73482	78082	71457	80198	70259	81478	69226	82598
7	7315	7315	6617	8046	6020	8736	5675	9161	5385	9540
8	10496	10497	9658	11370	8933	12186	8512	12688	8155	13133
9	9668	9668	8864	10507	8170	11292	7768	11776	7427	12204
10	22999	22999	21749	24283	20654	25470	20012	26193	19462	26830
11	2939	2939	2503	3409	2141	3862	1938	4147	1769	4403
12	2216	2217	1840	2627	1532	3027	1361	3280	1220	3507
13	24042	24043	22764	25355	21643	26567	20986	27306	20423	27956
14	467	467	304	665	187	873	130	1011	89	1139
15	857	857	630	1119	455	1385	364	1557	293	1716
16	1178	1178	909	1482	696	1786	582	1981	492	2159
17	6864	6865	6190	7574	5612	8243	5280	8657	4999	9024
18	823	823	601	1080	431	1342	342	1512	274	1667
19	15020	15021	14014	16062	13138	17029	12627	17622	12191	18145
20	5427	5427	4829	6059	4320	6659	4029	7032	3785	7364
21	3044	3044	2601	3523	2231	3983	2024	4272	1851	4532
22	1226	1226	951	1536	733	1845	616	2044	523	2224
23	4988	4988	4415	5595	3929	6172	3652	6531	3420	6851
24	21154	21155	19956	22386	18908	23526	18294	24222	17768	24834
25	6742	6742	6074	7445	5501	8109	5173	8519	4895	8884
26	62697	62698	60623	64806	58784	66736	57698	67904	56762	68927
27	44972	44973	43218	46761	41668	48402	40754	49398	39968	50271
28	4393	4393	3857	4964	3404	5508	3146	5847	2930	6150
29	3022	3022	2580	3499	2212	3958	2005	4246	1834	4505
30	5373	5373	4778	6003	4272	6600	3983	6971	3740	7301
31	1169	1169	901	1472	689	1775	576	1969	486	2147
32	2331	2331	1945	2752	1628	3161	1451	3419	1306	3652
33	281	281	158	439	78	610	43	727	21	836
34	110	110	40	215	7	340	0	428	0	512
35	16492	16492	15436	17582	14516	18594	13978	19213	13520	19759
36	16458	16458	15403	17547	14484	18558	13947	19176	13489	19721
37	60657	60659	58617	62732	56810	64631	55742	65780	54822	66788
38	59945	59946	57917	62008	56121	63896	55059	65039	54145	66040
39	43156	43157	41438	44909	39921	46518	39026	47494	38257	48350
40	62547	62549	60476	64654	58639	66582	57554	67748	56620	68770
41	6334	6334	5687	7016	5133	7661	4816	8060	4548	8415
42	14548	14549	13558	15573	12696	16527	12194	17110	11766	17626
43	28359	28360	26970	29784	25749	31096	25031	31895	24416	32598
44	18159	18159	17051	19302	16082	20362	15516	21009	15033	21580
45	9310	9310	8521	10133	7841	10905	7447	11380	7114	11801
46	35753	35754	34191	37350	32814	38819	32004	39711	31308	40494
47	1338	1338	1049	1661	820	1981	696	2187	597	2374
48	9904	9904	9090	10753	8387	11547	7979	12036	7634	12469
49	9037	9037	8260	9848	7590	10609	7203	11078	6875	11493
50	799	800	581	1053	413	1311	327	1479	260	1634
51	7018	7018	6335	7735	5751	8411	5414	8829	5130	9200
52	16925	16926	15856	18030	14923	19054	14378	19681	13913	20233
53	8943	8943	8170	9750	7504	10507	7119	10974	6793	11388
54	5543	5543	4938	6182	4424	6788	4129	7164	3882	7499
55	3099	3099	2651	3581	2278	4046	2068	4337	1894	4599
56	3411	3412	2941	3917	2547	4402	2325	4705	2140	4978
57	2628	2628	2217	3074	1877	3505	1687	3777	1530	4021
58	3205	3206	2750	3696	2370	4167	2155	4463	1978	4728
59	80626	80628	78272	83016	76181	85198	74943	86517	73876	87671
60	11506	11507	10627	12420	9866	13272	9424	13796	9048	14259
61	7757	7757	7038	8510	6421	9218	6066	9655	5765	10043
62	22363	22364	21132	23630	20052	24801	19420	25515	18878	26144
63	30792	30792	29343	32275	28069	33641	27319	34472	26677	35202
64	51166	51167	49294	53074	47638	54821	46660	55880	45819	56809
65	464	464	301	661	185	869	129	1006	88	1134
66	606	606	417	829	278	1059	208	1211	155	1351
67	21823	21823	20606	23074	19540	24231	18916	24937	18382	25558
68	14226	14227	13247	15240	12395	16183	11899	16761	11476	17271
69	342030	342033	337162	346934	332807	351379	330215	354053	327972	356384
70	43387	43388	41664	45145	40143	46757	39246	47736	38475	48594
71	12561	12561	11642	13515	10844	14403	10381	14949	9986	15431
72	356	357	216	532	120	719	76	845	45	963
73	5835	5835	5214	6491	4685	7111	4382	7496	4127	7838
74	66536	66537	64398	68708	62503	70695	61383	71897	60418	72949
75	3991	3991	3481	4536	3051	5057	2807	5382	2604	5673
76	461	461	299	657	183	864	127	1002	87	1129
77	3618	3618	3133	4138	2726	4636	2496	4948	2304	5227
78	3212	3212	2756	3702	2375	4174	2160	4470	1982	4736
79	2549	2549	2144	2988	1810	3413	1624	3681	1470	3923
80	5638	5638	5028	6283	4509	6893	4212	7272	3961	7609
81	103284	103285	100617	105986	98244	108450	96838	109937	95625	111238
82	11923	11924	11028	12853	10252	13720	9802	14252	9418	14723
83	15591	15592	14565	16652	13672	17637	13150	18240	12706	18772
84	314	314	183	479	95	658	57	778	31	891
85	9068	9068	8290	9881	7619	10643	7231	11112	6902	11529
86	554	554	375	768	243	991	178	1137	130	1273
87	483	483	317	684	197	895	139	1035	97	1165
88	67942	67943	65782	70137	63867	72144	62734	73358	61758	74422
89	36215	36216	34643	37823	33257	39300	32441	40197	31740	40986
90	120216	120218	117337	123130	114774	125785	113254	127386	111942	128786
91	105575	105576	102878	108307	100479	110797	99057	112300	97829	113615
92	3719	3720	3227	4246	2814	4751	2580	5066	2386	5348
93	8539	8540	7785	9329	7135	10070	6760	10527	6442	10932
94	3249	3249	2790	3743	2407	4217	2191	4515	2012	4781
95	47	47	7	122	0	220	0	291	0	362
