city_id mean median lower_50 upper_50 lower_80 upper_80 lower_90 upper_90 lower_95 upper_95
1	1216	1216	917	1556	684	1899	561	2120	464	2322
2	7507	7508	6734	8322	6074	9092	5695	9569	5376	9993
3	28846	28847	27310	30423	25964	31879	25174	32767	24498	33548
4	11254	11255	10303	12247	9483	13178	9008	13750	8605	14258
5	132	132	47	258	8	407	0	513	0	615
6	61844	61845	59586	64144	57589	66251	56410	67528	55396	68647
7	2622	2622	2174	3112	1806	3589	1602	3891	1435	4164
8	8515	8516	7691	9382	6984	10198	6577	10703	6234	11151
9	8229	8229	7419	9081	6725	9884	6326	10381	5989	10823
10	20674	20675	19378	22013	18246	23254	17585	24013	17021	24683
11	2625	2625	2176	3115	1808	3593	1605	3895	1437	4167
12	1787	1787	1420	2195	1126	2599	967	2856	838	3090
13	22777	22777	21415	24180	20224	25481	19528	26275	18933	26975
14	313	312	172	495	80	696	42	833	19	961
15	729	729	503	998	335	1276	251	1458	187	1626
16	1168	1168	876	1502	648	1839	529	2057	435	2256
17	6298	6298	5592	7046	4991	7756	4649	8196	4361	8590
18	646	646	434	900	279	1164	203	1339	146	1500
19	13864	13863	12806	14964	11889	15990	11357	16621	10904	17178
20	4846	4847	4229	5505	3710	6134	3415	6527	3169	6878
21	2368	2368	1943	2835	1596	3291	1405	3580	1249	3842
22	1054	1054	778	1373	564	1695	453	1905	367	2097
23	4521	4522	3926	5159	3426	5768	3143	6149	2907	6490
24	20060	20061	18783	21379	17669	22602	17019	23351	16464	24011
25	5544	5544	4883	6247	4323	6916	4004	7333	3738	7705
26	51300	51301	49246	53396	47431	55320	46362	56488	45443	57512
27	38565	38566	36787	40385	35221	42061	34300	43080	33510	43975
28	4033	4034	3473	4636	3003	5215	2739	5578	2519	5903
29	2987	2988	2508	3509	2111	4015	1891	4334	1709	4621
30	4120	4120	3552	4729	3078	5313	2810	5679	2587	6007
31	973	973	708	1280	506	1592	401	1795	319	1982
32	1465	1465	1136	1837	874	2208	735	2446	623	2663
33	280	280	148	454	64	647	31	779	12	903
34	107	107	33	223	3	363	0	463	0	560
35	14552	14552	13468	15679	12527	16729	11981	17374	11516	17944
36	11147	11148	10201	12136	9385	13062	8912	13632	8512	14138
37	53223	53224	51130	55358	49281	57316	48191	58504	47253	59547
38	50696	50697	48654	52780	46850	54693	45788	55854	44874	56872
39	40965	40966	39131	42840	37516	44565	36565	45614	35750	46535
40	48468	48469	46472	50506	44710	52378	43672	53514	42780	54511
41	6168	6169	5470	6909	4876	7612	4538	8049	4253	8438
42	11659	11659	10691	12670	9855	13616	9371	14198	8960	14714
43	27209	27210	25718	28741	24412	30157	23647	31021	22992	31781
44	15914	15914	14779	17091	13793	18187	13219	18859	12731	19453
45	8201	8201	7392	9051	6699	9853	6301	10350	5965	10791
46	25489	25489	24047	26972	22784	28345	22045	29182	21412	29920
47	1321	1321	1009	1675	764	2030	634	2259	530	2467
48	9851	9852	8963	10782	8199	11656	7758	12195	7384	12673
49	7933	7934	7138	8770	6458	9560	6067	10049	5738	10484
50	552	552	358	788	219	1037	152	1202	103	1355
51	6005	6005	5316	6736	4731	7430	4398	7862	4118	8247
52	13101	13100	12073	14170	11183	15170	10667	15784	10229	16328
53	8589	8589	7761	9459	7051	10279	6642	10785	6297	11236
54	4875	4875	4256	5535	3734	6166	3439	6560	3192	6912
55	2989	2990	2509	3511	2113	4017	1892	4336	1710	4624
56	2688	2688	2234	3184	1861	3667	1654	3972	1484	4247
57	2477	2477	2042	2954	1686	3419	1489	3714	1328	3980
58	2926	2927	2452	3443	2060	3944	1842	4261	1663	4545
59	64031	64032	61733	66371	59700	68514	58500	69812	57467	70951
60	8454	8454	7632	9317	6928	10131	6523	10634	6182	11081
61	5127	5128	4492	5804	3956	6450	3652	6853	3397	7213
62	19092	19093	17847	20379	16762	21575	16129	22306	15588	22951
63	25671	25672	24224	27161	22957	28538	22215	29378	21580	30118
64	43102	43103	41220	45025	39562	46793	38586	47867	37748	48811
65	368	368	213	565	110	778	64	922	34	1056
66	441	441	269	654	151	882	96	1035	59	1178
67	18338	18339	17118	19600	16055	20772	15436	21490	14907	22123
68	11605	11604	10639	12613	9805	13557	9322	14138	8912	14652
69	327339	327342	322118	332603	317451	337379	314675	340253	312273	342760
70	28619	28620	27090	30190	25748	31641	24962	32525	24289	33303
71	9793	9793	8907	10721	8145	11592	7706	12130	7334	12607
72	203	203	93	355	31	527	9	646	1	760
73	4594	4595	3994	5236	3490	5851	3204	6234	2966	6578
74	50737	50738	48694	52822	46890	54736	45827	55897	44913	56916
75	3580	3580	3052	4149	2613	4697	2367	5042	2163	5351
76	273	273	142	445	61	636	28	767	10	890
77	2712	2713	2256	3210	1881	3695	1673	4001	1502	4277
78	2997	2997	2516	3519	2119	4026	1898	4345	1716	4632
79	1845	1845	1472	2259	1173	2669	1010	2930	878	3167
80	4712	4712	4104	5362	3592	5983	3302	6371	3060	6718
81	88546	88548	85840	91294	83440	93804	82020	95322	80795	96652
82	9838	9839	8950	10768	8187	11641	7746	12180	7373	12658
83	14455	14454	13374	15577	12437	16624	11892	17267	11429	17835
84	238	238	118	400	45	582	18	708	4	826
85	6857	6858	6119	7637	5491	8375	5131	8833	4828	9241
86	549	549	355	784	217	1032	150	1197	102	1350
87	482	482	302	705	176	941	116	1098	75	1245
88	57549	57550	55372	59768	53447	61803	52312	63036	51335	64118
89	28270	28271	26750	29832	25418	31274	24637	32153	23968	32927
90	86700	86702	84023	89419	81648	91904	80243	93407	79032	94723
91	84492	84494	81850	87177	79506	89630	78120	91114	76925	92414
92	3110	3110	2620	3642	2215	4157	1988	4482	1802	4773
93	7459	7459	6688	8271	6031	9039	5653	9514	5335	9937
94	2772	2772	2311	3276	1931	3765	1720	4074	1547	4352
95	63	63	11	157	0	277	0	365	0	452
