city_id mean median lower_50 upper_50 lower_80 upper_80 lower_90 upper_90 lower_95 upper_95
1	1236	1237	892	1636	630	2045	495	2310	391	2555
2	7916	7917	7003	8885	6228	9806	5786	10379	5415	10890
3	30405	30406	28588	32278	27000	34013	26071	35072	25277	36006
4	11723	11723	10605	12896	9647	14001	9095	14684	8628	15290
5	133	133	39	283	2	465	0	597	0	724
6	64992	64994	62323	67718	59967	70220	58579	71739	57386	73072
7	3764	3764	3143	4441	2631	5099	2347	5514	2113	5888
8	9069	9070	8089	10105	7255	11085	6778	11694	6376	12235
9	8569	8569	7617	9576	6808	10531	6346	11125	5958	11653
10	21194	21195	19682	22762	18368	24223	17603	25118	16952	25910
11	2703	2703	2181	3281	1759	3850	1528	4212	1340	4539
12	1898	1898	1465	2387	1123	2875	940	3189	794	3475
13	23132	23133	21551	24770	20175	26292	19373	27225	18690	28048
14	341	341	173	564	71	813	31	984	9	1145
15	771	771	505	1092	313	1430	221	1654	153	1861
16	1172	1172	838	1562	585	1961	455	2222	355	2462
17	6415	6415	5595	7290	4905	8127	4514	8649	4187	9116
18	667	668	422	969	249	1288	167	1501	109	1699
19	14203	14204	12970	15492	11908	16701	11294	17446	10773	18106
20	4979	4979	4260	5753	3661	6499	3324	6966	3045	7386
21	2531	2532	2027	3092	1621	3644	1399	3997	1220	4316
22	1074	1074	755	1448	516	1834	394	2086	302	2318
23	4727	4727	4027	5482	3445	6210	3119	6668	2848	7079
24	20433	20434	18948	21973	17659	23409	16910	24289	16272	25067
25	5809	5809	5030	6643	4377	7442	4008	7942	3701	8390
26	54429	54430	51988	56925	49838	59221	48574	60617	47488	61843
27	39917	39919	37831	42059	36001	44036	34927	45241	34007	46301
28	4086	4086	3438	4790	2902	5473	2603	5903	2356	6289
29	3004	3004	2452	3611	2003	4207	1756	4585	1554	4926
30	4383	4383	3710	5111	3153	5815	2841	6258	2583	6656
31	1037	1037	724	1405	490	1785	372	2034	283	2264
32	1557	1557	1168	2003	865	2452	705	2742	580	3008
33	280	280	131	485	45	718	15	878	2	1031
34	107	107	25	244	0	416	0	540	0	661
35	15003	15004	13735	16327	12641	17568	12008	18331	11472	19008
36	11993	11993	10862	13179	9892	14296	9333	14986	8860	15598
37	55131	55132	52675	57643	50511	59954	49237	61358	48144	62591
38	52890	52892	50485	55352	48367	57616	47121	58993	46052	60202
39	41724	41725	39590	43913	37717	45932	36618	47162	35676	48244
40	52279	52281	49888	54727	47782	56978	46544	58347	45482	59550
41	6204	6204	5398	7065	4721	7889	4337	8403	4017	8864
42	12495	12496	11341	13706	10349	14844	9777	15547	9293	16171
43	27587	27588	25857	29372	24348	31028	23466	32040	22714	32933
44	16352	16353	15027	17733	13882	19025	13218	19819	12654	20523
45	8540	8541	7591	9546	6783	10500	6322	11092	5934	11620
46	27155	27156	25439	28926	23942	30570	23068	31575	22322	32461
47	1327	1328	970	1741	696	2161	554	2434	443	2685
48	9905	9905	8880	10986	8005	12007	7503	12640	7080	13203
49	8152	8153	7225	9135	6438	10069	5988	10649	5611	11166
50	639	639	399	934	232	1248	153	1457	98	1653
51	6350	6351	5535	7221	4849	8054	4460	8574	4135	9038
52	14047	14048	12821	15329	11765	16532	11154	17273	10637	17930
53	8664	8664	7707	9676	6893	10636	6428	11233	6037	11764
54	5132	5133	4402	5918	3793	6674	3450	7148	3165	7573
55	3043	3043	2487	3655	2035	4254	1786	4634	1583	4977
56	2789	2790	2259	3376	1828	3953	1593	4319	1401	4651
57	2367	2367	1880	2910	1490	3446	1278	3789	1107	4100
58	3020	3020	2466	3629	2016	4226	1768	4605	1566	4947
59	67406	67407	64687	70181	62286	72728	60871	74273	59655	75630
60	8916	8916	7945	9943	7118	10916	6645	11519	6247	12057
61	5644	5644	4877	6467	4234	7256	3871	7750	3569	8192
62	20036	20037	18566	21561	17290	22983	16549	23856	15918	24627
63	26619	26620	24921	28373	23439	30001	22575	30997	21836	31875
64	44593	44594	42386	46855	40447	48940	39309	50210	38333	51326
65	378	378	201	612	88	871	43	1047	17	1213
66	481	481	277	741	141	1024	82	1214	43	1393
67	19347	19348	17903	20846	16651	22245	15923	23103	15304	23863
68	11983	11983	10852	13169	9882	14285	9324	14975	8852	15587
69	334131	334134	328042	340275	322607	345856	319377	349217	316584	352151
70	32586	32587	30704	34524	29057	36317	28093	37412	27269	38376
71	10405	10405	9353	11512	8455	12557	7938	13204	7503	13779
72	248	248	110	443	33	667	8	822	0	970
73	4810	4810	4104	5572	3516	6306	3186	6766	2913	7180
74	54087	54088	51654	56575	49511	58864	48250	60256	47168	61478
75	3615	3615	3007	4279	2507	4925	2230	5334	2002	5701
76	309	309	151	523	57	764	22	930	5	1087
77	2817	2817	2283	3406	1851	3985	1614	4353	1421	4686
78	3071	3071	2512	3685	2057	4286	1807	4667	1602	5012
79	1968	1968	1527	2465	1177	2961	990	3280	840	3569
80	4906	4906	4193	5675	3598	6415	3265	6880	2988	7297
81	91342	91344	88173	94568	85366	97521	83708	99310	82281	100877
82	10782	10782	9711	11908	8795	12971	8268	13628	7824	14213
83	14795	14796	13536	16110	12450	17342	11822	18101	11290	18774
84	257	257	115	454	36	680	10	837	0	987
85	7457	7457	6571	8398	5821	9294	5395	9852	5037	10350
86	548	548	328	823	178	1119	110	1318	64	1504
87	479	479	276	739	140	1021	81	1211	42	1389
88	60489	60490	57915	63119	55644	65536	54307	67003	53159	68292
89	30671	30672	28846	32552	27250	34294	26317	35358	25520	36296
90	96231	96233	92977	99541	90094	102571	88391	104405	86924	106011
91	88682	88684	85560	91861	82795	94772	81163	96535	79757	98081
92	3268	3269	2691	3901	2220	4519	1959	4911	1746	5264
93	7802	7802	6895	8765	6127	9679	5689	10248	5321	10756
94	2883	2883	2343	3479	1904	4064	1664	4435	1468	4771
95	54	54	4	160	0	303	0	410	0	517
