city_id mean median lower_50 upper_50 lower_80 upper_80 lower_90 upper_90 lower_95 upper_95
1	2578	2578	1890	3371	1362	4177	1088	4700	874	5180
2	19676	19677	17683	21774	15980	23755	15002	24982	14178	26072
3	59839	59841	56325	63459	53251	66810	51454	68857	49917	70660
4	11015	11016	9538	12599	8298	14116	7598	15065	7015	15914
5	47	47	0	199	0	428	0	606	0	786
6	215512	215516	208796	222335	202838	228570	199315	232342	196278	235645
7	4428	4429	3511	5452	2776	6464	2377	7112	2056	7699
8	7260	7260	6070	8555	5090	9813	4545	10607	4097	11322
9	16810	16811	14972	18754	13409	20595	12514	21738	11762	22757
10	47910	47912	44772	51155	42036	54169	40441	56013	39079	57640
11	984	984	580	1495	307	2045	185	2416	103	2763
12	3028	3028	2279	3884	1695	4745	1387	5302	1144	5811
13	24365	24367	22142	26695	20231	28884	19129	30234	18197	31433
14	111	111	10	317	0	594	0	801	0	1006
15	1059	1059	638	1587	349	2153	218	2533	129	2889
16	974	974	572	1482	301	2030	180	2400	100	2746
17	6585	6585	5455	7821	4528	9026	4015	9788	3594	10475
18	2328	2328	1677	3084	1183	3857	928	4360	732	4823
19	11225	11226	9733	12823	8481	14353	7772	15310	7182	16166
20	5842	5843	4781	7010	3916	8152	3439	8877	3051	9532
21	2195	2195	1565	2931	1089	3685	845	4178	658	4631
22	1411	1411	916	2012	562	2644	391	3063	268	3453
23	3726	3727	2889	4670	2227	5610	1871	6214	1588	6764
24	23017	23018	20857	25282	19004	27413	17936	28730	17034	29899
25	8008	8009	6756	9366	5720	10680	5141	11508	4663	12252
26	143037	143040	137576	148605	132748	153711	129900	156807	127451	159522
27	44494	44495	41471	47623	38840	50532	37307	52313	36000	53887
28	17053	17054	15202	19011	13626	20865	12725	22015	11966	23040
29	1614	1614	1081	2253	693	2919	501	3359	360	3767
30	11414	11415	9909	13025	8645	14567	7930	15531	7334	16393
31	596	596	293	1005	112	1465	44	1781	10	2081
32	2366	2366	1710	3128	1210	3906	952	4412	753	4877
33	111	111	10	317	0	594	0	801	0	1006
34	133	133	18	355	0	646	0	861	0	1073
35	69350	69352	65563	73243	62243	76840	60298	79033	58633	80965
36	5257	5258	4253	6368	3440	7459	2994	8153	2632	8781
37	106155	106157	101457	110959	97317	115376	94881	118061	92790	120418
38	29941	29943	27471	32518	25338	34929	24102	36413	23054	37727
39	66270	66272	62569	70077	59327	73596	57429	75743	55804	77634
40	27214	27216	24862	29673	22834	31978	21663	33399	20669	34658
41	2852	2852	2126	3683	1564	4524	1268	5068	1037	5565
42	7551	7552	6337	8872	5335	10152	4776	10959	4316	11685
43	36866	36867	34119	39719	31736	42379	30352	44012	29174	45456
44	47764	47766	44631	51004	41899	54013	40307	55855	38947	57480
45	7319	7319	6124	8619	5140	9882	4592	10678	4141	11395
46	25761	25763	23474	28155	21505	30402	20368	31787	19406	33016
47	767	767	416	1224	192	1727	98	2069	42	2391
48	11430	11431	9925	13043	8659	14585	7944	15550	7347	16413
49	8677	8678	7372	10089	6288	11451	5680	12307	5177	13076
50	238	238	66	516	2	857	0	1103	0	1341
51	13226	13227	11602	14956	10231	16606	9452	17634	8800	18552
52	16569	16570	14746	18500	13194	20329	12307	21465	11561	22477
53	14223	14224	12537	16015	11110	17720	10297	18781	9616	19729
54	2760	2761	2047	3580	1496	4408	1208	4946	982	5437
55	1103	1103	672	1640	375	2215	238	2601	144	2961
56	9808	9809	8417	11305	7255	12745	6602	13647	6058	14457
57	1707	1707	1158	2363	754	3044	554	3493	405	3908
58	1747	1748	1191	2410	781	3098	577	3550	424	3969
59	48861	48863	45691	52138	42927	55179	41315	57040	39938	58683
60	9138	9139	7797	10585	6681	11979	6054	12854	5534	13640
61	8132	8133	6870	9500	5825	10823	5241	11656	4758	12405
62	32155	32157	29594	34823	27378	37317	26093	38850	25002	40208
63	140893	140896	135472	146419	130682	151487	127857	154561	125427	157257
64	83705	83707	79539	87977	75879	91915	73730	94313	71887	96421
65	501	501	228	880	73	1313	21	1613	1	1899
66	318	319	111	632	16	1005	0	1270	0	1524
67	9702	9702	8319	11191	7164	12623	6514	13522	5975	14327
68	42085	42087	39147	45130	36592	47963	35104	49699	33836	51233
69	739822	739829	727333	752417	716176	763852	709542	770735	703802	776740
70	25474	25475	23200	27854	21243	30089	20113	31468	19156	32691
71	14830	14831	13107	16659	11647	18397	10814	19478	10116	20442
72	209	209	52	473	0	802	0	1040	0	1272
73	8396	8397	7113	9785	6049	11128	5453	11972	4960	12731
74	27696	27698	25323	30176	23276	32501	22093	33933	21090	35202
75	4098	4099	3218	5085	2516	6065	2137	6692	1833	7262
76	140	140	21	366	0	660	0	878	0	1092
77	5561	5561	4527	6701	3686	7820	3225	8530	2849	9172
78	1356	1356	872	1946	527	2568	362	2982	244	3366
79	1856	1856	1281	2537	854	3242	640	3704	479	4132
80	11160	11161	9673	12754	8424	14280	7718	15234	7130	16088
81	189855	189858	183554	196262	177971	202123	174672	205671	171830	208779
82	95611	95613	91155	100173	87233	104372	84928	106926	82950	109170
83	11600	11600	10082	13223	8807	14776	8085	15747	7482	16615
84	284	284	91	583	9	943	0	1199	0	1447
85	19046	19047	17086	21111	15413	23062	14453	24271	13644	25346
86	159	159	28	397	0	701	0	925	0	1144
87	179	179	37	428	0	743	0	972	0	1197
88	27259	27260	24904	29719	22875	32027	21702	33448	20708	34708
89	13176	13177	11555	14903	10187	16549	9409	17575	8758	18492
90	77199	77201	73200	81304	69690	85091	67632	87399	65868	89429
91	55629	55631	52243	59122	49285	62358	47556	64335	46078	66079
92	892	892	510	1381	256	1912	146	2271	75	2608
93	19337	19338	17363	21418	15675	23383	14707	24600	13891	25683
94	3365	3366	2572	4264	1949	5165	1618	5745	1355	6274
95	2407	2407	1745	3175	1239	3959	978	4468	776	4936
