city_id mean median lower_50 upper_50 lower_80 upper_80 lower_90 upper_90 lower_95 upper_95
1	2413	2413	1880	3012	1458	3608	1230	3990	1048	4338
2	16666	16667	15212	18186	13960	19612	13236	20490	12623	21269
3	55480	55481	52800	58226	50444	60755	49060	62295	47873	63648
4	10458	10459	9313	11669	8339	12816	7782	13528	7314	14163
5	30	30	0	126	0	270	0	381	0	494
6	196574	196577	191501	201713	186989	206398	184315	209227	182007	211701
7	2936	2936	2345	3593	1870	4242	1611	4656	1402	5031
8	6721	6722	5810	7698	5046	8635	4615	9222	4256	9747
9	15930	15931	14510	17417	13287	18812	12581	19673	11984	20437
10	41955	41956	39629	44347	37591	46558	36398	47907	35376	49094
11	868	868	562	1240	343	1633	238	1893	162	2135
12	2795	2795	2219	3437	1758	4072	1507	4478	1305	4846
13	21356	21357	19706	23072	18277	24675	17448	25659	16743	26530
14	79	79	10	215	0	393	0	526	0	657
15	862	862	557	1233	339	1624	234	1884	159	2126
16	867	867	561	1239	342	1631	237	1892	161	2133
17	6165	6165	5294	7102	4566	8003	4156	8568	3816	9075
18	1632	1632	1200	2130	868	2636	694	2964	560	3265
19	9833	9834	8724	11008	7782	12123	7244	12816	6793	13434
20	5439	5439	4623	6322	3945	7173	3564	7708	3250	8189
21	2034	2034	1548	2587	1167	3141	964	3498	804	3825
22	1129	1129	775	1549	513	1984	382	2270	284	2535
23	3022	3022	2422	3688	1939	4345	1675	4764	1461	5143
24	19988	19989	18393	21649	17013	23202	16213	24157	15534	25003
25	7484	7485	6521	8513	5710	9497	5251	10112	4867	10661
26	123667	123669	119650	127750	116089	131484	113985	133744	112171	135723
27	42407	42408	40069	44812	38019	47034	36819	48390	35791	49583
28	16491	16492	15045	18003	13800	19422	13081	20296	12471	21072
29	1492	1492	1080	1970	766	2457	604	2775	479	3066
30	11009	11010	9834	12251	8832	13425	8259	14154	7776	14803
31	509	509	282	802	135	1123	72	1340	34	1545
32	1860	1860	1396	2390	1036	2924	846	3269	696	3585
33	82	82	11	219	0	400	0	534	0	666
34	99	99	18	247	0	437	0	576	0	713
35	51078	51079	48508	53714	46251	56145	44926	57625	43790	58926
36	5241	5241	4440	6108	3776	6945	3404	7472	3097	7946
37	96737	96739	93188	100352	90049	103665	88196	105672	86602	107433
38	28456	28457	26546	30432	24883	32268	23914	33393	23088	34385
39	57959	57961	55220	60765	52809	63348	51393	64920	50178	66301
40	25556	25557	23748	27430	22177	29175	21262	30245	20483	31190
41	2659	2659	2098	3286	1650	3907	1408	4305	1213	4666
42	7020	7021	6088	8018	5306	8974	4863	9571	4495	10106
43	35543	35544	33405	37747	31536	39789	30444	41037	29510	42137
44	40379	40380	38098	42726	36100	44897	34931	46222	33930	47388
45	6424	6425	5534	7380	4789	8298	4370	8873	4020	9388
46	23177	23178	21457	24963	19964	26629	19097	27651	18359	28555
47	692	692	422	1028	236	1388	150	1628	91	1853
48	10343	10344	9205	11547	8237	12689	7683	13398	7218	14029
49	7493	7494	6529	8523	5718	9508	5258	10122	4875	10672
50	188	188	63	379	8	608	0	771	0	927
51	12330	12331	11084	13642	10019	14880	9408	15647	8892	16329
52	12838	12839	11566	14176	10478	15438	9852	16219	9324	16913
53	13458	13459	12155	14827	11039	16117	10396	16915	9854	17623
54	2565	2565	2015	3181	1576	3793	1339	4185	1149	4541
55	997	997	667	1394	426	1808	307	2081	220	2335
56	7119	7120	6180	8124	5392	9086	4946	9687	4574	10225
57	1553	1553	1132	2040	810	2535	643	2857	514	3153
58	1593	1593	1166	2086	839	2586	669	2912	537	3210
59	46163	46164	43722	48671	41580	50986	40324	52397	39249	53638
60	8578	8579	7545	9678	6671	10725	6173	11377	5757	11960
61	7685	7686	6709	8728	5886	9724	5419	10345	5030	10901
62	28790	28791	26869	30777	25196	32624	24220	33754	23388	34752
63	121852	121854	117865	125905	114331	129613	112242	131856	110443	133822
64	77799	77801	74620	81044	71813	84024	70160	85833	68739	87420
65	441	441	232	716	101	1020	48	1228	18	1425
66	266	266	111	487	29	743	5	922	0	1092
67	9180	9181	8110	10317	7203	11397	6686	12069	6252	12669
68	39217	39218	36969	41531	35002	43671	33851	44978	32866	46129
69	707247	707252	697595	716966	688959	725775	683818	731071	679366	735689
70	20853	20854	19223	22549	17812	24134	16993	25107	16298	25969
71	14071	14072	12738	15470	11594	16787	10936	17601	10379	18324
72	165	165	50	346	4	566	0	723	0	875
73	7609	7610	6638	8647	5819	9638	5356	10257	4968	10810
74	25865	25866	24046	27750	22465	29505	21544	30581	20760	31531
75	3474	3474	2828	4186	2304	4884	2015	5327	1781	5728
76	104	104	20	255	0	447	0	588	0	726
77	4648	4648	3896	5466	3275	6260	2930	6761	2645	7211
78	1228	1228	858	1665	581	2115	441	2410	335	2682
79	1670	1670	1233	2174	895	2684	719	3015	582	3319
80	10477	10478	9331	11689	8356	12837	7799	13550	7330	14185
81	161764	161767	157165	166429	153080	170687	150662	173261	148576	175513
82	83616	83618	80319	86979	77406	90065	75689	91937	74213	93579
83	10535	10536	9386	11750	8408	12901	7849	13616	7378	14252
84	229	229	88	436	18	680	1	851	0	1016
85	17636	17637	16140	19199	14849	20663	14102	21564	13469	22363
86	126	126	30	288	0	491	0	639	0	782
87	132	132	33	297	0	503	0	652	0	797
88	25772	25773	23956	27654	22378	29406	21459	30479	20677	31428
89	12459	12460	11207	13778	10136	15022	9520	15792	9002	16477
90	64484	64486	61593	67442	59045	70162	57547	71815	56261	73268
91	50230	50231	47682	52844	45444	55255	44131	56724	43005	58015
92	780	780	492	1135	288	1511	193	1762	125	1996
93	18566	18567	17030	20168	15703	21668	14935	22591	14284	23409
94	3078	3078	2472	3750	1983	4412	1717	4834	1501	5216
95	2076	2076	1584	2634	1198	3193	993	3553	831	3882
