city_id mean median lower_50 upper_50 lower_80 upper_80 lower_90 upper_90 lower_95 upper_95
1	3286	3287	2332	4403	1613	5548	1246	6296	965	6985
2	24677	24679	21922	27595	19580	30363	18242	32082	17118	33614
3	87973	87976	82699	93410	78088	98447	75393	101523	73089	104235
4	30517	30519	27444	33753	24816	36807	23307	38697	22034	40378
5	309	309	73	708	0	1207	0	1568	0	1921
6	170375	170379	163003	177910	156504	184835	152678	189042	149392	192736
7	17395	17396	15095	19858	13163	22216	12070	23690	11159	25009
8	27513	27515	24599	30590	22115	33500	20692	35305	19493	36911
9	22299	22300	19684	25077	17469	27718	16206	29362	15148	30828
10	51279	51281	47272	55450	43802	59345	41789	61739	40079	63858
11	8038	8039	6501	9738	5256	11409	4574	12472	4020	13434
12	5172	5173	3955	6552	2998	7935	2489	8825	2085	9637
13	57766	57768	53508	62187	49812	66309	47664	68838	45836	71074
14	1097	1097	580	1777	255	2528	123	3041	47	3525
15	2190	2190	1426	3117	878	4091	614	4736	422	5336
16	3143	3144	2212	4237	1513	5361	1159	6098	889	6776
17	19158	19159	16740	21739	14702	24203	13546	25740	12580	27114
18	1792	1792	1109	2638	634	3539	412	4142	259	4704
19	35749	35751	32416	39245	29555	42532	27906	44563	26511	46365
20	15432	15433	13270	17757	11463	19990	10445	21389	9599	22643
21	7969	7970	6439	9662	5200	11327	4522	12386	3971	13345
22	2932	2933	2036	3991	1368	5085	1032	5802	778	6464
23	12866	12867	10899	14996	9268	17053	8355	18348	7600	19511
24	48722	48724	44818	52789	41441	56592	39484	58930	37822	61000
25	15850	15851	13658	18205	11824	20465	10789	21881	9929	23149
26	137344	137348	130734	144117	124920	150357	121504	154154	118575	157491
27	108252	108255	102392	114275	97255	119838	94244	123230	91667	126216
28	9937	9938	8219	11819	6810	13653	6031	14813	5392	15860
29	7161	7162	5714	8771	4551	10360	3919	11374	3407	12293
30	12193	12194	10281	14268	8698	16277	7814	17542	7085	18680
31	2794	2795	1921	3830	1274	4903	951	5607	708	6258
32	5134	5135	3922	6509	2969	7887	2463	8775	2061	9585
33	711	711	311	1274	90	1921	22	2371	0	2800
34	226	226	36	579	0	1036	0	1373	0	1704
35	38023	38025	34583	41626	31625	45010	29919	47097	28474	48950
36	37879	37881	34446	41475	31494	44853	29791	46937	28350	48787
37	149901	149905	142991	156974	136908	163483	133332	167441	130262	170918
38	160591	160595	153436	167909	147132	174638	143424	178728	140240	182320
39	101288	101291	95623	107116	90660	112505	87754	115792	85267	118687
40	158700	158704	151588	165975	145323	172666	141637	176733	138473	180305
41	16113	16114	13902	18487	12051	20764	11007	22190	10137	23467
42	38647	38649	35179	42278	32195	45688	30473	47792	29015	49658
43	64978	64980	60457	69662	56524	74021	54235	76692	52284	79051
44	41480	41482	37884	45239	34785	48764	32994	50936	31476	52862
45	25476	25478	22675	28440	20293	31248	18930	32992	17785	34545
46	89095	89098	83787	94566	79146	99633	76432	102728	74112	105456
47	3570	3571	2573	4730	1814	5915	1423	6687	1122	7396
48	24786	24788	22025	27710	19677	30484	18336	32206	17209	33741
49	21784	21785	19200	24531	17013	27144	15768	28770	14724	30222
50	1982	1982	1260	2867	749	3804	506	4428	334	5009
51	18115	18116	15766	20627	13790	23029	12671	24529	11738	25871
52	36445	36447	33079	39974	30188	43291	28521	45339	27111	47157
53	22131	22132	19526	24899	17320	27531	16063	29169	15009	30631
54	14186	14187	12117	16418	10393	18568	9425	19918	8622	21129
55	7661	7662	6162	9323	4952	10959	4291	12002	3755	12946
56	8180	8181	6628	9895	5371	11578	4681	12649	4121	13618
57	6864	6865	5449	8442	4315	10002	3700	10999	3203	11903
58	8293	8294	6730	10019	5462	11713	4767	12789	4201	13763
59	207159	207163	199022	215459	191833	223074	187595	227693	183951	231745
60	25367	25369	22573	28324	20195	31127	18836	32868	17694	34418
61	17312	17313	15018	19769	13091	22122	12001	23593	11093	24909
62	54109	54111	49990	58391	46420	62387	44348	64841	42585	67011
63	70827	70830	66103	75714	61988	80255	59589	83035	57543	85489
64	121648	121651	115432	128027	109973	133912	106770	137497	104025	140650
65	1098	1098	581	1778	255	2530	123	3043	47	3527
66	1374	1374	786	2125	396	2941	226	3492	117	4009
67	60641	60643	56276	65169	52484	69387	50279	71973	48401	74259
68	32730	32732	29545	36078	26816	39233	25246	41184	23920	42918
69	685185	685193	670320	700213	657071	713888	649208	722132	642414	729335
70	94479	94482	89010	100111	84225	105322	81425	108504	79030	111307
71	28533	28535	25564	31665	23030	34625	21577	36459	20353	38091
72	782	782	359	1368	117	2036	35	2499	3	2939
73	14053	14054	11994	16275	10279	18416	9316	19760	8518	20966
74	173483	173487	166044	181086	159483	188072	155621	192315	152304	196041
75	11254	11255	9420	13251	7908	15189	7066	16412	6373	17513
76	1077	1077	566	1751	245	2498	116	3008	43	3489
77	8096	8097	6553	9802	5302	11478	4618	12545	4061	13509
78	7590	7591	6098	9245	4895	10874	4237	11913	3705	12853
79	6304	6305	4952	7819	3874	9323	3292	10286	2824	11162
80	12934	12935	10962	15069	9325	17132	8409	18429	7652	19594
81	235407	235412	226727	244250	219050	252353	214520	257264	210622	261570
82	27533	27535	24618	30611	22133	33522	20709	35327	19510	36934
83	37873	37875	34440	41469	31489	44846	29786	46930	28344	48780
84	760	760	344	1339	108	2001	31	2459	2	2897
85	20943	20944	18411	23638	16271	26204	15053	27803	14034	29230
86	1441	1441	837	2208	433	3038	254	3598	137	4123
87	1178	1178	640	1879	295	2650	151	3175	65	3669
88	176607	176611	169100	184277	162479	191324	158581	195604	155232	199361
89	86689	86692	81454	92087	76879	97088	74205	100143	71919	102837
90	310078	310083	300104	320215	291262	329483	286034	335092	281531	340004
91	261163	261168	252017	270472	243919	278996	239137	284159	235021	288684
92	9249	9250	7594	11067	6243	12844	5498	13970	4889	14988
93	21531	21532	18963	24262	16790	26861	15553	28480	14516	29924
94	7516	7517	6032	9163	4835	10786	4182	11820	3653	12757
95	87	87	0	337	0	702	0	983	0	1266
