city_id mean median lower_50 upper_50 lower_80 upper_80 lower_90 upper_90 lower_95 upper_95
1	3166	3166	2451	3972	1885	4777	1582	5294	1340	5764
2	18282	18283	16500	20156	14973	21921	14095	23013	13353	23984
3	68664	68666	65167	72252	62096	75562	60294	77578	58749	79351
4	25987	25988	23853	28212	22010	30294	20942	31576	20036	32711
5	296	296	109	574	19	903	1	1135	0	1359
6	138565	138568	133578	143643	129165	148295	126560	151114	124318	153585
7	6840	6841	5768	8004	4880	9130	4384	9840	3975	10478
8	20853	20854	18946	22851	17307	24729	16362	25888	15563	26916
9	18742	18743	16937	20639	15389	22425	14499	23529	13747	24510
10	44620	44622	41810	47522	39357	50213	37925	51859	36702	53310
11	6969	6970	5886	8143	4989	9279	4488	9994	4074	10637
12	4196	4196	3366	5117	2697	6026	2332	6604	2036	7129
13	54275	54277	51171	57470	48454	60426	46863	62231	45503	63820
14	750	750	425	1166	211	1619	119	1925	60	2213
15	1881	1881	1340	2513	932	3161	723	3583	562	3972
16	3146	3146	2433	3950	1870	4752	1568	5268	1327	5737
17	17728	17729	15974	19574	14472	21314	13609	22391	12880	23349
18	1421	1421	957	1976	617	2555	450	2936	325	3289
19	32327	32328	29942	34804	27872	37112	26669	38529	25645	39781
20	13724	13725	12186	15354	10879	16899	10132	17860	9505	18716
21	6324	6325	5295	7445	4446	8533	3973	9219	3584	9837
22	2658	2658	2007	3401	1498	4148	1230	4630	1018	5071
23	11039	11040	9664	12505	8504	13904	7846	14776	7295	15556
24	45576	45578	42735	48508	40255	51227	38807	52889	37570	54355
25	12930	12931	11438	14513	10173	16017	9452	16952	8846	17786
26	112246	112248	107762	116821	103802	121020	101468	123568	99462	125803
27	93200	93202	89118	97373	85520	101210	83403	103541	81585	105588
28	9169	9170	7920	10509	6874	11795	6283	12599	5791	13320
29	7126	7127	6030	8313	5122	9460	4614	10182	4194	10831
30	8698	8699	7483	10005	6467	11260	5894	12046	5418	12751
31	2217	2217	1626	2899	1172	3592	936	4042	752	4454
32	3487	3487	2734	4331	2135	5169	1811	5706	1552	6195
33	688	688	379	1088	179	1527	95	1825	43	2105
34	224	224	67	472	4	774	0	990	0	1199
35	33112	33113	30698	35618	28601	37953	27382	39385	26345	40652
36	26344	26345	24195	28584	22338	30680	21263	31969	20350	33111
37	128517	128520	123716	133409	119470	137894	116965	140612	114811	142996
38	134199	134202	129292	139197	124951	143777	122389	146553	120184	148986
39	93747	93749	89653	97932	86044	101780	83921	104117	82097	106170
40	119023	119026	114404	123733	110323	128053	107917	130673	105847	132972
41	15349	15350	13720	17070	12331	18698	11535	19707	10865	20606
42	30079	30080	27780	32469	25788	34701	24631	36071	23647	37283
43	62024	62026	58703	65437	55790	68589	54082	70510	52620	72201
44	36564	36565	34024	39195	31816	41643	30529	43142	29433	44467
45	21965	21966	20007	24014	18322	25938	17349	27125	16525	28178
46	64352	64354	60968	67827	57999	71036	56257	72990	54766	74711
47	3565	3565	2803	4418	2196	5264	1868	5806	1604	6299
48	24681	24682	22603	26851	20809	28883	19772	30134	18891	31243
49	19040	19041	17220	20951	15659	22751	14761	23863	14002	24851
50	1160	1160	745	1666	450	2200	309	2555	207	2885
51	15039	15040	13427	16743	12053	18355	11266	19356	10604	20246
52	27318	27319	25129	29598	23236	31730	22139	33041	21207	34202
53	21184	21185	19262	23197	17609	25089	16656	26256	15849	27292
54	11785	11786	10363	13298	9161	14740	8477	15637	7904	16439
55	7239	7240	6134	8435	5218	9590	4705	10317	4281	10970
56	6435	6436	5396	7565	4539	8661	4061	9353	3668	9975
57	6294	6295	5267	7412	4420	8498	3949	9182	3562	9799
58	7104	7105	6010	8289	5103	9435	4596	10156	4177	10804
59	166675	166678	161201	172240	156349	177331	153482	180412	151012	183111
60	17999	18000	16231	19859	14717	21611	13846	22696	13111	23659
61	10601	10602	9255	12039	8120	13412	7477	14269	6940	15035
62	44438	44440	41634	47334	39186	50020	37757	51662	36537	53111
63	59224	59226	55979	62560	53136	65642	51470	67522	50044	69177
64	100297	100299	96061	104624	92324	108600	90124	111014	88234	113133
65	917	917	553	1372	304	1860	190	2188	113	2494
66	828	828	485	1263	254	1732	151	2049	83	2346
67	49674	49676	46706	52733	44112	55566	42595	57297	41299	58822
68	27176	27177	24993	29450	23105	31577	22011	32885	21082	34043
69	647999	648005	637161	658928	627479	668849	621722	674820	616740	680030
70	62426	62428	59094	65850	56171	69011	54458	70938	52990	72634
71	21008	21009	19094	23013	17449	24897	16500	26060	15697	27092
72	377	377	160	685	43	1041	9	1289	0	1527
73	10533	10534	9191	11966	8061	13335	7420	14190	6885	14954
74	131695	131698	126834	136647	122535	141185	119998	143936	117815	146347
75	10536	10537	9194	11969	8064	13339	7423	14193	6887	14957
76	587	587	305	960	130	1375	60	1658	21	1926
77	6261	6262	5237	7376	4393	8459	3923	9143	3537	9758
78	6896	6897	5819	8064	4927	9195	4429	9907	4018	10547
79	4597	4597	3726	5559	3020	6504	2633	7105	2318	7649
80	10344	10345	9015	11765	7896	13122	7262	13970	6732	14729
81	206376	206379	200280	212564	194868	218214	191665	221631	188904	224621
82	22285	22286	20312	24349	18614	26286	17633	27480	16803	28540
83	34272	34273	31815	36821	29680	39194	28438	40650	27381	41936
84	507	507	248	857	93	1251	36	1522	8	1779
85	14504	14505	12921	16178	11574	17764	10804	18748	10156	19625
86	1405	1405	944	1957	607	2533	441	2913	318	3265
87	1181	1181	762	1691	463	2229	320	2586	216	2918
88	143931	143934	138847	149106	134347	153845	131691	156715	129403	159231
89	62362	62364	59031	65784	56110	68944	54398	70870	52931	72565
90	210072	210075	203921	216314	198460	222014	195228	225460	192441	228476
91	207839	207842	201721	214048	196289	219719	193075	223147	190304	226147
92	7273	7274	6166	8472	5247	9629	4732	10358	4307	11012
93	18251	18252	16470	20123	14945	21887	14067	22979	13327	23948
94	6274	6275	5249	7391	4404	8474	3934	9158	3547	9774
95	123	123	19	319	0	573	0	761	0	945
