city_id mean median lower_50 upper_50 lower_80 upper_80 lower_90 upper_90 lower_95 upper_95
1	3441	3442	2538	4481	1843	5535	1479	6218	1196	6845
2	19501	19502	17257	21882	15354	24143	14268	25549	13357	26804
3	74092	74094	69653	78668	65773	82906	63505	85495	61566	87777
4	28262	28263	25547	31114	23219	33800	21879	35460	20747	36935
5	374	374	122	763	13	1231	0	1564	0	1885
6	146702	146706	140429	153113	134896	159004	131639	162582	128841	165723
7	7355	7356	6004	8844	4904	10302	4299	11228	3806	12064
8	24153	24154	21648	26795	19509	29291	18283	30838	17250	32215
9	20069	20070	17792	22483	15858	24775	14754	26199	13828	27469
10	47272	47274	43741	50941	40677	54362	38898	56463	37384	58320
11	7569	7569	6197	9078	5078	10554	4462	11491	3960	12337
12	4579	4580	3527	5768	2697	6957	2254	7721	1901	8417
13	56561	56563	52692	60568	49324	64294	47363	66576	45690	68591
14	878	878	456	1437	193	2058	89	2483	31	2884
15	2083	2083	1396	2907	894	3767	647	4334	465	4860
16	3342	3343	2453	4368	1770	5409	1415	6085	1138	6705
17	18525	18527	16340	20848	14490	23057	13436	24431	12552	25658
18	1597	1597	1004	2327	587	3102	391	3619	252	4101
19	34048	34050	31061	37172	28488	40103	27002	41909	25743	43511
20	14575	14576	12644	16643	11023	18622	10106	19859	9342	20967
21	6869	6870	5565	8310	4509	9725	3929	10625	3458	11439
22	2905	2906	2081	3867	1457	4849	1136	5491	890	6080
23	12154	12154	10397	14048	8932	15871	8108	17014	7425	18041
24	47401	47403	43865	51075	40797	54501	39015	56604	37499	58463
25	14040	14041	12147	16071	10559	18017	9662	19234	8915	20325
26	119215	119218	113566	125001	108597	130329	105676	133570	103171	136418
27	97224	97227	92129	102455	87658	107284	85037	110227	82791	112816
28	9776	9777	8207	11482	6912	13135	6190	14178	5595	15116
29	7423	7423	6065	8918	4959	10382	4351	11311	3854	12150
30	9728	9729	8163	11430	6872	13080	6152	14120	5559	15056
31	2582	2582	1809	3492	1230	4428	937	5042	715	5608
32	3890	3891	2926	4991	2175	6100	1779	6817	1467	7472
33	807	807	405	1346	160	1948	67	2362	19	2754
34	281	281	72	628	1	1057	0	1367	0	1668
35	34981	34982	31952	38146	29342	41114	27834	42943	26555	44565
36	28968	28970	26218	31855	23859	34572	22501	36251	21353	37742
37	137215	137218	131150	143417	125805	149120	122660	152585	119960	155629
38	140914	140917	134767	147198	129348	152975	126159	156485	123420	159567
39	97633	97636	92528	102875	88047	107714	85420	110662	83169	113256
40	129342	129345	123456	135366	118271	140908	115223	144277	112606	147237
41	16157	16158	14121	18330	12404	20405	11431	21700	10617	22857
42	33185	33186	30237	36270	27699	39165	26234	40951	24994	42535
43	64152	64154	60027	68415	56429	72371	54329	74791	52537	76926
44	38118	38120	34954	41420	32221	44510	30640	46412	29298	48098
45	23695	23697	21215	26313	19099	28788	17886	30321	16864	31686
46	69505	69508	65208	73939	61456	78050	59264	80562	57391	82778
47	3799	3800	2847	4889	2107	5987	1717	6697	1411	7347
48	25325	25326	22758	28028	20564	30580	19304	32161	18242	33566
49	19973	19974	17701	22381	15773	24668	14672	26089	13748	27356
50	1506	1506	932	2217	532	2975	346	3481	217	3954
51	16505	16506	14446	18701	12709	20796	11723	22102	10899	23270
52	30126	30127	27320	33068	24911	35836	23523	37545	22349	39062
53	22016	22018	19628	24542	17594	26933	16431	28418	15452	29740
54	12935	12936	11120	14886	9603	16761	8749	17936	8038	18990
55	7702	7703	6318	9224	5188	10712	4565	11655	4056	12507
56	7098	7099	5772	8562	4694	9997	4103	10909	3621	11734
57	7116	7117	5788	8582	4709	10019	4117	10932	3634	11758
58	8002	8003	6589	9552	5435	11065	4797	12023	4275	12889
59	175347	175351	168482	182349	162416	188773	158840	192669	155765	196087
60	19793	19795	17532	22192	15613	24469	14518	25884	13599	27147
61	12125	12126	10370	14017	8907	15838	8085	16981	7403	18006
62	48329	48331	44757	52038	41658	55495	39857	57617	38324	59493
63	61707	61709	57662	65889	54137	69772	52081	72149	50327	74247
64	105754	105757	100438	111208	95768	116236	93026	119298	90677	121991
65	1030	1030	567	1629	267	2287	141	2734	64	3154
66	1056	1056	586	1663	281	2326	151	2777	71	3200
67	53634	53636	49867	57537	46593	61170	44687	63396	43063	65363
68	28644	28645	25910	31515	23565	34218	22215	35888	21075	37372
69	667664	667671	654202	681262	642196	693626	635066	701077	628902	707584
70	68376	68378	64114	72774	60394	76853	58221	79346	56366	81545
71	23629	23630	21152	26243	19039	28714	17828	30246	16807	31609
72	525	525	214	972	51	1493	7	1858	0	2207
73	11595	11596	9880	13446	8453	15231	7653	16352	6990	17358
74	140540	140544	134401	146816	128990	152586	125805	156091	123070	159169
75	11011	11012	9342	12817	7956	14561	7180	15658	6538	16643
76	750	751	365	1272	136	1860	52	2265	11	2649
77	6822	6823	5523	8259	4471	9669	3894	10567	3425	11379
78	7434	7435	6075	8930	4968	10395	4359	11325	3862	12165
79	5222	5223	4094	6488	3196	7744	2711	8549	2323	9281
80	11450	11451	9747	13291	8330	15065	7536	16180	6878	17182
81	212601	212605	205035	220304	198338	227360	194384	231634	190981	235380
82	24049	24051	21550	26686	19417	29178	18193	30722	17163	32095
83	35954	35955	32882	39162	30234	42169	28702	44021	27404	45662
84	672	672	311	1170	104	1736	33	2127	3	2500
85	16700	16701	14628	18908	12880	21014	11888	22327	11057	23501
86	1570	1570	982	2294	571	3064	377	3578	242	4057
87	1318	1319	786	1988	423	2709	260	3193	150	3646
88	155016	155019	148565	161604	142873	167654	139520	171327	136639	174551
89	71749	71751	67382	76253	63567	80426	61337	82976	59432	85225
90	235456	235460	227490	243559	220433	250975	216264	255464	212673	259398
91	221075	221079	213358	228929	206525	236120	202490	240475	199017	244292
92	8223	8224	6790	9794	5617	11325	4968	12294	4437	13169
93	19570	19571	17322	21955	15415	24220	14327	25628	13414	26884
94	6841	6841	5540	8279	4485	9691	3908	10589	3438	11402
95	166	166	21	448	0	819	0	1094	0	1365
