city_id mean median lower_50 upper_50 lower_80 upper_80 lower_90 upper_90 lower_95 upper_95
1	1244	1244	994	1521	793	1795	683	1970	595	2129
2	10817	10817	10053	11609	9389	12346	9002	12798	8673	13198
3	36107	36108	34699	37542	33455	38859	32722	39658	32091	40359
4	12515	12516	11692	13366	10975	14157	10557	14641	10200	15067
5	133	133	61	233	19	347	6	426	0	502
6	75765	75766	73719	77838	71901	79729	70824	80871	69895	81871
7	7315	7315	6689	7968	6149	8581	5837	8959	5572	9293
8	10496	10497	9744	11277	9090	12004	8710	12450	8386	12844
9	9668	9668	8946	10418	8320	11117	7957	11546	7647	11925
10	22999	22999	21878	24147	20893	25206	20314	25850	19818	26416
11	2939	2939	2547	3358	2218	3760	2033	4011	1878	4236
12	2216	2216	1878	2583	1597	2936	1440	3159	1310	3359
13	24042	24043	22896	25216	21888	26298	21296	26955	20787	27534
14	467	467	319	642	210	825	156	944	115	1055
15	857	857	652	1090	491	1324	406	1475	338	1612
16	1178	1178	935	1449	741	1717	635	1888	550	2043
17	6864	6865	6258	7498	5737	8093	5435	8460	5180	8785
18	823	823	622	1052	466	1282	383	1430	317	1565
19	15020	15021	14118	15951	13328	16814	12867	17341	12473	17805
20	5427	5427	4889	5992	4430	6525	4165	6854	3942	7147
21	3044	3044	2645	3471	2310	3879	2120	4134	1962	4363
22	1226	1226	978	1502	779	1775	670	1948	583	2106
23	4988	4988	4473	5530	4034	6043	3782	6360	3570	6642
24	21154	21154	20080	22256	19136	23273	18583	23892	18108	24436
25	6742	6742	6142	7370	5625	7960	5327	8324	5074	8647
26	62697	62698	60838	64584	59187	66308	58210	67350	57368	68262
27	44972	44973	43399	46573	42007	48038	41185	48926	40477	49704
28	4393	4393	3911	4903	3501	5386	3266	5686	3069	5953
29	3022	3022	2625	3447	2291	3854	2102	4108	1944	4336
30	5373	5373	4839	5935	4381	6466	4119	6794	3897	7086
31	1169	1169	927	1439	733	1705	628	1876	543	2031
32	2331	2331	1984	2706	1695	3068	1533	3296	1399	3500
33	281	281	170	420	93	570	58	670	35	764
34	110	110	46	203	11	310	2	385	0	457
35	16492	16492	15545	17467	14716	18368	14231	18919	13816	19404
36	16458	16458	15512	17431	14684	18332	14199	18882	13785	19367
37	60657	60658	58829	62514	57206	64210	56246	65236	55418	66133
38	59945	59946	58127	61791	56514	63477	55560	64497	54737	65390
39	43156	43157	41616	44724	40253	46161	39448	47031	38755	47794
40	62547	62548	60690	64433	59042	66154	58066	67195	57225	68106
41	6334	6334	5753	6943	5253	7516	4965	7870	4721	8184
42	14548	14549	13660	15465	12884	16314	12430	16833	12043	17291
43	28359	28360	27114	29633	26015	30805	25369	31516	24814	32141
44	18159	18159	17165	19181	16293	20126	15783	20702	15346	21209
45	9310	9310	8602	10046	7988	10733	7632	11154	7329	11527
46	35753	35754	34353	37182	33115	38493	32386	39288	31758	39985
47	1338	1338	1078	1625	868	1908	753	2088	660	2252
48	9904	9904	9173	10662	8539	11369	8171	11803	7857	12187
49	9037	9037	8339	9762	7736	10439	7385	10855	7087	11223
50	799	799	602	1025	448	1252	367	1399	303	1533
51	7018	7018	6405	7658	5877	8259	5572	8630	5314	8958
52	16925	16926	15966	17913	15126	18826	14634	19383	14214	19874
53	8943	8943	8249	9664	7649	10338	7300	10752	7004	11118
54	5543	5543	5000	6114	4535	6652	4267	6985	4042	7281
55	3099	3099	2696	3529	2358	3941	2166	4198	2006	4428
56	3411	3412	2988	3862	2631	4292	2429	4561	2259	4800
57	2628	2628	2258	3026	1950	3407	1776	3647	1631	3861
58	3205	3206	2796	3643	2451	4061	2255	4322	2092	4555
59	80626	80628	78516	82765	76639	84715	75527	85892	74568	86922
60	11506	11507	10718	12323	10031	13082	9632	13547	9291	13958
61	7757	7757	7112	8429	6555	9059	6232	9447	5959	9791
62	22363	22364	21259	23496	20288	24540	19717	25176	19229	25735
63	30792	30792	29493	32119	28347	33337	27672	34078	27093	34727
64	51166	51167	49488	52873	48001	54433	47121	55378	46364	56206
65	464	464	317	639	208	820	154	940	114	1050
66	606	606	435	804	306	1006	240	1138	189	1259
67	21823	21823	20731	22942	19772	23974	19210	24602	18727	25154
68	14226	14227	13348	15133	12581	15973	12133	16486	11750	16939
69	342030	342033	337669	346420	333765	350397	331440	352787	329426	354871
70	43387	43388	41843	44959	40476	46399	39669	47272	38974	48037
71	12561	12561	11736	13413	11018	14205	10599	14690	10241	15117
72	356	356	229	512	139	675	95	784	64	885
73	5835	5835	5277	6420	4799	6972	4524	7312	4292	7615
74	66536	66537	64620	68480	62919	70254	61911	71327	61043	72266
75	3991	3991	3532	4478	3143	4940	2921	5227	2735	5484
76	461	461	314	635	206	816	152	935	112	1046
77	3618	3618	3182	4082	2813	4524	2604	4799	2428	5045
78	3212	3212	2802	3650	2456	4068	2261	4329	2097	4563
79	2549	2549	2185	2940	1881	3317	1711	3553	1569	3765
80	5638	5638	5090	6214	4621	6756	4351	7092	4123	7390
81	103284	103285	100894	105702	98765	107904	97502	109233	96411	110394
82	11923	11924	11120	12754	10421	13526	10014	13999	9666	14417
83	15591	15592	14671	16539	13866	17417	13396	17953	12993	18426
84	314	314	195	460	112	616	74	720	47	817
85	9068	9068	8369	9794	7764	10473	7413	10889	7115	11258
86	554	554	392	744	270	939	208	1067	160	1184
87	483	483	333	662	221	847	165	968	123	1080
88	67942	67943	66006	69906	64286	71699	63268	72783	62390	73731
89	36215	36216	34806	37653	33560	38972	32825	39772	32194	40473
90	120216	120218	117636	122824	115337	125197	113972	126628	112792	127877
91	105575	105576	103158	108020	101005	110245	99728	111588	98625	112761
92	3719	3720	3277	4190	2903	4637	2690	4916	2511	5164
93	8539	8540	7862	9245	7276	9904	6936	10309	6647	10668
94	3249	3249	2837	3690	2489	4110	2292	4373	2127	4607
95	47	47	10	113	0	196	0	256	0	315
