city_id mean median lower_50 upper_50 lower_80 upper_80 lower_90 upper_90 lower_95 upper_95
1	1185	1185	941	1457	746	1725	640	1897	554	2052
2	8676	8676	7993	9387	7402	10051	7059	10459	6768	10821
3	31940	31941	30617	33291	29449	34532	28761	35285	28170	35946
4	12018	12018	11212	12852	10510	13627	10100	14102	9751	14521
5	114	114	48	208	13	316	2	392	0	465
6	69288	69289	67333	71271	65596	73082	64567	74175	63680	75133
7	5102	5102	4582	5650	4137	6168	3882	6489	3666	6774
8	9608	9608	8889	10355	8265	11052	7902	11480	7594	11859
9	8889	8889	8198	9608	7599	10280	7252	10693	6956	11058
10	21597	21598	20511	22710	19558	23737	18998	24362	18518	24912
11	2767	2767	2387	3175	2070	3566	1890	3810	1741	4030
12	1936	1936	1621	2279	1361	2612	1216	2822	1097	3011
13	23233	23234	22107	24387	21116	25451	20534	26098	20035	26667
14	368	368	238	526	146	691	101	801	69	904
15	762	762	569	983	420	1205	341	1349	280	1481
16	1122	1122	885	1387	696	1649	594	1817	512	1969
17	6504	6504	5915	7121	5408	7701	5115	8059	4868	8377
18	692	692	509	903	368	1117	295	1255	238	1383
19	14392	14392	13508	15304	12737	16148	12286	16665	11901	17120
20	5051	5051	4533	5597	4091	6112	3837	6431	3623	6715
21	2642	2642	2271	3041	1962	3423	1787	3663	1642	3878
22	1049	1049	821	1305	639	1560	541	1723	463	1872
23	4784	4784	4281	5315	3851	5818	3605	6130	3398	6407
24	20568	20569	19509	21655	18579	22658	18034	23269	17566	23806
25	6043	6043	5475	6639	4988	7199	4708	7545	4470	7852
26	59012	59013	57209	60843	55608	62517	54662	63529	53846	64415
27	41108	41109	39605	42639	38276	44042	37491	44892	36816	45637
28	4027	4027	3566	4516	3175	4980	2952	5268	2765	5526
29	2927	2927	2536	3346	2208	3747	2023	3998	1868	4222
30	4645	4645	4149	5169	3726	5665	3484	5972	3281	6246
31	1027	1027	801	1281	622	1533	525	1695	448	1842
32	1660	1660	1369	1979	1131	2290	1000	2487	892	2665
33	254	254	149	387	78	531	46	628	26	719
34	91	91	34	176	6	277	0	348	0	417
35	15418	15419	14503	16361	13703	17234	13235	17767	12835	18238
36	13355	13355	12504	14234	11762	15049	11329	15547	10959	15987
37	56492	56493	54728	58284	53163	59922	52237	60913	51440	61781
38	55474	55475	53726	57250	52175	58874	51259	59856	50469	60716
39	42244	42245	40720	43796	39372	45217	38576	46078	37891	46834
40	56751	56752	54983	58547	53414	60189	52486	61182	51687	62052
41	6143	6143	5571	6743	5079	7308	4796	7657	4556	7966
42	13236	13236	12389	14111	11651	14922	11220	15419	10852	15857
43	27601	27602	26372	28858	25289	30014	24652	30716	24105	31333
44	17010	17011	16048	18000	15206	18915	14713	19474	14291	19966
45	8746	8746	8060	9460	7467	10126	7122	10536	6830	10899
46	29543	29544	28271	30843	27149	32038	26489	32763	25922	33400
47	1277	1277	1024	1558	819	1836	708	2012	618	2173
48	9588	9588	8869	10335	8246	11031	7884	11458	7576	11836
49	8282	8282	7615	8977	7038	9627	6704	10026	6421	10380
50	684	684	502	894	363	1106	290	1245	233	1371
51	6541	6541	5950	7160	5442	7742	5148	8100	4900	8419
52	14593	14593	13703	15511	12926	16361	12472	16881	12083	17339
53	8614	8614	7934	9322	7345	9984	7003	10391	6713	10751
54	5238	5238	4711	5793	4259	6318	4000	6642	3782	6931
55	2999	2999	2603	3423	2271	3828	2083	4082	1926	4309
56	2904	2904	2515	3321	2188	3721	2004	3971	1850	4195
57	2404	2404	2051	2785	1757	3152	1592	3382	1456	3589
58	3027	3027	2629	3453	2295	3860	2106	4114	1948	4342
59	71549	71550	69562	73564	67796	75403	66750	76514	65848	77486
60	9396	9396	8685	10135	8068	10825	7710	11248	7406	11623
61	6259	6259	5681	6865	5185	7435	4898	7786	4656	8098
62	20937	20938	19868	22034	18930	23045	18379	23661	17908	24203
63	28016	28017	26778	29282	25686	30447	25044	31154	24493	31776
64	46456	46457	44857	48083	43442	49571	42606	50473	41886	51263
65	358	358	230	514	140	678	96	787	65	888
66	497	497	344	678	231	865	173	987	130	1100
67	20196	20197	19147	21273	18226	22267	17686	22873	17223	23406
68	12427	12427	11607	13275	10892	14063	10476	14545	10120	14970
69	338782	338784	334441	343151	330556	347109	328242	349488	326238	351562
70	38384	38385	36932	39864	35649	41220	34892	42043	34240	42764
71	10826	10826	10062	11618	9397	12356	9010	12808	8681	13208
72	266	266	158	402	85	548	52	647	30	739
73	5079	5079	4560	5626	4116	6143	3862	6463	3647	6748
74	58715	58716	56916	60542	55320	62211	54376	63221	53562	64105
75	3597	3597	3162	4060	2795	4500	2586	4775	2411	5020
76	352	352	226	506	136	669	93	778	62	878
77	2912	2912	2522	3330	2195	3730	2010	3980	1856	4204
78	3079	3079	2678	3508	2341	3919	2150	4175	1990	4404
79	2115	2115	1785	2473	1512	2819	1359	3038	1233	3234
80	5134	5134	4612	5684	4166	6203	3910	6525	3694	6811
81	96980	96981	94664	99324	92602	101459	91380	102747	90324	103873
82	11206	11206	10428	12012	9751	12762	9357	13221	9021	13627
83	15014	15014	14111	15945	13322	16807	12861	17334	12467	17798
84	256	256	150	390	79	534	47	631	26	722
85	8312	8312	7644	9008	7066	9659	6731	10059	6447	10414
86	517	517	361	701	244	891	185	1015	141	1130
87	446	446	302	618	196	797	144	915	105	1024
88	63051	63052	61186	64944	59531	66672	58551	67717	57707	68632
89	32582	32583	31246	33946	30066	35199	29371	35960	28774	36627
90	106623	106624	104194	109080	102030	111317	100747	112666	99638	113845
91	94403	94404	92118	96716	90085	98823	88879	100094	87837	101205
92	3366	3366	2946	3814	2592	4242	2390	4508	2222	4746
93	8004	8004	7349	8687	6782	9327	6454	9720	6176	10069
94	2911	2911	2521	3329	2194	3729	2010	3979	1856	4203
95	37	37	5	97	0	174	0	231	0	288
