city_id mean median lower_50 upper_50 lower_80 upper_80 lower_90 upper_90 lower_95 upper_95
1	1181	1181	938	1452	743	1720	637	1892	552	2047
2	7250	7250	6627	7901	6090	8511	5779	8887	5516	9220
3	27296	27297	26074	28546	24998	29696	24364	30395	23821	31009
4	10663	10663	9904	11449	9245	12182	8861	12631	8535	13027
5	131	131	59	230	19	344	5	422	0	497
6	58822	58823	57022	60651	55424	62322	54479	63332	53665	64217
7	2543	2543	2179	2934	1876	3310	1706	3546	1564	3758
8	7564	7564	6927	8228	6378	8851	6060	9234	5790	9574
9	7940	7941	7288	8621	6724	9258	6397	9650	6120	9997
10	20071	20071	19025	21145	18107	22136	17569	22740	17107	23271
11	2516	2516	2155	2906	1853	3280	1684	3515	1543	3726
12	1744	1744	1445	2070	1201	2388	1065	2589	954	2771
13	22262	22262	21160	23392	20191	24434	19622	25068	19134	25626
14	298	298	183	441	103	594	66	696	41	792
15	717	717	531	931	387	1148	312	1289	253	1418
16	1171	1171	929	1441	735	1708	630	1879	545	2034
17	6192	6192	5617	6794	5123	7361	4839	7711	4598	8022
18	630	630	456	832	324	1038	255	1172	202	1295
19	13508	13509	12653	14392	11906	15212	11470	15713	11098	16155
20	4706	4706	4206	5233	3781	5732	3537	6041	3332	6316
21	2278	2279	1935	2649	1650	3008	1490	3233	1358	3435
22	1041	1041	813	1296	633	1550	535	1713	457	1861
23	4272	4273	3797	4775	3394	5252	3163	5549	2969	5813
24	19659	19659	18624	20722	17715	21703	17183	22301	16727	22827
25	5312	5313	4781	5872	4327	6399	4065	6726	3845	7016
26	48718	48719	47080	50383	45630	51907	44773	52829	44034	53638
27	37396	37397	35963	38857	34697	40197	33950	41009	33308	41721
28	3929	3929	3474	4412	3088	4871	2868	5156	2684	5411
29	2986	2987	2591	3409	2260	3814	2072	4067	1916	4293
30	3892	3892	3439	4372	3055	4829	2836	5114	2653	5367
31	919	919	706	1159	538	1400	449	1555	378	1696
32	1403	1403	1137	1697	921	1986	803	2170	706	2336
33	276	276	166	414	90	563	56	662	33	755
34	107	107	43	198	10	304	1	379	0	450
35	14102	14103	13228	15005	12464	15842	12018	16353	11637	16804
36	10420	10420	9670	11198	9019	11922	8640	12366	8318	12759
37	50640	50640	48970	52337	47490	53890	46616	54830	45863	55653
38	48918	48919	47278	50587	45824	52114	44965	53038	44225	53848
39	40016	40017	38533	41526	37222	42911	36448	43750	35782	44486
40	45455	45456	43874	47064	42474	48537	41647	49429	40935	50211
41	6069	6070	5501	6666	5012	7228	4731	7575	4493	7882
42	10812	10812	10048	11604	9384	12341	8997	12793	8668	13192
43	26797	26798	25586	28036	24520	29175	23893	29868	23354	30476
44	15535	15535	14616	16481	13813	17358	13343	17893	12942	18364
45	7821	7822	7173	8497	6614	9129	6290	9518	6016	9863
46	23996	23997	22851	25169	21844	26249	21252	26906	20744	27484
47	1320	1320	1062	1606	854	1887	740	2067	648	2229
48	9818	9818	9091	10573	8460	11278	8093	11710	7781	12092
49	7795	7795	7148	8469	6590	9101	6267	9490	5993	9834
50	480	480	330	658	219	842	164	963	122	1075
51	5644	5644	5096	6220	4626	6763	4356	7098	4128	7397
52	12097	12098	11289	12934	10584	13712	10173	14188	9823	14608
53	8503	8504	7827	9207	7242	9865	6903	10269	6615	10627
54	4592	4593	4099	5113	3679	5606	3439	5912	3236	6185
55	2944	2944	2552	3364	2223	3766	2037	4017	1882	4242
56	2568	2568	2203	2961	1898	3339	1726	3576	1584	3789
57	2288	2288	1944	2659	1658	3018	1498	3244	1365	3446
58	2730	2730	2353	3134	2037	3523	1859	3766	1711	3984
59	61628	61629	59784	63499	58148	65208	57180	66242	56345	67146
60	8002	8002	7347	8685	6780	9324	6452	9718	6174	10066
61	4752	4752	4250	5282	3822	5783	3577	6094	3371	6370
62	18091	18092	17099	19112	16229	20055	15720	20630	15284	21136
63	25177	25178	24004	26378	22971	27484	22364	28156	21843	28747
64	41598	41599	40086	43138	38748	44549	37959	45404	37279	46153
65	364	364	235	520	143	685	99	795	67	897
66	402	402	266	566	168	738	120	852	84	957
67	17205	17206	16238	18201	15391	19121	14894	19682	14470	20177
68	11236	11237	10457	12043	9779	12794	9385	13254	9048	13660
69	318949	318952	314738	323189	310969	327031	308725	329340	306782	331353
70	26391	26392	25190	27620	24131	28752	23509	29439	22975	30043
71	9058	9058	8360	9784	7755	10462	7404	10878	7106	11247
72	179	179	93	293	39	419	18	506	6	588
73	4375	4375	3894	4883	3485	5366	3251	5665	3054	5932
74	48348	48349	46717	50007	45272	51526	44419	52445	43683	53250
75	3531	3531	3100	3990	2737	4426	2530	4699	2357	4942
76	253	253	148	386	77	529	46	626	25	717
77	2615	2615	2246	3011	1938	3392	1765	3631	1621	3845
78	2909	2909	2520	3327	2193	3727	2008	3977	1854	4201
79	1718	1719	1422	2042	1179	2358	1045	2558	935	2738
80	4490	4490	4003	5005	3588	5493	3350	5796	3151	6066
81	86736	86737	84547	88954	82599	90975	81444	92195	80448	93261
82	9349	9350	8640	10087	8025	10775	7668	11197	7364	11571
83	14125	14125	13249	15028	12485	15865	12039	16377	11657	16828
84	208	208	114	330	54	464	28	555	13	641
85	6160	6161	5587	6762	5095	7327	4811	7676	4571	7986
86	540	540	380	728	260	921	199	1048	153	1164
87	478	478	329	656	218	840	162	961	121	1072
88	54277	54278	52548	56034	51015	57641	50108	58613	49327	59464
89	25345	25345	24168	26550	23132	27659	22522	28334	22000	28926
90	78676	78677	76591	80788	74738	82715	73640	83878	72692	84896
91	80293	80295	78187	82427	76315	84373	75205	85548	74247	86576
92	2924	2925	2534	3343	2206	3744	2021	3995	1866	4219
93	7173	7174	6554	7821	6019	8428	5711	8802	5449	9134
94	2691	2691	2317	3093	2004	3479	1827	3721	1681	3938
95	63	63	18	136	1	226	0	291	0	354
