city_id mean median lower_50 upper_50 lower_80 upper_80 lower_90 upper_90 lower_95 upper_95
1	3499	3499	2745	4344	2144	5184	1820	5722	1560	6210
2	22118	22119	20153	24175	18462	26105	17485	27295	16658	28351
3	82377	82380	78543	86304	75167	89918	73183	92115	71481	94047
4	30678	30680	28356	33092	26343	35344	25174	36727	24179	37950
5	370	370	156	676	41	1029	8	1276	0	1512
6	162081	162084	156683	167569	151901	172591	149075	175630	146640	178293
7	13831	13832	12287	15467	10974	17018	10224	17982	9594	18841
8	27009	27010	24832	29276	22951	31397	21860	32701	20935	33856
9	21868	21870	19915	23913	18234	25833	17263	27018	16441	28068
10	50306	50308	47320	53384	44708	56235	43181	57976	41875	59510
11	8211	8212	7032	9482	6048	10705	5495	11472	5035	12160
12	5045	5046	4130	6051	3385	7035	2974	7660	2639	8224
13	57950	57949	54742	61251	51930	64301	50283	66162	48873	67800
14	1072	1072	675	1560	396	2078	264	2424	171	2745
15	2262	2263	1665	2951	1205	3650	966	4103	779	4519
16	3359	3359	2621	4188	2034	5013	1719	5542	1467	6023
17	19241	19242	17411	21162	15841	22970	14938	24087	14174	25080
18	1806	1806	1277	2426	879	3063	676	3479	522	3863
19	35698	35700	33190	38298	31008	40718	29739	42202	28657	43512
20	15355	15356	13725	17076	12336	18704	11540	19714	10870	20613
21	7715	7715	6573	8948	5623	10137	5090	10883	4648	11554
22	2962	2963	2272	3744	1729	4526	1439	5029	1209	5488
23	13180	13181	11674	14778	10395	16295	9666	17239	9054	18080
24	49034	49036	46086	52074	43509	54889	42003	56609	40716	58126
25	15394	15395	13762	17117	12371	18747	11574	19758	10903	20657
26	134006	134008	129102	139000	124764	143577	122204	146351	120001	148782
27	103527	103530	99223	107923	95425	111960	93187	114411	91265	116562
28	9904	9905	8604	11295	7512	12627	6894	13458	6378	14203
29	7453	7454	6332	8666	5400	9837	4878	10573	4446	11234
30	11446	11447	10045	12938	8862	14360	8190	15247	7627	16038
31	2830	2830	2157	3595	1628	4362	1347	4857	1125	5308
32	4451	4452	3595	5399	2902	6330	2523	6923	2215	7460
33	812	812	473	1243	245	1709	144	2024	78	2319
34	289	289	105	565	17	891	0	1122	0	1344
35	37260	37261	34695	39915	32465	42385	31165	43898	30058	45234
36	33805	33806	31365	36336	29245	38694	28013	40140	26963	41419
37	145468	145471	140357	150670	135832	155433	133161	158319	130861	160848
38	154329	154332	149063	159686	144399	164588	141644	167557	139272	170158
39	101581	101583	97317	105936	93556	109936	91341	112364	89438	114496
40	150678	150681	145476	155972	140869	160818	138148	163753	135805	166324
41	16477	16477	14787	18258	13343	19940	12515	20982	11817	21909
42	37383	37384	34814	40042	32579	42516	31278	44031	30168	45370
43	65421	65419	62008	68925	59013	72158	57257	74128	55752	75862
44	40655	40657	37975	43427	35639	46002	34277	47577	33115	48968
45	25390	25391	23282	27590	21461	29650	20407	30918	19513	32041
46	79884	79886	76109	83751	72787	87312	70835	89478	69160	91381
47	3795	3796	3008	4674	2377	5543	2035	6099	1760	6603
48	25143	25144	23045	27332	21233	29382	20185	30644	19296	31762
49	21237	21238	19312	23253	17657	25147	16703	26315	15894	27352
50	1991	1992	1434	2640	1010	3303	791	3735	623	4132
51	18111	18112	16337	19976	14818	21734	13945	22822	13207	23788
52	33458	33460	31031	35977	28923	38324	27698	39763	26654	41035
53	22392	22393	20414	24460	18712	26402	17728	27599	16895	28660
54	14217	14218	12650	15875	11318	17446	10556	18421	9916	19290
55	7975	7975	6813	9228	5845	10434	5301	11192	4850	11872
56	7775	7775	6628	9013	5674	10206	5139	10955	4695	11627
57	7049	7050	5960	8230	5057	9372	4552	10090	4135	10736
58	8512	8513	7310	9805	6306	11048	5741	11827	5271	12525
59	193936	193939	188028	199936	182785	205417	179684	208732	177010	211634
60	22507	22508	20524	24581	18817	26527	17831	27727	16996	28791
61	15116	15117	13499	16824	12122	18440	11333	19443	10669	20335
62	53156	53154	50085	56319	47397	59245	45824	61032	44479	62606
63	67454	67455	63988	71011	60945	74292	59160	76291	57630	78050
64	114926	114929	110389	119555	106380	123803	104017	126379	101986	128640
65	1074	1074	677	1563	397	2081	265	2427	172	2749
66	1326	1326	879	1864	555	2426	397	2798	281	3143
67	58951	58949	55714	62279	52877	65355	51215	67230	49792	68882
68	30607	30608	28287	33018	26276	35267	25109	36648	24116	37870
69	688099	688105	676930	699360	666949	709579	661012	715729	655876	721095
70	87838	87840	83877	91891	80387	95619	78335	97885	76573	99875
71	26501	26503	24346	28748	22483	30849	21404	32142	20488	33287
72	745	745	422	1160	209	1611	117	1917	58	2204
73	13125	13125	11621	14719	10346	16233	9618	17175	9007	18014
74	161384	161386	155998	166861	151226	171871	148406	174905	145978	177562
75	11170	11170	9786	12644	8619	14050	7956	14927	7401	15711
76	1026	1027	639	1505	368	2015	242	2355	153	2672
77	7478	7478	6354	8693	5421	9865	4898	10602	4465	11264
78	7860	7861	6707	9105	5747	10304	5208	11056	4761	11732
79	6027	6028	5023	7122	4197	8187	3739	8859	3362	9465
80	12747	12748	11266	14319	10011	15813	9295	16742	8695	17571
81	228900	228904	222478	235415	216772	241359	213393	244952	210479	248095
82	27308	27309	25119	29588	23227	31719	22130	33030	21198	34190
83	37900	37902	35314	40578	33063	43068	31751	44593	30633	45940
84	782	782	450	1206	229	1666	132	1977	69	2268
85	20401	20402	18515	22378	16896	24236	15962	25384	15172	26402
86	1572	1572	1082	2154	718	2756	536	3151	400	3517
87	1309	1309	865	1844	544	2404	388	2774	273	3117
88	169601	169604	164079	175214	159184	180348	156290	183455	153798	186176
89	82728	82730	78885	86662	75502	90283	73513	92486	71807	94421
90	287980	287984	280770	295281	274356	301934	270553	305951	267270	309462
91	244983	244987	238337	251720	232430	257866	228931	261579	225912	264827
92	9121	9122	7876	10458	6832	11740	6243	12543	5753	13262
93	21250	21251	19325	23267	17669	25161	16714	26330	15906	27367
94	7405	7406	6288	8614	5359	9782	4839	10515	4409	11175
95	124	124	19	320	0	574	0	762	0	947
