city_id mean median lower_50 upper_50 lower_80 upper_80 lower_90 upper_90 lower_95 upper_95
1	3295	3296	2289	4484	1539	5711	1162	6516	876	7259
2	19980	19981	17369	22774	15174	25447	13931	27117	12894	28611
3	77323	77326	72098	82731	67548	87758	64897	90837	62636	93555
4	29019	29021	25853	32367	23159	35540	21617	37508	20321	39262
5	313	313	66	743	0	1286	0	1682	0	2069
6	152057	152061	144693	159604	138217	166558	134413	170789	131151	174509
7	10125	10126	8292	12140	6799	14112	5976	15362	5304	16492
8	25002	25004	22070	28117	19586	31078	18171	32921	16984	34565
9	20391	20392	17752	23213	15532	25910	14275	27595	13225	29102
10	48006	48008	43908	52287	40374	56298	38330	58769	36598	60960
11	7478	7479	5916	9223	4666	10951	3988	12055	3443	13058
12	4623	4624	3414	6014	2482	7424	1996	8338	1616	9176
13	56572	56574	52116	61211	48259	65545	46022	68210	44122	70568
14	849	849	383	1498	120	2238	34	2752	2	3242
15	2045	2045	1272	3001	732	4018	480	4698	304	5332
16	3138	3139	2158	4300	1432	5504	1069	6295	796	7025
17	18349	18350	15850	21030	13757	23602	12575	25211	11591	26652
18	1525	1525	870	2363	436	3274	247	3890	127	4469
19	34212	34214	30767	37840	27821	41264	26129	43383	24702	45268
20	14468	14469	12260	16859	10427	19169	9402	20622	8554	21928
21	7016	7017	5506	8709	4302	10390	3653	11467	3132	12445
22	2741	2742	1831	3833	1169	4974	843	5727	603	6424
23	12388	12389	10351	14607	8673	16763	7741	18123	6973	19348
24	47693	47695	43609	51960	40087	55959	38051	58423	36325	60607
25	14290	14291	12096	16667	10276	18964	9258	20410	8417	21709
26	124242	124246	117594	131073	111763	137381	108345	141226	105419	144611
27	99369	99372	93433	105488	88244	111154	85210	114616	82617	117667
28	9541	9542	7765	11500	6322	13421	5529	14641	4883	15744
29	7183	7184	5654	8895	4433	10593	3774	11680	3244	12667
30	10135	10136	8302	12151	6807	14124	5983	15374	5311	16505
31	2569	2570	1691	3630	1057	4741	749	5477	524	6160
32	3906	3907	2802	5192	1965	6507	1535	7365	1204	8153
33	711	711	293	1312	72	2010	11	2499	0	2966
34	239	239	35	626	0	1131	0	1504	0	1871
35	35438	35440	31930	39129	28927	42609	27201	44762	25745	46676
36	30240	30242	27006	33656	24251	36889	22673	38895	21345	40680
37	140665	140669	133585	147927	127366	154624	123716	158702	120587	162289
38	145743	145747	138535	153134	132200	159946	128481	164093	125292	167740
39	98676	98679	92761	104774	87591	110421	84568	113871	81985	116912
40	138470	138474	131447	145676	125278	152323	121658	156370	118555	159930
41	15866	15867	13549	18366	11619	20773	10535	22285	9636	23641
42	34760	34762	31287	38416	28315	41865	26608	44000	25168	45898
43	64145	64148	59394	69079	55271	73679	52876	76502	50837	78998
44	38287	38289	34637	42120	31507	45728	29704	47957	28181	49938
45	24081	24083	21205	27139	18772	30050	17387	31863	16226	33481
46	73011	73014	67936	78269	63522	83160	60952	86158	58762	88806
47	3589	3590	2535	4826	1742	6096	1339	6927	1031	7692
48	24952	24954	22023	28064	19542	31022	18128	32864	16943	34507
49	20080	20081	17462	22881	15261	25560	14014	27233	12975	28731
50	1629	1629	949	2492	492	3426	290	4055	158	4646
51	16995	16996	14594	19579	12588	22063	11458	23619	10520	25015
52	31498	31500	28196	34983	25379	38278	23764	40320	22404	42137
53	21736	21738	19008	24646	16709	27424	15403	29156	14312	30705
54	13226	13227	11119	15516	9377	17735	8406	19134	7605	20392
55	7567	7568	5995	9322	4736	11058	4054	12168	3504	13176
56	7070	7071	5554	8769	4345	10456	3692	11536	3168	12517
57	6628	6629	5163	8276	4000	9917	3375	10969	2875	11927
58	7988	7989	6371	9788	5070	11566	4363	12701	3792	13729
59	182815	182819	174731	191082	167607	198683	163416	203302	159817	207358
60	20555	20556	17905	23388	15675	26095	14412	27786	13357	29298
61	13080	13081	10985	15358	9254	17566	8290	18958	7494	20211
62	50061	50063	45874	54430	42260	58522	40169	61041	38395	63273
63	63346	63349	58625	68250	54530	72822	52151	75629	50126	78111
64	108854	108857	102637	115254	97195	121174	94009	124787	91284	127969
65	953	953	454	1635	161	2405	57	2937	9	3442
66	1073	1073	538	1791	213	2594	89	3145	25	3667
67	55545	55547	51130	60143	47311	64440	45096	67081	43215	69420
68	29014	29016	25849	32362	23154	35534	21613	37503	20317	39256
69	677362	677371	661717	693190	647784	707600	639518	716293	632379	723890
70	75679	75682	70511	81030	66012	86006	63392	89054	61158	91746
71	24684	24686	21771	27779	19305	30724	17900	32556	16722	34191
72	570	570	205	1118	33	1768	0	2227	0	2670
73	11817	11818	9830	13987	8197	16097	7291	17431	6546	18633
74	148601	148605	141322	156063	134923	162940	131165	167125	127943	170805
75	10694	10695	8808	12763	7266	14782	6415	16061	5718	17216
76	769	769	330	1391	91	2107	19	2606	0	3083
77	6794	6795	5309	8461	4129	10119	3493	11182	2984	12149
78	7359	7360	5810	9091	4572	10807	3902	11904	3363	12901
79	5311	5312	4009	6796	2993	8289	2456	9254	2032	10135
80	11656	11657	9683	13812	8063	15909	7164	17236	6427	18431
81	216700	216705	207891	225692	200114	233947	195531	238956	191593	243353
82	25553	25555	22588	28701	20074	31692	18641	33553	17439	35213
83	36268	36270	32718	40001	29678	43519	27929	45694	26453	47628
84	636	636	245	1210	50	1883	4	2356	0	2811
85	17746	17747	15290	20384	13235	22917	12076	24503	11113	25925
86	1429	1429	798	2243	385	3133	210	3736	100	4303
87	1184	1184	617	1933	264	2765	123	3333	44	3870
88	161609	161613	154014	169387	147330	176548	143402	180903	140032	184731
89	77119	77122	71901	82520	67358	87541	64710	90616	62453	93330
90	260264	260269	250601	270110	242055	279133	237013	284603	232674	289399
91	230681	230686	221589	239956	213558	248465	208823	253627	204752	258155
92	8388	8389	6728	10231	5390	12046	4660	13204	4069	14252
93	20004	20005	17391	22800	15194	25474	13951	27145	12914	28640
94	6887	6888	5392	8565	4201	10233	3560	11302	3046	12273
95	102	102	0	386	0	799	0	1117	0	1436
