city_id mean median lower_50 upper_50 lower_80 upper_80 lower_90 upper_90 lower_95 upper_95
1	1161	1161	913	1439	715	1714	609	1890	523	2050
2	7370	7370	6723	8047	6166	8682	5844	9073	5571	9420
3	28576	28577	27288	29894	26153	31106	25485	31843	24912	32491
4	11086	11086	10289	11913	9597	12682	9194	13154	8852	13572
5	114	114	47	211	11	324	2	403	0	479
6	61449	61450	59553	63375	57871	65135	56876	66199	56018	67131
7	2541	2541	2167	2944	1856	3333	1681	3577	1537	3797
8	8369	8369	7679	9089	7082	9763	6737	10178	6444	10545
9	8085	8085	7407	8793	6821	9456	6482	9864	6195	10226
10	20446	20447	19359	21563	18405	22595	17845	23223	17366	23777
11	2544	2544	2170	2948	1859	3337	1684	3581	1539	3800
12	1720	1720	1415	2055	1166	2381	1028	2588	916	2775
13	22537	22538	21395	23709	20391	24790	19802	25449	19298	26028
14	285	285	170	430	91	586	56	691	32	789
15	687	687	500	904	357	1125	283	1268	225	1400
16	1114	1114	872	1386	679	1657	575	1830	491	1988
17	6172	6172	5581	6792	5075	7377	4783	7738	4537	8059
18	606	606	431	811	299	1020	231	1157	180	1283
19	13677	13677	12790	14593	12017	15444	11566	15965	11181	16424
20	4736	4736	4220	5281	3781	5798	3530	6119	3319	6404
21	2291	2291	1937	2675	1643	3046	1479	3280	1344	3490
22	1003	1003	774	1262	593	1521	496	1687	419	1839
23	4415	4415	3918	4942	3495	5442	3254	5753	3051	6030
24	19835	19836	18764	20936	17825	21952	17275	22572	16804	23118
25	5426	5426	4873	6009	4400	6559	4129	6900	3900	7203
26	50940	50941	49215	52695	47687	54301	46784	55273	46006	56125
27	38253	38254	36760	39776	35441	41172	34663	42020	33995	42763
28	3933	3933	3464	4431	3068	4906	2842	5201	2653	5464
29	2901	2901	2501	3331	2166	3744	1977	4002	1819	4234
30	4018	4018	3544	4522	3143	5000	2914	5298	2723	5564
31	924	924	705	1173	532	1423	441	1584	368	1731
32	1405	1405	1131	1709	909	2008	789	2198	690	2371
33	254	254	146	392	74	541	43	642	22	737
34	91	91	32	179	5	284	0	359	0	430
35	14361	14362	13452	15300	12659	16171	12196	16703	11800	17173
36	10980	10980	10187	11803	9498	12569	9098	13039	8757	13454
37	52856	52857	51099	54643	49541	56278	48621	57268	47828	58135
38	50338	50339	48623	52082	47104	53679	46207	54646	45434	55493
39	40643	40644	39104	42212	37743	43650	36940	44523	36250	45288
40	48118	48119	46442	49824	44958	51386	44081	52332	43327	53161
41	6044	6044	5460	6658	4959	7237	4670	7594	4427	7912
42	11488	11488	10677	12329	9971	13112	9561	13592	9211	14016
43	26947	26948	25696	28227	24595	29406	23948	30122	23393	30752
44	15714	15715	14762	16695	13931	17604	13445	18160	13030	18649
45	8057	8057	7380	8764	6796	9426	6457	9833	6171	10195
46	25235	25236	24025	26474	22961	27616	22336	28311	21800	28921
47	1264	1264	1005	1553	797	1839	684	2021	593	2187
48	9694	9694	8950	10468	8305	11190	7931	11634	7613	12027
49	7792	7792	7126	8487	6552	9139	6220	9540	5939	9896
50	515	515	355	705	236	901	177	1030	132	1149
51	5882	5882	5306	6488	4812	7059	4528	7413	4288	7727
52	12919	12919	12058	13810	11307	14638	10870	15145	10497	15592
53	8442	8442	7749	9165	7149	9842	6803	10258	6508	10627
54	4764	4764	4247	5311	3806	5829	3554	6150	3342	6437
55	2903	2903	2502	3333	2167	3746	1978	4005	1821	4236
56	2606	2606	2227	3014	1912	3408	1734	3654	1587	3876
57	2398	2398	2035	2790	1734	3169	1566	3407	1426	3621
58	2841	2841	2445	3267	2114	3676	1927	3932	1772	4161
59	63629	63630	61699	65588	59987	67379	58974	68461	58100	69409
60	8308	8308	7620	9026	7026	9697	6682	10111	6390	10477
61	5014	5014	4483	5575	4030	6105	3771	6434	3552	6727
62	18873	18874	17829	19947	16914	20940	16378	21545	15919	22078
63	25417	25418	24203	26661	23135	27807	22507	28504	21969	29116
64	42772	42773	41193	44381	39795	45856	38971	46750	38262	47533
65	338	338	211	495	122	661	81	772	52	876
66	408	408	267	579	166	758	117	876	81	986
67	18123	18124	17100	19176	16204	20149	15680	20743	15231	21266
68	11434	11434	10625	12273	9921	13054	9512	13533	9163	13956
69	326429	326431	322039	330848	318112	334854	315773	337262	313748	339361
70	28350	28351	27067	29663	25937	30871	25272	31605	24701	32250
71	9636	9636	8894	10408	8251	11128	7878	11570	7561	11962
72	181	181	92	300	38	432	16	522	5	608
73	4487	4487	3985	5018	3559	5522	3316	5835	3111	6114
74	50379	50380	48664	52124	47144	53721	46246	54688	45473	55536
75	3485	3485	3045	3955	2674	4404	2463	4684	2287	4934
76	247	247	141	383	70	531	40	631	20	725
77	2630	2630	2250	3040	1932	3435	1754	3683	1606	3905
78	2910	2910	2509	3341	2173	3754	1984	4013	1826	4245
79	1777	1777	1467	2117	1213	2448	1073	2658	958	2848
80	4603	4603	4095	5141	3663	5651	3416	5967	3208	6249
81	88073	88074	85800	90376	83778	92475	82580	93742	81546	94851
82	9681	9681	8937	10454	8293	11176	7919	11620	7601	12012
83	14264	14265	13358	15200	12568	16068	12106	16598	11713	17067
84	214	214	116	342	53	482	27	578	12	668
85	6726	6726	6109	7373	5578	7981	5272	8357	5013	8690
86	512	512	352	701	234	897	175	1026	130	1145
87	448	448	300	626	192	812	138	934	99	1048
88	57168	57169	55340	59026	53718	60725	52760	61753	51934	62653
89	28003	28004	26728	29308	25605	30509	24944	31238	24378	31880
90	86232	86233	83983	88511	81983	90588	80798	91843	79775	92940
91	84030	84031	81810	86280	79836	88331	78667	89570	77658	90653
92	3022	3022	2613	3461	2270	3881	2077	4144	1915	4380
93	7322	7322	6677	7997	6122	8629	5801	9020	5530	9366
94	2689	2689	2304	3104	1983	3502	1802	3753	1652	3977
95	51	51	11	121	0	209	0	274	0	337
