city_id mean median lower_50 upper_50 lower_80 upper_80 lower_90 upper_90 lower_95 upper_95
1	3498	3498	2458	4720	1679	5977	1283	6800	982	7558
2	20475	20476	17830	23302	15605	26005	14345	27693	13292	29203
3	78293	78296	73035	83735	68455	88792	65786	91888	63510	94622
4	29615	29616	26416	32996	23691	36198	22132	38185	20820	39955
5	378	377	97	840	2	1414	0	1828	0	2231
6	153417	153421	146019	160997	139513	167980	135691	172229	132414	175965
7	10478	10479	8612	12527	7088	14528	6248	15796	5560	16942
8	25555	25557	22590	28703	20076	31694	18643	33555	17440	35215
9	20891	20892	18219	23746	15969	26473	14693	28176	13628	29699
10	48771	48774	44640	53085	41076	57127	39015	59616	37266	61822
11	7782	7783	6187	9560	4906	11318	4211	12440	3650	13459
12	4863	4863	3621	6287	2659	7727	2154	8659	1759	9512
13	57402	57405	52913	62075	49026	66439	46771	69121	44855	71495
14	953	953	454	1635	161	2406	57	2937	9	3443
15	2205	2206	1399	3195	829	4242	559	4940	367	5589
16	3336	3337	2323	4532	1567	5765	1186	6574	898	7320
17	18823	18825	16291	21538	14168	24139	12968	25766	11968	27223
18	1664	1664	975	2535	512	3476	305	4110	169	4704
19	34859	34860	31380	38520	28404	41973	26694	44111	25251	46011
20	14889	14891	12648	17314	10785	19654	9742	21125	8878	22446
21	7310	7311	5767	9037	4533	10748	3866	11842	3330	12837
22	2926	2927	1983	4052	1291	5222	947	5993	692	6706
23	12778	12779	10708	15031	9001	17216	8050	18595	7266	19835
24	48456	48458	44338	52756	40787	56785	38732	59267	36991	61466
25	14709	14710	12481	17119	10632	19446	9596	20910	8739	22224
26	125471	125475	118790	132335	112929	138674	109494	142537	106551	145937
27	100469	100472	94500	106621	89280	112317	86228	115797	83620	118863
28	9884	9885	8074	11876	6601	13827	5791	15065	5129	16184
29	7481	7482	5919	9226	4668	10954	3991	12059	3445	13062
30	10488	10489	8622	12538	7097	14540	6255	15809	5567	16955
31	2748	2749	1837	3842	1173	4984	847	5737	607	6436
32	4126	4127	2990	5446	2122	6791	1674	7667	1328	8470
33	807	806	355	1441	105	2169	26	2675	0	3159
34	296	296	58	716	0	1251	0	1642	0	2025
35	36096	36098	32555	39820	29522	43330	27778	45501	26306	47431
36	30848	30850	27581	34298	24796	37561	23200	39584	21856	41385
37	141973	141977	134860	149269	128610	155995	124942	160091	121798	163693
38	147074	147078	139833	154498	133468	161341	129731	165505	126526	169168
39	99772	99775	93824	105903	88624	111580	85583	115048	82984	118105
40	139768	139771	132711	147007	126512	153683	122874	157749	119756	161325
41	16307	16309	13957	18840	11997	21278	10895	22807	9981	24179
42	35412	35414	31905	39101	28903	42580	27178	44733	25723	46646
43	65029	65032	60245	69996	56092	74626	53679	77467	51625	79979
44	38971	38973	35288	42837	32127	46475	30307	48722	28768	50718
45	24624	24626	21715	27716	19252	30656	17849	32487	16673	34120
46	73954	73957	68846	79245	64402	84167	61814	87182	59608	89845
47	3800	3801	2713	5071	1890	6371	1469	7220	1146	8000
48	25505	25506	22542	28649	20031	31638	18600	33497	17399	35156
49	20576	20577	17925	23410	15693	26119	14429	27810	13374	29323
50	1772	1773	1059	2669	573	3632	353	4280	205	4886
51	17452	17453	15017	20069	12981	22582	11834	24157	10880	25569
52	32118	32120	28783	35636	25936	38961	24303	41021	22928	42855
53	22252	22253	19491	25195	17161	28003	15838	29753	14732	31318
54	13629	13630	11488	15953	9717	18202	8728	19618	7911	20892
55	7873	7874	6268	9661	4978	11427	4278	12555	3713	13578
56	7366	7366	5816	9098	4577	10814	3906	11912	3367	12910
57	6914	6915	5416	8596	4223	10266	3580	11337	3064	12310
58	8302	8303	6651	10135	5321	11943	4596	13096	4009	14140
59	184306	184310	176188	192605	169035	200237	164826	204873	161211	208945
60	21057	21058	18374	23923	16114	26660	14832	28369	13762	29897
61	13481	13482	11352	15792	9592	18030	8609	19440	7799	20709
62	50842	50845	46623	55245	42979	59366	40869	61903	39079	64151
63	64225	64227	59471	69162	55345	73764	52948	76589	50908	79086
64	110005	110008	103755	116438	98282	122388	95079	126019	92338	129217
65	1063	1064	531	1778	209	2579	86	3128	23	3649
66	1190	1190	622	1941	267	2774	125	3343	45	3880
67	56368	56370	51920	60999	48070	65326	45838	67986	43941	70340
68	29610	29611	26411	32991	23687	36193	22128	38179	20816	39949
69	680228	680237	664550	696089	650587	710530	642304	719241	635149	726853
70	76639	76642	71437	82024	66909	87029	64271	90095	62021	92802
71	25234	25235	22288	28362	19791	31336	18368	33187	17175	34838
72	656	656	258	1237	55	1917	5	2395	0	2853
73	12198	12199	10178	14401	8515	16542	7591	17893	6831	19111
74	149945	149949	142633	157440	136204	164347	132428	168550	129190	172246
75	11057	11058	9138	13159	7566	15208	6696	16505	5984	17675
76	868	868	396	1523	128	2270	38	2787	3	3280
77	7084	7085	5566	8784	4355	10472	3702	11553	3177	12536
78	7660	7661	6078	9425	4810	11171	4122	12287	3567	13299
79	5568	5568	4232	7086	3186	8609	2631	9592	2192	10489
80	12035	12036	10028	14224	8378	16351	7462	17695	6708	18906
81	218323	218327	209480	227348	201673	235632	197073	240660	193119	245072
82	26112	26114	23114	29293	20570	32314	19119	34193	17901	35869
83	36934	36936	33350	40699	30280	44247	28514	46441	27022	48390
84	727	726	303	1334	77	2037	13	2528	0	2998
85	18212	18214	15724	20884	13638	23447	12462	25051	11482	26488
86	1564	1564	899	2411	457	3331	263	3952	138	4535
87	1307	1307	707	2089	323	2951	165	3537	70	4089
88	163011	163015	155382	170822	148669	178013	144723	182386	141337	186229
89	78088	78091	72837	83522	68263	88573	65598	91666	63325	94396
90	262042	262047	252346	271921	243770	280974	238710	286462	234356	291273
91	232355	232360	223230	241663	215168	250202	210416	255382	206329	259926
92	8710	8711	7017	10585	5648	12431	4901	13606	4294	14671
93	20499	20501	17853	23328	15626	26032	14365	27721	13312	29232
94	7179	7180	5650	8890	4430	10588	3771	11674	3241	12662
95	140	140	5	458	0	901	0	1236	0	1571
