city_id mean median lower_50 upper_50 lower_80 upper_80 lower_90 upper_90 lower_95 upper_95
1	3498	3498	2744	4343	2143	5182	1819	5720	1559	6209
2	20475	20476	18586	22455	16963	24317	16027	25466	15236	26486
3	78293	78295	74556	82122	71269	85648	69337	87794	67680	89679
4	29615	29616	27334	31987	25358	34202	24211	35562	23236	36766
5	378	378	161	686	43	1042	9	1290	0	1528
6	153417	153419	148167	158758	143517	163646	140770	166607	138405	169201
7	10478	10479	9140	11908	8013	13273	7374	14126	6840	14888
8	25555	25556	23440	27762	21612	29828	20555	31099	19657	32226
9	20891	20892	18982	22891	17342	24770	16396	25930	15595	26959
10	48771	48773	45831	51803	43262	54611	41760	56327	40476	57839
11	7782	7783	6635	9020	5680	10214	5144	10963	4700	11636
12	4863	4863	3965	5851	3236	6819	2835	7434	2508	7990
13	57402	57401	54209	60687	51411	63724	49773	65576	48370	67207
14	953	954	582	1417	325	1912	207	2244	126	2554
15	2205	2206	1616	2886	1164	3577	928	4026	746	4438
16	3336	3336	2601	4162	2017	4985	1703	5513	1452	5993
17	18823	18824	17014	20724	15463	22514	14570	23620	13816	24603
18	1664	1664	1158	2261	781	2877	591	3281	447	3654
19	34859	34860	32380	37428	30226	39821	28973	41288	27905	42584
20	14889	14890	13285	16585	11919	18190	11137	19186	10479	20073
21	7310	7311	6200	8512	5278	9673	4762	10402	4336	11058
22	2926	2927	2241	3703	1701	4481	1414	4982	1186	5439
23	12778	12779	11296	14352	10039	15848	9322	16778	8721	17608
24	48456	48457	45525	51478	42964	54277	41468	55988	40189	57496
25	14709	14710	13115	16394	11758	17990	10981	18981	10328	19863
26	125471	125474	120728	130306	116534	134738	114061	137426	111933	139782
27	100469	100471	96229	104800	92489	108779	90287	111195	88395	113315
28	9884	9885	8585	11274	7494	12604	6877	13435	6362	14178
29	7481	7482	6357	8696	5423	9868	4900	10605	4467	11267
30	10488	10489	9149	11919	8022	13285	7383	14138	6849	14901
31	2748	2749	2085	3503	1566	4261	1291	4749	1074	5196
32	4126	4127	3304	5041	2641	5942	2280	6517	1988	7038
33	807	807	468	1237	242	1702	142	2016	77	2310
34	296	296	109	574	19	903	1	1135	0	1358
35	36096	36097	33573	38710	31379	41143	30102	42634	29014	43951
36	30848	30849	28519	33268	26500	35526	25327	36913	24330	38139
37	141973	141976	136924	147113	132456	151820	129818	154672	127547	157171
38	147074	147077	141935	152305	137385	157094	134698	159994	132384	162536
39	99772	99774	95547	104088	91820	108053	89626	110461	87741	112575
40	139768	139770	134759	144868	130326	149539	127709	152370	125457	154851
41	16307	16308	14626	18079	13191	19754	12368	20791	11674	21714
42	35412	35413	32913	38002	30741	40412	29477	41890	28400	43196
43	65029	65027	61627	68523	58642	71747	56891	73711	55391	75440
44	38971	38972	36347	41685	34063	44208	32732	45753	31597	47118
45	24624	24625	22548	26791	20757	28821	19720	30071	18841	31179
46	73954	73956	70323	77676	67131	81107	65257	83195	63650	85031
47	3800	3801	3013	4680	2381	5550	2039	6106	1763	6610
48	25505	25506	23391	27709	21566	29773	20509	31044	19613	32169
49	20576	20577	18682	22561	17055	24427	16117	25579	15323	26601
50	1772	1773	1249	2387	856	3019	656	3433	504	3814
51	17452	17453	15711	19283	14222	21011	13367	22080	12645	23031
52	32118	32120	29741	34587	27678	36889	26480	38301	25460	39550
53	22252	22253	20281	24314	18584	26250	17604	27444	16774	28502
54	13629	13630	12096	15253	10794	16794	10051	17751	9426	18605
55	7873	7873	6719	9118	5758	10318	5218	11071	4771	11747
56	7366	7366	6251	8572	5325	9736	4807	10468	4378	11126
57	6914	6915	5836	8084	4943	9216	4444	9929	4032	10569
58	8302	8303	7116	9580	6126	10808	5569	11579	5106	12270
59	184306	184309	178547	190155	173439	195502	170418	198736	167815	201569
60	21057	21058	19141	23064	17493	24951	16543	26115	15739	27148
61	13481	13482	11957	15096	10662	16629	9924	17582	9303	18432
62	50842	50844	47840	53937	45213	56801	43678	58551	42365	60093
63	64225	64223	60844	67697	57878	70902	56138	72855	54648	74573
64	110005	110007	105566	114535	101647	118692	99338	121216	97353	123430
65	1063	1064	668	1550	391	2066	260	2411	168	2732
66	1190	1190	769	1702	469	2241	324	2600	220	2932
67	56368	56366	53204	59624	50432	62634	48810	64470	47421	66088
68	29610	29611	27329	31982	25353	34196	24206	35557	23231	36760
69	680228	680234	669123	691425	659200	701586	653299	707702	648192	713037
70	76639	76641	72942	80428	69691	83918	67781	86041	66143	87908
71	25234	25235	23132	27427	21317	29481	20266	30745	19375	31865
72	656	656	355	1048	163	1479	83	1773	36	2049
73	12198	12199	10751	13737	9525	15201	8828	16113	8243	16926
74	149945	149948	144756	155226	140160	160060	137446	162988	135109	165554
75	11057	11058	9681	12524	8520	13924	7861	14797	7309	15577
76	868	869	516	1313	276	1791	168	2112	96	2413
77	7084	7084	5992	8267	5086	9412	4580	10132	4161	10779
78	7660	7661	6523	8889	5577	10075	5046	10819	4606	11488
79	5568	5568	4604	6622	3815	7650	3379	8300	3021	8887
80	12035	12035	10597	13563	9381	15019	8688	15925	8108	16734
81	218323	218326	212051	224685	206481	230494	203184	234005	200341	237077
82	26112	26113	23973	28343	22125	30429	21055	31714	20146	32851
83	36934	36935	34381	39578	32160	42037	30867	43544	29765	44875
84	727	727	408	1137	199	1585	110	1888	53	2173
85	18212	18213	16434	20083	14910	21845	14034	22935	13294	23904
86	1564	1564	1075	2144	713	2745	531	3140	395	3504
87	1307	1307	864	1841	543	2401	386	2771	272	3114
88	163011	163014	157598	168515	152801	173550	149967	176598	147525	179269
89	78088	78090	74356	81912	71073	85434	69144	87576	67489	89460
90	262042	262046	255167	269008	249053	275361	245431	279197	242305	282552
91	232355	232358	225884	238918	220134	244906	216729	248525	213792	251691
92	8710	8710	7494	10017	6477	11273	5904	12060	5427	12765
93	20499	20500	18609	22480	16985	24343	16049	25493	15257	26514
94	7179	7179	6079	8370	5167	9521	4656	10245	4234	10896
95	140	140	26	346	0	609	0	803	0	992
