city_id mean median lower_50 upper_50 lower_80 upper_80 lower_90 upper_90 lower_95 upper_95
1	3488	3489	2242	5009	1355	6612	930	7678	626	8669
2	25227	25229	21644	29083	18653	32791	16969	35115	15571	37200
3	89008	89012	82159	96131	76225	102781	72781	106866	69853	110481
4	31128	31130	27133	35396	23771	39475	21865	42022	20274	44300
5	373	373	58	963	0	1728	0	2293	0	2848
6	171814	171819	162245	181658	153861	190757	148951	196308	144750	201196
7	17857	17859	14865	21123	12405	24299	11039	26306	9917	28115
8	28093	28095	24305	32155	21129	36048	19334	38484	17840	40665
9	22822	22823	19421	26496	16593	30040	15008	32267	13694	34267
10	52070	52067	46863	57550	42409	62721	39850	65921	37692	68766
11	8353	8354	6350	10630	4780	12916	3948	14390	3289	15735
12	5425	5426	3837	7287	2642	9199	2033	10449	1569	11599
13	58605	58602	53073	64411	48326	69875	45592	73250	43281	76248
14	1215	1216	536	2169	159	3262	40	4022	1	4748
15	2356	2356	1356	3630	691	5011	399	5944	210	6820
16	3341	3342	2125	4832	1264	6409	855	7459	564	8436
17	19643	19644	16498	23062	13900	26375	12452	28465	11259	30344
18	1942	1943	1047	3111	476	4399	241	5276	101	6102
19	36410	36412	32079	41015	28413	45397	26325	48126	24576	50561
20	15867	15869	13055	18954	10756	21969	9487	23879	8449	25603
21	8283	8284	6289	10551	4727	12828	3900	14297	3245	15638
22	3123	3124	1952	4569	1131	6106	747	7132	477	8088
23	13264	13265	10704	16098	8633	18885	7501	20658	6581	22264
24	49493	49490	44420	54840	40087	59890	37600	63017	35504	65800
25	16291	16293	13439	19417	11106	22467	9816	24398	8759	26141
26	138636	138641	130054	147493	122560	155703	118182	160722	114443	165148
27	109400	109404	101791	117282	95174	124616	91321	129110	88038	133080
28	10287	10288	8049	12799	6268	15296	5309	16896	4540	18352
29	7458	7460	5573	9618	4110	11797	3341	13208	2737	14498
30	12580	12582	10091	15344	8083	18067	6989	19803	6102	21376
31	2981	2982	1839	4397	1046	5906	678	6916	422	7857
32	5386	5387	3805	7242	2615	9148	2010	10395	1548	11543
33	807	807	279	1609	38	2566	0	3245	0	3900
34	281	282	26	811	0	1523	0	2055	0	2582
35	38704	38707	34235	43448	30444	47956	28282	50759	26468	53259
36	38559	38562	34098	43295	30315	47794	28158	50592	26348	53088
37	151251	151256	142281	160495	134437	169055	129850	174283	125929	178891
38	161988	161993	152700	171550	144570	180396	139813	185795	135743	190552
39	102398	102402	95042	110029	88651	117135	84934	121494	81769	125346
40	160089	160094	150857	169596	142777	178392	138048	183761	134005	188491
41	16558	16559	13681	19708	11326	22780	10023	24724	8955	26478
42	39334	39336	34827	44115	31002	48656	28820	51479	26989	53997
43	65868	65871	59995	72015	54941	77786	52023	81345	49552	84502
44	42192	42189	37519	47139	33545	51829	31274	54741	29365	57337
45	26034	26036	22393	29950	19348	33711	17633	36067	16207	38180
46	90136	90140	83243	97304	77270	103994	73802	108103	70853	111738
47	3781	3782	2478	5358	1539	7013	1084	8109	753	9127
48	25337	25339	21746	29201	18748	32916	17060	35245	15658	37334
49	22300	22302	18941	25935	16149	29442	14586	31647	13292	33628
50	2140	2140	1194	3360	576	4694	313	5598	149	6449
51	18586	18588	15531	21916	13014	25149	11614	27190	10463	29028
52	37112	37115	32738	41760	29033	46181	26923	48933	25154	51388
53	22652	22653	19264	26313	16448	29845	14870	32065	13563	34058
54	14603	14605	11911	17570	9720	20477	8516	22322	7534	23991
55	7969	7970	6015	10196	4491	12437	3685	13884	3049	15206
56	8498	8499	6476	10793	4890	13096	4048	14579	3380	15933
57	7155	7156	5312	9273	3886	11415	3139	12803	2555	14074
58	8613	8614	6577	10923	4978	13239	4127	14730	3453	16091
59	208745	208751	198184	219582	188906	229575	183462	235661	178795	241014
60	25924	25926	22291	29832	19253	33585	17542	35938	16120	38046
61	17773	17774	14788	21032	12335	24201	10973	26204	9855	28009
62	54921	54918	49570	60546	44986	65847	42350	69124	40123	72037
63	71756	71759	65620	78166	60329	84173	57270	87874	54676	91154
64	122864	122869	114793	131210	107759	138960	103657	143704	100157	147890
65	1216	1217	537	2170	159	3264	40	4024	1	4750
66	1506	1506	734	2552	274	3728	105	4539	23	5307
67	61501	61498	55831	67445	50959	73033	48150	76483	45774	79545
68	33362	33365	29222	37777	25728	41987	23744	44612	22085	46958
69	688068	688078	668780	707629	651645	725481	641499	736268	632747	745707
70	95551	95555	88450	102927	82289	109804	78709	114025	75663	117758
71	29124	29126	25264	33257	22024	37214	20191	39688	18663	41903
72	882	883	324	1715	56	2700	1	3395	0	4064
73	14468	14470	11789	17422	9610	20317	8413	22155	7437	23818
74	174935	174940	165278	184866	156815	194045	151858	199643	147616	204573
75	11626	11627	9238	14288	7322	16920	6282	18601	5443	20127
76	1194	1195	522	2141	151	3227	36	3984	0	4706
77	8412	8413	6401	10697	4825	12989	3989	14467	3326	15816
78	7896	7897	5952	10114	4436	12346	3636	13788	3005	15106
79	6583	6584	4820	8620	3467	10690	2764	12034	2218	13267
80	13333	13334	10766	16174	8689	18967	7552	20745	6630	22354
81	237098	237104	225833	248638	215922	259265	210098	265729	205102	271412
82	28113	28115	24324	32177	21146	36071	19351	38507	17856	40689
83	38553	38556	34092	43288	30309	47787	28152	50585	26343	53081
84	859	859	310	1682	50	2659	1	3349	0	4014
85	21449	21451	18157	25016	15426	28463	13899	30632	12636	32581
86	1576	1577	784	2643	304	3838	124	4660	32	5438
87	1300	1301	593	2282	191	3401	56	4176	4	4915
88	178072	178077	168327	188091	159786	197348	154782	202994	150498	207964
89	87716	87720	80918	94789	75030	101393	71614	105451	68709	109041
90	312018	312025	299075	325236	287653	337374	280925	344743	275144	351211
91	262944	262950	251073	275089	240617	286261	234467	293052	229188	299018
92	9587	9588	7431	12017	5724	14440	4809	15996	4079	17412
93	22045	22046	18705	25658	15932	29148	14379	31342	13094	33313
94	7821	7822	5887	10029	4380	12252	3585	13688	2958	15001
95	122	123	0	519	0	1110	0	1570	0	2035
