city_id mean median lower_50 upper_50 lower_80 upper_80 lower_90 upper_90 lower_95 upper_95
1	1188	1188	944	1460	748	1729	642	1900	557	2056
2	10652	10652	9894	11438	9235	12170	8852	12619	8525	13016
3	35805	35806	34403	37235	33165	38546	32435	39342	31807	40040
4	12338	12338	11521	13183	10809	13968	10394	14449	10040	14873
5	115	115	49	209	13	318	3	394	0	467
6	75327	75328	73288	77394	71475	79280	70401	80419	69475	81416
7	7179	7179	6559	7827	6025	8434	5716	8809	5454	9141
8	10334	10334	9587	11109	8939	11830	8562	12273	8241	12664
9	9512	9512	8796	10256	8176	10949	7815	11375	7509	11752
10	22758	22759	21643	23901	20663	24954	20088	25595	19595	26158
11	2853	2853	2467	3267	2144	3663	1961	3911	1809	4133
12	2142	2142	1810	2502	1534	2851	1381	3070	1253	3267
13	23796	23797	22656	24964	21653	26040	21064	26695	20559	27270
14	433	433	291	603	188	779	136	896	99	1004
15	811	811	612	1038	457	1266	375	1414	310	1549
16	1124	1124	887	1389	698	1651	595	1819	513	1972
17	6733	6733	6133	7361	5617	7950	5319	8314	5066	8636
18	778	778	583	1001	432	1225	352	1370	290	1503
19	14826	14826	13929	15751	13145	16608	12687	17132	12295	17593
20	5310	5310	4779	5869	4324	6397	4063	6723	3843	7014
21	2957	2957	2564	3378	2234	3781	2048	4033	1892	4258
22	1171	1171	929	1441	735	1708	630	1879	545	2034
23	4876	4876	4368	5412	3934	5919	3685	6234	3475	6513
24	20923	20924	19855	22019	18917	23030	18366	23646	17895	24188
25	6612	6612	6018	7234	5506	7819	5211	8179	4961	8499
26	62299	62300	60446	64180	58800	65899	57827	66938	56988	67847
27	44635	44636	43068	46230	41681	47690	40862	48574	40157	49349
28	4288	4288	3812	4792	3407	5270	3176	5566	2982	5831
29	2935	2935	2544	3354	2215	3756	2030	4007	1875	4232
30	5257	5257	4729	5813	4277	6339	4017	6664	3798	6953
31	1115	1115	879	1379	691	1640	589	1808	507	1960
32	2255	2255	1914	2624	1630	2981	1472	3205	1340	3406
33	255	255	150	388	78	533	47	630	26	721
34	94	94	35	181	7	282	0	354	0	423
35	16288	16289	15347	17257	14524	18153	14042	18701	13630	19183
36	16254	16255	15314	17222	14492	18117	14010	18664	13599	19146
37	60266	60267	58443	62117	56826	63807	55869	64830	55044	65725
38	59556	59557	57744	61396	56136	63077	55185	64093	54365	64983
39	42826	42827	41292	44388	39934	45819	39132	46686	38442	47446
40	62150	62151	60299	64029	58656	65745	57683	66783	56845	67692
41	6208	6208	5633	6811	5138	7379	4853	7729	4612	8040
42	14357	14357	13475	15267	12704	16111	12253	16627	11869	17082
43	28092	28093	26852	29360	25759	30526	25116	31234	24564	31856
44	17945	17946	16957	18961	16091	19900	15583	20473	15149	20977
45	9157	9157	8455	9887	7847	10568	7494	10987	7194	11357
46	35453	35454	34058	36876	32826	38181	32100	38973	31475	39667
47	1280	1280	1026	1562	822	1839	710	2016	620	2177
48	9746	9746	9021	10499	8393	11200	8028	11631	7717	12012
49	8886	8886	8195	9605	7596	10277	7249	10690	6954	11055
50	755	755	563	975	415	1196	337	1340	276	1471
51	6885	6885	6278	7520	5756	8115	5454	8483	5198	8808
52	16719	16720	15766	17700	14931	18608	14442	19162	14024	19650
53	8793	8793	8105	9509	7510	10177	7165	10588	6871	10951
54	5425	5425	4888	5990	4428	6523	4164	6853	3941	7146
55	3011	3011	2614	3436	2281	3842	2093	4096	1936	4323
56	3319	3319	2902	3764	2550	4189	2351	4454	2184	4691
57	2547	2547	2183	2939	1880	3315	1709	3551	1567	3763
58	3116	3116	2712	3548	2373	3960	2180	4218	2020	4449
59	80175	80176	78071	82307	76199	84252	75090	85426	74134	86453
60	11336	11336	10553	12147	9873	12901	9476	13362	9138	13770
61	7617	7617	6978	8284	6427	8909	6107	9293	5837	9634
62	22126	22127	21027	23253	20061	24292	19494	24924	19008	25480
63	30513	30514	29220	31834	28080	33047	27408	33784	26831	34431
64	50807	50808	49135	52507	47652	54063	46776	55004	46022	55829
65	430	430	289	599	186	775	135	892	97	999
66	567	567	403	759	279	956	216	1085	167	1203
67	21588	21589	20503	22701	19549	23728	18990	24353	18510	24903
68	14037	14037	13165	14937	12403	15772	11958	16283	11578	16733
69	341100	341102	336744	345484	332846	349455	330524	351843	328513	353924
70	43056	43057	41518	44622	40156	46057	39352	46926	38660	47688
71	12383	12383	11564	13230	10851	14016	10435	14497	10081	14922
72	327	327	206	476	120	635	80	740	52	839
73	5714	5714	5162	6294	4690	6839	4418	7177	4188	7477
74	66126	66127	64216	68064	62520	69833	61516	70903	60650	71838
75	3891	3891	3438	4372	3055	4829	2836	5113	2652	5366
76	427	427	286	596	184	771	133	887	96	995
77	3523	3523	3093	3981	2730	4418	2523	4690	2350	4933
78	3122	3122	2718	3554	2378	3967	2186	4225	2025	4456
79	2469	2469	2111	2855	1813	3226	1645	3459	1506	3668
80	5519	5519	4977	6089	4513	6626	4246	6958	4021	7253
81	102773	102774	100389	105185	98265	107382	97005	108707	95917	109865
82	11750	11750	10953	12575	10259	13342	9855	13812	9510	14226
83	15393	15394	14479	16335	13679	17208	13212	17741	12812	18210
84	286	286	173	427	96	577	61	678	36	772
85	8917	8917	8225	9637	7625	10310	7277	10724	6981	11090
86	517	517	361	701	244	891	185	1015	141	1130
87	449	449	304	622	198	801	146	919	106	1028
88	67528	67529	65598	69486	63883	71274	62869	72354	61993	73299
89	35913	35914	34509	37345	33269	38658	32538	39455	31909	40154
90	119665	119666	117091	122267	114797	124634	113435	126062	112258	127309
91	105058	105059	102647	107497	100500	109718	99226	111057	98125	112227
92	3623	3623	3187	4087	2818	4529	2608	4805	2432	5051
93	8393	8393	7722	9092	7141	9746	6804	10148	6518	10504
94	3159	3159	2752	3594	2410	4009	2216	4268	2055	4500
95	37	37	5	97	0	174	0	231	0	288
