tract10_id	population_2020	population_2030	population_2040
32307.0	7056.0	7235.0	7251.0
28802.0	6648.0	7123.0	8795.0
20100.0	3512.0	3590.0	3890.0
25101.0	6914.0	7793.0	8116.0
29601.0	8288.0	9048.0	9326.0
26200.0	6287.0	7248.0	8206.0
8600.0	3454.0	3939.0	4093.0
8100.0	5456.0	6769.0	6864.0
30503.0	4007.0	4555.0	5368.0
30501.0	1733.0	1865.0	1950.0
29101.0	2508.0	2989.0	3890.0
29102.0	6017.0	5937.0	5578.0
10900.0	1359.0	1391.0	1489.0
10402.0	5030.0	4979.0	4838.0
9300.0	3198.0	3642.0	3709.0
10001.0	3576.0	3631.0	3751.0
11002.0	3690.0	3753.0	3756.0
26400.0	6396.0	6639.0	7322.0
26300.0	2354.0	2613.0	2623.0
26100.0	9364.0	10315.0	11496.0
26002.0	7400.0	7867.0	8332.0
28600.0	7200.0	7388.0	7527.0
30504.0	4794.0	4887.0	5051.0
29700.0	8515.0	8903.0	8999.0
28300.0	6424.0	6677.0	8125.0
29206.0	2896.0	3216.0	4990.0
27200.0	3161.0	3364.0	3417.0
11700.0	5839.0	5992.0	6023.0
9500.0	6237.0	6288.0	6498.0
29205.0	3836.0	4239.0	6304.0
31301.0	3559.0	4717.0	5767.0
25701.0	5946.0	6711.0	9453.0
25302.0	4268.0	4334.0	4202.0
23201.0	5450.0	5495.0	5609.0
22003.0	5607.0	5720.0	5960.0
7000.0	8311.0	8524.0	8425.0
11200.0	3898.0	3964.0	3998.0
30600.0	5929.0	6006.0	6047.0
25301.0	5800.0	6203.0	6532.0
8800.0	3739.0	3806.0	3828.0
8900.0	4764.0	4828.0	4918.0
9000.0	2542.0	2819.0	2976.0
2500.0	2778.0	2752.0	2716.0
9702.0	5416.0	5446.0	5430.0
29902.0	6391.0	8220.0	8483.0
32323.0	5839.0	6390.0	6626.0
31703.0	8850.0	9445.0	10032.0
23804.0	8073.0	11926.0	13871.0
31502.0	4724.0	5739.0	6828.0
32325.0	6957.0	7809.0	8925.0
31202.0	6248.0	6830.0	7202.0
28902.0	6314.0	7243.0	8762.0
24500.0	5153.0	5277.0	5160.0
28200.0	5681.0	5977.0	6507.0
11600.0	6972.0	7057.0	7063.0
12000.0	3610.0	3666.0	3651.0
27300.0	6205.0	6498.0	6476.0
28100.0	2271.0	2647.0	3087.0
32007.0	3955.0	4650.0	4910.0
10500.0	6258.0	6374.0	6286.0
30100.0	8615.0	9003.0	9212.0
6700.0	6897.0	7557.0	10143.0
9600.0	5613.0	5799.0	5771.0
9800.0	6433.0	6665.0	6519.0
9900.0	6201.0	6517.0	6814.0
9701.0	6123.0	6269.0	6279.0
29801.0	8303.0	8917.0	8996.0
6900.0	4315.0	4374.0	4410.0
10600.0	7784.0	8001.0	8068.0
32215.0	4798.0	6805.0	9027.0
4400.0	6200.0	6341.0	6222.0
30801.0	4872.0	4703.0	6626.0
5000.0	3701.0	3795.0	3755.0
29502.0	7734.0	8682.0	9089.0
32103.0	4686.0	4887.0	5201.0
22005.0	4828.0	4940.0	5440.0
11001.0	3255.0	3320.0	3520.0
27500.0	4980.0	5077.0	5116.0
25805.0	5125.0	5586.0	5898.0
25806.0	5224.0	5724.0	6291.0
25400.0	6847.0	7128.0	7848.0
2800.0	4618.0	4847.0	5266.0
32208.0	7210.0	8407.0	9869.0
7800.0	6537.0	6717.0	6746.0
5400.0	5152.0	5220.0	5129.0
30311.0	4897.0	4905.0	4863.0
29403.0	7080.0	7434.0	7451.0
1400.0	5233.0	5329.0	5307.0
32210.0	12828.0	13866.0	15797.0
29003.0	6022.0	7216.0	7737.0
20402.0	6319.0	6655.0	7364.0
30401.0	9082.0	11977.0	13248.0
4301.0	3307.0	3412.0	3454.0
30308.0	6805.0	6756.0	6862.0
30312.0	5545.0	5854.0	5830.0
21700.0	9174.0	10509.0	15594.0
29305.0	5380.0	6462.0	6569.0
27400.0	6256.0	6382.0	6369.0
32401.0	5706.0	6696.0	8079.0
32207.0	3971.0	4342.0	4420.0
27702.0	5317.0	5397.0	5362.0
51917.0	4454.0	4605.0	4754.0
21600.0	5999.0	6686.0	8304.0
31400.0	6336.0	6753.0	7234.0
70207.0	4951.0	5841.0	6552.0
22500.0	7864.0	8399.0	9250.0
31501.0	3672.0	4503.0	5193.0
31603.0	4908.0	8353.0	15902.0
32702.0	6938.0	7722.0	8566.0
27701.0	5313.0	5418.0	5479.0
31601.0	5094.0	5388.0	5430.0
31204.0	6998.0	7776.0	8047.0
12100.0	2968.0	3011.0	2978.0
26600.0	2607.0	2869.0	2951.0
26001.0	6161.0	6451.0	6946.0
25006.0	5615.0	6471.0	7181.0
31906.0	4322.0	5344.0	5889.0
31800.0	5654.0	6704.0	7135.0
32003.0	5260.0	6393.0	7513.0
32002.0	3410.0	4180.0	4809.0
3300.0	6457.0	6345.0	6595.0
26700.0	6297.0	6401.0	6452.0
11402.0	4056.0	4162.0	4246.0
32324.0	5608.0	5976.0	6347.0
32313.0	4889.0	5358.0	6539.0
32402.0	6627.0	7514.0	8456.0
32315.0	6331.0	6772.0	6509.0
32102.0	5072.0	5859.0	6353.0
32703.0	2180.0	2461.0	2650.0
32602.0	10719.0	10996.0	11795.0
32800.0	3942.0	5272.0	6468.0
4800.0	4760.0	4988.0	4958.0
24300.0	8130.0	8233.0	8319.0
23300.0	6557.0	6630.0	6956.0
23100.0	4130.0	4277.0	4260.0
32213.0	4720.0	4934.0	5108.0
32601.0	3442.0	3493.0	3594.0
8001.0	5931.0	6245.0	7439.0
2900.0	4328.0	4344.0	4327.0
3000.0	5683.0	5688.0	5654.0
32309.0	6340.0	7352.0	8534.0
32320.0	5426.0	6064.0	6336.0
2200.0	6110.0	6134.0	6434.0
32500.0	5791.0	6985.0	8798.0
20200.0	5818.0	5936.0	5922.0
20800.0	5139.0	5357.0	5556.0
51912.0	2626.0	2777.0	2878.0
20300.0	6368.0	7418.0	9892.0
30901.0	3997.0	4139.0	3988.0
11401.0	4150.0	4315.0	4485.0
28402.0	5506.0	5507.0	5478.0
22803.0	6322.0	8827.0	11092.0
4900.0	6321.0	6474.0	6546.0
31704.0	7399.0	7982.0	8457.0
401.0	5029.0	5973.0	5597.0
24601.0	4732.0	4744.0	4684.0
21904.0	5653.0	6162.0	6696.0
6100.0	5271.0	5488.0	5505.0
6600.0	4172.0	4446.0	6043.0
25200.0	9521.0	9861.0	9929.0
32704.0	7322.0	8488.0	9795.0
29307.0	4673.0	5134.0	5427.0
21500.0	5321.0	5518.0	5917.0
29802.0	9377.0	10338.0	10802.0
7401.0	4823.0	5034.0	5163.0
29503.0	7997.0	8272.0	8557.0
7402.0	5793.0	5891.0	6020.0
28500.0	5046.0	5571.0	5535.0
22102.0	7842.0	8922.0	9190.0
21802.0	5914.0	6502.0	7942.0
32322.0	4863.0	4961.0	4983.0
25602.0	6758.0	7533.0	8186.0
23700.0	5211.0	6741.0	10768.0
300.0	2725.0	2758.0	2745.0
10300.0	6168.0	6128.0	6269.0
3900.0	2927.0	2999.0	2941.0
7300.0	4978.0	6704.0	9192.0
6200.0	4149.0	4159.0	4093.0
21000.0	6200.0	7886.0	11652.0
5600.0	7078.0	7124.0	7523.0
31605.0	5455.0	5899.0	6769.0
7500.0	7259.0	7517.0	7675.0
23401.0	3993.0	4120.0	4477.0
22605.0	7729.0	8747.0	9557.0
11800.0	7560.0	7675.0	7900.0
11900.0	7811.0	7748.0	7599.0
25102.0	8029.0	9023.0	9487.0
25005.0	4317.0	4803.0	5345.0
32214.0	5585.0	6325.0	7400.0
3100.0	6470.0	6417.0	6335.0
4000.0	2811.0	2953.0	2917.0
32329.0	7447.0	8005.0	8771.0
22604.0	5303.0	5619.0	5930.0
32319.0	5876.0	6753.0	8082.0
32311.0	6589.0	6701.0	6815.0
27900.0	7707.0	7872.0	7834.0
21906.0	4070.0	4876.0	5820.0
10401.0	4781.0	5011.0	5568.0
24000.0	7832.0	7965.0	8276.0
28403.0	5452.0	5575.0	6065.0
27800.0	3990.0	4141.0	4117.0
28700.0	5820.0	6017.0	6318.0
8002.0	3185.0	3238.0	3639.0
30201.0	5549.0	5902.0	6129.0
23604.0	6289.0	6463.0	6580.0
24100.0	5100.0	5131.0	5103.0
31205.0	8488.0	10324.0	11245.0
30802.0	4059.0	4018.0	4238.0
22203.0	6156.0	6621.0	6968.0
22201.0	4820.0	4924.0	5034.0
30003.0	7003.0	7835.0	8571.0
31903.0	7279.0	8582.0	9215.0
30202.0	6870.0	7141.0	8301.0
200.0	7955.0	7793.0	8749.0
31100.0	8286.0	7537.0	8749.0
28801.0	2945.0	2984.0	3085.0
32203.0	8302.0	10170.0	11149.0
22902.0	6753.0	6975.0	7027.0
5900.0	5824.0	5956.0	5926.0
1300.0	4537.0	4609.0	4938.0
27100.0	3979.0	4206.0	4429.0
22901.0	3410.0	3485.0	3440.0
23000.0	5751.0	5779.0	5912.0
30004.0	7522.0	7848.0	8500.0
22801.0	8941.0	12988.0	11713.0
5802.0	5105.0	5246.0	5267.0
5700.0	6932.0	6981.0	6957.0
22101.0	6344.0	6650.0	6664.0
21903.0	6582.0	6918.0	8096.0
29303.0	7041.0	7790.0	8723.0
6000.0	5299.0	5436.0	5375.0
24702.0	8784.0	10216.0	10278.0
23900.0	7723.0	7900.0	7837.0
11500.0	4480.0	4524.0	4500.0
20500.0	7257.0	8106.0	11625.0
32327.0	3536.0	3844.0	4108.0
30005.0	5899.0	5980.0	6514.0
9400.0	5357.0	5534.0	5841.0
29602.0	6955.0	8282.0	9047.0
20700.0	3976.0	5126.0	6418.0
23803.0	6506.0	8713.0	11944.0
1200.0	6654.0	7695.0	9048.0
20600.0	3835.0	4077.0	5027.0
52113.0	3125.0	3456.0	3620.0
21803.0	5367.0	5586.0	5696.0
22603.0	5771.0	5908.0	6670.0
23601.0	4273.0	4369.0	4639.0
30902.0	5730.0	6130.0	6161.0
32211.0	5057.0	5255.0	5404.0
29304.0	7048.0	8127.0	8726.0
20900.0	5677.0	7442.0	8939.0
20401.0	3997.0	4494.0	7148.0
29901.0	6080.0	6967.0	7472.0
32212.0	8670.0	8674.0	8830.0
26801.0	5118.0	5164.0	5247.0
22802.0	5122.0	5269.0	5765.0
32318.0	5886.0	6388.0	6942.0
70307.0	4662.0	4886.0	5494.0
31604.0	5219.0	5507.0	6458.0
24602.0	3886.0	3939.0	3907.0
8300.0	3936.0	4393.0	4685.0
32104.0	6776.0	7605.0	8336.0
3200.0	7969.0	8297.0	8536.0
2400.0	3782.0	3840.0	3787.0
22606.0	6629.0	6623.0	6615.0
32326.0	3891.0	3934.0	4001.0
5801.0	5112.0	5261.0	5209.0
22300.0	4068.0	4833.0	5096.0
600.0	8208.0	8048.0	7915.0
21804.0	4814.0	5101.0	5101.0
31302.0	4787.0	5244.0	5955.0
24902.0	3863.0	3861.0	4002.0
4700.0	6035.0	6067.0	6010.0
11101.0	4535.0	4639.0	4679.0
4100.0	8358.0	8418.0	8385.0
30314.0	3617.0	3703.0	4674.0
24800.0	5995.0	6315.0	6997.0
25500.0	5154.0	5273.0	5311.0
70100.0	3621.0	4171.0	5386.0
32006.0	4884.0	5309.0	5467.0
29306.0	4071.0	4589.0	5558.0
23500.0	4210.0	4190.0	4205.0
23801.0	2996.0	3194.0	3379.0
2600.0	4844.0	4835.0	4774.0
3800.0	2138.0	2145.0	2117.0
32328.0	3719.0	3729.0	3549.0
2100.0	4100.0	4110.0	4103.0
7100.0	3108.0	3259.0	4324.0
3500.0	4070.0	4296.0	4614.0
3400.0	3700.0	3827.0	3866.0
1500.0	2723.0	2761.0	2745.0
1600.0	4402.0	4526.0	4557.0
700.0	4622.0	4687.0	4665.0
5100.0	4004.0	3977.0	4028.0
6500.0	4972.0	5084.0	5090.0
26500.0	5671.0	6247.0	6580.0
2700.0	5351.0	5609.0	5884.0
30006.0	4174.0	4451.0	4938.0
22001.0	5053.0	5701.0	5764.0
1702.0	4351.0	4440.0	4348.0
28901.0	4004.0	4687.0	5096.0
28000.0	3846.0	3859.0	3777.0
24701.0	3960.0	4141.0	4321.0
29204.0	9553.0	10711.0	12084.0
10002.0	4499.0	4503.0	4512.0
402.0	4679.0	4639.0	4608.0
22006.0	4036.0	3989.0	4277.0
30305.0	5393.0	5939.0	6651.0
22202.0	7917.0	8512.0	9057.0
9100.0	2456.0	2115.0	2929.0
26802.0	5267.0	5533.0	6000.0
22400.0	8700.0	9366.0	10336.0
53801.0	4362.0	5385.0	6312.0
24200.0	3542.0	3569.0	3556.0
23403.0	4363.0	4518.0	4544.0
7200.0	5689.0	7848.0	10985.0
21100.0	4646.0	5583.0	7356.0
29405.0	6684.0	7017.0	7206.0
8400.0	5276.0	6613.0	6316.0
24400.0	2081.0	2090.0	2053.0
8200.0	4271.0	6077.0	7156.0
30310.0	5726.0	6380.0	6983.0
32010.0	4649.0	4906.0	5506.0
7600.0	3290.0	3353.0	3568.0
11102.0	4427.0	4365.0	4479.0
24903.0	6712.0	6714.0	7122.0
5302.0	327.0	348.0	327.0
4600.0	3205.0	3356.0	3496.0
29408.0	4488.0	4634.0	4711.0
25803.0	4658.0	5045.0	5548.0
29504.0	5736.0	6218.0	6170.0
29407.0	5082.0	5028.0	4988.0
1000.0	1904.0	1945.0	1909.0
31706.0	4733.0	4922.0	4976.0
32005.0	7479.0	7752.0	7889.0
32316.0	5677.0	6266.0	6982.0
1701.0	3641.0	3685.0	3636.0
27000.0	4736.0	5163.0	5531.0
6800.0	3051.0	3097.0	3063.0
800.0	2758.0	2804.0	2769.0
900.0	2343.0	2392.0	2375.0
21400.0	4645.0	4811.0	4884.0
23603.0	5521.0	5757.0	5514.0
3600.0	6087.0	6460.0	6979.0
5200.0	6532.0	6523.0	6737.0
4500.0	2850.0	2943.0	2870.0
5301.0	5866.0	6431.0	6528.0
22702.0	3694.0	3814.0	4217.0
22701.0	3072.0	3248.0	3599.0
22703.0	2791.0	2857.0	2968.0
29406.0	5542.0	6011.0	6353.0
30700.0	3567.0	3426.0	3907.0
500.0	4140.0	4250.0	4249.0
4302.0	1459.0	1539.0	1717.0
1800.0	4536.0	4547.0	4961.0
1900.0	4668.0	5048.0	5771.0
31909.0	3846.0	4193.0	4260.0
10200.0	5504.0	5456.0	5329.0
31206.0	5059.0	5553.0	5780.0
4200.0	8021.0	8112.0	7973.0
21905.0	5588.0	5721.0	5996.0
8500.0	3849.0	5226.0	6527.0
7700.0	4625.0	4663.0	4730.0
21300.0	3966.0	4245.0	4749.0
30306.0	6371.0	6528.0	6613.0
940001.0	12611.0	17439.0	24757.0
30313.0	3717.0	3998.0	5126.0
10701.0	3206.0	3224.0	3215.0
32317.0	6420.0	6669.0	7081.0
31000.0	4473.0	7430.0	9350.0
25601.0	4378.0	4954.0	5646.0
6300.0	5959.0	6133.0	6331.0
31904.0	4150.0	4577.0	4750.0
24901.0	5396.0	5479.0	5525.0
32321.0	6026.0	7258.0	7807.0
30403.0	5116.0	5871.0	6302.0
25702.0	3905.0	4147.0	5047.0
30304.0	3664.0	4727.0	5518.0
30404.0	6305.0	8018.0	8860.0
10800.0	5416.0	5603.0	5466.0
8700.0	3738.0	3854.0	3809.0
27600.0	3987.0	4112.0	4274.0
11300.0	6875.0	6691.0	6993.0
10100.0	6509.0	6605.0	6707.0
30309.0	5845.0	5893.0	6127.0
29203.0	3164.0	3224.0	3128.0
25003.0	7464.0	7552.0	8199.0
31908.0	4285.0	4272.0	4312.0
31907.0	7171.0	7380.0	8236.0
6400.0	3241.0	3210.0	3182.0
7900.0	5463.0	5804.0	5798.0
23202.0	3956.0	4332.0	5100.0
25804.0	3901.0	4291.0	5238.0
32008.0	5038.0	5326.0	5448.0
100.0	6400.0	6900.0	6925.0
29001.0	4941.0	5719.0	6004.0
29004.0	3255.0	3773.0	3804.0
31705.0	3136.0	3727.0	4029.0
25001.0	5578.0	5966.0	6286.0
32011.0	3678.0	4233.0	4449.0
23404.0	3651.0	3704.0	3778.0
940002.0	10537.0	13757.0	16740.0
10702.0	2562.0	2623.0	2724.0
9200.0	2608.0	2583.0	2591.0
940005.0	5963.0	6124.0	6211.0
1100.0	2573.0	2632.0	2603.0
2000.0	3594.0	3641.0	3677.0
73500.0	8579.0	9707.0	10019.0
51914.0	4450.0	4811.0	5105.0
70315.0	6087.0	7402.0	8678.0
70316.0	4340.0	5362.0	6180.0
990100.0	0.0	0.0	5.0
92901.0	5935.0	6977.0	7638.0
92803.0	2881.0	3303.0	3719.0
92902.0	5630.0	6229.0	6679.0
92802.0	4590.0	5088.0	5407.0
72503.0	4688.0	5074.0	5476.0
72601.0	5547.0	6561.0	7489.0
92200.0	10184.0	11364.0	12473.0
92100.0	7250.0	8527.0	12103.0
92000.0	6197.0	7341.0	9028.0
92300.0	7758.0	10504.0	11757.0
92801.0	5560.0	7302.0	9658.0
92704.0	3759.0	4216.0	4451.0
92701.0	4702.0	5324.0	5712.0
92400.0	7973.0	9185.0	9402.0
91800.0	3924.0	4845.0	5856.0
91302.0	7407.0	9770.0	11327.0
80200.0	3665.0	4137.0	4841.0
80102.0	5797.0	6070.0	6606.0
91301.0	4430.0	5271.0	5761.0
80101.0	3722.0	5192.0	5499.0
91900.0	6975.0	9331.0	10131.0
80700.0	6216.0	7613.0	7810.0
91400.0	3517.0	4187.0	5558.0
80600.0	6195.0	6402.0	6460.0
80900.0	6084.0	7777.0	11426.0
80800.0	2108.0	2074.0	2581.0
80500.0	4139.0	4251.0	4298.0
80300.0	4402.0	4705.0	4551.0
80400.0	4068.0	4755.0	5961.0
81200.0	3065.0	3059.0	3074.0
81000.0	7162.0	7588.0	8057.0
81100.0	2858.0	3066.0	3001.0
81400.0	40.0	36.0	37.0
92500.0	7932.0	10181.0	10172.0
91000.0	7669.0	8791.0	9381.0
92600.0	6522.0	6881.0	7039.0
91100.0	5312.0	5891.0	6607.0
91203.0	8474.0	9567.0	11569.0
90400.0	5421.0	6794.0	8916.0
90300.0	3750.0	3725.0	3652.0
91700.0	9642.0	10989.0	12208.0
91204.0	4684.0	5980.0	5900.0
91201.0	5551.0	7074.0	7414.0
91500.0	4958.0	6224.0	6249.0
91600.0	8370.0	9785.0	10649.0
90700.0	6115.0	6964.0	7358.0
90800.0	4962.0	5755.0	6003.0
90900.0	7544.0	7773.0	7892.0
90202.0	5030.0	6202.0	7866.0
90201.0	5315.0	6094.0	6953.0
90502.0	5123.0	6414.0	8766.0
90501.0	4970.0	5765.0	6793.0
940100.0	6546.0	7467.0	8125.0
90102.0	7670.0	9986.0	12072.0
90101.0	6856.0	7870.0	8374.0
940000.0	3856.0	4210.0	4347.0
900202.0	0.0	0.0	0.0
72603.0	6623.0	9856.0	11012.0
72602.0	4950.0	6779.0	7482.0
72800.0	8465.0	8799.0	9930.0
72906.0	18180.0	18277.0	16963.0
72109.0	3906.0	4486.0	4842.0
72903.0	63.0	69.0	64.0
72410.0	3972.0	4458.0	4632.0
72504.0	4346.0	5055.0	5784.0
72405.0	4857.0	5173.0	5301.0
72406.0	5861.0	6666.0	7104.0
72408.0	6414.0	6842.0	7054.0
72409.0	2785.0	2978.0	3037.0
72505.0	8099.0	9938.0	13916.0
73006.0	4190.0	5589.0	8544.0
73001.0	6466.0	6992.0	8088.0
71902.0	6302.0	6444.0	6513.0
71901.0	5656.0	5923.0	5998.0
71805.0	3496.0	3489.0	3396.0
71807.0	3747.0	3760.0	3751.0
72107.0	4943.0	5317.0	5314.0
71706.0	2030.0	2078.0	2070.0
72112.0	5108.0	5310.0	5384.0
72111.0	2761.0	2999.0	3009.0
72108.0	5791.0	6156.0	6145.0
71806.0	4497.0	4500.0	4358.0
72901.0	0.0	7.0	7.0
72000.0	5001.0	5128.0	5447.0
61100.0	6050.0	6238.0	6517.0
60800.0	5528.0	5549.0	5617.0
61002.0	4446.0	4570.0	4700.0
60906.0	2206.0	2238.0	2251.0
61001.0	4371.0	4491.0	4460.0
72309.0	6614.0	7014.0	7147.0
72311.0	4509.0	4791.0	4801.0
72310.0	4058.0	4189.0	4180.0
72305.0	6467.0	6556.0	6578.0
62801.0	6105.0	6292.0	6445.0
62600.0	3407.0	3654.0	4943.0
72313.0	3891.0	4158.0	4671.0
72307.0	4642.0	4740.0	4716.0
72308.0	7309.0	7829.0	8672.0
72312.0	6767.0	7105.0	7291.0
62802.0	4422.0	4536.0	4514.0
71803.0	5864.0	6054.0	6184.0
62900.0	7454.0	8294.0	11506.0
72106.0	6414.0	6666.0	6747.0
72105.0	4969.0	4995.0	4976.0
72507.0	3271.0	3827.0	4348.0
72506.0	4021.0	4773.0	5486.0
72407.0	4951.0	5201.0	5608.0
60300.0	4225.0	4499.0	4821.0
60400.0	4584.0	4713.0	4774.0
60904.0	5358.0	5479.0	5501.0
60903.0	3199.0	3270.0	3355.0
60905.0	6356.0	6499.0	6507.0
73200.0	7101.0	10145.0	15281.0
73005.0	5624.0	5989.0	6530.0
71406.0	9517.0	13731.0	15198.0
71407.0	6527.0	7527.0	7633.0
71411.0	5441.0	7061.0	8162.0
71410.0	7068.0	9592.0	11479.0
73115.0	4566.0	4513.0	4467.0
73114.0	5782.0	5727.0	5656.0
73117.0	3969.0	4356.0	5107.0
71100.0	2621.0	2783.0	2798.0
71305.0	4262.0	4601.0	4825.0
71601.0	4891.0	5795.0	5964.0
71602.0	7785.0	8488.0	8854.0
71705.0	3887.0	4148.0	4160.0
71707.0	2876.0	2907.0	2851.0
71703.0	3617.0	3827.0	3956.0
71704.0	4484.0	4473.0	4364.0
71505.0	5781.0	6673.0	7207.0
71503.0	5696.0	6114.0	6649.0
71504.0	4375.0	4432.0	4372.0
71306.0	8065.0	10371.0	11370.0
71506.0	5458.0	6007.0	6837.0
71403.0	4828.0	5332.0	5561.0
71408.0	4352.0	4984.0	5479.0
71309.0	3782.0	5352.0	6234.0
73108.0	7887.0	9671.0	11301.0
71409.0	4828.0	5111.0	5217.0
60200.0	856.0	882.0	872.0
61500.0	5083.0	6814.0	8940.0
61601.0	1992.0	2693.0	3052.0
61602.0	753.0	1128.0	1201.0
61300.0	4986.0	5529.0	6874.0
61700.0	4864.0	5130.0	6188.0
61400.0	2999.0	5047.0	8686.0
60600.0	5901.0	6336.0	7147.0
61200.0	5404.0	5833.0	6949.0
61800.0	2880.0	2909.0	2855.0
940007.0	3514.0	3776.0	3701.0
940004.0	7192.0	7591.0	7672.0
63100.0	4572.0	4610.0	4562.0
940006.0	2601.0	3117.0	3434.0
62000.0	4623.0	4673.0	4632.0
62300.0	5144.0	5495.0	5472.0
63000.0	3105.0	3134.0	3124.0
62400.0	5817.0	5793.0	5701.0
63200.0	5385.0	5476.0	5349.0
63300.0	7136.0	7319.0	7215.0
71205.0	5520.0	6407.0	6636.0
63501.0	4496.0	4538.0	4384.0
71808.0	3707.0	3675.0	3627.0
63400.0	8259.0	8587.0	8603.0
63502.0	5268.0	5361.0	5261.0
940011.0	4789.0	5006.0	5193.0
940008.0	6027.0	6205.0	6334.0
60500.0	4313.0	4375.0	4359.0
60700.0	5879.0	6520.0	7339.0
73119.0	3656.0	4272.0	5198.0
73113.0	6508.0	8019.0	10696.0
73118.0	4757.0	5166.0	5475.0
73124.0	2386.0	3145.0	3500.0
73125.0	9468.0	11507.0	13665.0
73116.0	3300.0	3675.0	4103.0
70401.0	2396.0	2471.0	2889.0
71210.0	6384.0	8069.0	9439.0
71206.0	8586.0	11401.0	11995.0
71209.0	5070.0	5097.0	5089.0
71207.0	5890.0	6818.0	8099.0
71307.0	5962.0	7793.0	8762.0
71304.0	7898.0	8987.0	10333.0
71208.0	7673.0	8739.0	9444.0
73110.0	4911.0	5769.0	6710.0
70203.0	5985.0	8973.0	18942.0
70404.0	4246.0	4827.0	5406.0
73111.0	4778.0	5326.0	5507.0
73120.0	4025.0	4826.0	5236.0
71310.0	5710.0	7625.0	9295.0
73122.0	4866.0	5444.0	6890.0
73123.0	5734.0	6850.0	9459.0
70403.0	3268.0	3351.0	4030.0
73121.0	5450.0	5517.0	5973.0
73126.0	3309.0	3365.0	3720.0
70703.0	5816.0	6457.0	7000.0
73301.0	5981.0	6441.0	6803.0
940003.0	6738.0	6986.0	7229.0
940009.0	3198.0	3322.0	3323.0
940010.0	5540.0	6667.0	7197.0
73408.0	5404.0	5744.0	5758.0
73407.0	3809.0	3861.0	3824.0
73302.0	4692.0	5092.0	5290.0
73404.0	8936.0	10013.0	10825.0
73406.0	5338.0	5590.0	5748.0
73405.0	4088.0	4705.0	5368.0
70311.0	5006.0	5145.0	5175.0
70309.0	6716.0	7787.0	7786.0
70205.0	3732.0	3920.0	4088.0
70310.0	5518.0	6625.0	7044.0
70312.0	4793.0	6330.0	6873.0
70204.0	3679.0	3736.0	3855.0
70206.0	4504.0	5651.0	6986.0
70314.0	3759.0	4259.0	4990.0
70313.0	8186.0	10356.0	12027.0
70308.0	5184.0	6047.0	6001.0
61900.0	2089.0	2091.0	2022.0
62500.0	7528.0	7604.0	7471.0
51602.0	4657.0	4680.0	4741.0
41201.0	3893.0	4041.0	4431.0
51702.0	4586.0	4742.0	5210.0
51300.0	7566.0	9032.0	10115.0
50700.0	6503.0	6571.0	6968.0
52301.0	5218.0	5780.0	6394.0
52206.0	4554.0	5094.0	5564.0
50300.0	5970.0	6082.0	6180.0
50200.0	4667.0	4878.0	4922.0
50101.0	2724.0	2883.0	3564.0
52004.0	6427.0	6446.0	7161.0
50402.0	5954.0	6134.0	6225.0
51913.0	5218.0	5881.0	6318.0
51905.0	8489.0	9389.0	11231.0
41704.0	3825.0	4173.0	5610.0
51701.0	5608.0	5674.0	5927.0
51802.0	5421.0	5749.0	6495.0
51400.0	7633.0	7693.0	8224.0
51927.0	5946.0	6427.0	8807.0
51928.0	3070.0	3039.0	4320.0
51601.0	4928.0	5373.0	6081.0
51803.0	7309.0	8093.0	9224.0
51922.0	6375.0	6927.0	7814.0
51915.0	6994.0	7531.0	7627.0
50102.0	4891.0	5302.0	6103.0
51804.0	2914.0	2947.0	2860.0
51921.0	3721.0	4283.0	5836.0
51923.0	4331.0	4482.0	5603.0
51916.0	4689.0	4918.0	5126.0
52804.0	8628.0	11153.0	14545.0
41811.0	9525.0	9824.0	10599.0
41812.0	8940.0	10086.0	11979.0
41901.0	7603.0	9119.0	10572.0
42004.0	4969.0	5389.0	6515.0
51500.0	5414.0	5434.0	5596.0
50401.0	7605.0	7806.0	7982.0
41703.0	5159.0	5757.0	7437.0
41809.0	6391.0	6649.0	7433.0
41810.0	4805.0	5270.0	6185.0
41608.0	5945.0	6620.0	7425.0
41400.0	5757.0	6400.0	7558.0
53602.0	6846.0	8319.0	10597.0
53700.0	3727.0	5064.0	6930.0
52701.0	1847.0	2515.0	3491.0
51000.0	4937.0	4746.0	6212.0
52906.0	5854.0	6214.0	6882.0
52905.0	3002.0	3291.0	4670.0
51100.0	4025.0	4240.0	4340.0
40500.0	2531.0	2681.0	2774.0
52208.0	4597.0	4809.0	4729.0
52203.0	6266.0	8693.0	10924.0
52207.0	5774.0	6110.0	6477.0
42003.0	3588.0	3777.0	4521.0
41904.0	5041.0	4935.0	4897.0
53504.0	7590.0	8185.0	9629.0
53509.0	3036.0	3318.0	6439.0
52107.0	4535.0	5156.0	5383.0
52502.0	6237.0	8960.0	11391.0
52105.0	1998.0	2066.0	2121.0
53202.0	5148.0	5663.0	5869.0
52104.0	4558.0	5815.0	6187.0
990002.0	161.0	163.0	163.0
41905.0	6348.0	6584.0	6557.0
53508.0	3206.0	3386.0	3756.0
52108.0	6219.0	6529.0	6553.0
52401.0	5082.0	5168.0	5300.0
52503.0	6970.0	7992.0	9015.0
52504.0	4100.0	5182.0	5898.0
53102.0	4657.0	5003.0	5354.0
53505.0	5097.0	6033.0	7007.0
41805.0	6353.0	6940.0	7462.0
52607.0	5873.0	6843.0	7447.0
41606.0	6178.0	6586.0	7717.0
53506.0	5748.0	6721.0	7742.0
53302.0	5486.0	6155.0	7851.0
53101.0	3545.0	4148.0	4737.0
53802.0	5704.0	7435.0	9714.0
50600.0	1282.0	1391.0	1432.0
52603.0	3266.0	3586.0	4276.0
52605.0	6760.0	7271.0	7280.0
53803.0	5808.0	6679.0	7765.0
40100.0	4613.0	4817.0	4949.0
51925.0	7089.0	8531.0	11427.0
40200.0	4851.0	4884.0	5884.0
41000.0	6504.0	7348.0	8853.0
50800.0	6670.0	6990.0	7365.0
52904.0	6123.0	6553.0	7051.0
41301.0	6126.0	6409.0	6712.0
52709.0	3223.0	3820.0	5342.0
52118.0	6621.0	7128.0	7672.0
41202.0	5995.0	6354.0	6789.0
41806.0	9371.0	9713.0	11040.0
41303.0	5058.0	5620.0	6218.0
41304.0	3180.0	3303.0	3537.0
50500.0	8017.0	8516.0	8775.0
50900.0	3347.0	3397.0	3330.0
41903.0	7743.0	7976.0	8531.0
41100.0	5348.0	5587.0	6085.0
53201.0	4064.0	4542.0	5064.0
53603.0	4283.0	5078.0	6119.0
51200.0	5527.0	6219.0	7539.0
52806.0	7246.0	7499.0	7761.0
52805.0	4958.0	5495.0	6202.0
52209.0	2636.0	2599.0	2537.0
52803.0	5398.0	5252.0	5423.0
53400.0	5807.0	6467.0	7622.0
41500.0	1655.0	1954.0	2318.0
41701.0	6529.0	7267.0	7668.0
52005.0	5614.0	5700.0	6987.0
52003.0	8017.0	9538.0	10948.0
52006.0	4509.0	4473.0	4421.0
53301.0	6978.0	7982.0	9072.0
40400.0	4471.0	5228.0	6823.0
40300.0	3240.0	3361.0	3454.0
52112.0	2890.0	3078.0	3256.0
41605.0	6246.0	6321.0	6696.0
42001.0	5421.0	5485.0	6392.0
51918.0	5569.0	6211.0	6559.0
52606.0	5736.0	6612.0	7153.0
52903.0	4404.0	4408.0	4747.0
52707.0	4619.0	6912.0	9755.0
52604.0	5779.0	6341.0	6531.0
52114.0	5491.0	5561.0	5542.0
52706.0	4283.0	5051.0	6247.0
52402.0	3279.0	3357.0	3290.0
41601.0	5937.0	6895.0	7660.0
52302.0	3863.0	4249.0	4373.0
51924.0	6209.0	6276.0	6492.0
40900.0	4497.0	4775.0	4976.0
52007.0	4309.0	4404.0	4933.0
51926.0	5110.0	5464.0	5427.0
41808.0	4378.0	4960.0	5703.0
40800.0	2827.0	3748.0	4774.0
40700.0	4240.0	5688.0	6890.0
42005.0	5166.0	5275.0	5982.0
42006.0	5108.0	5282.0	5369.0
53604.0	3959.0	4625.0	5918.0
52705.0	8768.0	11568.0	13787.0
52708.0	5388.0	5506.0	5790.0
41607.0	3820.0	4100.0	4628.0
52204.0	5579.0	5487.0	5614.0
52115.0	6776.0	6778.0	6824.0
53507.0	5249.0	6157.0	6670.0
