tract10_id	jobs_2020	jobs_2030	jobs_2040
32307.0	1241.0	1320.0	1349.0
28802.0	3144.0	3330.0	3401.0
20100.0	530.0	539.0	569.0
25101.0	1372.0	1544.0	2570.0
29601.0	1679.0	1983.0	2256.0
26200.0	57013.0	60397.0	71254.0
8600.0	5590.0	5616.0	6168.0
8100.0	73038.0	81669.0	84841.0
30503.0	2703.0	2745.0	2808.0
30501.0	16799.0	19027.0	22951.0
29101.0	206.0	261.0	401.0
29102.0	548.0	607.0	638.0
10900.0	20240.0	21032.0	22370.0
10402.0	646.0	659.0	753.0
9300.0	49085.0	53404.0	58308.0
10001.0	5111.0	5326.0	5868.0
11002.0	799.0	833.0	1172.0
26400.0	4244.0	4668.0	5299.0
26300.0	12161.0	13635.0	14897.0
26100.0	803.0	935.0	1090.0
26002.0	1416.0	1467.0	1876.0
28600.0	1063.0	1117.0	1249.0
30504.0	1685.0	1660.0	1727.0
29700.0	7417.0	8304.0	10105.0
28300.0	6368.0	16856.0	26651.0
29206.0	43866.0	46427.0	49309.0
27200.0	6920.0	7273.0	8074.0
11700.0	3189.0	3414.0	4082.0
9500.0	3898.0	4652.0	5795.0
29205.0	1912.0	1962.0	2051.0
31301.0	1230.0	1450.0	1841.0
25701.0	1242.0	1506.0	1824.0
25302.0	15615.0	16691.0	21150.0
23201.0	1210.0	1096.0	1264.0
22003.0	1461.0	1497.0	1627.0
7000.0	2032.0	2012.0	2201.0
11200.0	7349.0	7574.0	8610.0
30600.0	3210.0	3449.0	4251.0
25301.0	7607.0	8149.0	8927.0
8800.0	260.0	274.0	425.0
8900.0	1673.0	1741.0	1947.0
9000.0	6268.0	7143.0	7997.0
2500.0	743.0	761.0	840.0
9702.0	682.0	751.0	794.0
29902.0	3717.0	3863.0	4102.0
32323.0	1011.0	1113.0	1141.0
31703.0	1204.0	1276.0	1510.0
23804.0	38852.0	53822.0	61377.0
31502.0	1669.0	1703.0	2004.0
32325.0	358.0	489.0	992.0
31202.0	1378.0	1374.0	1429.0
28902.0	1525.0	1915.0	3394.0
24500.0	1019.0	1084.0	1173.0
28200.0	1683.0	1679.0	2340.0
11600.0	1073.0	1109.0	1213.0
12000.0	331.0	353.0	415.0
27300.0	1616.0	1702.0	1883.0
28100.0	1682.0	1748.0	1837.0
32007.0	924.0	937.0	1013.0
10500.0	4363.0	4920.0	7590.0
30100.0	909.0	986.0	1067.0
6700.0	8561.0	9412.0	10943.0
9600.0	2171.0	2138.0	2270.0
9800.0	2074.0	2300.0	2569.0
9900.0	8175.0	8685.0	10536.0
9701.0	978.0	977.0	1170.0
29801.0	1953.0	1996.0	2040.0
6900.0	705.0	730.0	869.0
10600.0	1516.0	1516.0	1884.0
32215.0	348.0	406.0	463.0
4400.0	1987.0	2128.0	2350.0
30801.0	11337.0	12425.0	14697.0
5000.0	3658.0	3658.0	3954.0
29502.0	1242.0	1275.0	1552.0
32103.0	13085.0	15584.0	25433.0
22005.0	4945.0	5223.0	6505.0
11001.0	927.0	934.0	964.0
27500.0	1451.0	1579.0	1953.0
25805.0	764.0	808.0	913.0
25806.0	3449.0	3496.0	3835.0
25400.0	2206.0	2346.0	3076.0
2800.0	1178.0	1201.0	1352.0
32208.0	14544.0	18916.0	27982.0
7800.0	1249.0	1276.0	1349.0
5400.0	5284.0	5269.0	5810.0
30311.0	715.0	743.0	779.0
29403.0	730.0	751.0	856.0
1400.0	722.0	712.0	742.0
32210.0	3702.0	4316.0	6280.0
29003.0	1615.0	1873.0	2052.0
20402.0	922.0	927.0	881.0
30401.0	4055.0	5203.0	6143.0
4301.0	2226.0	2513.0	3840.0
30308.0	578.0	609.0	656.0
30312.0	782.0	811.0	1053.0
21700.0	2453.0	2266.0	2356.0
29305.0	542.0	574.0	595.0
27400.0	2861.0	3102.0	3588.0
32401.0	1743.0	1784.0	2003.0
32207.0	1241.0	1252.0	1272.0
27702.0	844.0	864.0	969.0
51917.0	364.0	396.0	433.0
21600.0	1268.0	1221.0	1505.0
31400.0	4712.0	5081.0	5538.0
70207.0	2650.0	2695.0	3104.0
22500.0	9446.0	11356.0	15490.0
31501.0	295.0	310.0	328.0
31603.0	1886.0	2116.0	2455.0
32702.0	970.0	1643.0	1391.0
27701.0	2726.0	2847.0	3452.0
31601.0	712.0	788.0	829.0
31204.0	974.0	979.0	1151.0
12100.0	181.0	192.0	232.0
26600.0	767.0	796.0	896.0
26001.0	948.0	1046.0	1251.0
25006.0	240.0	281.0	347.0
31906.0	431.0	455.0	565.0
31800.0	1082.0	1134.0	1344.0
32003.0	1720.0	1822.0	2057.0
32002.0	436.0	460.0	535.0
3300.0	1299.0	1334.0	1506.0
26700.0	667.0	695.0	864.0
11402.0	1495.0	1522.0	1690.0
32324.0	626.0	987.0	719.0
32313.0	12371.0	16675.0	22044.0
32402.0	762.0	793.0	963.0
32315.0	645.0	696.0	761.0
32102.0	543.0	583.0	686.0
32703.0	1336.0	1688.0	1753.0
32602.0	2042.0	2074.0	2475.0
32800.0	622.0	778.0	1186.0
4800.0	3199.0	3272.0	3410.0
24300.0	5697.0	5850.0	6408.0
23300.0	1631.0	1671.0	1667.0
23100.0	218.0	240.0	272.0
32213.0	473.0	491.0	530.0
32601.0	1128.0	1154.0	1424.0
8001.0	11603.0	12399.0	12687.0
2900.0	896.0	828.0	1018.0
3000.0	1220.0	1232.0	1491.0
32309.0	18752.0	24274.0	32722.0
32320.0	1175.0	1214.0	1302.0
2200.0	453.0	466.0	497.0
32500.0	1524.0	1604.0	2021.0
20200.0	1911.0	1999.0	2073.0
20800.0	566.0	585.0	593.0
51912.0	2948.0	3569.0	4222.0
20300.0	3191.0	4067.0	7597.0
30901.0	2118.0	2269.0	2555.0
11401.0	593.0	647.0	707.0
28402.0	18913.0	20533.0	23201.0
22803.0	61112.0	63651.0	65489.0
4900.0	5374.0	5367.0	5713.0
31704.0	1176.0	1201.0	1680.0
401.0	2393.0	2457.0	3390.0
24601.0	743.0	762.0	813.0
21904.0	2850.0	3003.0	3393.0
6100.0	5105.0	5106.0	5535.0
6600.0	7531.0	8230.0	9885.0
25200.0	830.0	902.0	1034.0
32704.0	5026.0	6316.0	9887.0
29307.0	610.0	669.0	773.0
21500.0	635.0	659.0	582.0
29802.0	897.0	1065.0	1245.0
7401.0	1023.0	1072.0	1162.0
29503.0	3349.0	3423.0	3033.0
7402.0	1514.0	1621.0	1934.0
28500.0	2508.0	2691.0	3076.0
22102.0	715.0	785.0	1045.0
21802.0	8366.0	8414.0	8389.0
32322.0	294.0	316.0	367.0
25602.0	719.0	777.0	858.0
23700.0	31717.0	35257.0	39794.0
300.0	700.0	1052.0	898.0
10300.0	2874.0	2935.0	3615.0
3900.0	437.0	446.0	478.0
7300.0	30187.0	41970.0	45568.0
6200.0	915.0	962.0	1030.0
21000.0	1812.0	1482.0	1587.0
5600.0	1103.0	1095.0	1154.0
31605.0	910.0	2165.0	3526.0
7500.0	7744.0	8242.0	8969.0
23401.0	13605.0	13555.0	13706.0
22605.0	5695.0	6386.0	6324.0
11800.0	1620.0	1626.0	1978.0
11900.0	343.0	356.0	444.0
25102.0	1232.0	1325.0	1771.0
25005.0	1660.0	1726.0	2171.0
32214.0	1592.0	1682.0	1809.0
3100.0	668.0	691.0	767.0
4000.0	321.0	331.0	339.0
32329.0	807.0	2084.0	2147.0
22604.0	2755.0	2946.0	3144.0
32319.0	9867.0	10125.0	12017.0
32311.0	816.0	867.0	1003.0
27900.0	7693.0	7937.0	9482.0
21906.0	4360.0	4227.0	4207.0
10401.0	504.0	521.0	648.0
24000.0	6187.0	6318.0	7049.0
28403.0	3086.0	3279.0	3354.0
27800.0	269.0	286.0	314.0
28700.0	605.0	636.0	682.0
8002.0	5970.0	7917.0	8401.0
30201.0	924.0	965.0	1132.0
23604.0	956.0	1106.0	1334.0
24100.0	959.0	996.0	1206.0
31205.0	897.0	956.0	1129.0
30802.0	438.0	468.0	533.0
22203.0	871.0	907.0	1023.0
22201.0	904.0	951.0	1057.0
30003.0	2189.0	2280.0	2479.0
31903.0	1194.0	1241.0	1489.0
30202.0	2582.0	2625.0	2374.0
200.0	1184.0	1163.0	1851.0
31100.0	2685.0	2716.0	2983.0
28801.0	3229.0	3830.0	5409.0
32203.0	857.0	882.0	1065.0
22902.0	766.0	840.0	890.0
5900.0	3711.0	4051.0	4612.0
1300.0	3657.0	3972.0	4961.0
27100.0	1205.0	1238.0	1344.0
22901.0	633.0	660.0	677.0
23000.0	2836.0	2978.0	3057.0
30004.0	564.0	610.0	642.0
22801.0	3255.0	3480.0	3920.0
5802.0	5114.0	5760.0	7057.0
5700.0	1854.0	1995.0	2813.0
22101.0	1209.0	1274.0	1853.0
21903.0	8603.0	9206.0	12033.0
29303.0	2164.0	2128.0	2179.0
6000.0	3924.0	3899.0	4077.0
24702.0	1555.0	1876.0	2219.0
23900.0	700.0	731.0	779.0
11500.0	703.0	702.0	898.0
20500.0	1739.0	1580.0	1643.0
32327.0	593.0	612.0	729.0
30005.0	936.0	1076.0	1185.0
9400.0	7552.0	8267.0	9341.0
29602.0	221.0	253.0	308.0
20700.0	3063.0	3284.0	4654.0
23803.0	13803.0	16566.0	27405.0
1200.0	6598.0	6655.0	8408.0
20600.0	533.0	575.0	631.0
52113.0	305.0	322.0	379.0
21803.0	4385.0	4839.0	5967.0
22603.0	1663.0	1739.0	2060.0
23601.0	8638.0	9385.0	10074.0
30902.0	1068.0	1150.0	1424.0
32211.0	996.0	1062.0	1136.0
29304.0	460.0	520.0	643.0
20900.0	3763.0	3444.0	3598.0
20401.0	1158.0	1161.0	1026.0
29901.0	604.0	649.0	728.0
32212.0	898.0	947.0	1020.0
26801.0	1152.0	1161.0	1428.0
22802.0	2016.0	2813.0	3842.0
32318.0	807.0	861.0	976.0
70307.0	435.0	456.0	482.0
31604.0	610.0	655.0	725.0
24602.0	807.0	854.0	1215.0
8300.0	8982.0	9093.0	9297.0
32104.0	1840.0	1970.0	2235.0
3200.0	2957.0	2993.0	3800.0
2400.0	692.0	694.0	1121.0
22606.0	922.0	966.0	1027.0
32326.0	1126.0	1159.0	1331.0
5801.0	5647.0	5725.0	6062.0
22300.0	476.0	540.0	610.0
600.0	6492.0	6990.0	6720.0
21804.0	1471.0	1690.0	2239.0
31302.0	1378.0	1456.0	1551.0
24902.0	233.0	262.0	265.0
4700.0	11016.0	12023.0	15096.0
11101.0	698.0	710.0	835.0
4100.0	7222.0	7806.0	8747.0
30314.0	5880.0	5932.0	5395.0
24800.0	9816.0	9817.0	9936.0
25500.0	451.0	477.0	783.0
70100.0	935.0	1088.0	1316.0
32006.0	548.0	585.0	639.0
29306.0	1133.0	1158.0	1455.0
23500.0	374.0	432.0	497.0
23801.0	6286.0	6475.0	6173.0
2600.0	1464.0	1544.0	1907.0
3800.0	747.0	754.0	823.0
32328.0	1102.0	1155.0	1323.0
2100.0	1077.0	1106.0	1252.0
7100.0	13802.0	14291.0	15013.0
3500.0	1299.0	1290.0	1431.0
3400.0	569.0	569.0	742.0
1500.0	187.0	206.0	226.0
1600.0	1177.0	1149.0	1316.0
700.0	1423.0	1517.0	2259.0
5100.0	1746.0	1742.0	1848.0
6500.0	875.0	867.0	990.0
26500.0	871.0	916.0	1128.0
2700.0	1411.0	1416.0	1533.0
30006.0	3992.0	4247.0	7600.0
22001.0	1321.0	1370.0	1951.0
1702.0	971.0	991.0	1224.0
28901.0	2259.0	2363.0	2531.0
28000.0	1860.0	2063.0	2698.0
24701.0	660.0	678.0	753.0
29204.0	1917.0	2271.0	2166.0
10002.0	1033.0	1054.0	1155.0
402.0	1838.0	2421.0	2288.0
22006.0	735.0	915.0	974.0
30305.0	705.0	756.0	843.0
22202.0	2121.0	2157.0	2445.0
9100.0	3150.0	4490.0	6017.0
26802.0	1024.0	1083.0	1218.0
22400.0	4579.0	4900.0	6143.0
53801.0	465.0	487.0	592.0
24200.0	702.0	723.0	795.0
23403.0	7697.0	7944.0	8519.0
7200.0	32010.0	44584.0	52227.0
21100.0	2632.0	2691.0	2647.0
29405.0	435.0	466.0	561.0
8400.0	5071.0	5326.0	6175.0
24400.0	1157.0	1166.0	1173.0
8200.0	24653.0	26588.0	27209.0
30310.0	1597.0	1631.0	1709.0
32010.0	1650.0	1866.0	2270.0
7600.0	3091.0	3144.0	3283.0
11102.0	942.0	970.0	1028.0
24903.0	463.0	511.0	481.0
5302.0	29476.0	30056.0	32308.0
4600.0	827.0	839.0	962.0
29408.0	254.0	267.0	294.0
25803.0	623.0	416.0	457.0
29504.0	1693.0	1746.0	1680.0
29407.0	1205.0	1236.0	1374.0
1000.0	967.0	965.0	1014.0
31706.0	3022.0	3077.0	3337.0
32005.0	1092.0	1143.0	1222.0
32316.0	597.0	621.0	696.0
1701.0	1863.0	2813.0	3273.0
27000.0	389.0	396.0	395.0
6800.0	2181.0	2217.0	2684.0
800.0	297.0	310.0	327.0
900.0	161.0	171.0	181.0
21400.0	1170.0	1198.0	1231.0
23603.0	1936.0	2088.0	2214.0
3600.0	3181.0	3191.0	3621.0
5200.0	3581.0	4035.0	4464.0
4500.0	378.0	396.0	568.0
5301.0	6182.0	7440.0	9469.0
22702.0	935.0	1010.0	1068.0
22701.0	6684.0	6840.0	7453.0
22703.0	791.0	819.0	833.0
29406.0	450.0	488.0	572.0
30700.0	2005.0	1987.0	2052.0
500.0	237.0	248.0	273.0
4302.0	844.0	834.0	832.0
1800.0	841.0	1022.0	1998.0
1900.0	5306.0	5629.0	6790.0
31909.0	536.0	582.0	658.0
10200.0	519.0	543.0	572.0
31206.0	1431.0	1553.0	1710.0
4200.0	2337.0	2273.0	2459.0
21905.0	1093.0	1160.0	1462.0
8500.0	21137.0	23231.0	24483.0
7700.0	976.0	1191.0	1302.0
21300.0	908.0	930.0	987.0
30306.0	776.0	831.0	1022.0
940001.0	7911.0	8547.0	9304.0
30313.0	9455.0	9579.0	10658.0
10701.0	525.0	540.0	636.0
32317.0	1297.0	1255.0	1364.0
31000.0	578.0	681.0	878.0
25601.0	2037.0	2495.0	2737.0
6300.0	2057.0	2067.0	2291.0
31904.0	922.0	956.0	1053.0
24901.0	472.0	492.0	452.0
32321.0	1269.0	1312.0	1449.0
30403.0	270.0	302.0	350.0
25702.0	108.0	144.0	206.0
30304.0	3268.0	3389.0	3825.0
30404.0	477.0	504.0	571.0
10800.0	2221.0	2347.0	3547.0
8700.0	4128.0	4043.0	4076.0
27600.0	806.0	884.0	944.0
11300.0	2753.0	3104.0	4068.0
10100.0	2111.0	2065.0	2475.0
30309.0	2570.0	2611.0	2812.0
29203.0	4305.0	6630.0	7779.0
25003.0	1362.0	1400.0	1407.0
31908.0	1133.0	1149.0	1307.0
31907.0	469.0	508.0	621.0
6400.0	469.0	496.0	525.0
7900.0	1975.0	2377.0	2986.0
23202.0	2961.0	2966.0	2779.0
25804.0	553.0	578.0	683.0
32008.0	284.0	314.0	357.0
100.0	3027.0	3683.0	4740.0
29001.0	825.0	849.0	932.0
29004.0	1994.0	2454.0	3979.0
31705.0	733.0	759.0	817.0
25001.0	1003.0	1013.0	1110.0
32011.0	964.0	1305.0	1798.0
23404.0	669.0	677.0	703.0
940002.0	12730.0	13289.0	14030.0
10702.0	373.0	381.0	509.0
9200.0	6024.0	8155.0	9844.0
940005.0	830.0	999.0	1064.0
1100.0	627.0	624.0	938.0
2000.0	770.0	783.0	752.0
73500.0	1810.0	1869.0	2063.0
51914.0	485.0	504.0	617.0
70315.0	568.0	610.0	744.0
70316.0	321.0	290.0	366.0
990100.0	0.0	0.0	0.0
92901.0	547.0	902.0	1104.0
92803.0	143.0	161.0	195.0
92902.0	775.0	799.0	891.0
92802.0	435.0	451.0	511.0
72503.0	817.0	918.0	985.0
72601.0	774.0	783.0	930.0
92200.0	2710.0	2758.0	2905.0
92100.0	3878.0	4265.0	5439.0
92000.0	469.0	480.0	601.0
92300.0	3311.0	3394.0	3614.0
92801.0	1287.0	1373.0	1604.0
92704.0	577.0	627.0	667.0
92701.0	662.0	685.0	958.0
92400.0	1379.0	1435.0	1829.0
91800.0	1596.0	1592.0	1776.0
91302.0	1153.0	1485.0	2332.0
80200.0	2242.0	2256.0	2847.0
80102.0	1797.0	2113.0	2458.0
91301.0	472.0	496.0	543.0
80101.0	248.0	264.0	309.0
91900.0	1114.0	1158.0	1016.0
80700.0	1017.0	1021.0	1123.0
91400.0	261.0	289.0	394.0
80600.0	1344.0	1452.0	1605.0
80900.0	3828.0	4674.0	6329.0
80800.0	555.0	570.0	595.0
80500.0	3118.0	3888.0	6018.0
80300.0	3730.0	3788.0	3910.0
80400.0	981.0	1006.0	1009.0
81200.0	606.0	748.0	1252.0
81000.0	1460.0	1573.0	1735.0
81100.0	2280.0	2477.0	3249.0
81400.0	12682.0	12855.0	13449.0
92500.0	2393.0	2474.0	2661.0
91000.0	1092.0	1159.0	1512.0
92600.0	636.0	661.0	692.0
91100.0	2395.0	2432.0	2791.0
91203.0	585.0	623.0	701.0
90400.0	1380.0	1413.0	1666.0
90300.0	4273.0	4481.0	5041.0
91700.0	635.0	680.0	838.0
91204.0	1660.0	1953.0	1958.0
91201.0	9206.0	9418.0	10482.0
91500.0	650.0	653.0	727.0
91600.0	1460.0	1496.0	1780.0
90700.0	1164.0	1225.0	1284.0
90800.0	1531.0	1672.0	1781.0
90900.0	5631.0	5848.0	6581.0
90202.0	1352.0	1466.0	1779.0
90201.0	1909.0	2092.0	2379.0
90502.0	2073.0	2121.0	2421.0
90501.0	4207.0	4218.0	4609.0
940100.0	1800.0	1825.0	1960.0
90102.0	2442.0	2562.0	2966.0
90101.0	1180.0	1451.0	1963.0
940000.0	201.0	222.0	254.0
900202.0	0.0	0.0	0.0
72603.0	1316.0	1382.0	1476.0
72602.0	906.0	915.0	1121.0
72800.0	4307.0	4290.0	5207.0
72906.0	14538.0	14980.0	15832.0
72109.0	751.0	795.0	898.0
72903.0	1845.0	2666.0	3031.0
72410.0	255.0	279.0	284.0
72504.0	1734.0	1989.0	2370.0
72405.0	469.0	501.0	531.0
72406.0	1154.0	1182.0	1340.0
72408.0	3892.0	3967.0	4900.0
72409.0	256.0	264.0	276.0
72505.0	2947.0	3314.0	3638.0
73006.0	635.0	651.0	832.0
73001.0	1595.0	2075.0	2532.0
71902.0	1380.0	1383.0	1729.0
71901.0	5460.0	5690.0	6673.0
71805.0	1715.0	1870.0	2374.0
71807.0	9983.0	10103.0	10726.0
72107.0	1328.0	1450.0	1587.0
71706.0	1196.0	1820.0	1746.0
72112.0	417.0	450.0	577.0
72111.0	299.0	318.0	377.0
72108.0	555.0	585.0	689.0
71806.0	968.0	985.0	1007.0
72901.0	2085.0	2955.0	3196.0
72000.0	1138.0	1223.0	1566.0
61100.0	4994.0	5090.0	5462.0
60800.0	1100.0	1128.0	1203.0
61002.0	4353.0	4532.0	5003.0
60906.0	1414.0	1435.0	1565.0
61001.0	545.0	597.0	632.0
72309.0	608.0	627.0	795.0
72311.0	3266.0	4308.0	5136.0
72310.0	1524.0	1566.0	1826.0
72305.0	1404.0	1423.0	1468.0
62801.0	2237.0	2386.0	2592.0
62600.0	21635.0	23557.0	30785.0
72313.0	365.0	388.0	317.0
72307.0	594.0	686.0	732.0
72308.0	1337.0	1558.0	1794.0
72312.0	1108.0	1126.0	1200.0
62802.0	947.0	1001.0	1156.0
71803.0	2542.0	2638.0	3196.0
62900.0	1820.0	2013.0	2482.0
72106.0	2010.0	2038.0	2510.0
72105.0	2710.0	2698.0	2812.0
72507.0	3503.0	3506.0	3912.0
72506.0	220.0	242.0	265.0
72407.0	2699.0	2707.0	2730.0
60300.0	1142.0	1550.0	1688.0
60400.0	636.0	652.0	698.0
60904.0	1127.0	1484.0	1849.0
60903.0	548.0	565.0	655.0
60905.0	1303.0	1367.0	1549.0
73200.0	1667.0	1816.0	2232.0
73005.0	525.0	527.0	599.0
71406.0	3498.0	5130.0	9995.0
71407.0	923.0	990.0	1091.0
71411.0	509.0	523.0	722.0
71410.0	1050.0	1157.0	1364.0
73115.0	471.0	475.0	504.0
73114.0	522.0	512.0	652.0
73117.0	491.0	906.0	944.0
71100.0	845.0	848.0	1034.0
71305.0	2214.0	2331.0	2716.0
71601.0	1176.0	1308.0	1470.0
71602.0	2594.0	2666.0	2981.0
71705.0	956.0	1074.0	1661.0
71707.0	996.0	1011.0	1069.0
71703.0	1006.0	1029.0	1101.0
71704.0	394.0	423.0	601.0
71505.0	710.0	761.0	905.0
71503.0	2709.0	2687.0	2937.0
71504.0	2743.0	2893.0	3198.0
71306.0	806.0	844.0	930.0
71506.0	302.0	320.0	325.0
71403.0	1312.0	1295.0	1632.0
71408.0	1220.0	1325.0	1710.0
71309.0	972.0	1362.0	1675.0
73108.0	1729.0	2318.0	3407.0
71409.0	403.0	419.0	490.0
60200.0	14877.0	17075.0	20429.0
61500.0	8414.0	9058.0	9815.0
61601.0	15438.0	19160.0	24695.0
61602.0	5385.0	7596.0	12277.0
61300.0	1497.0	1503.0	1403.0
61700.0	4582.0	5388.0	7320.0
61400.0	8262.0	8610.0	9148.0
60600.0	1542.0	1789.0	2863.0
61200.0	1138.0	1120.0	1182.0
61800.0	763.0	811.0	1073.0
940007.0	1378.0	1409.0	1650.0
940004.0	1431.0	1525.0	1749.0
63100.0	1457.0	1474.0	1502.0
940006.0	613.0	647.0	699.0
62000.0	1022.0	1060.0	1393.0
62300.0	516.0	543.0	597.0
63000.0	2652.0	2816.0	3138.0
62400.0	1147.0	1192.0	1697.0
63200.0	880.0	911.0	1040.0
63300.0	2187.0	2212.0	2319.0
71205.0	687.0	724.0	758.0
63501.0	1471.0	1589.0	1678.0
71808.0	1263.0	1368.0	1453.0
63400.0	2394.0	2495.0	3304.0
63502.0	371.0	389.0	464.0
940011.0	402.0	426.0	486.0
940008.0	447.0	476.0	536.0
60500.0	1795.0	1811.0	1836.0
60700.0	2185.0	2147.0	1931.0
73119.0	303.0	323.0	406.0
73113.0	604.0	603.0	668.0
73118.0	498.0	513.0	541.0
73124.0	790.0	868.0	971.0
73125.0	561.0	567.0	592.0
73116.0	315.0	323.0	924.0
70401.0	571.0	583.0	642.0
71210.0	524.0	1480.0	5570.0
71206.0	4093.0	4455.0	5263.0
71209.0	447.0	462.0	487.0
71207.0	3717.0	3814.0	4171.0
71307.0	789.0	812.0	1043.0
71304.0	2073.0	2195.0	3322.0
71208.0	1271.0	1222.0	1286.0
73110.0	772.0	1072.0	1535.0
70203.0	720.0	1499.0	3178.0
70404.0	408.0	478.0	711.0
73111.0	675.0	1176.0	2691.0
73120.0	1135.0	1193.0	1237.0
71310.0	784.0	721.0	810.0
73122.0	3662.0	4694.0	5979.0
73123.0	200.0	346.0	886.0
70403.0	961.0	991.0	1029.0
73121.0	1100.0	1217.0	1469.0
73126.0	27.0	31.0	352.0
70703.0	2439.0	2652.0	2982.0
73301.0	9340.0	9878.0	11525.0
940003.0	2488.0	2579.0	3084.0
940009.0	1225.0	1455.0	2291.0
940010.0	3382.0	4277.0	5706.0
73408.0	819.0	913.0	1141.0
73407.0	4560.0	4707.0	5718.0
73302.0	2066.0	2122.0	2318.0
73404.0	2873.0	2992.0	3211.0
73406.0	3034.0	3170.0	3359.0
73405.0	3862.0	3860.0	3841.0
70311.0	691.0	724.0	814.0
70309.0	1733.0	1719.0	2051.0
70205.0	764.0	805.0	859.0
70310.0	1646.0	1938.0	2153.0
70312.0	1440.0	1942.0	2056.0
70204.0	208.0	229.0	267.0
70206.0	256.0	273.0	320.0
70314.0	306.0	324.0	352.0
70313.0	1275.0	1324.0	1639.0
70308.0	1096.0	1130.0	1168.0
61900.0	1826.0	1832.0	1973.0
62500.0	1251.0	1297.0	1420.0
51602.0	1188.0	1202.0	1533.0
41201.0	133.0	146.0	174.0
51702.0	4157.0	4275.0	8179.0
51300.0	757.0	1025.0	1189.0
50700.0	1864.0	1920.0	2089.0
52301.0	481.0	508.0	626.0
52206.0	479.0	500.0	575.0
50300.0	668.0	712.0	906.0
50200.0	866.0	883.0	967.0
50101.0	182.0	197.0	214.0
52004.0	1495.0	1834.0	1934.0
50402.0	3927.0	4820.0	5436.0
51913.0	439.0	498.0	549.0
51905.0	3515.0	3752.0	4189.0
41704.0	2944.0	3024.0	3659.0
51701.0	3244.0	3610.0	4161.0
51802.0	7431.0	8063.0	8978.0
51400.0	9945.0	13460.0	21865.0
51927.0	702.0	746.0	841.0
51928.0	2047.0	2537.0	3101.0
51601.0	1421.0	1474.0	1666.0
51803.0	1053.0	1008.0	1324.0
51922.0	1581.0	1852.0	2457.0
51915.0	1006.0	1065.0	1131.0
50102.0	1089.0	1121.0	1463.0
51804.0	386.0	588.0	2152.0
51921.0	582.0	705.0	785.0
51923.0	2011.0	2599.0	3690.0
51916.0	1592.0	1762.0	1996.0
52804.0	1365.0	1570.0	1817.0
41811.0	2851.0	2964.0	3645.0
41812.0	808.0	1027.0	1089.0
41901.0	6934.0	7135.0	8024.0
42004.0	869.0	877.0	989.0
51500.0	5050.0	5314.0	6096.0
50401.0	1447.0	1494.0	1750.0
41703.0	781.0	908.0	1098.0
41809.0	185.0	206.0	251.0
41810.0	384.0	401.0	699.0
41608.0	619.0	664.0	741.0
41400.0	2250.0	2287.0	2244.0
53602.0	715.0	1006.0	1615.0
53700.0	1021.0	1515.0	3138.0
52701.0	249.0	248.0	326.0
51000.0	6002.0	6476.0	7100.0
52906.0	509.0	534.0	579.0
52905.0	2317.0	2359.0	2442.0
51100.0	1622.0	2254.0	3375.0
40500.0	845.0	895.0	1254.0
52208.0	2952.0	3032.0	3672.0
52203.0	2880.0	2949.0	3152.0
52207.0	520.0	539.0	661.0
42003.0	265.0	307.0	340.0
41904.0	2198.0	2315.0	2741.0
53504.0	2999.0	3178.0	3595.0
53509.0	4647.0	5313.0	7713.0
52107.0	1112.0	1045.0	1246.0
52502.0	1572.0	1753.0	2233.0
52105.0	1061.0	1391.0	2172.0
53202.0	439.0	461.0	494.0
52104.0	722.0	751.0	920.0
990002.0	5.0	5.0	5.0
41905.0	1547.0	2034.0	2662.0
53508.0	1495.0	1768.0	2348.0
52108.0	2358.0	2495.0	2832.0
52401.0	2658.0	2723.0	3198.0
52503.0	1050.0	1139.0	1232.0
52504.0	759.0	807.0	922.0
53102.0	973.0	1056.0	1250.0
53505.0	348.0	360.0	445.0
41805.0	6427.0	6552.0	7721.0
52607.0	545.0	600.0	697.0
41606.0	772.0	793.0	890.0
53506.0	430.0	445.0	480.0
53302.0	775.0	1006.0	1352.0
53101.0	957.0	1151.0	1405.0
53802.0	1615.0	1686.0	2062.0
50600.0	103.0	105.0	111.0
52603.0	294.0	332.0	362.0
52605.0	1800.0	2125.0	3015.0
53803.0	756.0	831.0	949.0
40100.0	7356.0	7578.0	8579.0
51925.0	10943.0	11716.0	12751.0
40200.0	1829.0	2032.0	2065.0
41000.0	4863.0	5082.0	6677.0
50800.0	1210.0	1235.0	1686.0
52904.0	711.0	740.0	647.0
41301.0	3057.0	3128.0	3282.0
52709.0	225.0	241.0	296.0
52118.0	1251.0	1563.0	2381.0
41202.0	2441.0	2543.0	3128.0
41806.0	1742.0	1826.0	2782.0
41303.0	4240.0	4201.0	4946.0
41304.0	30548.0	30870.0	32904.0
50500.0	5104.0	5785.0	7024.0
50900.0	2133.0	2450.0	2774.0
41903.0	3367.0	3825.0	4277.0
41100.0	2706.0	2926.0	3612.0
53201.0	736.0	746.0	834.0
53603.0	433.0	445.0	514.0
51200.0	607.0	687.0	815.0
52806.0	345.0	367.0	389.0
52805.0	1908.0	1888.0	1959.0
52209.0	2860.0	3007.0	3949.0
52803.0	6849.0	9139.0	13420.0
53400.0	1169.0	1178.0	1405.0
41500.0	413.0	521.0	672.0
41701.0	2490.0	2547.0	2836.0
52005.0	765.0	797.0	868.0
52003.0	276.0	326.0	387.0
52006.0	326.0	359.0	397.0
53301.0	3664.0	4349.0	5181.0
40400.0	1572.0	1702.0	2352.0
40300.0	808.0	1127.0	1322.0
52112.0	567.0	611.0	758.0
41605.0	1021.0	994.0	1198.0
42001.0	1233.0	1343.0	1527.0
51918.0	1469.0	1442.0	1784.0
52606.0	569.0	738.0	1303.0
52903.0	4027.0	4695.0	5967.0
52707.0	153.0	179.0	234.0
52604.0	1704.0	1720.0	1807.0
52114.0	532.0	563.0	620.0
52706.0	580.0	736.0	778.0
52402.0	2807.0	2851.0	3005.0
41601.0	1246.0	1294.0	1388.0
52302.0	818.0	824.0	951.0
51924.0	871.0	915.0	954.0
40900.0	315.0	341.0	370.0
52007.0	1246.0	1293.0	1407.0
51926.0	1568.0	1661.0	1901.0
41808.0	1143.0	1198.0	1441.0
40800.0	7993.0	9013.0	9917.0
40700.0	10999.0	15243.0	22728.0
42005.0	3578.0	3805.0	4162.0
42006.0	4302.0	4752.0	5712.0
53604.0	1160.0	1211.0	1348.0
52705.0	315.0	364.0	481.0
52708.0	312.0	321.0	380.0
41607.0	198.0	216.0	266.0
52204.0	2551.0	3251.0	3562.0
52115.0	782.0	818.0	918.0
53507.0	1853.0	2446.0	3216.0
