tract10_id mean median lower_50 upper_50 lower_80 upper_80 lower_90 upper_90 lower_95 upper_95
100	3388	3388	3115	3674	2878	3941	2741	4105	2624	4250
200	3714	3714	3427	4013	3179	4292	3035	4463	2912	4615
300	1203	1203	1042	1376	907	1541	831	1644	767	1736
401	3080	3079	2819	3352	2594	3607	2464	3764	2353	3903
402	2399	2399	2170	2640	1973	2867	1860	3008	1764	3132
500	1666	1666	1476	1868	1314	2060	1222	2179	1145	2285
600	3814	3814	3523	4116	3271	4398	3124	4572	3000	4725
700	2307	2307	2082	2543	1889	2766	1778	2904	1685	3027
800	1159	1159	1001	1328	869	1491	794	1592	732	1683
900	962	962	819	1117	700	1266	633	1360	577	1444
1000	859	859	724	1006	612	1148	550	1237	499	1318
1100	1169	1169	1011	1339	878	1502	803	1604	740	1695
1200	3802	3802	3511	4104	3260	4385	3113	4559	2989	4712
1300	2261	2261	2038	2495	1847	2716	1738	2852	1645	2974
1400	2452	2453	2220	2696	2021	2925	1906	3067	1809	3193
1500	1173	1173	1014	1343	881	1507	806	1609	743	1700
1600	1936	1937	1731	2154	1556	2359	1455	2487	1371	2600
1701	1875	1875	1673	2089	1501	2291	1402	2417	1319	2529
1702	2052	2052	1840	2275	1659	2486	1555	2617	1468	2733
1800	2240	2240	2018	2473	1828	2693	1719	2829	1627	2949
1900	2273	2273	2050	2508	1858	2729	1748	2866	1656	2987
2000	1718	1718	1524	1922	1360	2117	1266	2238	1187	2345
2100	1890	1890	1687	2105	1514	2308	1415	2434	1332	2546
2200	2470	2471	2237	2715	2038	2945	1922	3087	1825	3214
2400	1680	1681	1489	1883	1327	2076	1234	2195	1157	2302
2500	1214	1214	1053	1387	917	1553	840	1657	776	1750
2600	2089	2089	1875	2314	1693	2527	1588	2659	1499	2776
2700	2419	2419	2189	2661	1991	2889	1877	3030	1781	3155
2800	2247	2247	2025	2480	1835	2700	1726	2836	1633	2958
2900	1973	1973	1765	2192	1588	2399	1486	2527	1401	2642
3000	2568	2568	2330	2817	2126	3051	2008	3196	1909	3324
3100	2784	2784	2536	3043	2323	3286	2200	3436	2095	3569
3200	4232	4232	3925	4550	3659	4847	3504	5029	3372	5189
3300	3282	3282	3013	3563	2780	3826	2645	3988	2531	4131
3400	1595	1595	1409	1793	1251	1981	1161	2097	1086	2202
3500	1978	1978	1770	2197	1592	2405	1491	2533	1405	2648
3600	3246	3246	2978	3526	2747	3787	2613	3948	2499	4091
3800	913	913	773	1064	658	1209	593	1301	539	1383
3900	1218	1218	1056	1392	920	1558	844	1662	780	1755
4000	1361	1361	1190	1544	1045	1719	963	1828	894	1925
4100	3378	3378	3105	3663	2869	3930	2732	4094	2615	4239
4200	3428	3427	3152	3715	2914	3983	2776	4148	2659	4294
4301	1290	1290	1123	1468	983	1638	903	1745	837	1840
4302	807	807	676	949	568	1087	508	1174	459	1253
4400	2717	2717	2473	2974	2262	3214	2141	3363	2038	3494
4500	1011	1011	864	1170	742	1322	673	1418	616	1504
4600	1442	1442	1266	1631	1116	1810	1032	1922	961	2022
4700	4153	4153	3849	4468	3585	4762	3432	4942	3301	5102
4800	2298	2298	2073	2534	1881	2756	1770	2894	1677	3016
4900	3705	3705	3419	4004	3170	4282	3026	4453	2904	4604
5000	1922	1923	1718	2139	1543	2344	1443	2471	1359	2584
5100	1712	1712	1519	1916	1355	2110	1261	2231	1182	2338
5200	3092	3091	2830	3364	2605	3620	2474	3777	2364	3917
5301	3074	3073	2813	3346	2588	3601	2458	3758	2348	3897
5302	241	241	173	322	120	404	94	458	73	507
5400	2723	2723	2478	2980	2268	3221	2146	3369	2043	3501
5600	2925	2925	2671	3191	2452	3440	2326	3593	2218	3729
5700	3144	3144	2880	3419	2653	3677	2521	3835	2409	3976
5801	2782	2782	2534	3041	2321	3284	2198	3434	2094	3567
5802	2798	2798	2549	3057	2336	3301	2212	3452	2108	3585
5900	2829	2829	2579	3090	2364	3335	2240	3486	2135	3620
6000	2834	2834	2584	3095	2369	3341	2244	3492	2139	3626
6100	3066	3066	2806	3338	2582	3593	2452	3750	2342	3889
6200	1724	1724	1530	1929	1365	2124	1271	2244	1192	2352
6300	2998	2998	2741	3267	2519	3519	2391	3674	2282	3812
6400	1374	1374	1202	1558	1056	1733	974	1843	905	1941
6500	2827	2827	2577	3088	2362	3333	2238	3484	2133	3618
6600	2256	2256	2033	2490	1843	2710	1733	2847	1641	2968
6700	4379	4379	4067	4703	3796	5004	3638	5189	3504	5352
6800	1443	1443	1267	1632	1117	1811	1032	1923	961	2023
6900	2249	2249	2027	2482	1837	2702	1727	2839	1635	2960
7000	5455	5455	5106	5816	4801	6150	4624	6355	4472	6535
7100	2185	2186	1967	2416	1779	2633	1672	2768	1581	2887
7200	5247	5248	4905	5601	4607	5930	4433	6131	4284	6308
7300	4140	4140	3836	4454	3573	4748	3420	4928	3290	5087
7401	3416	3415	3141	3702	2903	3970	2765	4135	2648	4281
7402	4009	4009	3711	4319	3452	4608	3302	4786	3174	4943
7500	4497	4497	4180	4825	3905	5130	3745	5317	3609	5482
7600	1977	1977	1769	2196	1592	2403	1490	2532	1404	2646
7700	2273	2273	2050	2508	1858	2729	1748	2866	1656	2987
7800	2576	2576	2338	2825	2133	3060	2015	3205	1916	3334
7900	3371	3371	3098	3656	2862	3922	2725	4086	2609	4231
8001	4289	4289	3980	4609	3712	4908	3556	5091	3423	5253
8002	2371	2371	2143	2611	1947	2837	1835	2976	1740	3100
8100	3721	3721	3434	4020	3185	4299	3041	4471	2918	4622
8200	3324	3324	3053	3607	2819	3872	2683	4034	2568	4178
8300	2880	2880	2628	3143	2411	3391	2285	3543	2179	3678
8400	4062	4062	3762	4374	3501	4665	3350	4844	3221	5002
8500	2686	2686	2443	2941	2234	3180	2113	3328	2011	3459
8600	2082	2082	1869	2307	1686	2520	1582	2651	1493	2768
8700	1870	1870	1668	2084	1496	2286	1398	2411	1315	2523
8800	1575	1575	1390	1771	1233	1958	1144	2074	1069	2178
8900	2191	2192	1972	2422	1785	2640	1677	2774	1586	2894
9000	1584	1584	1399	1781	1241	1968	1152	2085	1077	2189
9100	1651	1651	1462	1852	1301	2043	1209	2162	1132	2268
9200	1941	1942	1736	2159	1560	2365	1459	2492	1375	2606
9300	1780	1780	1583	1988	1415	2186	1320	2309	1239	2418
9400	2460	2461	2228	2705	2028	2934	1913	3076	1816	3202
9500	2655	2655	2413	2908	2205	3146	2086	3293	1984	3424
9600	3065	3065	2805	3337	2581	3592	2451	3749	2341	3888
9701	3153	3153	2889	3428	2661	3686	2529	3845	2417	3986
9702	2431	2431	2200	2674	2002	2902	1888	3044	1791	3169
9800	3140	3140	2876	3415	2649	3672	2517	3831	2406	3971
9900	3096	3095	2834	3369	2608	3624	2478	3782	2367	3922
10001	1490	1490	1310	1681	1158	1863	1072	1976	999	2077
10002	1862	1862	1661	2075	1489	2277	1391	2402	1308	2514
10100	2717	2717	2473	2974	2262	3214	2141	3363	2038	3494
10200	2112	2112	1897	2339	1713	2553	1608	2685	1519	2803
10300	2479	2479	2245	2723	2045	2954	1929	3096	1832	3223
10401	1688	1689	1497	1892	1334	2084	1241	2204	1163	2311
10402	1767	1767	1571	1974	1404	2171	1309	2294	1228	2403
10500	3466	3466	3189	3754	2949	4024	2810	4190	2692	4337
10600	3841	3841	3549	4144	3296	4427	3149	4601	3024	4755
10701	1336	1336	1166	1517	1023	1690	942	1799	874	1895
10702	1186	1186	1026	1357	892	1521	817	1624	754	1716
10800	1908	1908	1704	2124	1530	2328	1431	2455	1347	2567
10900	661	661	543	790	447	917	394	997	351	1069
11001	1560	1560	1376	1755	1220	1941	1131	2057	1057	2160
11002	1356	1356	1185	1539	1041	1713	959	1822	890	1919
11101	1798	1798	1600	2007	1432	2206	1335	2329	1254	2439
11102	1669	1669	1479	1871	1317	2063	1225	2183	1147	2289
11200	1492	1492	1312	1683	1160	1865	1073	1979	1001	2080
11300	2624	2624	2384	2876	2177	3113	2058	3259	1957	3388
11401	1909	1909	1705	2125	1531	2329	1432	2456	1348	2569
11402	1912	1912	1708	2128	1534	2332	1434	2459	1350	2572
11500	2071	2071	1858	2295	1676	2507	1572	2639	1484	2755
11600	3167	3167	2902	3443	2674	3701	2542	3861	2430	4002
11700	2155	2155	1938	2384	1752	2600	1646	2734	1556	2853
11800	2972	2972	2716	3240	2495	3491	2368	3645	2259	3782
11900	2806	2806	2557	3066	2343	3310	2219	3461	2115	3594
12000	1560	1560	1376	1755	1220	1941	1131	2057	1057	2160
12100	1297	1297	1129	1475	989	1646	909	1753	842	1848
20100	1392	1392	1219	1577	1072	1754	989	1864	920	1962
20200	2399	2399	2170	2640	1973	2867	1860	3008	1764	3132
20300	3086	3085	2824	3358	2599	3614	2469	3771	2358	3910
20401	1706	1706	1513	1910	1349	2103	1256	2224	1177	2331
20402	2680	2680	2437	2935	2228	3174	2108	3321	2006	3452
20500	3273	3273	3004	3554	2772	3816	2637	3978	2523	4121
20600	1507	1507	1326	1699	1173	1882	1086	1996	1013	2098
20700	1746	1746	1551	1952	1385	2148	1290	2270	1211	2378
20800	2118	2118	1903	2345	1719	2559	1613	2692	1524	2810
20900	2657	2657	2415	2911	2207	3149	2087	3296	1986	3426
21000	2612	2612	2372	2863	2166	3099	2047	3245	1947	3375
21100	2108	2108	1893	2334	1710	2548	1604	2681	1516	2798
21300	1809	1809	1610	2019	1441	2218	1345	2342	1264	2452
21400	1754	1754	1558	1961	1392	2157	1297	2279	1218	2387
21500	1994	1994	1785	2214	1607	2422	1505	2551	1419	2666
21600	2261	2261	2038	2495	1847	2716	1738	2852	1645	2974
21700	3880	3880	3586	4185	3332	4469	3184	4644	3059	4799
21802	2649	2649	2408	2902	2200	3140	2080	3287	1979	3417
21803	2213	2213	1992	2444	1804	2663	1696	2798	1604	2918
21804	1888	1888	1685	2103	1512	2306	1413	2432	1330	2544
21903	3000	3000	2743	3269	2521	3521	2393	3677	2284	3814
21904	2077	2077	1864	2302	1682	2514	1577	2645	1489	2762
21905	2300	2300	2075	2536	1883	2759	1772	2896	1679	3019
21906	1804	1804	1606	2014	1437	2213	1341	2336	1259	2446
22001	2221	2221	2000	2453	1811	2672	1703	2807	1611	2928
22003	2208	2208	1988	2439	1799	2657	1691	2792	1600	2913
22005	2215	2215	1994	2446	1806	2665	1697	2800	1606	2921
22006	1892	1892	1689	2107	1516	2310	1417	2436	1333	2549
22101	2352	2352	2125	2591	1930	2816	1818	2955	1723	3078
22102	2943	2943	2688	3209	2469	3459	2342	3613	2234	3750
22201	1891	1891	1688	2106	1515	2309	1416	2435	1333	2548
22202	3609	3609	3326	3904	3081	4179	2939	4348	2819	4497
22203	2367	2367	2139	2607	1944	2832	1831	2972	1736	3095
22300	1597	1597	1411	1795	1253	1983	1163	2100	1088	2204
22400	3950	3950	3654	4258	3397	4545	3248	4721	3121	4877
22500	3976	3976	3679	4285	3421	4573	3272	4749	3144	4906
22603	2481	2481	2247	2726	2047	2956	1931	3099	1834	3225
22604	2166	2166	1949	2396	1762	2612	1655	2746	1565	2865
22605	2979	2979	2723	3247	2502	3498	2374	3653	2266	3790
22606	2834	2834	2584	3095	2369	3341	2244	3492	2139	3626
22701	1728	1728	1534	1933	1369	2128	1275	2249	1196	2357
22702	1580	1580	1395	1777	1238	1964	1148	2080	1074	2184
22703	1040	1040	891	1201	767	1356	697	1453	639	1540
22801	3783	3782	3493	4084	3242	4365	3096	4538	2972	4691
22802	2123	2123	1908	2350	1723	2565	1618	2698	1528	2816
22803	2275	2275	2051	2510	1860	2731	1750	2868	1657	2990
22901	1271	1271	1105	1448	966	1617	887	1723	821	1817
22902	2884	2884	2632	3148	2414	3395	2289	3548	2183	3683
23000	2114	2114	1899	2341	1715	2555	1610	2687	1521	2805
23100	1555	1555	1371	1750	1216	1936	1127	2051	1053	2154
23201	2631	2631	2390	2883	2184	3120	2064	3266	1963	3396
23202	1985	1985	1776	2204	1599	2412	1497	2541	1411	2656
23300	2352	2352	2125	2591	1930	2816	1818	2955	1723	3078
23401	1736	1736	1541	1942	1376	2137	1282	2258	1202	2366
23403	1677	1678	1486	1880	1324	2072	1232	2192	1154	2298
23404	1427	1427	1252	1615	1103	1793	1019	1904	948	2004
23500	1582	1582	1397	1779	1240	1966	1150	2082	1075	2186
23601	1909	1909	1705	2125	1531	2329	1432	2456	1348	2569
23603	2626	2626	2386	2878	2179	3115	2060	3261	1959	3391
23604	2757	2758	2511	3016	2299	3258	2176	3407	2073	3540
23700	1997	1997	1788	2217	1610	2426	1507	2555	1421	2670
23801	1499	1499	1318	1690	1166	1873	1079	1987	1007	2088
23803	2575	2575	2337	2824	2132	3059	2015	3204	1915	3332
23804	3113	3112	2850	3386	2624	3643	2493	3801	2382	3941
23900	3159	3159	2895	3435	2666	3693	2534	3852	2422	3993
24000	3688	3688	3402	3986	3155	4264	3011	4434	2889	4585
24100	1831	1831	1631	2042	1461	2243	1364	2367	1282	2478
24200	1273	1273	1107	1450	968	1619	889	1725	823	1820
24300	3608	3608	3325	3902	3081	4177	2939	4346	2818	4496
24400	901	900	762	1050	647	1195	583	1287	530	1368
24500	2027	2027	1816	2249	1637	2459	1534	2589	1447	2704
24601	1802	1802	1604	2012	1435	2210	1339	2334	1258	2444
24602	1393	1393	1220	1578	1073	1755	990	1865	921	1963
24701	1699	1700	1507	1903	1344	2097	1251	2217	1172	2324
24702	3317	3317	3046	3600	2812	3864	2677	4027	2562	4171
24800	2576	2576	2338	2825	2133	3060	2015	3205	1916	3334
24901	2046	2046	1834	2269	1654	2480	1550	2610	1463	2726
24902	1507	1507	1326	1699	1173	1882	1086	1996	1013	2098
24903	2490	2490	2256	2735	2055	2966	1939	3109	1841	3235
25001	2030	2030	1819	2252	1639	2462	1536	2592	1449	2708
25003	2723	2723	2478	2980	2268	3221	2146	3369	2043	3501
25005	1832	1832	1632	2043	1462	2244	1365	2368	1283	2479
25006	2246	2246	2024	2479	1834	2699	1725	2835	1633	2956
25101	2554	2554	2317	2802	2113	3036	1996	3180	1897	3308
25102	2819	2819	2569	3079	2355	3324	2231	3475	2126	3609
25200	3519	3519	3240	3810	2998	4081	2858	4248	2739	4396
25301	2739	2740	2494	2997	2282	3238	2160	3387	2057	3519
25302	2530	2530	2294	2777	2091	3010	1975	3153	1876	3281
25400	3058	3058	2799	3330	2574	3584	2445	3741	2335	3880
25500	2161	2161	1944	2390	1758	2607	1651	2741	1561	2860
25601	1946	1946	1739	2163	1564	2369	1463	2497	1378	2610
25602	2363	2363	2135	2602	1940	2828	1828	2967	1733	3091
25701	2762	2763	2516	3021	2303	3263	2181	3413	2077	3545
25702	1412	1412	1237	1599	1090	1776	1006	1887	936	1986
25803	1904	1904	1700	2120	1527	2324	1427	2450	1344	2563
25804	1384	1384	1211	1569	1065	1745	982	1854	913	1953
25805	2161	2161	1944	2390	1758	2607	1651	2741	1561	2860
25806	2099	2099	1885	2325	1702	2538	1597	2670	1508	2788
26001	2316	2316	2091	2553	1897	2776	1786	2914	1692	3037
26002	3175	3175	2910	3451	2681	3710	2549	3869	2437	4011
26100	3645	3645	3361	3941	3115	4217	2972	4387	2851	4537
26200	2930	2930	2676	3196	2457	3445	2330	3599	2223	3735
26300	862	862	727	1009	615	1151	553	1241	501	1321
26400	2697	2697	2454	2953	2244	3192	2123	3340	2021	3471
26500	2352	2352	2125	2591	1930	2816	1818	2955	1723	3078
26600	982	982	837	1138	717	1289	649	1384	593	1469
26700	2395	2395	2166	2636	1969	2863	1856	3003	1760	3128
26801	2157	2157	1940	2386	1754	2602	1647	2736	1557	2855
26802	1979	1979	1771	2198	1593	2406	1492	2534	1406	2649
27000	1741	1741	1546	1947	1381	2142	1286	2264	1207	2372
27100	1634	1634	1446	1834	1286	2024	1195	2142	1118	2248
27200	1201	1201	1040	1373	906	1538	829	1642	766	1734
27300	2312	2312	2087	2549	1894	2772	1783	2910	1689	3032
27400	2252	2252	2030	2485	1839	2706	1730	2842	1638	2963
27500	2021	2021	1811	2243	1631	2452	1528	2582	1442	2698
27600	1661	1661	1471	1863	1310	2054	1218	2173	1141	2279
27701	2458	2459	2226	2702	2027	2932	1912	3074	1815	3200
27702	2131	2131	1915	2359	1731	2574	1625	2707	1535	2825
27800	1566	1566	1382	1762	1225	1948	1137	2064	1062	2167
27900	3495	3495	3217	3785	2976	4055	2836	4222	2718	4369
28000	1728	1728	1534	1933	1369	2128	1275	2249	1196	2357
28100	959	959	816	1113	697	1262	630	1356	575	1440
28200	2260	2260	2037	2494	1847	2715	1737	2851	1644	2973
28300	2035	2035	1824	2257	1644	2468	1541	2598	1454	2714
28402	2079	2079	1866	2304	1684	2516	1579	2648	1491	2765
28403	2371	2371	2143	2611	1947	2837	1835	2976	1740	3100
28500	2194	2195	1975	2425	1788	2643	1680	2778	1589	2898
28600	2843	2843	2592	3105	2377	3350	2252	3502	2147	3636
28700	2156	2156	1939	2385	1753	2601	1646	2735	1556	2854
28801	1045	1045	896	1206	771	1361	701	1459	643	1546
28802	2692	2692	2449	2947	2239	3187	2119	3335	2016	3466
28901	1759	1759	1563	1966	1397	2162	1302	2285	1222	2393
28902	2716	2716	2472	2972	2261	3213	2140	3361	2037	3493
29001	2030	2030	1819	2252	1639	2462	1536	2592	1449	2708
29003	2350	2350	2123	2589	1928	2814	1816	2952	1722	3076
29004	1424	1424	1249	1611	1101	1790	1016	1901	946	2000
29101	1180	1180	1021	1351	887	1515	812	1617	749	1709
29102	1581	1581	1396	1778	1239	1965	1149	2081	1074	2185
29203	1314	1314	1145	1494	1004	1666	923	1773	856	1869
29204	3392	3392	3118	3678	2882	3945	2744	4109	2628	4255
29205	2529	2529	2293	2776	2090	3009	1974	3152	1875	3280
29206	1976	1976	1768	2195	1591	2402	1489	2531	1404	2645
29303	3100	3099	2838	3373	2612	3629	2481	3786	2371	3926
29304	2451	2452	2219	2695	2020	2924	1906	3066	1809	3192
29305	1953	1953	1746	2171	1570	2377	1469	2505	1384	2619
29306	1540	1540	1357	1734	1202	1919	1114	2034	1040	2137
29307	1538	1538	1355	1732	1201	1917	1113	2032	1039	2134
29403	2437	2437	2206	2680	2007	2909	1893	3050	1797	3176
29405	2151	2151	1934	2380	1749	2596	1642	2729	1552	2848
29406	1951	1951	1744	2168	1568	2375	1467	2502	1382	2616
29407	1957	1957	1750	2175	1574	2381	1473	2509	1387	2623
29408	1695	1696	1503	1899	1340	2092	1247	2212	1169	2319
29502	2499	2499	2264	2744	2063	2976	1947	3119	1849	3246
29503	3313	3313	3043	3596	2809	3860	2673	4022	2558	4166
29504	2515	2515	2280	2761	2078	2993	1961	3137	1863	3264
29601	2630	2630	2389	2882	2183	3119	2063	3265	1962	3395
29602	2178	2179	1960	2408	1773	2625	1666	2760	1575	2879
29700	3537	3537	3257	3828	3015	4101	2874	4268	2755	4416
29801	3172	3172	2907	3448	2678	3707	2546	3866	2434	4007
29802	3302	3302	3032	3584	2798	3848	2663	4010	2548	4154
29901	1906	1906	1702	2122	1529	2326	1429	2452	1345	2565
29902	2241	2241	2019	2474	1829	2694	1720	2830	1628	2951
30003	2968	2968	2712	3236	2492	3486	2364	3641	2256	3778
30004	3087	3086	2825	3359	2600	3615	2470	3772	2359	3911
30005	2116	2116	1901	2343	1717	2557	1611	2690	1522	2808
30006	1978	1978	1770	2197	1592	2405	1491	2533	1405	2648
30100	3218	3218	2951	3496	2721	3757	2588	3917	2474	4059
30201	2149	2149	1932	2378	1747	2593	1640	2727	1551	2846
30202	2497	2497	2262	2742	2061	2974	1945	3116	1847	3243
30304	1351	1351	1180	1533	1036	1707	955	1816	886	1913
30305	2170	2171	1952	2400	1766	2617	1659	2751	1568	2870
30306	2244	2244	2022	2477	1832	2697	1723	2833	1631	2954
30308	2403	2403	2174	2645	1976	2872	1863	3012	1767	3137
30309	2576	2576	2338	2825	2133	3060	2015	3205	1916	3334
30310	1986	1986	1777	2206	1600	2413	1498	2542	1412	2657
30311	1717	1717	1523	1921	1359	2116	1265	2236	1187	2344
30312	2055	2055	1843	2278	1662	2490	1558	2621	1471	2737
30313	2060	2060	1848	2284	1666	2495	1562	2626	1475	2743
30314	1841	1841	1641	2053	1470	2254	1373	2378	1291	2489
30401	3570	3570	3289	3863	3045	4136	2904	4305	2784	4453
30403	1808	1808	1609	2018	1441	2217	1344	2341	1263	2451
30404	2184	2185	1966	2415	1779	2632	1671	2766	1580	2886
30501	970	970	826	1125	706	1275	639	1369	584	1454
30503	2068	2068	1855	2292	1674	2504	1569	2635	1482	2752
30504	2125	2125	1910	2352	1725	2567	1619	2700	1530	2818
30600	2291	2291	2067	2527	1875	2749	1764	2886	1671	3008
30700	1664	1664	1474	1866	1313	2058	1221	2177	1143	2283
30801	2398	2398	2169	2639	1972	2866	1859	3006	1763	3131
30802	1612	1612	1425	1811	1266	2000	1176	2117	1100	2222
30901	1376	1376	1204	1560	1058	1736	976	1845	907	1943
30902	2170	2171	1952	2400	1766	2617	1659	2751	1568	2870
31000	1230	1230	1068	1405	931	1571	854	1676	789	1769
31100	2925	2925	2671	3191	2452	3440	2326	3593	2218	3729
31202	2317	2317	2091	2554	1898	2777	1787	2915	1693	3038
31204	2416	2416	2186	2658	1988	2886	1875	3027	1778	3152
31205	3104	3103	2842	3377	2616	3633	2485	3791	2374	3931
31206	1744	1744	1549	1950	1383	2146	1289	2267	1209	2376
31301	1234	1234	1071	1409	934	1576	857	1680	792	1774
31302	1889	1889	1686	2104	1513	2307	1414	2433	1331	2545
31400	2634	2634	2393	2886	2186	3123	2067	3270	1966	3400
31501	1428	1428	1253	1616	1104	1794	1020	1906	949	2005
31502	1833	1833	1633	2045	1463	2245	1366	2369	1284	2480
31601	1759	1759	1563	1966	1397	2162	1302	2285	1222	2393
31603	2114	2114	1899	2341	1715	2555	1610	2687	1521	2805
31604	1639	1639	1451	1840	1290	2030	1199	2148	1122	2254
31605	1813	1813	1614	2023	1445	2223	1348	2346	1267	2457
31703	3138	3138	2874	3413	2647	3670	2516	3828	2404	3969
31704	2402	2402	2173	2643	1976	2871	1862	3011	1766	3136
31705	1287	1287	1120	1465	980	1635	901	1741	834	1836
31706	1861	1861	1660	2074	1488	2276	1390	2401	1307	2513
31800	2033	2033	1822	2255	1642	2465	1539	2596	1452	2711
31903	2694	2694	2451	2949	2241	3189	2120	3337	2018	3468
31904	1477	1477	1298	1667	1147	1848	1061	1961	989	2062
31906	1543	1543	1360	1737	1205	1922	1117	2037	1043	2140
31907	2873	2873	2621	3136	2404	3383	2279	3535	2173	3670
31908	1788	1788	1591	1997	1423	2195	1327	2318	1246	2427
31909	1388	1388	1215	1573	1069	1749	986	1859	916	1957
32002	1282	1282	1115	1459	976	1629	896	1735	830	1830
32003	1979	1979	1771	2198	1593	2406	1492	2534	1406	2649
32005	2485	2485	2251	2730	2050	2960	1935	3103	1837	3230
32006	1765	1765	1569	1972	1402	2169	1307	2291	1227	2400
32007	1388	1388	1215	1573	1069	1749	986	1859	916	1957
32008	1742	1742	1547	1948	1381	2144	1287	2265	1208	2373
32010	1894	1894	1691	2109	1518	2313	1419	2439	1335	2551
32011	1383	1383	1210	1568	1064	1743	982	1853	912	1951
32102	1945	1945	1738	2162	1563	2368	1462	2496	1377	2609
32103	2260	2260	2037	2494	1847	2715	1737	2851	1644	2973
32104	2823	2823	2573	3084	2358	3329	2234	3480	2129	3614
32203	3102	3101	2840	3375	2614	3631	2483	3789	2372	3928
32207	1430	1430	1254	1618	1106	1796	1021	1908	951	2007
32208	3910	3910	3615	4216	3360	4502	3212	4677	3085	4832
32210	4340	4340	4029	4662	3760	4963	3602	5147	3469	5309
32211	1789	1789	1591	1998	1424	2196	1328	2319	1247	2428
32212	3068	3068	2808	3340	2584	3595	2454	3752	2344	3891
32213	1527	1527	1345	1720	1191	1904	1103	2019	1030	2121
32214	1992	1992	1783	2212	1605	2420	1503	2549	1417	2664
32215	1783	1783	1586	1991	1418	2189	1322	2312	1242	2421
32307	2332	2332	2106	2570	1912	2794	1800	2932	1706	3055
32309	2751	2752	2505	3009	2293	3251	2171	3400	2068	3533
32311	2126	2126	1910	2354	1726	2568	1620	2701	1531	2819
32313	2473	2474	2240	2718	2040	2948	1925	3091	1828	3217
32315	2089	2089	1875	2314	1693	2527	1588	2659	1499	2776
32316	2018	2018	1808	2239	1629	2449	1526	2579	1439	2694
32317	2205	2205	1985	2436	1797	2654	1689	2789	1597	2909
32318	1995	1995	1786	2215	1608	2423	1506	2552	1420	2667
32319	2808	2808	2559	3068	2345	3312	2221	3463	2116	3597
32320	1891	1891	1688	2106	1515	2309	1416	2435	1333	2548
32321	2150	2150	1933	2379	1748	2595	1641	2728	1551	2847
32322	1632	1632	1444	1832	1284	2022	1193	2140	1117	2245
32323	2093	2093	1879	2319	1696	2532	1591	2664	1503	2781
32324	2264	2264	2041	2498	1850	2719	1740	2856	1648	2977
32325	2433	2433	2202	2676	2004	2905	1890	3046	1793	3171
32326	1362	1362	1190	1545	1046	1720	964	1829	895	1926
32327	1742	1742	1547	1948	1381	2144	1287	2265	1208	2373
32328	1175	1175	1016	1345	883	1509	808	1611	745	1703
32329	2628	2628	2388	2880	2181	3117	2062	3263	1961	3393
32401	2164	2164	1947	2394	1760	2610	1653	2744	1563	2863
32402	2264	2264	2041	2498	1850	2719	1740	2856	1648	2977
32500	2134	2134	1918	2362	1733	2577	1627	2710	1538	2828
32601	1214	1214	1053	1387	917	1553	840	1657	776	1750
32602	3620	3620	3337	3915	3092	4190	2949	4360	2829	4509
32702	2606	2606	2366	2857	2161	3093	2042	3239	1942	3368
32703	854	854	720	1000	608	1142	546	1231	495	1311
32704	2816	2816	2567	3076	2352	3321	2228	3472	2123	3606
32800	1511	1511	1330	1703	1177	1886	1090	2000	1017	2102
40100	1979	1979	1771	2198	1593	2406	1492	2534	1406	2649
40200	2536	2536	2300	2783	2097	3016	1980	3160	1881	3288
40300	1431	1431	1255	1619	1107	1798	1022	1909	952	2009
40400	2183	2184	1965	2414	1778	2631	1670	2765	1580	2885
40500	1055	1056	905	1217	780	1373	709	1470	650	1558
40700	2465	2466	2233	2710	2033	2940	1918	3082	1821	3208
40800	1530	1530	1348	1723	1193	1908	1106	2022	1032	2125
40900	1752	1752	1556	1959	1390	2155	1296	2277	1216	2385
41000	2825	2825	2575	3086	2360	3331	2236	3482	2131	3616
41100	2198	2199	1979	2430	1791	2647	1683	2782	1592	2902
41201	1348	1348	1177	1530	1034	1704	952	1812	884	1910
41202	2535	2535	2299	2782	2096	3015	1979	3159	1880	3287
41301	2543	2543	2306	2791	2103	3024	1986	3168	1887	3296
41303	2124	2124	1909	2351	1724	2566	1618	2699	1529	2817
41304	1218	1218	1056	1392	920	1558	844	1662	780	1755
41400	2383	2383	2154	2623	1958	2850	1845	2990	1750	3114
41500	675	675	556	806	459	933	405	1014	361	1087
41601	2247	2247	2025	2480	1835	2700	1726	2836	1633	2958
41605	2228	2228	2007	2460	1818	2679	1709	2815	1617	2936
41606	2385	2385	2156	2626	1960	2852	1847	2992	1752	3116
41607	1280	1280	1113	1457	974	1627	895	1733	829	1828
41608	2158	2158	1941	2387	1755	2603	1648	2737	1558	2856
41701	2626	2626	2386	2878	2179	3115	2060	3261	1959	3391
41703	2101	2101	1887	2327	1703	2540	1598	2673	1510	2790
41704	2100	2100	1886	2326	1703	2539	1597	2671	1509	2789
41805	2735	2736	2490	2992	2279	3234	2157	3383	2054	3515
41806	3799	3799	3508	4101	3257	4382	3111	4555	2987	4708
41808	1808	1808	1609	2018	1441	2217	1344	2341	1263	2451
41809	2808	2808	2559	3068	2345	3312	2221	3463	2116	3597
41810	2521	2521	2285	2768	2083	3000	1967	3143	1868	3271
41811	3341	3341	3069	3625	2834	3890	2698	4053	2583	4198
41812	4708	4708	4384	5044	4102	5355	3938	5547	3798	5715
41901	3485	3485	3207	3774	2967	4045	2827	4211	2709	4358
41903	3277	3277	3008	3558	2775	3821	2641	3982	2526	4126
41904	2225	2225	2004	2457	1815	2676	1706	2812	1615	2932
41905	2742	2743	2497	3000	2285	3241	2163	3390	2060	3523
42001	2281	2281	2057	2516	1866	2738	1755	2875	1662	2997
42003	1333	1333	1163	1514	1020	1687	939	1795	872	1892
42004	1762	1762	1566	1969	1399	2166	1304	2288	1224	2397
42005	1891	1891	1688	2106	1515	2309	1416	2435	1333	2548
42006	2059	2059	1847	2283	1665	2494	1562	2625	1474	2742
50101	1055	1056	905	1217	780	1373	709	1470	650	1558
50102	2093	2093	1879	2319	1696	2532	1591	2664	1503	2781
50200	1799	1799	1601	2008	1433	2207	1336	2330	1255	2440
50300	2386	2386	2157	2627	1961	2853	1848	2993	1753	3117
50401	3319	3319	3048	3602	2814	3866	2678	4029	2563	4173
50402	2677	2677	2434	2932	2226	3170	2105	3318	2003	3449
50500	4052	4052	3752	4364	3492	4654	3341	4833	3212	4990
50600	506	506	404	620	321	732	277	804	240	869
50700	2937	2937	2682	3203	2463	3453	2336	3607	2229	3743
50800	2827	2827	2577	3088	2362	3333	2238	3484	2133	3618
50900	1580	1580	1395	1777	1238	1964	1148	2080	1074	2184
51000	2629	2629	2388	2881	2182	3118	2062	3264	1962	3394
51100	1744	1744	1549	1950	1383	2146	1289	2267	1209	2376
51200	3604	3604	3321	3898	3077	4173	2935	4342	2814	4491
51300	3983	3983	3686	4292	3428	4580	3278	4757	3150	4914
51400	3503	3503	3224	3793	2983	4064	2844	4231	2725	4378
51500	2349	2349	2122	2588	1927	2812	1815	2951	1721	3075
51601	1791	1791	1593	2000	1425	2198	1329	2321	1249	2431
51602	1770	1770	1573	1978	1407	2175	1311	2297	1231	2406
51701	2565	2565	2327	2814	2123	3048	2006	3193	1906	3321
51702	1847	1847	1646	2059	1476	2260	1378	2385	1296	2496
51802	2186	2187	1968	2417	1780	2634	1673	2769	1582	2888
51803	3198	3198	2932	3475	2702	3735	2570	3895	2457	4037
51804	1374	1374	1202	1558	1056	1733	974	1843	905	1941
51905	3306	3306	3036	3588	2802	3852	2667	4014	2552	4158
51912	939	939	797	1092	680	1239	614	1332	560	1416
51913	1810	1810	1611	2020	1442	2219	1346	2343	1264	2453
51914	1666	1666	1476	1868	1314	2060	1222	2179	1145	2285
51915	2597	2597	2358	2848	2152	3083	2034	3228	1934	3358
51916	1647	1647	1458	1848	1298	2039	1206	2157	1129	2263
51917	1671	1671	1481	1874	1319	2065	1227	2185	1149	2291
51918	2190	2191	1971	2421	1784	2639	1676	2773	1585	2893
51921	1684	1685	1493	1887	1331	2080	1238	2200	1160	2306
51922	1909	1909	1705	2125	1531	2329	1432	2456	1348	2569
51923	1726	1726	1532	1931	1367	2126	1273	2247	1194	2355
51924	2372	2372	2144	2612	1948	2838	1836	2977	1741	3101
51925	2728	2729	2483	2985	2272	3226	2151	3375	2048	3507
51926	1719	1719	1525	1923	1361	2118	1267	2239	1188	2346
51927	2316	2316	2091	2553	1897	2776	1786	2914	1692	3037
51928	1614	1614	1427	1813	1268	2002	1178	2119	1102	2224
52003	2517	2517	2281	2763	2079	2996	1963	3139	1865	3266
52004	2469	2470	2237	2714	2037	2944	1921	3086	1824	3212
52005	2451	2452	2219	2695	2020	2924	1906	3066	1809	3192
52006	1442	1442	1266	1631	1116	1810	1032	1922	961	2022
52007	1539	1539	1356	1733	1201	1918	1113	2033	1040	2136
52104	1546	1546	1363	1740	1208	1926	1119	2041	1045	2144
52105	751	751	625	888	521	1022	464	1106	417	1182
52107	1447	1447	1270	1636	1121	1816	1036	1928	965	2028
52108	2203	2203	1983	2434	1795	2652	1687	2787	1596	2907
52112	1026	1026	878	1186	755	1340	685	1436	628	1523
52113	1082	1082	929	1245	802	1403	730	1501	671	1590
52114	1688	1689	1497	1892	1334	2084	1241	2204	1163	2311
52115	2234	2234	2012	2466	1823	2686	1714	2822	1622	2943
52118	2277	2277	2053	2512	1862	2733	1752	2870	1659	2992
52203	2239	2239	2017	2472	1827	2691	1718	2827	1627	2948
52204	1733	1733	1538	1938	1373	2134	1279	2255	1200	2363
52206	1596	1596	1410	1794	1252	1982	1162	2099	1087	2203
52207	2051	2051	1839	2274	1658	2485	1555	2616	1467	2732
52208	1728	1728	1534	1933	1369	2128	1275	2249	1196	2357
52209	1015	1015	868	1174	745	1327	676	1423	619	1509
52301	1839	1839	1639	2051	1468	2251	1371	2376	1289	2487
52302	1366	1366	1194	1549	1049	1724	967	1833	899	1931
52401	2102	2102	1888	2328	1704	2542	1599	2674	1510	2791
52402	1529	1529	1347	1722	1193	1907	1105	2021	1031	2124
52502	2288	2288	2064	2523	1872	2745	1762	2883	1668	3005
52503	2440	2441	2209	2683	2010	2912	1896	3054	1799	3179
52504	1204	1204	1043	1377	908	1542	832	1645	768	1738
52603	1103	1103	949	1268	820	1427	748	1526	688	1615
52604	2088	2088	1874	2313	1692	2526	1587	2658	1499	2775
52605	2199	2200	1980	2431	1792	2649	1684	2783	1593	2903
52606	1947	1947	1740	2164	1565	2370	1464	2498	1379	2612
52607	2116	2116	1901	2343	1717	2557	1611	2690	1522	2808
52701	611	611	498	735	406	857	355	935	314	1005
52705	2762	2763	2516	3021	2303	3263	2181	3413	2077	3545
52706	1779	1779	1582	1987	1415	2185	1319	2307	1238	2417
52707	1598	1598	1412	1796	1254	1984	1164	2101	1088	2205
52708	1733	1733	1538	1938	1373	2134	1279	2255	1200	2363
52709	1173	1173	1014	1343	881	1507	806	1609	743	1700
52803	1918	1919	1714	2135	1539	2339	1439	2466	1355	2579
52804	2669	2669	2427	2923	2218	3162	2098	3309	1996	3440
52805	1939	1940	1734	2157	1558	2362	1458	2490	1373	2603
52806	2461	2462	2229	2706	2029	2935	1914	3077	1817	3203
52903	1930	1931	1725	2147	1550	2352	1450	2480	1366	2593
52904	2238	2238	2016	2471	1827	2690	1718	2826	1626	2947
52905	1860	1860	1659	2073	1487	2275	1389	2400	1306	2511
52906	2346	2346	2119	2584	1925	2809	1813	2948	1718	3071
53101	1351	1351	1180	1533	1036	1707	955	1816	886	1913
53102	1903	1903	1700	2119	1526	2323	1426	2449	1343	2562
53201	1669	1669	1479	1871	1317	2063	1225	2183	1147	2289
53202	1906	1906	1702	2122	1529	2326	1429	2452	1345	2565
53301	2747	2748	2501	3005	2290	3247	2168	3396	2064	3528
53302	2086	2086	1872	2311	1690	2524	1585	2656	1497	2773
53400	2055	2055	1843	2278	1662	2490	1558	2621	1471	2737
53504	2883	2883	2631	3147	2413	3394	2288	3546	2182	3682
53505	1898	1898	1695	2113	1521	2317	1422	2443	1339	2556
53506	2152	2152	1935	2381	1750	2597	1643	2730	1553	2849
53507	1821	1821	1622	2032	1452	2231	1355	2355	1274	2466
53508	1205	1205	1044	1378	909	1543	833	1646	769	1739
53509	1607	1607	1420	1805	1262	1994	1172	2111	1096	2216
990100	0	0	0	7	0	22	0	36	0	51
53602	2486	2486	2252	2731	2051	2962	1936	3104	1838	3231
53603	1553	1553	1369	1748	1214	1933	1125	2049	1051	2152
53604	1608	1608	1421	1807	1263	1995	1172	2112	1097	2217
53700	1509	1509	1328	1701	1175	1884	1088	1998	1015	2100
53801	1639	1639	1451	1840	1290	2030	1199	2148	1122	2254
53802	2126	2126	1910	2354	1726	2568	1620	2701	1531	2819
53803	2235	2235	2013	2467	1824	2687	1715	2823	1623	2944
60200	542	542	436	660	350	776	304	849	266	916
60300	1904	1904	1700	2120	1527	2324	1427	2450	1344	2563
60400	1887	1887	1684	2102	1511	2305	1413	2431	1329	2543
60500	1770	1770	1573	1978	1407	2175	1311	2297	1231	2406
60600	2887	2887	2635	3151	2417	3398	2292	3551	2185	3686
60700	2431	2431	2200	2674	2002	2902	1888	3044	1791	3169
60800	2393	2393	2164	2634	1967	2861	1854	3001	1759	3125
60903	1439	1439	1263	1627	1114	1807	1029	1918	958	2018
60904	2418	2418	2188	2660	1990	2888	1876	3029	1780	3154
60905	3086	3085	2824	3358	2599	3614	2469	3771	2358	3910
60906	942	942	800	1095	682	1243	616	1336	562	1419
61001	2038	2038	1827	2261	1647	2471	1543	2601	1456	2717
61002	2241	2241	2019	2474	1829	2694	1720	2830	1628	2951
61100	2837	2837	2587	3098	2371	3344	2247	3495	2142	3629
61200	2264	2264	2041	2498	1850	2719	1740	2856	1648	2977
61300	2039	2039	1828	2262	1647	2472	1544	2602	1457	2718
61400	1458	1459	1281	1648	1131	1828	1045	1940	974	2041
61500	3293	3293	3023	3575	2790	3838	2655	4000	2540	4144
61601	1370	1370	1198	1554	1053	1729	971	1838	902	1936
61602	455	455	359	564	281	671	240	740	206	802
61700	2020	2020	1810	2241	1630	2451	1527	2581	1441	2696
61800	1161	1161	1003	1330	871	1493	796	1595	734	1686
61900	903	902	764	1053	649	1198	585	1289	532	1371
62000	1809	1809	1610	2019	1441	2218	1345	2342	1264	2452
62300	1858	1858	1657	2071	1485	2273	1387	2398	1305	2509
62400	2362	2362	2134	2601	1939	2827	1827	2966	1732	3090
62500	2940	2940	2685	3206	2466	3456	2339	3610	2231	3746
62600	1435	1435	1259	1623	1110	1802	1026	1914	955	2013
62801	2734	2735	2489	2991	2278	3233	2156	3382	2053	3514
62802	1530	1530	1348	1723	1193	1908	1106	2022	1032	2125
62900	3173	3173	2908	3449	2679	3708	2547	3867	2435	4008
63000	1286	1286	1119	1464	979	1634	900	1740	834	1835
63100	1705	1705	1512	1909	1348	2102	1255	2223	1177	2330
63200	2070	2070	1857	2294	1675	2506	1571	2638	1483	2754
63300	2446	2447	2215	2690	2016	2919	1901	3060	1804	3186
63400	3198	3198	2932	3475	2702	3735	2570	3895	2457	4037
63501	1727	1727	1533	1932	1368	2127	1274	2248	1195	2356
63502	1812	1812	1613	2022	1444	2221	1347	2345	1266	2455
70100	1325	1325	1156	1505	1013	1678	933	1786	865	1882
70203	2025	2025	1814	2247	1635	2457	1532	2586	1445	2702
70204	1331	1331	1161	1512	1019	1685	938	1793	870	1889
70205	1283	1283	1116	1460	976	1630	897	1737	831	1832
70206	1608	1608	1421	1807	1263	1995	1172	2112	1097	2217
70207	1937	1938	1732	2155	1556	2360	1456	2488	1371	2601
70307	1719	1719	1525	1923	1361	2118	1267	2239	1188	2346
70308	1846	1846	1645	2058	1475	2259	1377	2384	1295	2495
70309	2472	2473	2239	2717	2039	2947	1924	3090	1827	3216
70310	1947	1947	1740	2164	1565	2370	1464	2498	1379	2612
70311	1732	1732	1537	1937	1373	2132	1278	2254	1199	2362
70312	1818	1818	1619	2029	1450	2228	1353	2352	1271	2462
70313	2907	2907	2654	3172	2436	3420	2309	3573	2203	3709
70314	1213	1213	1052	1386	916	1552	839	1656	775	1749
70315	2220	2220	1999	2452	1810	2671	1702	2806	1610	2926
70316	1958	1958	1751	2176	1574	2382	1473	2510	1388	2624
70401	867	867	732	1015	619	1157	557	1247	505	1328
70403	1203	1203	1042	1376	907	1541	831	1644	767	1736
70404	1554	1554	1370	1749	1215	1935	1126	2050	1052	2153
70703	2560	2560	2323	2809	2119	3043	2001	3187	1902	3315
71100	1084	1084	931	1247	804	1405	732	1504	673	1592
71205	2012	2012	1802	2233	1623	2442	1520	2572	1434	2687
71206	3192	3192	2926	3469	2697	3729	2564	3888	2451	4030
71207	2635	2635	2394	2887	2187	3125	2068	3271	1967	3401
71208	3238	3238	2970	3517	2739	3778	2606	3939	2492	4082
71209	1714	1714	1520	1918	1356	2112	1263	2233	1184	2341
71210	2106	2106	1891	2332	1708	2546	1603	2678	1514	2796
71304	3053	3053	2794	3325	2570	3579	2440	3735	2330	3874
71305	1609	1609	1422	1808	1264	1996	1173	2114	1098	2218
71306	2739	2740	2494	2997	2282	3238	2160	3387	2057	3519
71307	2159	2159	1942	2388	1756	2604	1649	2738	1559	2857
71309	1394	1394	1221	1579	1074	1756	991	1866	921	1964
71310	1852	1852	1651	2065	1480	2266	1382	2391	1300	2502
71403	1841	1841	1641	2053	1470	2254	1373	2378	1291	2489
71406	2897	2897	2644	3161	2426	3409	2301	3562	2194	3698
71407	2207	2207	1987	2438	1798	2656	1690	2791	1599	2911
71408	1631	1631	1443	1831	1283	2021	1192	2139	1116	2244
71409	1722	1722	1528	1927	1364	2121	1270	2242	1191	2350
71410	2339	2339	2112	2577	1918	2801	1807	2940	1712	3063
71411	1708	1708	1515	1912	1351	2106	1258	2226	1179	2334
71503	2309	2309	2084	2546	1891	2768	1780	2906	1686	3029
71504	1819	1819	1620	2030	1450	2229	1354	2353	1272	2464
71505	2170	2171	1952	2400	1766	2617	1659	2751	1568	2870
71506	2015	2015	1805	2236	1626	2445	1523	2575	1437	2691
71601	1806	1806	1608	2016	1439	2215	1342	2338	1261	2448
71602	2943	2943	2688	3209	2469	3459	2342	3613	2234	3750
71703	1484	1484	1304	1674	1153	1856	1066	1969	994	2070
71704	1783	1783	1586	1991	1418	2189	1322	2312	1242	2421
71705	1472	1473	1294	1663	1143	1844	1057	1957	985	2057
71706	820	820	688	963	579	1102	519	1190	469	1269
71707	1173	1173	1014	1343	881	1507	806	1609	743	1700
71803	2571	2571	2333	2820	2129	3055	2011	3199	1911	3328
71805	1538	1538	1355	1732	1201	1917	1113	2032	1039	2134
71806	1987	1987	1778	2207	1601	2414	1499	2543	1413	2658
71807	1659	1659	1469	1861	1308	2052	1216	2171	1139	2277
71808	1563	1563	1379	1759	1223	1945	1134	2061	1059	2164
71901	2460	2461	2228	2705	2028	2934	1913	3076	1816	3202
71902	2546	2546	2309	2794	2106	3027	1989	3171	1890	3299
72000	2172	2173	1954	2402	1768	2619	1661	2753	1570	2872
72105	2019	2019	1809	2240	1629	2450	1527	2580	1440	2695
72106	3019	3019	2761	3289	2538	3542	2410	3698	2301	3836
72107	1974	1974	1766	2193	1589	2400	1487	2529	1402	2643
72108	2347	2347	2120	2586	1926	2810	1814	2949	1719	3073
72109	1680	1681	1489	1883	1327	2076	1234	2195	1157	2302
72111	1105	1105	951	1270	822	1429	750	1529	689	1618
72112	2052	2052	1840	2275	1659	2486	1555	2617	1468	2733
72305	2718	2718	2474	2975	2263	3215	2142	3364	2039	3495
72307	2042	2042	1831	2265	1650	2475	1547	2606	1459	2722
72308	2932	2932	2678	3198	2458	3447	2332	3601	2224	3737
72309	2810	2810	2561	3070	2347	3314	2223	3465	2118	3599
72310	1787	1787	1590	1996	1422	2194	1326	2317	1245	2426
72311	2053	2053	1841	2276	1660	2487	1556	2618	1469	2735
72312	2720	2720	2476	2977	2265	3217	2143	3366	2041	3498
72313	1473	1474	1295	1664	1144	1845	1058	1958	986	2058
72405	1750	1750	1555	1956	1389	2152	1294	2274	1214	2383
72406	2168	2168	1950	2398	1764	2614	1657	2748	1567	2868
72407	2144	2144	1928	2373	1742	2588	1636	2721	1546	2840
72408	2591	2591	2352	2841	2147	3076	2029	3222	1929	3351
72409	1079	1079	927	1242	800	1399	728	1498	669	1586
72410	1507	1507	1326	1699	1173	1882	1086	1996	1013	2098
72503	1727	1727	1533	1932	1368	2127	1274	2248	1195	2356
72504	1649	1649	1460	1850	1299	2041	1208	2160	1131	2265
72505	3239	3239	2971	3518	2740	3779	2606	3940	2493	4083
72506	1667	1667	1477	1869	1315	2061	1223	2180	1146	2287
72507	1551	1551	1367	1746	1212	1931	1124	2047	1050	2150
72601	2102	2102	1888	2328	1704	2542	1599	2674	1510	2791
72602	1883	1883	1681	2098	1508	2300	1409	2426	1326	2538
72603	2644	2644	2403	2897	2195	3134	2076	3281	1975	3411
72800	4550	4550	4231	4880	3955	5186	3794	5375	3656	5541
72901	5	5	0	21	0	45	0	65	0	84
72903	12	12	1	35	0	65	0	87	0	110
900202	0	0	0	7	0	22	0	36	0	51
72906	6	6	0	23	0	49	0	68	0	88
990002	58	58	27	100	9	148	3	181	0	212
73001	2261	2261	2038	2495	1847	2716	1738	2852	1645	2974
73005	2048	2048	1836	2271	1656	2482	1552	2613	1465	2729
73006	1472	1473	1294	1663	1143	1844	1057	1957	985	2057
73108	2644	2644	2403	2897	2195	3134	2076	3281	1975	3411
73110	1685	1686	1494	1888	1331	2081	1239	2201	1161	2308
73111	1666	1666	1476	1868	1314	2060	1222	2179	1145	2285
73113	2276	2276	2052	2511	1861	2732	1751	2869	1658	2991
73114	1930	1931	1725	2147	1550	2352	1450	2480	1366	2593
73115	1573	1573	1388	1769	1232	1956	1142	2072	1068	2176
73116	1219	1219	1057	1393	921	1559	844	1663	780	1756
73117	1411	1411	1237	1597	1089	1775	1005	1886	935	1985
73118	1652	1652	1463	1853	1302	2044	1210	2163	1133	2269
73119	1263	1264	1099	1440	960	1609	881	1714	816	1809
73120	1337	1337	1167	1518	1024	1692	943	1800	875	1896
73121	1687	1688	1496	1891	1333	2083	1240	2203	1162	2310
73122	1573	1573	1388	1769	1232	1956	1142	2072	1068	2176
73123	1848	1848	1647	2060	1476	2261	1379	2386	1296	2497
73124	992	992	847	1149	725	1300	657	1396	601	1481
73125	3264	3264	2995	3544	2763	3807	2629	3968	2515	4111
73126	1240	1240	1077	1415	940	1583	862	1687	797	1781
73200	2717	2717	2473	2974	2262	3214	2141	3363	2038	3494
73301	2422	2422	2192	2665	1994	2893	1880	3033	1784	3159
73302	1970	1970	1762	2189	1585	2396	1484	2524	1398	2638
73404	3566	3566	3285	3859	3042	4132	2901	4300	2781	4449
73405	1724	1724	1530	1929	1365	2124	1271	2244	1192	2352
73406	2079	2079	1866	2304	1684	2516	1579	2648	1491	2765
73407	1671	1671	1481	1874	1319	2065	1227	2185	1149	2291
73408	2157	2157	1940	2386	1754	2602	1647	2736	1557	2855
73500	3224	3224	2957	3503	2726	3763	2593	3924	2480	4066
80101	1751	1751	1555	1957	1390	2154	1295	2275	1215	2384
80102	2472	2473	2239	2717	2039	2947	1924	3090	1827	3216
80200	2000	2000	1791	2220	1612	2429	1510	2558	1424	2673
80300	1692	1693	1501	1896	1338	2089	1245	2209	1167	2316
80400	2202	2202	1982	2433	1794	2651	1686	2786	1595	2906
80500	2218	2218	1997	2450	1808	2668	1700	2804	1609	2924
80600	2605	2605	2366	2856	2160	3092	2041	3237	1941	3367
80700	2649	2649	2408	2902	2200	3140	2080	3287	1979	3417
80800	603	603	490	726	399	848	349	925	308	994
80900	2557	2557	2320	2805	2116	3039	1999	3184	1899	3312
81000	3392	3392	3118	3678	2882	3945	2744	4109	2628	4255
81100	1287	1287	1120	1465	980	1635	901	1741	834	1836
81200	1372	1372	1200	1556	1055	1731	972	1840	903	1938
81400	18	18	4	45	0	79	0	103	0	127
90101	2639	2639	2398	2892	2191	3129	2071	3275	1970	3405
90102	3230	3230	2963	3509	2732	3770	2598	3930	2485	4073
90201	1882	1882	1680	2096	1507	2299	1408	2425	1325	2537
90202	2014	2014	1804	2235	1625	2444	1522	2574	1436	2689
90300	1131	1131	975	1298	845	1459	771	1559	710	1649
90400	2085	2085	1871	2310	1689	2523	1584	2655	1496	2772
90501	2474	2475	2241	2719	2041	2950	1926	3092	1828	3218
90502	2064	2064	1851	2288	1670	2500	1566	2631	1478	2747
90700	2349	2349	2122	2588	1927	2812	1815	2951	1721	3075
90800	1908	1908	1704	2124	1530	2328	1431	2455	1347	2567
90900	3418	3417	3142	3704	2905	3972	2767	4137	2650	4283
91000	3018	3018	2760	3288	2538	3541	2409	3696	2300	3835
91100	2077	2077	1864	2302	1682	2514	1577	2645	1489	2762
91201	2484	2484	2250	2729	2049	2959	1934	3102	1836	3228
91203	3485	3485	3207	3774	2967	4045	2827	4211	2709	4358
91204	2254	2254	2031	2488	1841	2708	1732	2844	1639	2966
91301	1734	1734	1539	1939	1374	2135	1280	2256	1201	2364
91302	2678	2678	2435	2933	2227	3172	2106	3319	2004	3450
91400	1461	1462	1284	1651	1133	1831	1048	1944	976	2044
91500	1767	1767	1571	1974	1404	2171	1309	2294	1228	2403
91600	3380	3380	3107	3666	2870	3932	2733	4096	2617	4241
91700	4072	4072	3772	4385	3511	4676	3359	4855	3230	5013
91800	1876	1876	1674	2090	1502	2293	1403	2418	1320	2530
91900	3084	3083	2823	3356	2597	3611	2467	3769	2357	3908
92000	2251	2251	2029	2484	1838	2705	1729	2841	1637	2962
92100	2741	2742	2496	2999	2284	3240	2162	3389	2059	3522
92200	4679	4679	4356	5013	4075	5324	3912	5515	3772	5683
92300	3035	3035	2776	3306	2553	3559	2424	3715	2315	3854
92400	3136	3136	2872	3410	2645	3668	2514	3826	2402	3967
92500	3495	3495	3217	3785	2976	4055	2836	4222	2718	4369
92600	2546	2546	2309	2794	2106	3027	1989	3171	1890	3299
92701	1807	1807	1609	2017	1440	2216	1343	2339	1262	2449
92704	1397	1397	1223	1582	1077	1759	993	1870	924	1968
92801	1990	1990	1781	2210	1603	2418	1501	2547	1415	2662
92802	1655	1655	1466	1857	1305	2048	1213	2166	1136	2272
92803	1115	1115	960	1281	831	1440	758	1540	697	1630
92901	2228	2228	2007	2460	1818	2679	1709	2815	1617	2936
92902	2013	2013	1803	2234	1624	2443	1521	2573	1435	2688
940000	1498	1498	1317	1689	1165	1872	1078	1985	1006	2087
940001	4623	4623	4302	4955	4023	5265	3860	5454	3722	5621
940002	4069	4069	3769	4382	3508	4673	3356	4851	3227	5009
940003	2733	2734	2488	2990	2277	3232	2155	3380	2052	3512
940004	2779	2779	2531	3038	2318	3281	2195	3431	2091	3564
940005	2064	2064	1851	2288	1670	2500	1566	2631	1478	2747
940006	885	885	748	1034	635	1178	571	1269	519	1350
940007	1235	1235	1072	1410	935	1577	858	1682	793	1775
940008	2352	2352	2125	2591	1930	2816	1818	2955	1723	3078
940009	1248	1249	1084	1424	947	1592	869	1697	804	1791
940010	2465	2466	2233	2710	2033	2940	1918	3082	1821	3208
940011	1779	1779	1582	1987	1415	2185	1319	2307	1238	2417
940100	2677	2677	2434	2932	2226	3170	2105	3318	2003	3449
