tract10_id mean median lower_50 upper_50 lower_80 upper_80 lower_90 upper_90 lower_95 upper_95
100	5121	5122	4187	6150	3425	7157	3006	7796	2664	8374
200	1633	1634	1126	2235	749	2857	561	3266	419	3643
300	1181	1181	757	1699	455	2247	311	2611	208	2950
401	3494	3495	2730	4352	2123	5205	1796	5752	1534	6250
402	2514	2514	1873	3249	1376	3991	1116	4472	912	4912
500	333	333	130	630	27	978	2	1223	0	1458
600	8057	8058	6873	9336	5887	10568	5333	11342	4875	12036
700	2522	2522	1880	3258	1382	4001	1121	4483	916	4923
800	326	327	126	621	25	968	2	1211	0	1445
900	251	252	81	516	8	835	0	1062	0	1282
1000	1079	1079	675	1577	392	2105	260	2458	166	2787
1100	603	604	313	987	133	1414	61	1706	21	1981
1200	7617	7618	6467	8861	5511	10063	4976	10818	4533	11496
1300	4442	4442	3574	5403	2874	6349	2491	6952	2181	7498
1400	840	840	489	1284	254	1765	150	2089	82	2393
1500	256	256	83	522	9	842	0	1071	0	1291
1600	1306	1307	858	1849	534	2419	377	2796	262	3146
1701	2247	2247	1644	2944	1181	3653	941	4113	754	4536
1702	1123	1123	710	1630	419	2166	281	2524	184	2857
1800	1598	1598	1096	2193	725	2810	540	3215	401	3590
1900	6139	6139	5111	7261	4266	8352	3797	9041	3411	9662
2000	877	878	518	1331	275	1820	166	2149	94	2457
2100	1488	1488	1006	2064	652	2663	477	3059	347	3424
2200	556	556	280	927	111	1341	47	1625	13	1895
2400	987	987	603	1465	338	1976	216	2318	132	2638
2500	869	869	512	1321	270	1808	163	2136	91	2443
2600	1746	1747	1220	2367	827	3006	628	3425	477	3811
2700	1383	1383	920	1940	583	2522	418	2907	297	3264
2800	1261	1261	821	1795	505	2356	352	2729	242	3075
2900	1066	1066	665	1560	384	2087	253	2438	161	2766
3000	1356	1357	898	1909	566	2487	404	2869	285	3223
3100	800	800	459	1235	232	1707	133	2026	69	2325
3200	3456	3456	2696	4309	2093	5158	1768	5703	1509	6198
3300	1750	1751	1223	2371	829	3011	630	3430	479	3817
3400	812	812	468	1250	239	1725	138	2045	73	2346
3500	1464	1465	986	2036	637	2632	464	3025	336	3389
3600	3362	3362	2613	4204	2020	5043	1701	5582	1447	6072
3800	882	882	521	1336	277	1826	168	2155	95	2464
3900	544	544	271	911	106	1322	43	1604	11	1872
4000	590	590	304	970	127	1393	57	1683	19	1957
4100	8266	8267	7066	9560	6065	10807	5503	11589	5037	12291
4200	2186	2186	1592	2875	1137	3575	901	4031	719	4449
4301	3707	3707	2918	4589	2289	5464	1949	6024	1676	6533
4302	1275	1275	832	1812	514	2376	360	2750	248	3097
4400	2267	2268	1661	2968	1196	3679	954	4141	766	4565
4500	581	581	297	958	122	1379	54	1667	17	1940
4600	905	905	539	1365	291	1859	178	2192	103	2503
4700	15321	15322	13670	17067	12264	18719	11459	19744	10782	20657
4800	3367	3367	2618	4210	2024	5050	1705	5588	1450	6079
4900	5844	5845	4842	6940	4021	8007	3566	8683	3192	9291
5000	3449	3449	2690	4301	2087	5150	1763	5694	1504	6189
5100	1679	1679	1164	2288	781	2918	588	3330	442	3712
5200	4383	4383	3522	5338	2827	6279	2447	6879	2140	7422
5301	8996	8997	7742	10345	6693	11640	6102	12451	5611	13178
5302	31780	31781	29381	34272	27301	36598	26093	38026	25066	39289
5400	5427	5428	4464	6485	3676	7518	3242	8173	2886	8764
5600	1144	1144	727	1655	432	2196	292	2556	193	2891
5700	2372	2372	1751	3087	1272	3812	1022	4282	827	4712
5801	6017	6017	4999	7128	4164	8209	3701	8893	3320	9509
5802	6522	6523	5461	7677	4586	8798	4099	9505	3698	10141
5900	4542	4542	3664	5513	2954	6469	2566	7077	2251	7628
6000	4049	4050	3223	4969	2560	5879	2200	6459	1909	6986
6100	5312	5313	4359	6359	3582	7383	3153	8031	2803	8617
6200	1048	1048	651	1539	374	2062	245	2412	155	2738
6300	2125	2126	1540	2805	1093	3497	862	3948	684	4362
6400	495	495	237	848	85	1245	30	1520	5	1781
6500	995	995	609	1475	343	1988	219	2331	135	2651
6600	9796	9797	8485	11201	7385	12547	6764	13389	6246	14142
6700	9842	9843	8528	11251	7426	12599	6802	13443	6283	14198
6800	2012	2013	1444	2675	1013	3352	791	3794	621	4200
6900	783	783	446	1214	223	1683	127	2000	65	2297
7000	2041	2041	1468	2708	1033	3389	809	3833	637	4241
7100	14546	14547	12938	16248	11571	17861	10790	18862	10133	19755
7200	49383	49385	46382	52479	43759	55348	42226	57100	40916	58646
7300	41703	41705	38949	44552	36549	47198	35149	48818	33955	50248
7401	1070	1070	668	1565	387	2092	255	2444	163	2772
7402	1874	1875	1327	2515	915	3173	705	3603	545	3999
7500	8341	8341	7135	9641	6129	10892	5564	11677	5095	12382
7600	3269	3270	2532	4101	1948	4930	1636	5463	1386	5948
7700	1128	1128	714	1636	422	2174	284	2532	186	2865
7800	1677	1677	1162	2286	779	2915	587	3328	441	3708
7900	2958	2958	2259	3751	1710	4546	1418	5058	1186	5525
8001	11522	11522	10096	13041	8893	14491	8209	15394	7638	16201
8002	8138	8139	6947	9423	5956	10660	5399	11437	4937	12134
8100	84290	84292	80354	88320	76890	92030	74854	94287	73107	96270
8200	27284	27285	25064	29597	23147	31760	22036	33092	21092	34270
8300	9176	9176	7909	10537	6848	11843	6250	12662	5752	13395
8400	7353	7354	6224	8576	5287	9759	4763	10503	4330	11171
8500	23309	23310	21262	25451	19498	27460	18480	28699	17617	29797
8600	6185	6186	5153	7311	4304	8406	3833	9097	3446	9720
8700	4043	4044	3218	4963	2555	5871	2195	6451	1905	6978
8800	636	637	337	1029	149	1464	72	1761	28	2040
8900	2296	2296	1685	3000	1216	3715	972	4179	782	4605
9000	8353	8353	7146	9654	6140	10906	5574	11691	5105	12396
9100	6372	6372	5324	7514	4460	8623	3980	9323	3585	9954
9200	8875	8875	7629	10214	6588	11501	6002	12307	5514	13030
9300	56986	56988	53758	60308	50932	63381	49277	65255	47861	66907
9400	9814	9815	8502	11220	7401	12567	6779	13410	6260	14164
9500	4901	4902	3988	5909	3246	6897	2838	7524	2506	8092
9600	1980	1980	1417	2637	990	3310	771	3749	603	4153
9701	1170	1170	748	1686	448	2231	305	2594	203	2932
9702	791	792	452	1224	228	1695	130	2013	67	2311
9800	2342	2343	1725	3053	1250	3774	1003	4242	810	4671
9900	10841	10842	9460	12317	8296	13726	7637	14606	7086	15393
10001	5814	5814	4815	6907	3996	7972	3542	8646	3170	9253
10002	1125	1125	712	1632	420	2169	282	2527	185	2861
10100	2855	2856	2169	3635	1632	4419	1347	4924	1122	5385
10200	758	758	427	1182	210	1645	116	1959	57	2253
10300	3011	3012	2305	3811	1750	4612	1455	5128	1220	5598
10401	941	941	567	1409	311	1911	194	2247	115	2562
10402	699	699	383	1109	180	1558	94	1864	42	2152
10500	6625	6625	5555	7789	4673	8917	4181	9629	3776	10270
10600	1476	1476	996	2050	644	2647	470	3041	341	3406
10701	772	772	438	1200	217	1666	122	1982	61	2278
10702	568	569	288	943	117	1360	51	1646	15	1917
10800	3390	3390	2638	4236	2042	5078	1721	5618	1465	6110
10900	21905	21906	19921	23982	18216	25934	17232	27138	16399	28207
11001	1228	1228	794	1756	484	2312	335	2681	228	3024
11002	1312	1312	862	1855	537	2426	380	2804	265	3154
11101	761	761	429	1186	211	1650	118	1964	58	2259
11102	1233	1233	798	1762	487	2319	338	2688	230	3032
11200	8990	8991	7737	10338	6688	11633	6097	12444	5606	13171
11300	4043	4044	3218	4963	2555	5871	2195	6451	1905	6978
11401	560	560	283	932	113	1347	48	1632	14	1902
11402	1568	1568	1072	2159	706	2771	523	3174	386	3546
11500	783	783	446	1214	223	1683	127	2000	65	2297
11600	1144	1144	727	1655	432	2196	292	2556	193	2891
11700	4083	4083	3253	5006	2587	5919	2224	6501	1932	7029
11800	2000	2001	1434	2661	1004	3336	783	3777	614	4182
11900	450	450	206	788	67	1173	20	1440	2	1694
12000	372	372	155	684	39	1045	7	1298	0	1540
12100	233	233	70	489	5	800	0	1023	0	1239
20100	778	778	442	1208	221	1675	125	1992	63	2289
20200	1948	1949	1390	2601	967	3269	751	3706	585	4107
20300	4415	4416	3551	5374	2853	6318	2471	6919	2162	7464
20401	1088	1088	683	1588	398	2118	264	2472	170	2802
20402	825	825	478	1266	246	1744	144	2067	77	2369
20500	1468	1469	990	2041	639	2638	466	3031	338	3395
20600	586	586	301	965	125	1387	56	1676	18	1949
20700	5538	5539	4564	6606	3768	7649	3328	8309	2967	8905
20800	682	682	370	1087	171	1532	88	1835	38	2121
20900	3425	3426	2669	4275	2069	5121	1747	5664	1488	6158
21000	1842	1842	1300	2478	893	3131	686	3558	528	3952
21100	2591	2591	1940	3336	1434	4088	1167	4574	958	5019
21300	945	945	570	1414	313	1916	196	2254	117	2569
21400	1261	1261	821	1795	505	2356	352	2729	242	3075
21500	567	568	288	941	116	1358	50	1645	15	1915
21600	1215	1215	784	1740	476	2293	328	2661	222	3003
21700	1882	1883	1334	2525	921	3184	710	3614	549	4011
21802	9423	9423	8138	10801	7061	12124	6454	12951	5948	13693
21803	5017	5018	4093	6036	3340	7034	2927	7668	2590	8241
21804	2639	2640	1982	3391	1470	4149	1200	4639	988	5087
21903	16728	16729	15001	18550	13526	20270	12680	21337	11967	22285
21904	3137	3137	2416	3952	1846	4767	1542	5291	1300	5769
21905	1204	1205	775	1728	469	2279	323	2646	218	2987
21906	4127	4128	3293	5056	2622	5972	2257	6557	1962	7088
22001	1212	1212	781	1736	474	2289	327	2656	221	2998
22003	1531	1531	1041	2114	680	2721	501	3120	368	3489
22005	6607	6607	5539	7769	4657	8896	4166	9607	3762	10247
22006	1043	1043	647	1533	371	2055	242	2404	153	2729
22101	1328	1328	875	1875	548	2448	388	2827	272	3179
22102	929	929	558	1394	304	1893	189	2228	111	2542
22201	934	934	562	1400	307	1900	191	2236	113	2550
22202	1835	1835	1294	2469	888	3121	681	3548	524	3941
22203	1054	1055	656	1547	378	2071	248	2421	157	2747
22300	653	653	349	1050	157	1489	78	1788	31	2070
22400	4944	4944	4026	5955	3280	6947	2870	7577	2537	8146
22500	14318	14319	12723	16006	11368	17608	10593	18602	9942	19489
22603	2517	2517	1876	3252	1379	3995	1118	4476	913	4916
22604	3038	3038	2329	3841	1770	4645	1473	5162	1237	5634
22605	6508	6508	5448	7662	4574	8781	4088	9488	3688	10124
22606	923	924	554	1387	301	1886	186	2221	109	2534
22701	7940	7940	6764	9209	5786	10433	5237	11202	4783	11892
22702	1169	1169	747	1685	447	2230	305	2593	203	2930
22703	856	856	502	1304	263	1789	157	2115	87	2421
22801	4307	4308	3454	5255	2766	6188	2391	6784	2087	7323
22802	4206	4207	3363	5143	2685	6067	2316	6657	2017	7191
22803	62441	62443	59060	65917	56096	69127	54359	71084	52871	72807
22901	717	718	397	1132	189	1586	101	1894	47	2184
22902	753	754	424	1177	208	1639	115	1952	56	2246
23000	3648	3648	2866	4524	2243	5393	1907	5949	1636	6455
23100	292	292	105	574	16	908	0	1144	0	1372
23201	1342	1342	887	1892	557	2467	396	2848	279	3201
23202	3024	3025	2317	3826	1760	4628	1464	5145	1228	5616
23300	1576	1577	1079	2168	711	2782	528	3185	390	3558
23401	13297	13298	11762	14926	10460	16473	9718	17436	9095	18294
23403	8924	8925	7675	10267	6631	11557	6042	12365	5553	13090
23404	453	453	208	792	68	1178	21	1445	2	1700
23500	589	589	303	969	126	1392	57	1681	19	1955
23601	12649	12650	11153	14239	9886	15751	9165	16693	8560	17533
23603	2792	2793	2115	3564	1585	4340	1304	4841	1082	5298
23604	1457	1458	981	2028	632	2623	460	3015	332	3378
23700	40924	40925	38195	43746	35819	46369	34434	47974	33252	49391
23801	8146	8147	6955	9431	5963	10669	5406	11447	4944	12144
23803	26068	26070	23900	28331	22028	30448	20945	31752	20026	32907
23804	69255	69257	65691	72912	62563	76287	60727	78342	59155	80150
23900	828	828	480	1270	248	1749	145	2071	78	2374
24000	6041	6041	5022	7154	4184	8237	3720	8922	3338	9539
24100	1191	1191	765	1712	461	2261	316	2626	212	2966
24200	753	754	424	1177	208	1639	115	1952	56	2246
24300	6395	6396	5345	7539	4480	8650	3999	9351	3603	9983
24400	1211	1211	780	1735	473	2288	326	2655	220	2996
24500	1168	1168	746	1684	447	2229	304	2591	202	2929
24601	841	841	490	1285	255	1766	150	2091	82	2395
24602	1029	1029	636	1516	362	2035	235	2382	147	2706
24701	704	704	387	1115	182	1566	96	1872	43	2161
24702	2225	2225	1625	2919	1165	3624	926	4083	741	4504
24800	10284	10284	8939	11722	7809	13098	7170	13957	6636	14727
24901	722	722	400	1137	191	1592	103	1901	48	2191
24902	317	317	120	608	23	951	1	1193	0	1425
24903	629	629	332	1020	145	1453	70	1749	26	2028
25001	1083	1083	679	1581	395	2111	262	2464	168	2794
25003	1298	1299	851	1840	529	2408	372	2784	259	3133
25005	1674	1674	1160	2282	777	2911	585	3323	440	3704
25006	448	448	204	785	66	1169	20	1436	1	1690
25101	2793	2794	2115	3566	1585	4342	1305	4842	1083	5300
25102	1790	1790	1257	2417	857	3063	654	3486	500	3875
25200	1354	1355	896	1906	565	2484	403	2866	284	3220
25301	10443	10443	9088	11892	7948	13277	7303	14143	6764	14917
25302	22087	22088	20095	24173	18382	26132	17393	27340	16556	28413
25400	3072	3072	2359	3879	1797	4687	1497	5207	1259	5681
25500	697	697	382	1106	179	1555	93	1861	42	2148
25601	1746	1747	1220	2367	827	3006	628	3425	477	3811
25602	1171	1171	748	1687	449	2233	306	2596	204	2933
25701	1520	1521	1032	2102	674	2707	495	3105	363	3474
25702	193	193	49	430	1	725	0	937	0	1144
25803	445	445	202	781	65	1164	19	1430	1	1684
25804	551	551	276	920	109	1333	45	1616	12	1885
25805	799	799	458	1233	232	1705	133	2024	69	2324
25806	4456	4456	3587	5418	2885	6366	2502	6970	2191	7516
26001	1223	1223	790	1750	481	2305	333	2673	226	3016
26002	1872	1873	1326	2513	914	3170	704	3600	544	3996
26100	1411	1412	943	1974	602	2561	434	2949	311	3308
26200	78345	78347	74552	82232	71217	85813	69257	87992	67577	89908
26300	13529	13530	11980	15172	10666	16732	9916	17702	9287	18567
26400	5136	5137	4200	6167	3438	7175	3018	7815	2675	8393
26500	1163	1163	742	1677	443	2222	301	2584	200	2921
26600	937	937	564	1404	309	1905	192	2241	114	2556
26700	729	729	405	1146	195	1603	105	1912	50	2204
26801	1146	1147	729	1658	433	2199	293	2559	194	2895
26802	1083	1083	679	1581	395	2111	262	2464	168	2794
27000	393	393	168	712	46	1080	10	1336	0	1581
27100	1192	1192	766	1713	462	2262	317	2628	213	2967
27200	8321	8322	7117	9620	6113	10870	5549	11654	5080	12358
27300	2344	2345	1727	3056	1252	3777	1004	4245	811	4674
27400	2567	2568	1919	3310	1416	4059	1152	4543	944	4987
27500	2093	2093	1512	2767	1070	3455	842	3904	666	4315
27600	934	934	562	1400	307	1900	191	2236	113	2550
27701	3400	3400	2647	4247	2050	5090	1729	5631	1472	6124
27702	982	982	599	1459	335	1969	213	2310	130	2630
27800	313	313	117	603	22	944	1	1185	0	1416
27900	10176	10177	8839	11607	7715	12976	7080	13832	6550	14598
28000	3345	3346	2599	4186	2007	5023	1690	5561	1436	6050
28100	2043	2043	1470	2710	1034	3391	810	3836	638	4244
28200	1767	1767	1237	2390	841	3032	640	3453	488	3841
28300	26675	26676	24481	28963	22586	31104	21489	32421	20558	33588
28402	21959	21960	19973	24039	18265	25993	17280	27198	16446	28268
28403	3451	3451	2692	4304	2089	5152	1765	5697	1505	6192
28500	2604	2604	1951	3351	1443	4105	1176	4592	966	5037
28600	1310	1311	861	1854	537	2424	379	2802	264	3152
28700	688	688	375	1095	174	1541	90	1845	39	2132
28801	6115	6116	5090	7235	4246	8325	3778	9013	3394	9633
28802	7511	7512	6369	8747	5421	9941	4891	10692	4452	11366
28901	2484	2485	1848	3215	1355	3954	1096	4432	894	4870
28902	2407	2408	1781	3127	1298	3857	1045	4329	848	4762
29001	927	927	556	1391	303	1890	188	2225	110	2539
29003	1887	1888	1339	2531	925	3190	714	3621	552	4018
29004	4613	4614	3729	5592	3012	6554	2620	7166	2302	7721
29101	2323	2323	1709	3031	1236	3750	990	4216	798	4644
29102	896	896	532	1354	285	1846	174	2178	100	2488
29203	13835	13836	12268	15496	10938	17072	10178	18051	9541	18925
29204	2220	2220	1620	2913	1161	3618	923	4076	738	4497
29205	1797	1797	1263	2426	862	3072	658	3496	504	3886
29206	50264	50266	47235	53387	44588	56280	43041	58047	41718	59605
29303	2051	2051	1477	2719	1040	3402	815	3847	642	4255
29304	633	633	335	1026	147	1459	71	1755	27	2035
29305	632	632	334	1024	147	1458	71	1754	27	2033
29306	1421	1421	951	1985	608	2573	439	2962	315	3322
29307	743	743	416	1164	202	1624	111	1936	54	2228
29403	877	878	518	1331	275	1820	166	2149	94	2457
29405	512	512	248	869	92	1272	35	1549	7	1812
29406	511	511	248	868	91	1270	34	1547	7	1810
29407	1335	1335	881	1883	552	2458	392	2838	275	3190
29408	287	287	102	566	15	899	0	1134	0	1360
29502	1348	1348	892	1899	561	2476	399	2857	281	3211
29503	4102	4102	3270	5028	2602	5942	2238	6525	1945	7055
29504	1611	1611	1107	2209	734	2827	548	3234	408	3610
29601	1820	1821	1282	2453	878	3103	673	3528	516	3920
29602	398	398	171	719	48	1088	10	1346	0	1592
29700	13215	13216	11685	14839	10388	16383	9648	17343	9027	18199
29801	1987	1987	1423	2646	995	3319	775	3759	607	4163
29802	1205	1206	776	1729	470	2281	323	2647	218	2988
29901	750	751	422	1173	206	1635	114	1947	55	2241
29902	4131	4132	3297	5060	2625	5977	2260	6562	1965	7093
30003	2337	2338	1721	3048	1247	3768	999	4235	807	4664
30004	618	618	324	1006	140	1436	66	1730	24	2007
30005	906	906	540	1366	291	1861	179	2193	103	2505
30006	6858	6858	5769	8041	4869	9187	4366	9909	3952	10559
30100	1144	1144	727	1655	432	2196	292	2556	193	2891
30201	958	958	581	1430	321	1935	202	2274	121	2591
30202	2533	2533	1890	3271	1391	4015	1129	4497	923	4938
30304	3758	3759	2964	4646	2330	5527	1986	6090	1711	6601
30305	1032	1032	638	1520	364	2039	237	2387	148	2711
30306	865	865	509	1316	268	1802	161	2130	90	2436
30308	948	948	573	1417	315	1921	198	2258	118	2574
30309	2553	2554	1907	3294	1406	4041	1142	4524	935	4967
30310	1916	1916	1362	2564	945	3227	731	3661	568	4060
30311	842	842	491	1287	255	1768	151	2092	82	2397
30312	862	862	506	1312	266	1798	159	2125	89	2431
30313	10560	10561	9198	12017	8051	13410	7401	14280	6859	15058
30314	5558	5559	4583	6628	3784	7672	3343	8334	2982	8930
30401	5066	5066	4136	6089	3380	7092	2964	7728	2624	8303
30403	479	479	226	826	78	1219	26	1491	4	1749
30404	672	673	364	1075	166	1518	85	1820	36	2104
30501	23072	23073	21035	25203	19282	27203	18269	28436	17411	29529
30503	3429	3430	2673	4280	2072	5126	1750	5669	1491	6163
30504	1638	1639	1130	2241	753	2864	564	3273	422	3651
30600	4526	4527	3650	5496	2942	6451	2555	7058	2240	7608
30700	2044	2044	1471	2711	1035	3393	811	3837	638	4245
30801	14544	14545	12937	16246	11569	17859	10788	18860	10131	19753
30802	635	636	337	1028	148	1463	72	1759	28	2039
30901	2527	2527	1884	3264	1386	4008	1125	4489	919	4930
30902	1419	1419	949	1982	606	2571	438	2959	314	3319
31000	977	977	595	1452	332	1962	211	2303	128	2621
31100	2794	2795	2116	3567	1586	4343	1305	4844	1084	5301
31202	1553	1553	1059	2141	695	2750	514	3152	379	3523
31204	993	993	608	1472	341	1985	218	2328	134	2648
31205	1217	1217	785	1742	477	2296	329	2664	223	3006
31206	1616	1616	1112	2215	738	2834	551	3241	410	3617
31301	761	761	429	1186	211	1650	118	1964	58	2259
31302	1507	1507	1022	2087	665	2689	488	3086	356	3454
31400	5383	5383	4423	6436	3640	7466	3207	8118	2854	8707
31501	492	492	235	844	84	1241	30	1515	5	1775
31502	1766	1766	1236	2389	840	3031	639	3452	487	3839
31601	837	838	488	1282	253	1762	149	2086	81	2390
31603	2468	2468	1834	3197	1343	3933	1085	4411	884	4848
31604	795	796	456	1229	230	1701	132	2019	68	2318
31605	2979	2979	2277	3775	1726	4572	1432	5085	1199	5554
31703	1431	1431	959	1997	614	2587	445	2977	320	3337
31704	1745	1746	1219	2365	826	3004	627	3423	477	3809
31705	778	778	442	1208	221	1675	125	1992	63	2289
31706	3468	3468	2707	4323	2102	5173	1777	5719	1517	6215
31800	1348	1348	892	1899	561	2476	399	2857	281	3211
31903	1300	1301	853	1842	530	2411	373	2787	260	3137
31904	1036	1036	641	1525	367	2045	239	2393	150	2718
31906	555	555	279	925	111	1339	47	1624	13	1893
31907	615	615	322	1002	138	1431	65	1725	24	2002
31908	1260	1260	820	1793	504	2355	352	2727	242	3073
31909	593	593	306	974	128	1398	58	1688	19	1962
32002	522	522	256	883	96	1288	37	1567	8	1831
32003	1651	1651	1140	2255	761	2880	571	3290	428	3669
32005	1339	1339	884	1888	555	2463	394	2844	277	3197
32006	695	695	380	1104	178	1552	93	1857	41	2144
32007	1030	1030	637	1517	363	2037	236	2384	148	2708
32008	308	308	114	595	20	935	1	1175	0	1405
32010	2254	2254	1650	2952	1186	3662	945	4123	758	4546
32011	1808	1809	1272	2439	869	3087	665	3511	510	3902
32102	711	712	392	1124	186	1577	99	1884	45	2173
32103	26771	26773	24574	29063	22675	31208	21576	32527	20642	33696
32104	2469	2469	1834	3198	1343	3935	1086	4412	885	4849
32203	1184	1184	759	1703	457	2251	312	2616	209	2954
32207	997	997	611	1477	344	1990	220	2334	135	2655
32208	32021	32022	29613	34523	27525	36856	26312	38289	25280	39557
32210	5989	5990	4975	7098	4141	8177	3679	8859	3300	9474
32211	1120	1120	708	1626	417	2162	280	2520	183	2852
32212	1020	1020	629	1505	357	2022	231	2368	144	2691
32213	470	471	220	815	75	1206	25	1476	3	1734
32214	1947	1948	1389	2600	967	3268	751	3704	585	4106
32215	587	587	302	966	125	1389	56	1678	18	1951
32307	1375	1375	913	1930	578	2511	414	2896	293	3252
32309	41477	41478	38730	44318	36336	46957	34941	48573	33750	49999
32311	892	892	529	1348	283	1840	172	2171	98	2481
32313	14704	14705	13087	16415	11712	18036	10926	19042	10265	19939
32315	854	854	500	1302	262	1786	156	2112	86	2417
32316	691	691	377	1098	175	1546	91	1850	40	2137
32317	861	861	506	1311	266	1796	159	2123	88	2429
32318	1059	1060	660	1553	381	2078	250	2429	159	2756
32319	12160	12161	10694	13720	9454	15205	8749	16130	8159	16956
32320	1547	1547	1054	2133	691	2742	511	3143	376	3514
32321	1370	1370	909	1924	575	2505	411	2888	291	3244
32322	356	356	144	661	34	1017	5	1267	0	1506
32323	1370	1370	909	1924	575	2505	411	2888	291	3244
32324	1964	1964	1403	2619	978	3289	761	3727	594	4129
32325	1420	1420	950	1983	607	2572	439	2960	314	3320
32326	922	923	553	1386	300	1884	186	2219	109	2532
32327	732	732	408	1150	196	1607	106	1917	51	2209
32328	1114	1114	703	1618	413	2154	277	2510	180	2843
32329	2421	2422	1793	3144	1308	3875	1055	4348	856	4782
32401	1900	1900	1349	2545	933	3206	721	3638	559	4036
32402	1091	1091	685	1591	400	2122	266	2477	171	2807
32500	1590	1590	1090	2184	720	2799	535	3204	397	3578
32601	1211	1211	780	1735	473	2288	326	2655	220	2996
32602	2325	2325	1711	3034	1238	3752	991	4219	799	4646
32702	1377	1377	915	1933	579	2514	415	2899	294	3255
32703	2328	2328	1713	3037	1240	3756	993	4223	801	4651
32704	9562	9562	8267	10950	7182	12281	6569	13114	6059	13860
32800	1204	1205	775	1728	469	2279	323	2646	218	2987
40100	8154	8155	6962	9440	5970	10679	5412	11456	4950	12154
40200	3411	3412	2657	4259	2058	5104	1737	5646	1479	6139
40300	2848	2849	2163	3627	1627	4410	1342	4914	1117	5375
40400	3192	3192	2464	4014	1888	4835	1581	5362	1336	5843
40500	1341	1341	886	1891	556	2466	395	2847	278	3200
40700	27159	27160	24945	29467	23032	31626	21924	32954	20983	34131
40800	13090	13091	11568	14707	10277	16244	9541	17200	8924	18052
40900	424	424	189	753	57	1131	15	1393	0	1643
41000	7682	7682	6526	8931	5566	10137	5028	10895	4583	11576
41100	4294	4294	3442	5240	2755	6173	2381	6767	2078	7306
41201	193	193	49	430	1	725	0	937	0	1144
41202	3174	3175	2448	3994	1875	4813	1569	5340	1325	5820
41301	3192	3192	2464	4014	1888	4835	1581	5362	1336	5843
41303	4226	4227	3381	5165	2701	6091	2331	6682	2031	7217
41304	33097	33098	30648	35640	28523	38010	27288	39465	26237	40752
41400	2266	2267	1660	2966	1195	3677	953	4139	765	4563
41500	738	738	412	1158	200	1616	109	1927	52	2220
41601	1399	1399	933	1959	594	2544	427	2931	305	3289
41605	1048	1048	651	1539	374	2062	245	2412	155	2738
41606	902	902	537	1361	289	1855	177	2187	102	2498
41607	279	279	97	555	13	884	0	1117	0	1342
41608	810	810	466	1247	238	1722	137	2042	72	2343
41701	2781	2782	2105	3552	1576	4326	1296	4826	1075	5283
41703	1296	1296	849	1837	527	2405	371	2781	258	3130
41704	4397	4398	3534	5354	2838	6296	2458	6896	2150	7440
41805	8967	8968	7715	10313	6668	11606	6078	12416	5588	13143
41806	2607	2607	1954	3355	1446	4108	1178	4596	968	5042
41808	1399	1399	933	1959	594	2544	427	2931	305	3289
41809	265	265	89	535	11	859	0	1090	0	1312
41810	550	550	275	919	108	1331	45	1615	12	1883
41811	3544	3544	2774	4407	2161	5266	1831	5816	1567	6316
41812	1257	1258	818	1791	503	2352	351	2724	241	3070
41901	8150	8151	6959	9436	5966	10674	5409	11452	4947	12149
41903	4455	4455	3586	5417	2884	6365	2501	6968	2190	7515
41904	2390	2390	1766	3108	1285	3835	1034	4306	838	4738
41905	4292	4292	3440	5238	2754	6170	2379	6765	2076	7303
42001	1340	1340	885	1889	556	2465	395	2845	278	3198
42003	384	384	162	699	43	1064	8	1319	0	1563
42004	1047	1047	650	1538	373	2061	244	2410	154	2736
42005	4193	4193	3352	5128	2674	6051	2306	6640	2008	7174
42006	5444	5445	4479	6504	3690	7538	3255	8194	2899	8786
50101	244	244	77	505	7	821	0	1047	0	1265
50102	1249	1250	811	1781	498	2341	346	2712	237	3057
50200	986	986	602	1464	337	1975	215	2317	131	2636
50300	854	854	500	1302	262	1786	156	2112	86	2417
50401	2243	2243	1640	2940	1178	3648	938	4108	752	4530
50402	5637	5638	4654	6714	3849	7765	3404	8430	3040	9030
50500	6279	6279	5239	7413	4383	8515	3907	9211	3516	9838
50600	157	157	32	376	0	653	0	856	0	1054
50700	2223	2223	1623	2916	1163	3622	925	4080	740	4501
50800	1547	1547	1054	2133	691	2742	511	3143	376	3514
50900	2475	2476	1840	3205	1348	3942	1090	4420	888	4858
51000	10674	10675	9304	12139	8150	13538	7496	14412	6951	15193
51100	5772	5773	4777	6862	3961	7923	3510	8595	3139	9201
51200	1084	1084	679	1583	395	2112	262	2466	168	2795
51300	1899	1899	1348	2544	932	3205	720	3637	558	4035
51400	20411	20412	18498	22418	16856	24306	15909	25472	15110	26508
51500	6630	6631	5560	7794	4677	8923	4185	9635	3780	10276
51601	2007	2008	1440	2669	1009	3346	788	3787	618	4192
51602	1417	1418	948	1981	606	2569	437	2958	313	3317
51701	4083	4083	3253	5006	2587	5919	2224	6501	1932	7029
51702	7786	7787	6623	9044	5655	10257	5113	11019	4664	11704
51802	8958	8959	7707	10304	6660	11596	6071	12406	5580	13132
51803	1184	1184	759	1703	457	2251	312	2616	209	2954
51804	2845	2846	2160	3624	1624	4406	1340	4910	1115	5371
51905	5082	5082	4151	6107	3393	7111	2976	7748	2636	8323
51912	4247	4248	3400	5189	2718	6117	2346	6709	2046	7245
51913	566	567	287	940	116	1357	50	1643	15	1914
51914	584	584	299	962	124	1384	55	1673	18	1946
51915	1155	1156	736	1669	439	2212	298	2573	197	2909
51916	1363	1364	904	1917	571	2496	408	2879	288	3234
51917	473	473	221	818	76	1209	25	1480	3	1737
51918	1859	1859	1315	2498	905	3153	696	3582	537	3977
51921	966	967	587	1440	326	1947	206	2287	124	2604
51922	2484	2485	1848	3215	1355	3954	1096	4432	894	4870
51923	3955	3956	3140	4865	2485	5765	2131	6340	1844	6862
51924	1085	1085	680	1584	396	2114	263	2467	169	2797
51925	13016	13017	11498	14628	10211	16161	9478	17114	8863	17965
51926	1984	1984	1420	2642	993	3315	773	3755	605	4159
51927	820	820	474	1260	243	1737	142	2058	76	2360
51928	2757	2757	2084	3524	1558	4296	1280	4794	1060	5249
52003	463	463	215	806	72	1194	23	1464	2	1720
52004	1654	1654	1143	2259	763	2884	573	3295	429	3674
52005	841	841	490	1285	255	1766	150	2091	82	2395
52006	454	454	209	793	68	1179	21	1447	2	1702
52007	1513	1514	1027	2094	669	2698	491	3095	359	3463
52104	933	933	561	1399	306	1899	191	2235	112	2549
52105	1786	1786	1253	2413	854	3058	652	3480	498	3869
52107	1064	1064	663	1558	383	2084	252	2435	160	2762
52108	2707	2708	2041	3468	1521	4234	1246	4729	1030	5181
52112	765	765	432	1191	214	1656	119	1970	59	2266
52113	380	381	160	695	42	1059	8	1313	0	1556
52114	619	619	325	1007	140	1437	66	1731	24	2009
52115	907	907	541	1367	292	1862	179	2195	103	2506
52118	1911	1911	1358	2558	941	3221	728	3654	565	4052
52203	3388	3388	2636	4233	2040	5076	1720	5616	1464	6108
52204	3654	3654	2872	4530	2248	5400	1911	5957	1640	6463
52206	658	658	353	1057	159	1497	80	1796	33	2079
52207	615	615	322	1002	138	1431	65	1725	24	2002
52208	3458	3458	2698	4311	2094	5161	1770	5706	1510	6201
52209	4151	4152	3315	5082	2641	6001	2275	6588	1979	7120
52301	657	657	352	1056	159	1495	79	1795	32	2077
52302	818	818	473	1257	242	1734	141	2055	75	2357
52401	3378	3378	2627	4222	2032	5063	1713	5603	1457	6094
52402	3144	3144	2422	3960	1852	4776	1547	5300	1305	5778
52502	2236	2236	1634	2932	1173	3639	933	4098	747	4520
52503	1207	1208	778	1731	471	2284	325	2650	219	2991
52504	848	848	495	1294	259	1777	153	2102	84	2407
52603	410	411	180	736	52	1109	12	1369	0	1617
52604	2057	2057	1482	2726	1044	3410	819	3855	646	4264
52605	2756	2756	2083	3523	1557	4295	1279	4793	1060	5248
52606	1285	1285	840	1824	520	2390	365	2765	253	3113
52607	768	768	435	1195	215	1660	120	1975	60	2271
52701	352	353	142	657	33	1012	4	1261	0	1499
52705	624	624	328	1014	143	1445	68	1740	25	2018
52706	914	914	546	1376	296	1873	182	2206	106	2518
52707	364	364	149	673	36	1031	5	1282	0	1523
52708	396	396	170	716	47	1085	10	1342	0	1588
52709	288	288	102	568	15	900	0	1136	0	1363
52803	12981	12982	11465	14591	10180	16122	9448	17074	8834	17924
52804	2248	2248	1645	2945	1182	3654	941	4115	754	4537
52805	2110	2110	1527	2787	1082	3478	853	3927	675	4340
52806	489	489	233	839	82	1236	29	1509	5	1769
52903	5712	5712	4722	6796	3911	7852	3463	8521	3095	9124
52904	737	737	412	1156	199	1615	108	1926	52	2218
52905	2366	2366	1745	3080	1267	3804	1018	4273	823	4704
52906	627	627	331	1018	144	1450	69	1745	26	2024
53101	458	458	211	799	70	1186	22	1454	2	1710
53102	2761	2761	2087	3529	1561	4301	1283	4800	1063	5255
53201	747	747	419	1169	204	1630	112	1942	55	2236
53202	509	509	246	865	91	1267	34	1543	7	1806
53301	4854	4854	3945	5857	3207	6840	2802	7465	2472	8031
53302	1393	1393	928	1952	590	2536	424	2922	302	3280
53400	1336	1336	882	1884	553	2459	393	2839	276	3192
53504	3652	3652	2870	4528	2246	5398	1909	5954	1639	6460
53505	517	517	252	876	94	1280	36	1558	8	1822
53506	644	644	343	1039	152	1475	75	1773	29	2053
53507	3450	3450	2691	4302	2088	5151	1764	5695	1504	6190
53508	2573	2573	1924	3315	1420	4065	1155	4550	947	4994
53509	7188	7188	6071	8398	5147	9568	4630	10305	4203	10967
990100	0	0	0	57	0	188	0	304	0	426
53602	1748	1749	1222	2369	828	3008	629	3428	478	3814
53603	624	624	328	1014	143	1445	68	1740	25	2018
53604	1389	1389	925	1947	587	2531	422	2916	300	3273
53700	2567	2568	1919	3310	1416	4059	1152	4543	944	4987
53801	657	657	352	1056	159	1495	79	1795	32	2077
53802	1867	1867	1321	2507	910	3164	701	3593	541	3989
53803	1076	1076	673	1573	391	2101	258	2454	165	2782
60200	20319	20320	18411	22322	16772	24206	15829	25370	15031	26403
60300	1703	1704	1184	2317	797	2950	602	3365	455	3748
60400	695	695	380	1104	178	1552	93	1857	41	2144
60500	1776	1776	1245	2401	847	3044	645	3466	493	3854
60600	2217	2217	1618	2909	1159	3614	921	4072	736	4492
60700	1941	1942	1384	2593	962	3260	747	3696	582	4097
60800	1406	1407	939	1968	598	2554	431	2941	308	3300
60903	582	582	298	960	123	1381	55	1669	17	1942
60904	1601	1601	1099	2197	727	2814	542	3220	403	3595
60905	1768	1768	1238	2391	841	3034	641	3455	488	3842
60906	2330	2331	1715	3039	1241	3759	995	4226	802	4654
61001	687	687	374	1093	173	1540	90	1844	39	2130
61002	4370	4370	3510	5324	2816	6263	2437	6862	2131	7405
61100	6109	6110	5084	7229	4241	8317	3774	9005	3389	9625
61200	1292	1292	846	1832	525	2399	369	2775	256	3124
61300	1484	1484	1002	2059	649	2658	475	3053	345	3418
61400	9565	9565	8270	10953	7184	12285	6572	13118	6061	13864
61500	12805	12806	11299	14404	10024	15925	9298	16872	8689	17717
61601	32416	32417	29993	34933	27891	37281	26670	38722	25632	39996
61602	13836	13837	12269	15497	10939	17073	10179	18053	9542	18926
61700	7252	7253	6131	8467	5202	9643	4682	10382	4253	11047
61800	1282	1282	838	1820	518	2386	364	2760	252	3108
61900	2018	2018	1448	2681	1016	3359	794	3801	624	4207
62000	1049	1049	652	1541	375	2064	245	2413	155	2739
62300	508	508	246	864	90	1265	34	1542	7	1804
62400	1320	1320	868	1865	542	2437	384	2815	268	3167
62500	1362	1363	903	1916	570	2495	407	2878	288	3233
62600	31185	31187	28810	33655	26751	35960	25555	37375	24539	38628
62801	2832	2832	2149	3609	1614	4390	1331	4893	1107	5353
62802	1231	1231	797	1759	486	2316	337	2685	229	3028
62900	2534	2534	1890	3272	1391	4017	1129	4499	924	4940
63000	2938	2939	2242	3729	1695	4522	1404	5033	1174	5499
63100	1502	1502	1017	2081	661	2683	485	3079	354	3446
63200	1065	1065	664	1559	384	2085	253	2437	161	2764
63300	1872	1873	1326	2513	914	3170	704	3600	544	3996
63400	2848	2849	2163	3627	1627	4410	1342	4914	1117	5375
63501	1624	1624	1118	2224	743	2845	555	3253	414	3630
63502	631	631	334	1023	146	1456	70	1752	27	2031
70100	1386	1386	922	1944	585	2527	420	2912	299	3269
70203	3130	3130	2409	3944	1841	4758	1537	5282	1296	5759
70204	256	256	83	522	9	842	0	1071	0	1291
70205	919	920	550	1382	299	1880	185	2214	108	2527
70206	444	444	202	780	64	1163	19	1428	1	1682
70207	3050	3050	2339	3854	1780	4660	1482	5178	1245	5651
70307	572	572	291	947	118	1365	51	1652	16	1923
70308	1002	1002	615	1484	347	1998	223	2342	137	2663
70309	2015	2016	1447	2678	1015	3356	793	3798	622	4204
70310	2299	2299	1688	3004	1219	3719	974	4183	784	4609
70311	678	679	368	1083	169	1528	87	1830	37	2115
70312	1899	1899	1348	2544	932	3205	720	3637	558	4035
70313	1562	1562	1067	2151	701	2763	519	3165	383	3537
70314	407	408	178	731	51	1104	12	1363	0	1610
70315	792	793	453	1226	228	1696	130	2014	67	2313
70316	586	586	301	965	125	1387	56	1676	18	1949
70401	891	891	528	1347	282	1839	172	2170	98	2479
70403	1042	1042	646	1532	370	2054	242	2402	152	2728
70404	796	797	456	1231	231	1702	132	2021	69	2320
70703	3159	3160	2435	3977	1864	4795	1558	5320	1315	5799
71100	768	768	435	1195	215	1660	120	1975	60	2271
71205	772	772	438	1200	217	1666	122	1982	61	2278
71206	4954	4954	4035	5966	3288	6959	2878	7589	2544	8159
71207	4460	4460	3591	5423	2888	6371	2505	6975	2194	7521
71208	1509	1509	1023	2089	666	2692	489	3089	357	3457
71209	523	523	256	884	97	1289	38	1569	9	1833
71210	4659	4659	3769	5642	3049	6608	2654	7223	2334	7779
71304	2095	2095	1514	2770	1071	3458	843	3906	667	4318
71305	2971	2971	2270	3766	1720	4562	1427	5075	1194	5543
71306	1371	1371	910	1926	575	2506	412	2890	292	3245
71307	1331	1331	877	1878	550	2452	390	2832	273	3184
71309	1335	1335	881	1883	552	2458	392	2838	275	3190
71310	917	918	549	1380	298	1877	184	2211	107	2523
71403	1191	1191	765	1712	461	2261	316	2626	212	2966
71406	10102	10103	8770	11528	7651	12893	7018	13746	6491	14510
71407	1051	1052	654	1543	376	2067	246	2416	156	2742
71408	1991	1991	1426	2650	998	3325	778	3765	609	4169
71409	678	679	368	1083	169	1528	87	1830	37	2115
71410	1798	1798	1263	2427	862	3074	659	3497	504	3887
71411	871	871	513	1323	272	1811	163	2139	92	2447
71503	3167	3168	2442	3986	1870	4805	1564	5331	1320	5810
71504	2982	2982	2280	3778	1728	4576	1434	5089	1201	5558
71505	1432	1432	960	1998	615	2588	445	2978	320	3339
71506	374	374	156	687	40	1049	7	1302	0	1544
71601	1440	1440	966	2008	620	2599	450	2990	324	3351
71602	2918	2918	2224	3706	1680	4497	1390	5006	1161	5471
71703	1106	1107	697	1610	409	2144	273	2500	177	2831
71704	893	893	530	1350	284	1842	173	2173	99	2482
71705	1662	1662	1150	2268	769	2895	578	3306	433	3686
71706	985	985	601	1462	337	1973	215	2315	131	2635
71707	1169	1169	747	1685	447	2230	305	2593	203	2930
71803	2758	2758	2085	3526	1559	4297	1280	4796	1061	5251
71805	2055	2055	1480	2724	1043	3407	818	3852	645	4261
71806	1068	1068	666	1563	386	2090	254	2441	162	2769
71807	11055	11055	9659	12544	8483	13966	7816	14853	7258	15647
71808	1752	1753	1225	2374	831	3014	631	3433	480	3820
71901	6413	6414	5361	7559	4495	8671	4013	9373	3616	10005
71902	1409	1410	941	1971	600	2558	433	2946	310	3305
72000	1628	1629	1122	2229	746	2850	558	3259	416	3636
72105	2800	2800	2121	3573	1590	4349	1309	4850	1087	5308
72106	1902	1902	1350	2547	935	3209	722	3641	560	4039
72107	1413	1414	945	1976	603	2564	435	2952	312	3311
72108	656	656	352	1054	158	1494	79	1793	32	2075
72109	964	965	585	1437	325	1944	205	2284	123	2601
72111	331	331	128	627	26	975	2	1219	0	1454
72112	547	547	273	915	107	1327	44	1609	12	1877
72305	1526	1527	1038	2110	678	2715	499	3114	366	3483
72307	773	773	439	1201	218	1668	122	1983	62	2280
72308	1841	1841	1299	2476	892	3129	685	3557	527	3950
72309	773	773	439	1201	218	1668	122	1983	62	2280
72310	2466	2466	1832	3194	1341	3931	1084	4408	883	4845
72311	4355	4355	3496	5307	2804	6245	2426	6843	2120	7385
72312	1224	1224	791	1751	482	2306	333	2675	226	3017
72313	425	425	189	755	57	1132	15	1395	0	1645
72405	607	607	316	991	134	1419	62	1711	22	1987
72406	1264	1264	823	1798	507	2360	354	2733	243	3079
72407	2217	2217	1618	2909	1159	3614	921	4072	736	4492
72408	5626	5627	4644	6702	3840	7752	3396	8416	3032	9016
72409	340	340	134	640	29	991	3	1237	0	1473
72410	336	336	131	634	28	984	3	1229	0	1465
72503	674	675	365	1078	167	1521	85	1823	36	2108
72504	2780	2781	2104	3551	1575	4325	1296	4825	1075	5282
72505	4620	4621	3735	5600	3018	6563	2625	7175	2307	7730
72506	346	346	138	649	31	1001	4	1249	0	1486
72507	3154	3154	2431	3972	1860	4788	1555	5314	1312	5792
72601	910	910	543	1371	293	1867	181	2200	105	2511
72602	1167	1167	745	1682	446	2227	304	2590	202	2927
72603	2926	2927	2231	3715	1686	4507	1396	5017	1166	5482
72800	4892	4893	3980	5899	3238	6886	2831	7513	2500	8080
72901	3380	3380	2629	4224	2034	5066	1714	5605	1459	6097
72903	3183	3184	2456	4005	1882	4825	1575	5352	1331	5832
900202	0	0	0	57	0	188	0	304	0	426
72906	16007	16008	14318	17790	12878	19476	12053	20521	11358	21452
990002	10	10	0	100	0	262	0	395	0	533
73001	1544	1544	1052	2130	689	2738	509	3139	374	3509
73005	501	502	241	856	88	1255	32	1531	6	1793
73006	912	912	545	1374	295	1870	181	2203	105	2515
73108	4133	4134	3298	5062	2627	5980	2262	6565	1966	7096
73110	1608	1608	1105	2205	732	2823	546	3230	406	3605
73111	2329	2330	1714	3038	1241	3758	994	4224	802	4652
73113	1090	1090	684	1590	399	2121	265	2475	171	2805
73114	445	445	202	781	65	1164	19	1430	1	1684
73115	444	444	202	780	64	1163	19	1428	1	1682
73116	325	326	125	620	25	966	2	1209	0	1443
73117	1034	1034	640	1522	365	2042	238	2390	149	2714
73118	648	648	346	1044	154	1481	76	1779	30	2061
73119	729	729	405	1146	195	1603	105	1912	50	2204
73120	1278	1278	834	1815	516	2380	362	2754	250	3102
73121	2553	2554	1907	3294	1406	4041	1142	4524	935	4967
73122	4064	4064	3236	4985	2571	5896	2210	6477	1918	7004
73123	1709	1709	1189	2323	801	2956	605	3372	458	3755
73124	1043	1043	647	1533	371	2055	242	2404	153	2729
73125	1846	1846	1303	2482	896	3136	688	3564	530	3957
73126	451	451	207	789	67	1174	20	1441	2	1696
73200	3121	3121	2401	3934	1834	4747	1531	5270	1290	5747
73301	11654	11654	10220	13182	9009	14638	8321	15546	7745	16358
73302	1848	1848	1305	2485	897	3139	689	3567	531	3960
73404	3318	3318	2575	4155	1986	4990	1670	5526	1418	6014
73405	3978	3978	3159	4890	2503	5792	2147	6368	1860	6891
73406	3314	3314	2571	4151	1983	4985	1667	5521	1415	6008
73407	6161	6161	5131	7285	4284	8377	3814	9068	3428	9690
73408	1231	1231	797	1759	486	2316	337	2685	229	3028
73500	2047	2047	1473	2715	1037	3397	813	3841	640	4250
80101	377	377	158	691	41	1054	7	1307	0	1550
80102	1833	1833	1292	2467	886	3119	680	3545	523	3938
80200	2402	2403	1777	3122	1294	3850	1042	4322	845	4755
80300	4071	4071	3242	4993	2577	5904	2215	6486	1923	7013
80400	1046	1046	649	1537	373	2060	244	2409	154	2734
80500	7178	7179	6063	8388	5139	9558	4623	10294	4197	10956
80600	1850	1850	1307	2487	898	3141	690	3569	532	3963
80700	1239	1239	803	1769	491	2327	341	2697	233	3041
80800	577	577	294	953	120	1373	53	1660	17	1932
80900	6167	6168	5137	7291	4289	8385	3819	9075	3432	9697
81000	1956	1956	1396	2609	972	3279	756	3716	589	4117
81100	3419	3420	2664	4269	2065	5114	1742	5656	1484	6150
81200	1270	1270	828	1806	511	2369	357	2742	246	3089
81400	13731	13732	12171	15386	10846	16957	10090	17933	9455	18804
90101	2245	2245	1642	2942	1179	3650	939	4111	753	4533
90102	2574	2574	1925	3317	1421	4066	1156	4551	948	4995
90201	2021	2021	1451	2684	1018	3363	796	3805	625	4212
90202	1646	1646	1136	2249	758	2873	568	3283	425	3662
90300	4659	4659	3769	5642	3049	6608	2654	7223	2334	7779
90400	1546	1546	1053	2132	691	2741	510	3142	375	3512
90501	4393	4394	3531	5349	2835	6291	2455	6891	2147	7435
90502	2490	2491	1853	3222	1359	3962	1100	4441	898	4879
90700	1258	1259	819	1792	503	2353	351	2726	241	3071
90800	1836	1836	1295	2471	888	3123	682	3550	524	3943
90900	6782	6783	5699	7959	4805	9100	4306	9818	3895	10465
91000	1567	1567	1071	2157	705	2769	522	3172	386	3544
91100	2614	2614	1960	3363	1451	4117	1183	4605	972	5051
91201	9618	9619	8319	11010	7231	12345	6616	13180	6104	13928
91203	827	827	480	1269	247	1747	145	2070	78	2372
91204	2223	2223	1623	2916	1163	3622	925	4080	740	4501
91301	655	655	351	1053	158	1492	78	1791	32	2073
91302	2789	2790	2112	3561	1582	4337	1302	4837	1080	5294
91400	420	420	186	748	56	1124	14	1386	0	1635
91500	752	753	423	1176	207	1638	114	1950	56	2244
91600	1893	1893	1343	2536	928	3197	717	3629	555	4026
91700	948	948	573	1417	315	1921	198	2258	118	2574
91800	1689	1690	1172	2300	788	2931	594	3345	448	3727
91900	1020	1020	629	1505	357	2022	231	2368	144	2691
92000	673	674	364	1076	167	1520	85	1822	36	2106
92100	5131	5132	4196	6161	3434	7169	3014	7809	2672	8387
92200	3128	3128	2408	3942	1839	4756	1536	5279	1295	5756
92300	3644	3644	2863	4519	2240	5388	1904	5944	1634	6450
92400	1437	1437	964	2004	618	2595	448	2985	323	3347
92500	2732	2732	2062	3496	1539	4264	1263	4761	1045	5214
92600	773	773	439	1201	218	1668	122	1983	62	2280
92701	725	725	402	1141	193	1597	104	1906	49	2196
92704	657	657	352	1056	159	1495	79	1795	32	2077
92801	1627	1628	1121	2228	745	2849	557	3257	416	3634
92802	559	559	282	931	113	1346	48	1631	14	1900
92803	247	247	79	510	7	827	0	1053	0	1272
92901	1198	1199	770	1720	466	2271	320	2637	215	2977
92902	917	918	549	1380	298	1877	184	2211	107	2523
940000	269	269	91	541	11	867	0	1098	0	1321
940001	8150	8151	6959	9436	5966	10674	5409	11452	4947	12149
940002	14040	14041	12462	15713	11120	17300	10355	18286	9711	19165
940003	3433	3434	2677	4284	2076	5131	1752	5674	1494	6169
940004	1572	1573	1075	2163	708	2776	525	3179	388	3552
940005	1153	1154	735	1666	438	2209	297	2570	196	2906
940006	719	719	398	1133	190	1587	101	1896	47	2186
940007	2726	2726	2056	3489	1534	4257	1258	4753	1041	5206
940008	565	566	286	939	115	1355	50	1641	15	1912
940009	2934	2935	2238	3725	1692	4517	1401	5027	1171	5493
940010	4690	4691	3798	5677	3074	6646	2678	7262	2356	7820
940011	508	508	246	864	90	1265	34	1542	7	1804
940100	2017	2017	1447	2680	1016	3357	794	3799	623	4206
