tract10_id mean median lower_50 upper_50 lower_80 upper_80 lower_90 upper_90 lower_95 upper_95
100	3645	3645	3288	4021	2982	4376	2806	4595	2657	4790
200	4223	4223	3837	4627	3506	5006	3315	5241	3153	5449
300	1233	1233	1029	1456	861	1672	768	1809	691	1932
401	3439	3438	3092	3804	2795	4149	2625	4362	2481	4552
402	2368	2368	2082	2673	1840	2963	1702	3144	1587	3306
500	1760	1760	1514	2024	1309	2277	1193	2436	1097	2579
600	4143	4143	3761	4543	3433	4919	3244	5151	3084	5357
700	2409	2409	2120	2717	1876	3009	1737	3191	1620	3354
800	1176	1176	977	1394	813	1605	723	1739	648	1860
900	965	965	785	1163	640	1357	560	1480	494	1592
1000	889	889	718	1080	578	1267	502	1386	441	1494
1100	1195	1195	994	1414	829	1628	738	1762	663	1884
1200	4748	4748	4339	5176	3986	5577	3782	5824	3609	6043
1300	2316	2316	2033	2617	1794	2905	1658	3084	1544	3244
1400	2564	2564	2265	2881	2013	3182	1868	3369	1748	3536
1500	1202	1202	1001	1422	835	1636	743	1771	668	1893
1600	2028	2028	1764	2311	1541	2581	1415	2750	1310	2901
1701	1897	1897	1642	2171	1428	2434	1307	2598	1206	2745
1702	2100	2100	1831	2388	1604	2662	1476	2834	1369	2987
1800	2305	2305	2022	2606	1784	2892	1648	3071	1535	3231
1900	2554	2554	2256	2870	2004	3171	1860	3357	1739	3524
2000	1792	1792	1544	2058	1337	2314	1220	2474	1122	2618
2100	1907	1908	1651	2182	1436	2445	1315	2609	1214	2757
2200	2662	2662	2358	2985	2100	3291	1953	3482	1829	3651
2400	1714	1714	1471	1974	1269	2225	1155	2382	1060	2523
2500	1217	1217	1015	1438	848	1653	755	1789	679	1911
2600	2143	2143	1871	2434	1642	2711	1512	2884	1404	3039
2700	2469	2470	2177	2781	1929	3076	1788	3261	1670	3425
2800	2269	2269	1989	2567	1752	2852	1618	3029	1505	3188
2900	1999	1999	1736	2280	1516	2548	1391	2716	1287	2866
3000	2606	2606	2305	2925	2050	3229	1904	3417	1782	3586
3100	2813	2812	2500	3144	2234	3458	2082	3653	1954	3827
3200	4332	4332	3942	4741	3606	5125	3412	5362	3248	5573
3300	3407	3406	3061	3770	2766	4114	2597	4326	2454	4515
3400	1693	1694	1453	1953	1252	2202	1139	2358	1045	2498
3500	2015	2015	1751	2297	1530	2566	1405	2735	1300	2886
3600	3286	3286	2947	3644	2658	3981	2492	4190	2352	4377
3800	926	926	750	1120	608	1310	530	1431	466	1541
3900	1230	1230	1026	1453	859	1669	765	1805	689	1928
4000	1513	1513	1286	1758	1097	1995	991	2144	904	2278
4100	3411	3410	3065	3775	2770	4118	2600	4331	2457	4520
4200	3525	3525	3173	3895	2873	4244	2700	4460	2554	4651
4301	1320	1320	1108	1550	934	1772	836	1913	756	2039
4302	864	864	695	1052	558	1237	484	1355	423	1462
4400	2736	2736	2428	3063	2166	3374	2016	3566	1890	3738
4500	1033	1033	847	1238	696	1438	612	1564	544	1679
4600	1438	1438	1217	1678	1034	1909	931	2055	846	2186
4700	4057	4057	3680	4454	3355	4826	3168	5056	3010	5260
4800	2337	2337	2053	2640	1812	2928	1676	3108	1561	3269
4900	3897	3897	3527	4285	3210	4651	3027	4877	2872	5077
5000	1973	1973	1712	2252	1493	2519	1369	2686	1266	2835
5100	1748	1748	1503	2011	1298	2264	1183	2422	1087	2564
5200	3465	3465	3116	3831	2818	4178	2647	4392	2503	4582
5301	3454	3453	3106	3820	2809	4165	2638	4379	2494	4570
5302	243	244	158	347	97	457	67	530	46	597
5400	2851	2851	2536	3184	2268	3501	2115	3697	1986	3872
5600	3228	3228	2892	3582	2605	3917	2441	4125	2303	4309
5700	3178	3178	2845	3529	2560	3862	2397	4068	2260	4251
5801	2856	2856	2540	3190	2272	3506	2119	3703	1990	3878
5802	2870	2870	2554	3204	2285	3522	2131	3719	2002	3894
5900	2892	2892	2574	3228	2304	3546	2150	3744	2020	3920
6000	2905	2905	2587	3242	2316	3561	2161	3758	2031	3935
6100	3171	3171	2838	3522	2554	3854	2391	4060	2254	4243
6200	1731	1731	1487	1993	1284	2244	1169	2402	1074	2543
6300	3268	3268	2930	3625	2641	3961	2476	4170	2336	4356
6400	1381	1381	1165	1616	985	1843	885	1987	803	2115
6500	2861	2861	2545	3195	2277	3512	2123	3708	1994	3883
6600	2883	2883	2566	3218	2296	3536	2142	3733	2013	3909
6700	5150	5150	4724	5595	4355	6012	4142	6269	3961	6496
6800	1532	1532	1303	1779	1113	2017	1007	2167	919	2301
6900	2273	2273	1992	2572	1756	2856	1621	3034	1509	3193
7000	5545	5545	5102	6007	4719	6438	4497	6704	4308	6938
7100	2393	2393	2105	2700	1862	2991	1723	3173	1607	3335
7200	7071	7071	6569	7591	6133	8075	5880	8371	5663	8634
7300	5986	5986	5525	6465	5126	6913	4895	7188	4698	7431
7401	3436	3435	3089	3801	2792	4146	2622	4359	2478	4549
7402	4044	4044	3667	4440	3344	4812	3157	5042	2999	5246
7500	4579	4579	4177	4999	3831	5393	3631	5636	3462	5852
7600	2076	2076	1808	2362	1583	2635	1456	2806	1349	2959
7700	2371	2371	2085	2676	1842	2967	1704	3148	1589	3309
7800	2604	2604	2303	2923	2048	3226	1903	3415	1781	3583
7900	3451	3450	3103	3817	2806	4162	2635	4376	2491	4566
8001	5199	5200	4771	5647	4400	6065	4186	6323	4004	6551
8002	2504	2504	2209	2817	1959	3115	1817	3300	1698	3465
8100	4574	4574	4172	4994	3826	5388	3627	5631	3457	5846
8200	4786	4787	4375	5216	4021	5618	3816	5866	3642	6086
8300	3218	3218	2883	3572	2596	3906	2432	4113	2294	4298
8400	4376	4376	3984	4787	3646	5173	3451	5411	3286	5623
8500	4267	4267	3879	4673	3546	5054	3354	5290	3191	5499
8600	2218	2218	1941	2513	1707	2795	1575	2970	1464	3127
8700	2096	2096	1827	2383	1601	2658	1473	2829	1365	2983
8800	1630	1630	1394	1885	1197	2130	1087	2283	995	2421
8900	2434	2435	2144	2743	1898	3037	1758	3220	1641	3384
9000	1745	1745	1500	2008	1296	2260	1181	2419	1085	2560
9100	1961	1961	1701	2239	1483	2505	1359	2672	1257	2821
9200	1847	1847	1595	2117	1384	2377	1265	2539	1166	2684
9300	1978	1978	1717	2257	1498	2524	1374	2691	1270	2841
9400	2992	2992	2669	3334	2394	3657	2237	3858	2104	4036
9500	2871	2871	2555	3206	2286	3523	2132	3720	2003	3895
9600	3216	3216	2881	3570	2595	3904	2431	4111	2292	4296
9701	3240	3240	2903	3595	2616	3930	2451	4138	2313	4323
9702	2447	2448	2156	2757	1910	3052	1769	3235	1652	3399
9800	3245	3245	2908	3600	2621	3936	2456	4144	2317	4329
9900	3597	3597	3242	3971	2938	4323	2763	4541	2616	4734
10001	1717	1717	1474	1977	1272	2228	1158	2385	1063	2526
10002	1923	1924	1666	2199	1450	2463	1328	2628	1227	2776
10100	2931	2931	2611	3269	2339	3589	2184	3788	2053	3965
10200	2141	2141	1869	2432	1640	2709	1510	2882	1402	3037
10300	2753	2753	2444	3081	2181	3393	2031	3586	1905	3758
10401	2351	2351	2066	2655	1825	2944	1687	3124	1573	3285
10402	1819	1819	1569	2087	1360	2345	1242	2506	1144	2650
10500	3498	3498	3148	3866	2848	4214	2676	4429	2531	4620
10600	4030	4030	3654	4425	3331	4797	3145	5026	2987	5230
10701	1557	1557	1326	1806	1135	2046	1027	2196	938	2332
10702	1199	1199	998	1419	833	1632	741	1767	666	1889
10800	2054	2054	1788	2338	1564	2610	1437	2780	1331	2932
10900	806	806	643	988	512	1167	440	1282	383	1385
11001	1579	1579	1347	1830	1154	2071	1045	2223	955	2359
11002	1469	1470	1246	1712	1060	1945	956	2092	870	2225
11101	1975	1975	1714	2254	1495	2521	1371	2688	1268	2837
11102	1905	1905	1649	2180	1435	2443	1313	2607	1212	2754
11200	1614	1614	1379	1867	1184	2111	1074	2264	983	2402
11300	2917	2917	2598	3254	2327	3574	2172	3772	2041	3949
11401	2077	2077	1809	2363	1584	2636	1457	2807	1350	2960
11402	2141	2141	1869	2432	1640	2709	1510	2882	1402	3037
11500	2086	2086	1818	2373	1592	2647	1464	2818	1357	2971
11600	3226	3226	2890	3580	2604	3915	2439	4122	2301	4307
11700	2351	2351	2066	2655	1825	2944	1687	3124	1573	3285
11800	3345	3345	3003	3706	2711	4046	2543	4257	2402	4445
11900	2847	2847	2532	3180	2264	3496	2111	3692	1982	3867
12000	1586	1586	1353	1837	1160	2079	1051	2231	961	2367
12100	1329	1329	1117	1559	941	1783	844	1924	763	2051
20100	1608	1608	1374	1861	1178	2104	1069	2257	978	2394
20200	2462	2463	2170	2773	1923	3069	1782	3253	1664	3417
20300	4796	4797	4385	5226	4030	5629	3825	5877	3651	6098
20401	3804	3803	3438	4188	3125	4549	2945	4772	2792	4971
20402	3221	3221	2885	3575	2599	3909	2435	4117	2297	4301
20500	6068	6069	5604	6551	5202	7001	4969	7278	4771	7522
20600	2158	2158	1885	2450	1655	2728	1525	2902	1416	3057
20700	3107	3106	2777	3454	2496	3783	2336	3987	2200	4169
20800	2281	2281	2000	2580	1763	2865	1628	3043	1515	3202
20900	4584	4584	4182	5004	3836	5399	3636	5642	3466	5858
21000	6033	6034	5571	6514	5170	6963	4937	7239	4739	7483
21100	3939	3939	3567	4330	3248	4697	3064	4924	2909	5126
21300	2204	2204	1928	2498	1695	2779	1563	2954	1452	3111
21400	1831	1831	1580	2100	1370	2358	1252	2520	1153	2665
21500	2196	2197	1921	2490	1689	2771	1557	2946	1447	3102
21600	3526	3526	3174	3896	2874	4245	2701	4461	2555	4653
21700	7678	7678	7155	8219	6700	8723	6434	9031	6208	9303
21802	3748	3747	3385	4129	3074	4488	2895	4710	2744	4907
21803	2426	2426	2136	2735	1891	3028	1751	3211	1634	3374
21804	2058	2058	1792	2343	1568	2615	1441	2785	1335	2937
21903	3391	3391	3047	3754	2752	4097	2583	4309	2441	4498
21904	2470	2471	2178	2782	1930	3078	1789	3262	1671	3426
21905	2609	2609	2308	2928	2053	3232	1907	3421	1785	3589
21906	2639	2639	2336	2960	2079	3265	1933	3455	1810	3624
22001	2536	2536	2239	2851	1988	3150	1844	3337	1724	3503
22003	2382	2382	2095	2688	1852	2979	1714	3160	1598	3322
22005	2307	2307	2024	2608	1786	2895	1650	3073	1537	3233
22006	1916	1917	1660	2192	1444	2455	1323	2620	1221	2768
22101	2617	2617	2315	2937	2060	3241	1914	3430	1791	3598
22102	3498	3498	3148	3866	2848	4214	2676	4429	2531	4620
22201	1964	1964	1704	2242	1485	2508	1362	2675	1259	2824
22202	3992	3992	3618	4385	3296	4755	3111	4983	2954	5186
22203	2770	2769	2459	3098	2195	3410	2045	3604	1918	3777
22300	1981	1981	1720	2260	1500	2528	1376	2695	1273	2845
22400	4290	4290	3901	4697	3567	5080	3374	5315	3211	5525
22500	4253	4253	3866	4658	3533	5039	3342	5274	3179	5483
22603	2706	2706	2400	3032	2139	3340	1990	3532	1865	3703
22604	2305	2305	2022	2606	1784	2892	1648	3071	1535	3231
22605	3671	3671	3312	4049	3005	4404	2828	4624	2679	4819
22606	2981	2981	2659	3322	2384	3645	2227	3845	2095	4024
22701	1796	1796	1548	2063	1340	2318	1223	2479	1125	2622
22702	1659	1659	1421	1916	1222	2163	1111	2318	1018	2457
22703	1059	1060	871	1266	717	1469	632	1597	563	1712
22801	3949	3949	3577	4340	3257	4708	3073	4935	2917	5137
22802	2526	2526	2230	2840	1979	3139	1836	3325	1716	3491
22803	3982	3982	3608	4375	3287	4744	3102	4972	2946	5175
22901	1313	1313	1102	1542	928	1764	831	1904	751	2031
22902	3088	3087	2759	3434	2479	3762	2319	3966	2184	4147
23000	2216	2216	1939	2511	1705	2792	1573	2968	1462	3125
23100	1598	1598	1364	1850	1170	2093	1061	2245	970	2382
23201	2779	2778	2468	3108	2203	3420	2052	3615	1926	3788
23202	2632	2632	2330	2953	2073	3258	1927	3447	1804	3616
23300	2679	2679	2374	3003	2115	3310	1967	3501	1843	3671
23401	2266	2266	1986	2564	1750	2849	1615	3026	1503	3184
23403	1747	1747	1502	2010	1298	2263	1182	2421	1087	2563
23404	1499	1499	1273	1743	1085	1979	980	2127	893	2260
23500	1682	1683	1442	1941	1242	2189	1130	2345	1036	2485
23601	2276	2276	1995	2575	1758	2860	1624	3038	1511	3196
23603	2808	2807	2495	3139	2229	3453	2077	3648	1950	3821
23604	2956	2956	2635	3296	2362	3617	2205	3817	2074	3994
23700	2946	2946	2626	3285	2353	3606	2197	3805	2065	3983
23801	1753	1753	1508	2016	1303	2269	1187	2428	1091	2570
23803	5602	5603	5157	6066	4772	6500	4548	6766	4358	7002
23804	7046	7046	6545	7565	6110	8048	5857	8344	5641	8606
23900	3229	3229	2893	3583	2606	3918	2442	4126	2303	4311
24000	3853	3853	3485	4239	3170	4603	2988	4827	2835	5027
24100	1852	1852	1600	2123	1389	2382	1269	2545	1170	2690
24200	1283	1283	1074	1509	902	1729	807	1868	728	1993
24300	3674	3674	3315	4052	3008	4407	2831	4627	2682	4823
24400	781	781	620	960	492	1137	422	1250	365	1352
24500	2047	2047	1781	2331	1558	2603	1431	2772	1326	2924
24601	1822	1822	1572	2091	1363	2348	1244	2509	1146	2654
24602	1427	1427	1207	1666	1024	1897	922	2042	838	2173
24701	1831	1831	1580	2100	1370	2358	1252	2520	1153	2665
24702	3907	3907	3537	4296	3219	4662	3036	4888	2881	5089
24800	3111	3110	2781	3459	2500	3788	2339	3992	2204	4174
24901	2189	2190	1914	2483	1683	2763	1551	2938	1441	3094
24902	1546	1546	1316	1794	1125	2033	1018	2183	929	2318
24903	2630	2630	2328	2951	2071	3255	1925	3445	1802	3614
25001	2301	2301	2019	2601	1780	2888	1645	3067	1532	3226
25003	3081	3080	2753	3427	2473	3755	2313	3958	2178	4139
25005	2210	2210	1933	2504	1700	2786	1568	2961	1457	3118
25006	2905	2905	2587	3242	2316	3561	2161	3758	2031	3935
25101	3168	3168	2835	3519	2551	3851	2389	4057	2252	4240
25102	3581	3581	3227	3954	2924	4305	2749	4523	2602	4716
25200	3979	3979	3605	4372	3284	4741	3099	4969	2943	5171
25301	3071	3071	2744	3417	2465	3745	2305	3948	2171	4128
25302	2302	2302	2020	2603	1781	2889	1646	3068	1532	3227
25400	3627	3627	3271	4002	2965	4356	2790	4574	2641	4769
25500	2329	2329	2045	2631	1805	2919	1669	3099	1555	3259
25601	2255	2255	1975	2552	1740	2836	1606	3013	1494	3171
25602	2914	2914	2595	3251	2324	3571	2169	3769	2039	3945
25701	4419	4420	4025	4832	3685	5220	3489	5459	3323	5672
25702	1834	1834	1583	2103	1373	2362	1254	2524	1156	2668
25803	2361	2361	2075	2665	1833	2955	1696	3136	1581	3297
25804	1918	1919	1662	2194	1446	2457	1324	2622	1223	2770
25805	2823	2823	2509	3155	2243	3469	2090	3665	1962	3839
25806	2746	2746	2437	3074	2175	3385	2025	3578	1899	3750
26001	2785	2784	2473	3114	2209	3427	2058	3621	1931	3795
26002	3594	3594	3239	3967	2935	4320	2761	4537	2613	4731
26100	4874	4874	4459	5307	4101	5713	3894	5963	3719	6185
26200	4074	4074	3696	4471	3371	4845	3184	5075	3025	5280
26300	1013	1013	829	1216	679	1414	596	1540	529	1653
26400	3314	3314	2974	3673	2683	4012	2516	4222	2375	4409
26500	2826	2826	2512	3158	2245	3473	2093	3668	1965	3843
26600	1178	1178	979	1396	815	1608	724	1742	650	1862
26700	2536	2536	2239	2851	1988	3150	1844	3337	1724	3503
26801	2383	2383	2096	2689	1853	2980	1715	3161	1599	3323
26802	2410	2410	2121	2718	1877	3010	1738	3193	1621	3355
27000	2125	2125	1854	2414	1626	2691	1497	2863	1389	3017
27100	1970	1970	1709	2248	1491	2515	1367	2682	1264	2831
27200	1350	1350	1136	1582	959	1807	860	1949	779	2077
27300	2511	2511	2215	2824	1965	3122	1823	3308	1704	3474
27400	2398	2398	2110	2705	1866	2997	1727	3179	1611	3341
27500	2118	2118	1848	2407	1620	2683	1491	2855	1383	3009
27600	1775	1775	1528	2040	1322	2294	1205	2454	1109	2597
27701	2489	2489	2195	2801	1946	3098	1804	3283	1685	3448
27702	2150	2150	1878	2441	1648	2719	1518	2892	1409	3047
27800	1600	1600	1366	1852	1172	2095	1062	2248	972	2385
27900	3544	3544	3192	3915	2890	4265	2717	4481	2571	4673
28000	1746	1746	1501	2009	1297	2261	1181	2420	1086	2562
28100	1613	1613	1378	1866	1183	2110	1073	2263	982	2400
28200	2735	2735	2427	3062	2165	3373	2015	3565	1890	3737
28300	3063	3063	2736	3409	2458	3736	2298	3939	2164	4119
28402	2294	2294	2012	2594	1774	2880	1639	3058	1526	3218
28403	2838	2838	2523	3171	2256	3486	2103	3682	1975	3857
28500	2351	2351	2066	2655	1825	2944	1687	3124	1573	3285
28600	2989	2989	2666	3331	2391	3654	2234	3854	2102	4033
28700	2339	2339	2054	2642	1814	2931	1677	3111	1563	3271
28801	1164	1164	966	1380	803	1591	713	1724	639	1845
28802	4050	4050	3673	4446	3349	4818	3162	5048	3004	5252
28901	1858	1858	1606	2129	1394	2389	1274	2552	1175	2697
28902	3260	3260	2922	3616	2634	3953	2469	4161	2330	4347
29001	2083	2083	1815	2370	1589	2643	1462	2814	1355	2967
29003	2614	2614	2313	2934	2057	3238	1911	3426	1789	3595
29004	1448	1449	1226	1689	1042	1921	939	2067	854	2199
29101	1352	1352	1138	1584	961	1810	862	1952	781	2079
29102	1888	1888	1634	2161	1420	2423	1299	2587	1199	2734
29203	1527	1527	1299	1773	1109	2011	1003	2161	915	2295
29204	4863	4863	4448	5295	4091	5701	3884	5951	3709	6172
29205	2869	2869	2553	3203	2284	3521	2130	3717	2001	3893
29206	2449	2450	2158	2759	1911	3054	1771	3238	1653	3401
29303	3733	3733	3372	4114	3061	4472	2883	4694	2732	4891
29304	3246	3246	2909	3601	2622	3937	2457	4145	2318	4330
29305	2444	2445	2153	2754	1907	3048	1767	3232	1649	3396
29306	2274	2274	1993	2573	1757	2858	1622	3035	1510	3194
29307	1825	1825	1575	2094	1365	2352	1247	2513	1148	2658
29403	2814	2813	2501	3145	2235	3459	2083	3655	1955	3828
29405	2428	2428	2138	2737	1893	3031	1753	3213	1636	3377
29406	2282	2282	2001	2581	1764	2867	1629	3045	1516	3203
29407	2065	2065	1798	2350	1574	2623	1447	2793	1340	2946
29408	1848	1848	1596	2118	1385	2378	1266	2540	1167	2685
29502	3164	3164	2831	3515	2548	3846	2385	4052	2248	4235
29503	3817	3817	3451	4201	3137	4563	2956	4787	2804	4986
29504	2827	2827	2513	3159	2246	3474	2094	3669	1966	3844
29601	3274	3274	2936	3631	2647	3968	2481	4177	2342	4363
29602	3026	3026	2701	3370	2425	3695	2266	3896	2133	4076
29700	3894	3894	3524	4282	3207	4648	3024	4873	2870	5074
29801	3641	3641	3284	4017	2978	4371	2802	4590	2653	4785
29802	3861	3861	3493	4248	3177	4612	2995	4836	2841	5036
29901	2697	2697	2391	3022	2131	3330	1983	3522	1858	3693
29902	3094	3093	2765	3441	2485	3769	2324	3973	2189	4154
30003	3535	3535	3183	3905	2882	4255	2709	4471	2563	4663
30004	3437	3436	3090	3802	2793	4147	2623	4360	2479	4550
30005	2661	2661	2357	2984	2099	3290	1952	3480	1828	3650
30006	2463	2464	2171	2774	1924	3070	1783	3254	1665	3418
30100	3520	3520	3169	3889	2868	4238	2696	4454	2550	4646
30201	2424	2424	2134	2733	1889	3026	1750	3209	1633	3372
30202	3425	3424	3078	3789	2782	4134	2612	4347	2469	4536
30304	2186	2187	1912	2480	1680	2760	1548	2934	1439	3090
30305	2698	2698	2392	3023	2132	3331	1983	3523	1859	3694
30306	2452	2453	2161	2762	1914	3057	1774	3241	1656	3405
30308	2571	2571	2272	2888	2019	3190	1874	3377	1753	3544
30309	2861	2861	2545	3195	2277	3512	2123	3708	1994	3883
30310	2604	2604	2303	2923	2048	3226	1903	3415	1781	3583
30311	1786	1786	1538	2052	1331	2307	1215	2467	1117	2610
30312	2309	2309	2026	2610	1787	2897	1652	3076	1538	3236
30313	2960	2960	2639	3300	2365	3622	2209	3821	2077	3999
30314	2437	2438	2147	2746	1901	3041	1761	3224	1643	3387
30401	4966	4966	4547	5403	4186	5813	3977	6065	3799	6288
30403	2373	2373	2086	2678	1844	2969	1706	3150	1591	3312
30404	3353	3353	3011	3714	2718	4055	2550	4266	2409	4454
30501	1066	1067	877	1274	723	1477	637	1605	568	1721
30503	2834	2834	2520	3166	2252	3482	2100	3677	1972	3852
30504	2223	2223	1945	2518	1712	2800	1579	2976	1468	3133
30600	2539	2539	2242	2854	1990	3154	1847	3340	1727	3507
30700	1770	1770	1523	2035	1317	2289	1201	2448	1105	2591
30801	3360	3360	3018	3722	2724	4063	2556	4274	2415	4462
30802	1657	1657	1419	1914	1221	2161	1109	2315	1016	2454
30901	1439	1439	1218	1679	1035	1911	932	2056	847	2187
30902	2340	2340	2055	2643	1815	2932	1678	3112	1564	3272
31000	3178	3178	2845	3529	2560	3862	2397	4068	2260	4251
31100	3516	3516	3165	3885	2865	4234	2692	4449	2547	4641
31202	2620	2620	2318	2940	2062	3244	1916	3433	1794	3602
31204	2889	2889	2572	3225	2302	3543	2147	3740	2018	3916
31205	4439	4440	4044	4853	3704	5242	3507	5482	3341	5694
31206	2245	2245	1966	2542	1731	2825	1598	3002	1486	3159
31301	2262	2262	1982	2560	1746	2844	1612	3021	1500	3180
31302	2318	2318	2035	2620	1795	2907	1659	3086	1546	3246
31400	3016	3016	2692	3359	2416	3684	2257	3885	2124	4064
31501	2040	2040	1775	2323	1552	2595	1426	2764	1320	2916
31502	2740	2740	2432	3068	2169	3378	2020	3571	1894	3743
31601	1917	1918	1661	2193	1445	2456	1323	2621	1222	2769
31603	6256	6256	5785	6745	5376	7202	5139	7483	4937	7731
31604	2315	2315	2032	2616	1793	2904	1657	3083	1543	3243
31605	2467	2468	2175	2778	1927	3074	1786	3258	1668	3423
31703	3702	3702	3342	4081	3033	4438	2856	4659	2706	4855
31704	3093	3092	2764	3440	2484	3768	2323	3971	2188	4153
31705	1473	1474	1250	1716	1064	1950	960	2097	874	2229
31706	1876	1876	1622	2149	1409	2410	1289	2573	1189	2719
31800	2665	2665	2361	2988	2102	3294	1955	3485	1831	3655
31903	3378	3378	3035	3741	2741	4083	2572	4295	2430	4483
31904	1744	1744	1499	2007	1295	2259	1180	2417	1084	2559
31906	2174	2175	1900	2467	1669	2746	1538	2920	1429	3076
31907	3239	3239	2903	3594	2615	3929	2451	4137	2312	4322
31908	1886	1886	1632	2159	1418	2421	1298	2585	1197	2731
31909	1575	1575	1343	1825	1150	2066	1042	2218	952	2354
32002	1850	1850	1598	2121	1387	2380	1268	2542	1168	2688
32003	2808	2807	2495	3139	2229	3453	2077	3648	1950	3821
32005	2735	2735	2427	3062	2165	3373	2015	3565	1890	3737
32006	1976	1976	1715	2255	1496	2522	1372	2689	1269	2839
32007	1824	1824	1574	2093	1364	2350	1246	2512	1148	2656
32008	1922	1923	1665	2198	1450	2462	1328	2627	1226	2775
32010	2053	2053	1787	2337	1563	2609	1436	2779	1331	2931
32011	1674	1675	1435	1932	1235	2180	1123	2336	1030	2475
32102	2404	2404	2116	2711	1871	3004	1733	3186	1616	3348
32103	2561	2561	2263	2877	2010	3178	1866	3366	1745	3533
32104	3434	3433	3087	3799	2790	4143	2620	4357	2477	4547
32203	4324	4324	3934	4733	3598	5117	3405	5353	3241	5564
32207	1708	1708	1466	1968	1264	2218	1150	2375	1056	2515
32208	4751	4751	4342	5179	3989	5580	3785	5828	3612	6047
32210	5696	5696	5246	6163	4858	6600	4632	6869	4441	7106
32211	2023	2023	1759	2305	1537	2575	1411	2744	1306	2895
32212	3294	3294	2955	3652	2665	3990	2499	4200	2358	4386
32213	1784	1784	1537	2050	1330	2305	1213	2465	1116	2608
32214	2591	2591	2291	2909	2037	3212	1892	3400	1770	3568
32215	3394	3394	3050	3758	2755	4100	2586	4313	2443	4501
32307	2464	2465	2172	2775	1925	3071	1784	3255	1666	3419
32309	2780	2779	2469	3109	2204	3422	2053	3616	1926	3789
32311	2423	2423	2134	2732	1888	3025	1749	3208	1632	3371
32313	2991	2991	2668	3333	2393	3656	2236	3857	2103	4035
32315	2541	2541	2244	2856	1992	3156	1849	3343	1728	3509
32316	2493	2493	2199	2805	1950	3102	1808	3287	1689	3452
32317	2444	2445	2153	2754	1907	3048	1767	3232	1649	3396
32318	2396	2396	2108	2703	1864	2995	1726	3176	1610	3339
32319	3943	3943	3571	4334	3251	4701	3068	4928	2912	5130
32320	2355	2355	2070	2659	1828	2949	1691	3129	1576	3290
32321	3017	3017	2693	3360	2416	3685	2258	3886	2125	4065
32322	1719	1719	1476	1980	1273	2230	1159	2388	1064	2529
32323	2468	2469	2176	2779	1928	3075	1787	3260	1669	3424
32324	2604	2604	2303	2923	2048	3226	1903	3415	1781	3583
32325	3196	3196	2862	3549	2577	3882	2413	4088	2275	4272
32326	1453	1454	1231	1694	1047	1927	943	2073	858	2205
32327	1880	1880	1626	2153	1413	2414	1293	2578	1192	2724
32328	1227	1227	1024	1449	856	1665	763	1801	687	1924
32329	3373	3373	3030	3735	2736	4077	2568	4289	2426	4477
32401	2994	2994	2671	3336	2396	3659	2238	3860	2106	4039
32402	3040	3040	2715	3385	2437	3710	2278	3912	2145	4092
32500	3444	3443	3096	3809	2799	4154	2629	4368	2485	4558
32601	1354	1354	1140	1587	962	1812	864	1954	782	2082
32602	4264	4264	3877	4670	3543	5051	3351	5286	3189	5495
32702	3318	3318	2978	3677	2687	4017	2520	4227	2379	4414
32703	1006	1006	823	1208	673	1406	591	1531	524	1644
32704	3842	3842	3475	4228	3160	4591	2978	4815	2825	5015
32800	2495	2495	2200	2807	1951	3104	1809	3290	1690	3455
40100	2169	2170	1896	2462	1665	2740	1534	2914	1425	3070
40200	3238	3238	2902	3593	2614	3928	2450	4136	2311	4321
40300	1417	1417	1198	1655	1016	1885	914	2030	830	2160
40400	4030	4030	3654	4425	3331	4797	3145	5026	2987	5230
40500	1110	1110	917	1321	758	1528	671	1658	599	1776
40700	4082	4082	3704	4480	3378	4853	3191	5084	3032	5289
40800	2738	2738	2430	3065	2168	3376	2018	3569	1892	3741
40900	2040	2040	1775	2323	1552	2595	1426	2764	1320	2916
41000	4414	4415	4020	4827	3681	5215	3485	5454	3319	5666
41100	2537	2537	2240	2852	1989	3151	1845	3338	1725	3504
41201	1606	1606	1372	1859	1177	2102	1067	2255	976	2392
41202	2983	2983	2661	3324	2386	3647	2229	3847	2097	4026
41301	2783	2782	2471	3112	2207	3425	2056	3619	1929	3792
41303	2601	2601	2300	2920	2045	3223	1900	3412	1778	3580
41304	1378	1378	1162	1613	983	1840	883	1983	800	2112
41400	3144	3144	2812	3494	2530	3824	2368	4029	2231	4212
41500	897	896	724	1088	584	1276	508	1395	446	1503
41601	2854	2854	2539	3188	2270	3504	2117	3700	1988	3875
41605	2441	2442	2150	2751	1904	3045	1764	3228	1647	3392
41606	2985	2985	2663	3326	2388	3649	2231	3850	2098	4028
41607	1553	1553	1323	1801	1131	2041	1024	2192	935	2327
41608	2508	2508	2213	2821	1963	3119	1820	3305	1701	3470
41701	3556	3556	3203	3927	2901	4278	2727	4494	2581	4687
41703	2939	2939	2619	3278	2347	3598	2191	3797	2060	3975
41704	2407	2407	2118	2715	1874	3007	1735	3189	1619	3352
41805	3233	3233	2897	3588	2610	3923	2445	4130	2307	4315
41806	4916	4916	4499	5351	4140	5758	3932	6009	3755	6232
41808	2559	2559	2261	2875	2008	3176	1864	3363	1743	3530
41809	3524	3524	3173	3894	2872	4243	2699	4458	2553	4650
41810	3591	3591	3236	3964	2933	4316	2758	4534	2611	4727
41811	4105	4105	3725	4503	3398	4877	3210	5109	3051	5314
41812	6712	6712	6223	7219	5799	7691	5553	7981	5343	8237
41901	4832	4833	4419	5264	4063	5668	3857	5917	3683	6138
41903	4108	4108	3727	4506	3401	4881	3213	5112	3054	5317
41904	2282	2282	2001	2581	1764	2867	1629	3045	1516	3203
41905	3017	3017	2693	3360	2416	3685	2258	3886	2125	4065
42001	2359	2359	2073	2663	1832	2953	1694	3134	1579	3295
42003	1669	1670	1430	1927	1231	2174	1119	2330	1026	2469
42004	2916	2916	2597	3253	2326	3573	2171	3771	2040	3948
42005	2154	2154	1882	2445	1652	2723	1521	2897	1413	3052
42006	2181	2182	1907	2474	1676	2754	1544	2928	1435	3084
50101	1294	1294	1084	1521	912	1742	816	1881	736	2007
50102	2912	2912	2593	3249	2322	3568	2167	3766	2037	3943
50200	1892	1892	1637	2166	1423	2428	1303	2592	1202	2739
50300	2427	2427	2137	2736	1892	3029	1752	3212	1635	3375
50401	3496	3496	3146	3864	2847	4212	2675	4427	2530	4618
50402	2937	2937	2617	3275	2345	3596	2189	3795	2058	3972
50500	4430	4431	4035	4844	3695	5232	3499	5472	3333	5684
50600	607	607	466	765	356	924	297	1027	250	1120
50700	3246	3246	2909	3601	2622	3937	2457	4145	2318	4330
50800	3144	3144	2812	3494	2530	3824	2368	4029	2231	4212
50900	1599	1599	1365	1851	1171	2094	1061	2246	971	2383
51000	3992	3992	3618	4385	3296	4755	3111	4983	2954	5186
51100	1773	1773	1526	2038	1320	2292	1204	2452	1107	2594
51200	4931	4931	4513	5366	4153	5775	3945	6026	3769	6249
51300	5365	5365	4929	5819	4553	6244	4334	6505	4149	6736
51400	3971	3971	3598	4363	3277	4732	3092	4960	2936	5162
51500	2591	2591	2291	2909	2037	3212	1892	3400	1770	3568
51601	2563	2563	2265	2880	2012	3181	1868	3368	1747	3535
51602	1905	1905	1649	2180	1435	2443	1313	2607	1212	2754
51701	2790	2789	2478	3120	2213	3433	2062	3627	1935	3800
51702	2190	2191	1915	2484	1683	2764	1552	2939	1442	3095
51802	2740	2740	2432	3068	2169	3378	2020	3571	1894	3743
51803	3964	3964	3591	4356	3271	4724	3086	4952	2930	5154
51804	1339	1339	1126	1570	950	1795	852	1936	771	2063
51905	5254	5254	4822	5703	4450	6124	4234	6382	4051	6612
51912	1078	1078	887	1286	732	1490	646	1619	576	1735
51913	2231	2231	1953	2527	1719	2809	1586	2985	1474	3143
51914	1956	1956	1696	2233	1478	2499	1355	2666	1253	2815
51915	2856	2856	2540	3190	2272	3506	2119	3703	1990	3878
51916	1915	1916	1659	2190	1443	2454	1322	2619	1220	2766
51917	1980	1980	1719	2259	1499	2527	1375	2694	1272	2843
51918	2510	2510	2215	2823	1965	3121	1822	3307	1703	3472
51921	2261	2261	1981	2559	1745	2843	1611	3020	1499	3178
51922	2676	2676	2371	3000	2112	3307	1965	3498	1841	3668
51923	2059	2059	1793	2344	1568	2616	1441	2786	1336	2938
51924	2515	2515	2219	2828	1969	3127	1826	3313	1707	3478
51925	3680	3680	3321	4058	3013	4414	2836	4634	2687	4830
51926	2000	2000	1737	2281	1517	2549	1392	2717	1288	2868
51927	3126	3125	2795	3474	2514	3804	2352	4009	2216	4191
51928	1633	1633	1397	1888	1200	2133	1089	2287	997	2425
52003	3856	3856	3488	4242	3172	4606	2991	4831	2837	5031
52004	2917	2917	2598	3254	2327	3574	2172	3772	2041	3949
52005	2784	2783	2472	3113	2208	3426	2057	3620	1930	3793
52006	1457	1458	1235	1699	1050	1931	947	2078	861	2210
52007	1803	1803	1554	2070	1346	2326	1229	2487	1131	2631
52104	2183	2184	1909	2476	1677	2756	1546	2931	1436	3087
52105	813	813	649	995	517	1176	445	1290	387	1395
52107	1910	1911	1654	2185	1439	2448	1318	2613	1216	2760
52108	2372	2372	2086	2677	1843	2968	1705	3149	1590	3310
52112	1198	1198	997	1418	832	1631	740	1766	665	1888
52113	1311	1311	1100	1540	926	1762	829	1902	749	2028
52114	1791	1791	1543	2057	1336	2313	1219	2473	1121	2616
52115	2305	2305	2022	2606	1784	2892	1648	3071	1535	3231
52118	2671	2671	2366	2994	2108	3301	1960	3492	1836	3662
52203	3963	3963	3590	4355	3270	4723	3085	4951	2929	5153
52204	1902	1902	1647	2176	1432	2439	1311	2604	1210	2751
52206	2070	2070	1803	2356	1578	2629	1451	2799	1344	2952
52207	2419	2419	2130	2727	1885	3020	1745	3203	1629	3366
52208	1972	1972	1711	2251	1492	2518	1369	2684	1265	2834
52209	1066	1067	877	1274	723	1477	637	1605	568	1721
52301	2311	2311	2028	2612	1789	2899	1653	3078	1540	3238
52302	1592	1592	1359	1844	1165	2086	1056	2238	965	2375
52401	2173	2174	1899	2466	1669	2745	1537	2919	1428	3075
52402	1549	1549	1319	1797	1128	2036	1021	2187	932	2322
52502	4309	4309	3920	4717	3585	5100	3391	5337	3228	5546
52503	3257	3257	2920	3613	2632	3949	2466	4158	2327	4343
52504	2142	2142	1870	2433	1641	2710	1511	2883	1403	3038
52603	1564	1564	1333	1813	1141	2054	1033	2205	943	2340
52604	2579	2579	2280	2897	2026	3198	1881	3386	1760	3554
52605	2753	2753	2444	3081	2181	3393	2031	3586	1905	3758
52606	2646	2646	2343	2968	2086	3273	1939	3463	1816	3633
52607	2667	2667	2363	2990	2104	3297	1957	3487	1833	3657
52701	1337	1337	1124	1568	948	1792	850	1934	769	2061
52705	5111	5111	4686	5555	4319	5970	4107	6225	3926	6452
52706	2327	2327	2043	2629	1803	2917	1667	3097	1553	3257
52707	4009	4009	3634	4403	3312	4774	3126	5002	2969	5206
52708	2001	2001	1738	2282	1518	2550	1393	2718	1289	2869
52709	1898	1898	1643	2172	1429	2435	1308	2599	1207	2746
52803	2263	2263	1983	2561	1747	2845	1613	3022	1501	3181
52804	5412	5412	4974	5868	4596	6294	4377	6557	4191	6789
52805	2543	2543	2246	2858	1994	3158	1850	3345	1730	3511
52806	2845	2845	2530	3178	2262	3494	2109	3690	1981	3865
52903	2314	2314	2031	2615	1792	2903	1656	3082	1542	3241
52904	2802	2801	2489	3132	2224	3446	2072	3641	1945	3814
52905	2518	2518	2222	2832	1972	3130	1829	3316	1709	3482
52906	2824	2824	2510	3156	2244	3470	2091	3666	1963	3840
53101	1759	1759	1513	2023	1308	2276	1192	2435	1096	2577
53102	2425	2425	2135	2734	1890	3027	1750	3210	1634	3373
53201	2021	2021	1757	2303	1535	2573	1410	2742	1305	2893
53202	2219	2219	1942	2514	1708	2796	1576	2971	1465	3128
53301	3943	3943	3571	4334	3251	4701	3068	4928	2912	5130
53302	2987	2987	2664	3328	2390	3652	2232	3852	2100	4031
53400	2868	2868	2552	3202	2283	3519	2129	3716	2000	3892
53504	4107	4107	3727	4505	3400	4880	3212	5111	3053	5316
53505	2685	2685	2380	3009	2120	3317	1972	3508	1848	3678
53506	2899	2899	2581	3235	2311	3554	2156	3752	2026	3928
53507	2453	2454	2162	2764	1915	3059	1774	3242	1657	3406
53508	1579	1579	1347	1830	1154	2071	1045	2223	955	2359
53509	2911	2911	2592	3248	2321	3567	2166	3765	2036	3942
990100	3	3	0	21	0	54	0	81	0	109
53602	4087	4087	3708	4485	3383	4859	3195	5090	3036	5295
53603	2285	2285	2004	2584	1766	2870	1631	3048	1519	3207
53604	2552	2552	2254	2868	2002	3168	1858	3355	1738	3522
53700	2762	2762	2452	3091	2189	3403	2039	3596	1912	3769
53801	2468	2469	2176	2779	1928	3075	1787	3260	1669	3424
53802	3766	3765	3402	4148	3090	4507	2911	4730	2760	4927
53803	3053	3053	2727	3398	2449	3725	2290	3927	2155	4107
60200	539	539	407	689	304	841	250	938	207	1027
60300	2141	2141	1869	2432	1640	2709	1510	2882	1402	3037
60400	1920	1921	1663	2196	1448	2460	1326	2625	1224	2772
60500	1786	1786	1538	2052	1331	2307	1215	2467	1117	2610
60600	3595	3595	3240	3969	2936	4321	2762	4538	2614	4732
60700	3546	3546	3193	3917	2892	4267	2718	4483	2572	4676
60800	2480	2480	2186	2791	1938	3088	1797	3272	1678	3437
60903	1533	1533	1304	1780	1114	2018	1008	2168	919	2302
60904	2509	2509	2214	2822	1964	3120	1821	3306	1702	3471
60905	3160	3160	2828	3510	2544	3842	2382	4048	2245	4231
60906	950	950	772	1146	627	1339	548	1461	483	1572
61001	2077	2077	1809	2363	1584	2636	1457	2807	1350	2960
61002	2334	2334	2050	2637	1810	2925	1673	3105	1559	3265
61100	2961	2961	2640	3301	2366	3623	2210	3822	2078	4000
61200	3363	3363	3020	3725	2727	4066	2559	4278	2417	4466
61300	3233	3233	2897	3588	2610	3923	2445	4130	2307	4315
61400	3047	3047	2721	3392	2443	3718	2284	3920	2150	4100
61500	3936	3936	3564	4326	3245	4694	3061	4921	2906	5122
61601	1283	1283	1074	1509	902	1729	807	1868	728	1993
61602	450	450	331	589	239	729	191	820	154	903
61700	3013	3013	2689	3356	2413	3680	2255	3882	2122	4061
61800	1165	1165	967	1382	804	1592	714	1726	640	1846
61900	912	912	737	1104	596	1293	519	1414	456	1523
62000	1830	1830	1579	2099	1369	2357	1251	2519	1152	2664
62300	1996	1996	1734	2276	1513	2545	1389	2713	1285	2863
62400	2392	2392	2104	2699	1861	2990	1722	3172	1606	3334
62500	2980	2980	2658	3321	2383	3644	2226	3844	2094	4022
62600	2869	2869	2553	3203	2284	3521	2130	3717	2001	3893
62801	2828	2828	2514	3160	2247	3475	2095	3671	1967	3845
62802	1573	1573	1341	1823	1148	2064	1040	2216	950	2351
62900	7421	7422	6907	7954	6460	8449	6200	8753	5978	9021
63000	1313	1313	1102	1542	928	1764	831	1904	751	2031
63100	1740	1740	1496	2002	1291	2255	1177	2413	1081	2554
63200	2118	2118	1848	2407	1620	2683	1491	2855	1383	3009
63300	2606	2606	2305	2925	2050	3229	1904	3417	1782	3586
63400	3381	3381	3037	3744	2743	4086	2575	4298	2432	4486
63501	1796	1796	1548	2063	1340	2318	1223	2479	1125	2622
63502	1895	1895	1640	2169	1426	2431	1305	2595	1204	2742
70100	2100	2100	1831	2388	1604	2662	1476	2834	1369	2987
70203	6681	6681	6194	7186	5770	7658	5525	7947	5315	8202
70204	1442	1442	1221	1682	1037	1914	934	2060	850	2191
70205	1511	1511	1284	1756	1095	1993	990	2141	902	2275
70206	2570	2570	2271	2887	2018	3188	1874	3376	1752	3543
70207	2581	2581	2282	2899	2028	3201	1883	3389	1762	3556
70307	1963	1963	1703	2241	1484	2507	1361	2674	1258	2823
70308	2416	2416	2127	2724	1882	3017	1743	3200	1626	3362
70309	3200	3200	2866	3553	2580	3886	2417	4093	2279	4277
70310	2926	2926	2607	3264	2335	3584	2179	3782	2049	3959
70311	1894	1894	1639	2168	1425	2430	1304	2594	1204	2741
70312	2542	2542	2245	2857	1993	3157	1850	3344	1729	3510
70313	4387	4388	3994	4799	3656	5185	3461	5424	3295	5635
70314	1799	1799	1551	2066	1343	2322	1225	2482	1128	2626
70315	3178	3178	2845	3529	2560	3862	2397	4068	2260	4251
70316	2492	2492	2198	2804	1949	3101	1807	3286	1688	3451
70401	1104	1104	911	1315	753	1521	666	1651	595	1768
70403	1370	1370	1154	1604	976	1831	876	1973	794	2102
70404	1907	1908	1651	2182	1436	2445	1315	2609	1214	2757
70703	2993	2993	2670	3335	2395	3658	2237	3859	2105	4038
71100	1173	1173	974	1390	811	1602	720	1735	646	1856
71205	2501	2501	2206	2814	1957	3111	1815	3296	1695	3462
71206	4610	4610	4207	5032	3859	5427	3659	5671	3489	5887
71207	3454	3453	3106	3820	2809	4165	2638	4379	2494	4570
71208	3921	3921	3550	4311	3231	4677	3048	4904	2893	5105
71209	1785	1785	1537	2051	1330	2306	1214	2466	1117	2609
71210	3458	3457	3110	3824	2812	4170	2641	4384	2497	4574
71304	4157	4157	3774	4558	3446	4934	3256	5167	3096	5373
71305	1854	1854	1602	2125	1390	2385	1271	2547	1172	2693
71306	4158	4158	3775	4559	3447	4935	3257	5168	3097	5375
71307	3246	3246	2909	3601	2622	3937	2457	4145	2318	4330
71309	2332	2332	2048	2635	1808	2923	1671	3102	1557	3263
71310	3420	3419	3074	3784	2778	4128	2608	4341	2465	4530
71403	2180	2181	1906	2473	1675	2753	1543	2927	1434	3083
71406	5971	5971	5511	6450	5112	6897	4881	7171	4684	7414
71407	2701	2701	2395	3026	2135	3335	1986	3526	1861	3697
71408	2089	2089	1821	2376	1595	2650	1467	2821	1360	2974
71409	1957	1957	1697	2234	1479	2501	1356	2667	1253	2816
71410	4013	4013	3638	4407	3315	4778	3129	5007	2972	5210
71411	2866	2866	2550	3200	2281	3517	2127	3714	1998	3889
71503	2706	2706	2400	3032	2139	3340	1990	3532	1865	3703
71504	1873	1873	1620	2145	1407	2406	1287	2569	1187	2716
71505	2643	2643	2340	2965	2083	3270	1936	3460	1813	3629
71506	2574	2574	2275	2891	2021	3193	1877	3380	1756	3548
71601	2308	2308	2025	2609	1787	2896	1651	3075	1537	3234
71602	3560	3560	3207	3932	2904	4282	2731	4499	2584	4692
71703	1745	1745	1500	2008	1296	2260	1181	2419	1085	2560
71704	1860	1860	1607	2131	1396	2391	1276	2554	1176	2700
71705	1689	1690	1449	1948	1248	2197	1135	2353	1041	2493
71706	857	857	689	1044	553	1229	478	1346	418	1452
71707	1193	1193	993	1412	828	1625	736	1760	661	1881
71803	2801	2800	2488	3131	2223	3445	2071	3640	1944	3813
71805	1615	1615	1380	1868	1184	2112	1075	2266	983	2403
71806	2048	2048	1782	2332	1559	2604	1432	2773	1327	2925
71807	1672	1673	1433	1930	1234	2178	1121	2333	1028	2473
71808	1575	1575	1343	1825	1150	2066	1042	2218	952	2354
71901	2608	2608	2307	2927	2052	3231	1906	3420	1784	3588
71902	2637	2637	2334	2958	2078	3263	1931	3453	1808	3622
72000	2496	2496	2201	2808	1952	3106	1810	3291	1691	3456
72105	2082	2082	1814	2368	1589	2642	1461	2813	1354	2966
72106	3177	3177	2844	3528	2559	3861	2397	4067	2259	4250
72107	2121	2121	1851	2410	1623	2686	1494	2859	1386	3013
72108	2515	2515	2219	2828	1969	3127	1826	3313	1707	3478
72109	2043	2043	1778	2327	1554	2598	1428	2768	1323	2919
72111	1210	1210	1008	1431	842	1645	750	1781	674	1903
72112	2189	2190	1914	2483	1683	2763	1551	2938	1441	3094
72305	2750	2750	2441	3078	2178	3389	2028	3582	1902	3755
72307	2076	2076	1808	2362	1583	2635	1456	2806	1349	2959
72308	3431	3430	3084	3796	2788	4140	2618	4353	2474	4543
72309	3038	3038	2713	3382	2435	3708	2277	3910	2143	4090
72310	1891	1891	1636	2165	1423	2427	1302	2591	1201	2737
72311	2215	2215	1938	2510	1705	2791	1572	2967	1461	3124
72312	3190	3190	2856	3542	2571	3875	2408	4082	2270	4265
72313	1825	1825	1575	2094	1365	2352	1247	2513	1148	2658
72405	2008	2008	1745	2289	1524	2558	1399	2727	1294	2877
72406	2586	2586	2286	2904	2032	3206	1887	3394	1766	3562
72407	2483	2483	2189	2794	1941	3091	1799	3276	1681	3441
72408	2877	2877	2560	3212	2291	3529	2137	3727	2008	3902
72409	1197	1197	996	1417	831	1630	739	1765	664	1886
72410	1822	1822	1572	2091	1363	2348	1244	2509	1146	2654
72503	2085	2085	1817	2372	1591	2646	1463	2817	1357	2970
72504	2239	2239	1960	2535	1726	2818	1592	2995	1481	3152
72505	5534	5534	5092	5995	4709	6426	4487	6691	4298	6926
72506	2221	2221	1944	2516	1710	2798	1577	2974	1466	3131
72507	1970	1970	1709	2248	1491	2515	1367	2682	1264	2831
72601	3002	3002	2679	3344	2403	3668	2245	3869	2113	4048
72602	3165	3165	2832	3516	2549	3848	2386	4053	2249	4236
72603	4892	4892	4476	5326	4117	5732	3910	5983	3734	6205
72800	5053	5053	4630	5494	4266	5907	4055	6161	3876	6386
72901	5	5	0	27	0	63	0	92	0	121
72903	16	16	1	50	0	96	0	131	0	166
900202	0	0	0	10	0	35	0	58	0	81
72906	6	6	0	30	0	67	0	96	0	126
990002	60	60	22	116	4	182	0	229	0	274
73001	3301	3301	2961	3659	2671	3998	2505	4207	2364	4394
73005	2648	2648	2345	2970	2087	3276	1940	3466	1817	3635
73006	3796	3795	3431	4179	3118	4540	2938	4763	2786	4962
73108	4445	4446	4050	4860	3709	5249	3512	5488	3346	5701
73110	2445	2446	2154	2755	1908	3050	1768	3233	1650	3397
73111	2026	2026	1762	2308	1540	2579	1414	2748	1309	2899
73113	3953	3953	3580	4344	3261	4712	3076	4940	2921	5142
73114	2035	2035	1770	2318	1547	2589	1421	2758	1316	2910
73115	1612	1612	1377	1865	1182	2109	1072	2262	981	2399
73116	1570	1570	1338	1820	1146	2061	1038	2212	948	2348
73117	1919	1920	1663	2195	1447	2459	1325	2623	1224	2771
73118	2032	2032	1767	2315	1545	2586	1419	2755	1314	2906
73119	2015	2015	1751	2297	1530	2566	1405	2735	1300	2886
73120	2038	2038	1773	2321	1550	2592	1424	2762	1319	2913
73121	2014	2014	1750	2296	1529	2565	1404	2734	1299	2884
73122	2490	2490	2196	2802	1947	3099	1805	3284	1686	3449
73123	3316	3316	2976	3675	2685	4014	2518	4224	2377	4411
73124	1320	1320	1108	1550	934	1772	836	1913	756	2039
73125	5192	5193	4764	5639	4394	6058	4180	6315	3998	6543
73126	1433	1433	1213	1672	1030	1904	927	2049	843	2180
73200	7265	7265	6756	7792	6314	8282	6057	8583	5838	8848
73301	3009	3009	2685	3352	2409	3676	2251	3877	2118	4056
73302	2259	2259	1979	2557	1743	2841	1609	3018	1497	3176
73404	4595	4595	4192	5016	3846	5411	3645	5654	3476	5870
73405	2431	2432	2141	2740	1895	3034	1756	3217	1638	3380
73406	2336	2336	2052	2639	1811	2927	1675	3107	1560	3268
73407	1795	1795	1547	2061	1339	2317	1222	2478	1125	2621
73408	2403	2403	2115	2710	1871	3003	1732	3185	1615	3347
73500	3871	3871	3502	4258	3186	4622	3004	4848	2850	5048
80101	2312	2312	2029	2613	1790	2900	1654	3079	1541	3239
80102	2970	2970	2648	3310	2374	3633	2218	3833	2086	4011
80200	2435	2436	2145	2744	1899	3038	1759	3221	1642	3385
80300	1945	1945	1686	2222	1469	2487	1346	2653	1244	2801
80400	2726	2726	2418	3053	2157	3362	2008	3555	1882	3727
80500	2214	2214	1937	2509	1704	2790	1571	2966	1461	3122
80600	2772	2771	2461	3101	2197	3413	2046	3606	1920	3779
80700	3335	3335	2994	3695	2702	4035	2534	4246	2393	4433
80800	686	686	536	855	417	1022	353	1129	302	1227
80900	4938	4938	4520	5374	4160	5782	3951	6034	3775	6257
81000	3914	3914	3543	4303	3225	4670	3042	4896	2887	5097
81100	1346	1346	1132	1578	956	1803	857	1944	776	2072
81200	1388	1388	1171	1624	991	1852	891	1995	808	2124
81400	17	17	1	52	0	99	0	134	0	169
90101	3331	3331	2990	3691	2698	4031	2531	4241	2390	4429
90102	4988	4988	4568	5426	4206	5837	3996	6089	3818	6313
90201	2692	2692	2386	3017	2127	3325	1978	3516	1854	3687
90202	3198	3198	2864	3551	2578	3884	2415	4091	2277	4275
90300	1108	1108	915	1319	757	1525	669	1656	598	1774
90400	3788	3787	3423	4171	3110	4531	2931	4754	2779	4953
90501	3226	3226	2890	3580	2604	3915	2439	4122	2301	4307
90502	3608	3608	3252	3982	2948	4335	2773	4553	2625	4747
90700	2778	2777	2467	3107	2202	3419	2052	3613	1925	3786
90800	2309	2309	2026	2610	1787	2897	1652	3076	1538	3236
90900	3599	3599	3244	3973	2940	4325	2765	4543	2618	4737
91000	3713	3713	3353	4093	3043	4450	2865	4671	2715	4868
91100	2579	2579	2280	2897	2026	3198	1881	3386	1760	3554
91201	3533	3533	3181	3903	2880	4252	2707	4469	2561	4661
91203	4483	4483	4085	4898	3743	5289	3545	5530	3378	5743
91204	2874	2874	2557	3209	2288	3526	2134	3723	2005	3899
91301	2193	2194	1918	2487	1686	2767	1554	2942	1444	3099
91302	4281	4281	3893	4688	3559	5070	3366	5305	3203	5515
91400	2099	2099	1830	2387	1604	2661	1475	2833	1368	2986
91500	2464	2465	2172	2775	1925	3071	1784	3255	1666	3419
91600	4445	4446	4050	4860	3709	5249	3512	5488	3346	5701
91700	5444	5444	5005	5901	4625	6329	4406	6592	4219	6825
91800	2851	2851	2536	3184	2268	3501	2115	3697	1986	3872
91900	5124	5124	4699	5568	4331	5984	4118	6240	3938	6466
92000	3527	3527	3175	3897	2875	4246	2702	4462	2556	4654
92100	4843	4844	4430	5275	4073	5680	3867	5930	3692	6151
92200	6224	6224	5754	6712	5346	7168	5110	7448	4908	7695
92300	5068	5068	4645	5510	4280	5923	4068	6178	3889	6403
92400	4093	4092	3713	4490	3387	4864	3199	5095	3041	5300
92500	4792	4793	4381	5222	4026	5625	3821	5873	3648	6093
92600	2820	2820	2506	3151	2240	3466	2088	3661	1960	3836
92701	2217	2217	1940	2512	1706	2793	1574	2969	1463	3126
92704	1735	1735	1491	1997	1287	2249	1172	2407	1077	2548
92801	3801	3800	3435	4184	3122	4546	2942	4769	2790	4968
92802	2043	2043	1778	2327	1554	2598	1428	2768	1323	2919
92803	1447	1448	1226	1688	1041	1920	939	2066	853	2197
92901	2915	2915	2596	3252	2325	3572	2170	3770	2039	3947
92902	2496	2496	2201	2808	1952	3106	1810	3291	1691	3456
940000	1728	1728	1484	1989	1281	2241	1167	2398	1071	2540
940001	9117	9117	8546	9706	8048	10252	7757	10586	7508	10881
940002	6571	6571	6087	7072	5668	7540	5424	7827	5217	8080
940003	3054	3054	2728	3399	2450	3726	2290	3928	2156	4109
940004	2986	2986	2664	3327	2389	3650	2231	3851	2099	4029
940005	2249	2249	1970	2546	1735	2829	1601	3006	1489	3164
940006	1292	1292	1083	1519	910	1740	814	1879	735	2004
940007	1361	1361	1146	1594	968	1820	869	1963	787	2091
940008	2476	2476	2183	2787	1934	3083	1793	3268	1675	3432
940009	1332	1332	1119	1563	944	1786	846	1927	765	2054
940010	3218	3218	2883	3572	2596	3906	2432	4113	2294	4298
940011	1953	1953	1693	2230	1476	2496	1353	2662	1250	2811
940100	3323	3323	2982	3683	2691	4022	2524	4232	2383	4419
