tract10_id mean median lower_50 upper_50 lower_80 upper_80 lower_90 upper_90 lower_95 upper_95
100	3664	3664	3323	4023	3029	4360	2860	4568	2717	4753
200	3987	3987	3630	4361	3323	4711	3146	4928	2996	5120
300	1236	1236	1041	1448	880	1653	790	1782	716	1898
401	2970	2970	2663	3294	2401	3599	2251	3789	2124	3957
402	2372	2372	2099	2662	1867	2938	1735	3109	1624	3262
500	1733	1733	1500	1982	1305	2220	1195	2370	1103	2503
600	3991	3991	3634	4365	3327	4716	3150	4932	3000	5124
700	2427	2427	2151	2721	1916	2999	1782	3172	1670	3326
800	1174	1174	984	1381	828	1581	740	1707	669	1821
900	965	965	794	1153	654	1337	576	1453	513	1558
1000	886	887	723	1067	589	1244	516	1356	457	1458
1100	1180	1180	990	1387	833	1588	745	1714	673	1828
1200	4488	4488	4109	4883	3781	5254	3592	5482	3432	5685
1300	2307	2307	2038	2593	1809	2865	1679	3034	1570	3185
1400	2561	2561	2277	2862	2035	3147	1897	3324	1781	3482
1500	1201	1201	1009	1410	850	1612	762	1740	689	1855
1600	2018	2018	1766	2286	1554	2542	1434	2701	1333	2844
1701	1890	1890	1647	2150	1443	2398	1327	2553	1230	2692
1702	2103	2103	1846	2377	1629	2637	1506	2800	1403	2945
1800	2339	2339	2068	2627	1838	2901	1707	3071	1596	3223
1900	2507	2507	2225	2804	1987	3087	1850	3263	1735	3419
2000	1792	1792	1555	2045	1357	2287	1244	2439	1151	2574
2100	1908	1908	1664	2169	1458	2419	1342	2574	1245	2714
2200	2534	2534	2251	2833	2011	3117	1873	3294	1758	3451
2400	1713	1713	1482	1960	1288	2198	1179	2346	1087	2479
2500	1214	1214	1021	1424	861	1627	772	1756	699	1871
2600	2142	2142	1883	2418	1664	2681	1539	2845	1435	2991
2700	2468	2469	2190	2764	1953	3045	1817	3219	1704	3375
2800	2269	2269	2002	2553	1775	2822	1647	2990	1539	3140
2900	2001	2001	1750	2268	1539	2523	1419	2681	1319	2824
3000	2604	2604	2317	2907	2073	3195	1934	3374	1817	3533
3100	2808	2808	2510	3122	2255	3420	2110	3605	1987	3769
3200	4347	4347	3974	4737	3653	5102	3467	5327	3309	5527
3300	3407	3407	3077	3752	2795	4078	2633	4280	2496	4459
3400	1691	1692	1462	1938	1270	2174	1161	2321	1071	2454
3500	2014	2014	1763	2282	1551	2537	1430	2697	1330	2839
3600	3302	3302	2978	3643	2701	3964	2541	4163	2407	4339
3800	925	925	757	1109	621	1289	545	1403	484	1507
3900	1227	1227	1033	1438	872	1643	783	1771	709	1887
4000	1511	1511	1294	1744	1114	1968	1012	2109	928	2235
4100	3403	3403	3074	3748	2792	4074	2629	4275	2492	4454
4200	3521	3521	3186	3872	2899	4203	2734	4408	2594	4589
4301	1320	1320	1118	1538	951	1749	857	1882	780	2001
4302	857	857	696	1035	566	1209	494	1320	436	1420
4400	2747	2748	2453	3059	2202	3354	2058	3537	1937	3699
4500	1034	1034	857	1229	711	1418	630	1538	564	1646
4600	1443	1443	1232	1671	1056	1891	957	2029	875	2153
4700	4120	4120	3757	4499	3444	4855	3264	5075	3111	5269
4800	2341	2341	2070	2629	1839	2903	1708	3073	1598	3225
4900	3896	3896	3543	4265	3240	4612	3065	4826	2917	5016
5000	1974	1974	1725	2239	1516	2492	1397	2650	1297	2791
5100	1746	1746	1512	1996	1317	2235	1206	2385	1114	2519
5200	3469	3469	3136	3818	2852	4146	2688	4349	2549	4530
5301	3462	3462	3130	3810	2845	4139	2681	4341	2543	4522
5302	243	244	162	342	102	445	73	513	52	577
5400	2850	2850	2549	3167	2293	3467	2146	3653	2023	3818
5600	3073	3073	2760	3401	2493	3712	2340	3904	2211	4075
5700	3175	3175	2857	3509	2586	3824	2430	4019	2298	4193
5801	2855	2855	2554	3172	2298	3472	2151	3658	2027	3824
5802	2874	2874	2572	3192	2315	3493	2167	3680	2043	3846
5900	2892	2892	2589	3211	2331	3513	2183	3700	2058	3867
6000	2906	2906	2603	3226	2344	3529	2195	3716	2070	3883
6100	3177	3177	2859	3511	2588	3827	2431	4022	2300	4195
6200	1730	1730	1497	1978	1303	2217	1193	2366	1101	2500
6300	3193	3193	2874	3528	2602	3844	2446	4040	2313	4214
6400	1380	1380	1174	1603	1002	1819	906	1954	826	2075
6500	2865	2865	2564	3183	2307	3483	2160	3670	2036	3836
6600	2868	2868	2567	3186	2309	3487	2162	3673	2038	3839
6700	5146	5146	4740	5569	4388	5965	4184	6208	4011	6423
6800	1530	1530	1312	1764	1130	1990	1028	2131	943	2258
6900	2272	2272	2004	2556	1778	2826	1649	2994	1541	3144
7000	5541	5541	5119	5980	4753	6390	4541	6641	4360	6864
7100	2396	2396	2121	2688	1888	2964	1755	3137	1644	3290
7200	7071	7071	6593	7565	6177	8025	5934	8307	5727	8555
7300	5969	5969	5531	6424	5150	6849	4929	7109	4741	7339
7401	3436	3436	3105	3783	2822	4110	2659	4312	2521	4492
7402	4042	4043	3683	4418	3374	4771	3195	4989	3044	5182
7500	4574	4574	4191	4973	3861	5347	3670	5578	3507	5782
7600	2075	2075	1820	2347	1605	2606	1482	2767	1380	2912
7700	2365	2365	2092	2655	1861	2930	1729	3101	1618	3254
7800	2604	2604	2317	2907	2073	3195	1934	3374	1817	3533
7900	3455	3455	3123	3803	2839	4131	2675	4334	2537	4514
8001	5060	5060	4657	5480	4308	5872	4106	6113	3935	6327
8002	2504	2504	2223	2801	1984	3084	1847	3259	1733	3416
8100	4584	4584	4201	4984	3870	5358	3678	5589	3516	5793
8200	4559	4559	4177	4958	3847	5331	3656	5561	3494	5765
8300	3218	3218	2898	3554	2625	3872	2467	4068	2335	4242
8400	4396	4397	4021	4788	3698	5155	3511	5381	3352	5582
8500	3875	3875	3523	4243	3221	4589	3047	4803	2899	4992
8600	2216	2216	1952	2496	1728	2763	1601	2929	1495	3078
8700	2086	2086	1830	2359	1614	2618	1492	2780	1389	2925
8800	1629	1629	1404	1871	1216	2103	1110	2248	1021	2379
8900	2405	2405	2130	2697	1896	2974	1763	3147	1651	3301
9000	1757	1757	1523	2007	1326	2248	1215	2398	1123	2532
9100	1667	1667	1440	1912	1249	2146	1141	2293	1051	2425
9200	1847	1847	1607	2104	1405	2350	1291	2503	1195	2640
9300	1976	1976	1727	2241	1517	2494	1398	2652	1299	2794
9400	2961	2961	2655	3284	2393	3589	2243	3779	2117	3947
9500	2840	2840	2540	3156	2284	3456	2138	3641	2014	3806
9600	3214	3214	2894	3550	2621	3867	2464	4063	2331	4238
9701	3238	3238	2917	3575	2643	3894	2485	4091	2352	4266
9702	2444	2445	2167	2739	1931	3018	1797	3192	1684	3346
9800	3247	3247	2926	3585	2651	3904	2493	4101	2360	4276
9900	3531	3531	3196	3883	2908	4214	2742	4419	2602	4601
10001	1690	1691	1461	1937	1269	2173	1160	2320	1070	2452
10002	1922	1923	1677	2184	1471	2435	1354	2591	1256	2730
10100	2859	2859	2558	3176	2301	3477	2154	3663	2030	3829
10200	2138	2138	1879	2414	1660	2677	1536	2840	1431	2986
10300	2676	2676	2385	2984	2138	3275	1996	3456	1877	3617
10401	2074	2074	1819	2346	1604	2605	1481	2766	1379	2910
10402	1819	1819	1581	2074	1380	2318	1267	2470	1173	2607
10500	3505	3505	3171	3856	2884	4186	2719	4390	2580	4571
10600	4025	4026	3667	4401	3358	4753	3180	4970	3029	5163
10701	1433	1433	1223	1661	1047	1880	949	2017	867	2141
10702	1196	1196	1005	1405	846	1606	758	1734	685	1848
10800	2040	2040	1787	2309	1574	2566	1452	2727	1351	2870
10900	777	777	624	946	501	1113	433	1220	379	1316
11001	1571	1571	1350	1809	1166	2037	1062	2180	975	2308
11002	1464	1465	1252	1694	1074	1915	974	2054	892	2179
11101	1932	1933	1687	2195	1480	2446	1362	2602	1264	2742
11102	1842	1842	1602	2099	1401	2344	1286	2497	1191	2634
11200	1607	1607	1384	1847	1197	2078	1091	2222	1004	2352
11300	2859	2859	2558	3176	2301	3477	2154	3663	2030	3829
11401	2025	2025	1773	2293	1560	2550	1440	2709	1339	2852
11402	2122	2122	1864	2397	1646	2659	1522	2822	1418	2967
11500	2086	2086	1830	2359	1614	2618	1492	2780	1389	2925
11600	3223	3223	2903	3560	2629	3877	2472	4074	2339	4248
11700	2323	2323	2053	2610	1823	2883	1693	3053	1583	3204
11800	3245	3245	2924	3583	2649	3901	2491	4098	2358	4274
11900	2844	2844	2544	3161	2288	3460	2141	3646	2018	3811
12000	1584	1584	1362	1823	1177	2052	1072	2195	985	2324
12100	1328	1328	1125	1547	958	1759	864	1892	786	2011
20100	1552	1552	1332	1788	1149	2015	1046	2157	960	2285
20200	2445	2446	2168	2740	1932	3019	1798	3193	1685	3348
20300	4280	4280	3910	4667	3591	5029	3407	5253	3251	5451
20401	2969	2969	2662	3293	2400	3598	2250	3788	2124	3956
20402	3042	3043	2732	3370	2466	3679	2314	3870	2186	4041
20500	5282	5282	4870	5710	4513	6111	4306	6357	4130	6574
20600	1978	1978	1729	2243	1519	2497	1400	2655	1301	2796
20700	3022	3023	2713	3349	2448	3657	2297	3848	2169	4017
20800	2230	2230	1965	2511	1741	2779	1613	2945	1506	3094
20900	3907	3907	3554	4277	3250	4624	3075	4839	2927	5029
21000	4851	4851	4456	5262	4115	5646	3918	5883	3750	6092
21100	3516	3516	3181	3867	2894	4198	2729	4402	2590	4584
21300	2115	2115	1858	2389	1640	2651	1516	2814	1413	2959
21400	1821	1821	1583	2076	1382	2320	1269	2473	1174	2609
21500	2095	2095	1839	2368	1622	2628	1499	2791	1396	2935
21600	2779	2779	2482	3092	2229	3388	2085	3572	1963	3736
21700	5613	5614	5188	6055	4820	6467	4606	6720	4424	6944
21802	3163	3163	2846	3496	2575	3811	2419	4006	2288	4179
21803	2366	2366	2093	2656	1862	2931	1730	3102	1619	3255
21804	2059	2059	1805	2330	1590	2588	1469	2749	1367	2893
21903	3233	3233	2913	3570	2638	3888	2481	4085	2348	4260
21904	2353	2353	2081	2642	1850	2916	1719	3087	1608	3239
21905	2480	2480	2200	2776	1962	3057	1827	3232	1713	3387
21906	2414	2414	2138	2707	1904	2985	1771	3157	1659	3311
22001	2241	2241	1975	2523	1751	2791	1623	2958	1515	3107
22003	2297	2297	2028	2582	1800	2854	1671	3023	1562	3173
22005	2298	2298	2029	2583	1801	2855	1671	3024	1563	3175
22006	1914	1915	1670	2176	1464	2425	1347	2581	1249	2721
22101	2560	2560	2276	2861	2034	3146	1896	3323	1780	3481
22102	3398	3398	3069	3743	2787	4068	2625	4270	2488	4448
22201	1940	1941	1694	2204	1487	2455	1369	2612	1270	2752
22202	3903	3903	3550	4273	3247	4620	3071	4834	2923	5024
22203	2622	2622	2334	2926	2089	3215	1949	3394	1832	3554
22300	1913	1914	1669	2175	1463	2424	1346	2580	1249	2720
22400	4207	4207	3840	4590	3524	4950	3342	5172	3187	5368
22500	4247	4247	3878	4632	3561	4993	3377	5216	3222	5413
22603	2598	2598	2312	2901	2068	3188	1929	3367	1812	3526
22604	2265	2265	1998	2548	1772	2818	1643	2986	1535	3136
22605	3184	3184	2866	3519	2594	3834	2438	4030	2306	4203
22606	2976	2976	2669	3300	2407	3606	2256	3796	2130	3964
22701	1790	1790	1554	2043	1355	2285	1243	2436	1149	2572
22702	1623	1623	1399	1865	1211	2096	1105	2241	1016	2371
22703	1061	1062	881	1258	734	1450	652	1571	584	1680
22801	3868	3868	3517	4236	3215	4582	3040	4795	2893	4984
22802	2324	2324	2054	2611	1824	2884	1694	3054	1584	3205
22803	2656	2656	2366	2963	2120	3253	1979	3433	1860	3593
22901	1308	1308	1107	1525	940	1735	847	1868	770	1986
22902	3037	3038	2727	3364	2462	3673	2310	3865	2181	4035
23000	2213	2213	1949	2493	1726	2760	1599	2926	1492	3074
23100	1594	1594	1372	1833	1185	2063	1081	2207	993	2336
23201	2824	2824	2525	3139	2270	3438	2124	3623	2001	3788
23202	2337	2337	2066	2625	1836	2899	1705	3069	1595	3221
23300	2527	2527	2244	2826	2004	3109	1867	3286	1752	3443
23401	1974	1974	1725	2239	1516	2492	1397	2650	1297	2791
23403	1733	1733	1500	1982	1305	2220	1195	2370	1103	2503
23404	1493	1493	1278	1724	1098	1947	997	2087	914	2213
23500	1647	1647	1421	1890	1231	2124	1124	2270	1036	2400
23601	2006	2006	1755	2273	1544	2528	1424	2687	1323	2829
23603	2560	2560	2276	2861	2034	3146	1896	3323	1780	3481
23604	2864	2864	2563	3182	2306	3482	2159	3669	2035	3834
23700	2495	2495	2214	2792	1976	3074	1840	3249	1725	3405
23801	1650	1650	1424	1894	1234	2127	1127	2273	1038	2404
23803	4576	4576	4193	4975	3863	5349	3671	5580	3509	5784
23804	6003	6004	5564	6460	5182	6885	4960	7146	4771	7377
23900	3223	3223	2903	3560	2629	3877	2472	4074	2339	4248
24000	3803	3803	3454	4168	3155	4511	2983	4722	2836	4910
24100	1844	1844	1604	2101	1402	2346	1288	2500	1193	2637
24200	1285	1285	1086	1500	921	1709	829	1840	753	1958
24300	3673	3674	3331	4032	3037	4370	2868	4578	2725	4763
24400	904	904	738	1086	603	1264	529	1377	469	1480
24500	2045	2045	1792	2315	1578	2572	1457	2733	1355	2876
24601	1818	1818	1580	2073	1380	2317	1266	2469	1172	2606
24602	1408	1408	1200	1634	1026	1851	929	1987	848	2110
24701	1818	1818	1580	2073	1380	2317	1266	2469	1172	2606
24702	3806	3806	3457	4171	3158	4514	2985	4726	2839	4914
24800	2983	2983	2676	3307	2413	3614	2262	3803	2136	3972
24901	2091	2091	1835	2364	1619	2624	1496	2786	1393	2931
24902	1538	1538	1319	1773	1137	1999	1034	2141	949	2268
24903	2593	2593	2307	2896	2063	3183	1924	3361	1807	3520
25001	2250	2250	1984	2532	1759	2801	1630	2969	1523	3118
25003	2874	2874	2572	3192	2315	3493	2167	3680	2043	3846
25005	2038	2038	1785	2307	1572	2564	1451	2724	1349	2868
25006	2700	2700	2408	3009	2159	3302	2017	3483	1897	3645
25101	3098	3098	2784	3428	2516	3739	2362	3932	2232	4104
25102	3465	3465	3133	3813	2848	4142	2684	4345	2546	4525
25200	3849	3849	3498	4216	3197	4561	3023	4774	2876	4963
25301	2898	2898	2595	3218	2336	3520	2188	3707	2063	3874
25302	2412	2412	2137	2705	1903	2982	1769	3155	1657	3309
25400	3439	3439	3108	3786	2824	4113	2661	4316	2523	4495
25500	2277	2277	2009	2561	1783	2831	1653	3000	1545	3150
25601	2096	2096	1840	2369	1623	2630	1500	2792	1397	2937
25602	2672	2672	2382	2979	2134	3271	1993	3451	1874	3612
25701	3421	3421	3091	3767	2808	4094	2645	4295	2508	4475
25702	1590	1590	1368	1829	1182	2058	1077	2202	990	2331
25803	2149	2149	1890	2426	1670	2689	1545	2853	1440	3000
25804	1645	1645	1419	1888	1230	2121	1123	2267	1034	2398
25805	2437	2438	2160	2731	1925	3010	1791	3184	1678	3338
25806	2562	2562	2277	2863	2036	3148	1898	3326	1781	3484
26001	2551	2551	2267	2851	2026	3136	1888	3313	1772	3471
26002	3433	3433	3102	3780	2819	4107	2656	4309	2518	4488
26100	4297	4297	3926	4685	3607	5048	3422	5272	3266	5470
26200	3935	3935	3581	4306	3276	4655	3100	4870	2951	5061
26300	997	997	823	1188	680	1374	601	1492	537	1599
26400	3104	3104	2790	3434	2521	3746	2367	3939	2238	4111
26500	2701	2701	2409	3010	2160	3303	2018	3484	1898	3646
26600	1146	1146	959	1350	804	1548	718	1673	647	1786
26700	2510	2510	2228	2808	1989	3090	1853	3266	1738	3423
26801	2343	2343	2071	2631	1841	2905	1710	3076	1600	3228
26802	2286	2286	2018	2571	1791	2841	1661	3010	1553	3160
27000	2060	2060	1806	2331	1591	2589	1469	2750	1367	2894
27100	1775	1775	1540	2027	1342	2268	1230	2419	1137	2554
27200	1312	1312	1111	1530	944	1740	851	1872	773	1991
27300	2487	2487	2207	2783	1969	3065	1833	3240	1719	3396
27400	2388	2388	2114	2679	1881	2956	1749	3127	1637	3281
27500	2081	2081	1826	2353	1610	2613	1487	2774	1385	2919
27600	1734	1734	1501	1983	1306	2221	1196	2371	1104	2504
27701	2476	2476	2196	2772	1959	3053	1823	3227	1710	3383
27702	2136	2136	1877	2412	1658	2674	1534	2838	1430	2984
27800	1586	1586	1364	1825	1178	2054	1074	2198	987	2326
27900	3545	3545	3209	3898	2921	4230	2755	4435	2614	4617
28000	1765	1765	1530	2016	1333	2257	1222	2407	1129	2542
28100	1154	1154	966	1359	811	1557	724	1683	653	1796
28200	2570	2570	2285	2871	2043	3157	1904	3335	1788	3493
28300	2592	2592	2306	2895	2063	3182	1923	3360	1807	3519
28402	2263	2263	1996	2546	1770	2816	1641	2984	1534	3133
28403	2483	2483	2203	2779	1965	3060	1829	3235	1715	3391
28500	2342	2342	2071	2630	1840	2904	1709	3074	1599	3226
28600	2959	2959	2653	3282	2391	3587	2241	3776	2115	3945
28700	2236	2236	1971	2517	1746	2786	1618	2952	1511	3101
28801	1119	1119	934	1321	781	1517	697	1640	627	1752
28802	3231	3231	2911	3568	2636	3886	2479	4083	2346	4257
28901	1846	1846	1606	2103	1404	2349	1290	2502	1194	2639
28902	2911	2911	2607	3231	2348	3534	2200	3722	2074	3889
29001	2091	2091	1835	2364	1619	2624	1496	2786	1393	2931
29003	2526	2526	2243	2825	2004	3108	1866	3284	1751	3441
29004	1461	1462	1249	1691	1071	1912	972	2050	889	2175
29101	1273	1273	1075	1487	911	1695	819	1826	743	1943
29102	1757	1757	1523	2007	1326	2248	1215	2398	1123	2532
29203	1368	1368	1162	1590	992	1805	896	1940	817	2061
29204	4205	4205	3838	4588	3522	4948	3340	5169	3185	5366
29205	2676	2676	2385	2984	2138	3275	1996	3456	1877	3617
29206	2049	2049	1796	2319	1582	2577	1460	2737	1358	2881
29303	3249	3249	2928	3587	2653	3906	2495	4103	2361	4278
29304	3015	3015	2706	3341	2442	3649	2290	3840	2163	4009
29305	2426	2426	2150	2720	1915	2998	1781	3171	1669	3325
29306	1918	1919	1673	2180	1467	2430	1350	2586	1253	2726
29307	1728	1728	1496	1976	1301	2215	1191	2364	1099	2497
29403	2731	2732	2438	3042	2187	3336	2044	3518	1923	3681
29405	2318	2318	2048	2605	1819	2877	1689	3047	1579	3198
29406	2191	2192	1929	2471	1707	2736	1581	2902	1475	3049
29407	2030	2030	1778	2299	1565	2555	1444	2715	1343	2858
29408	1803	1803	1566	2057	1366	2300	1254	2452	1160	2588
29502	3014	3014	2705	3340	2441	3648	2290	3839	2162	4008
29503	3501	3501	3167	3851	2881	4181	2716	4385	2577	4566
29504	2815	2815	2516	3130	2262	3428	2116	3613	1993	3777
29601	3114	3114	2799	3445	2531	3757	2376	3951	2246	4123
29602	2803	2803	2505	3117	2251	3415	2106	3599	1983	3763
29700	3741	3741	3395	4103	3099	4443	2927	4653	2783	4840
29801	3586	3586	3248	3941	2958	4274	2791	4481	2650	4664
29802	3768	3768	3421	4131	3123	4472	2951	4683	2806	4870
29901	2484	2484	2204	2780	1966	3061	1830	3236	1716	3392
29902	3025	3026	2716	3352	2451	3660	2299	3851	2171	4021
30003	3345	3346	3019	3688	2740	4011	2579	4211	2443	4389
30004	3313	3313	2989	3654	2711	3976	2551	4175	2416	4352
30005	2263	2263	1996	2546	1770	2816	1641	2984	1534	3133
30006	2179	2180	1918	2458	1697	2723	1571	2888	1465	3035
30100	3452	3452	3120	3800	2836	4128	2673	4330	2534	4510
30201	2392	2392	2118	2683	1885	2960	1752	3132	1640	3285
30202	2855	2855	2554	3172	2298	3472	2151	3658	2027	3824
30304	2014	2014	1763	2282	1551	2537	1430	2697	1330	2839
30305	2476	2476	2196	2772	1959	3053	1823	3227	1710	3383
30306	2416	2416	2140	2709	1906	2987	1773	3159	1660	3314
30308	2496	2496	2215	2793	1977	3075	1841	3250	1726	3406
30309	2725	2726	2432	3036	2182	3329	2039	3512	1918	3674
30310	2401	2401	2126	2693	1893	2970	1760	3142	1648	3296
30311	1771	1771	1536	2023	1338	2264	1227	2414	1134	2549
30312	2258	2258	1991	2541	1766	2810	1637	2978	1529	3127
30313	2167	2168	1907	2445	1686	2709	1560	2874	1455	3021
30314	2062	2062	1808	2333	1593	2591	1471	2752	1369	2896
30401	4695	4695	4307	5100	3972	5478	3778	5711	3614	5918
30403	2254	2254	1988	2537	1762	2806	1634	2973	1526	3123
30404	3202	3202	2883	3537	2610	3854	2453	4050	2321	4224
30501	1054	1055	875	1251	728	1442	646	1562	579	1671
30503	2377	2377	2104	2667	1871	2943	1739	3115	1628	3268
30504	2195	2196	1933	2475	1711	2741	1584	2906	1478	3054
30600	2399	2399	2124	2691	1891	2968	1758	3140	1646	3294
30700	1712	1712	1481	1959	1287	2196	1178	2345	1087	2478
30801	2654	2654	2365	2960	2118	3251	1977	3431	1859	3591
30802	1638	1638	1413	1881	1224	2113	1117	2259	1028	2389
30901	1427	1427	1217	1654	1042	1873	944	2010	863	2133
30902	2317	2317	2047	2604	1818	2876	1688	3046	1578	3197
31000	1887	1887	1644	2147	1440	2395	1324	2550	1227	2688
31100	3137	3137	2821	3469	2551	3782	2396	3977	2266	4149
31202	2528	2528	2245	2827	2005	3110	1868	3287	1753	3444
31204	2796	2796	2498	3110	2245	3407	2099	3591	1977	3755
31205	4071	4072	3711	4449	3400	4803	3221	5021	3069	5215
31206	2150	2150	1891	2427	1671	2690	1546	2854	1441	3001
31301	1988	1988	1738	2254	1528	2508	1408	2666	1309	2808
31302	2154	2154	1894	2431	1674	2695	1549	2859	1445	3005
31400	2902	2902	2599	3222	2340	3524	2192	3712	2067	3878
31501	1830	1830	1591	2086	1390	2330	1276	2483	1181	2620
31502	2456	2457	2178	2751	1942	3031	1807	3205	1694	3360
31601	1870	1870	1628	2129	1425	2376	1310	2530	1214	2668
31603	4525	4525	4144	4922	3816	5294	3626	5523	3464	5726
31604	2052	2052	1798	2322	1584	2580	1463	2741	1361	2884
31605	2196	2197	1934	2476	1712	2742	1585	2907	1479	3055
31703	3547	3547	3211	3900	2923	4232	2757	4437	2616	4619
31704	2896	2896	2593	3215	2335	3518	2187	3705	2062	3871
31705	1416	1416	1207	1642	1033	1860	935	1997	854	2120
31706	1866	1866	1625	2124	1422	2371	1307	2525	1210	2663
31800	2561	2561	2277	2862	2035	3147	1897	3324	1781	3482
31903	3226	3226	2906	3563	2632	3880	2474	4077	2342	4252
31904	1688	1689	1459	1934	1267	2170	1159	2318	1068	2450
31906	2043	2043	1790	2313	1576	2570	1455	2730	1354	2874
31907	2992	2992	2684	3317	2421	3624	2270	3814	2143	3983
31908	1842	1842	1602	2099	1401	2344	1286	2497	1191	2634
31909	1563	1563	1343	1800	1159	2028	1055	2170	969	2298
32002	1741	1741	1508	1990	1312	2229	1202	2379	1110	2513
32003	2504	2504	2223	2801	1984	3084	1847	3259	1733	3416
32005	2697	2697	2405	3006	2157	3298	2014	3480	1895	3641
32006	1931	1932	1686	2194	1479	2445	1361	2601	1263	2741
32007	1736	1736	1503	1985	1308	2224	1198	2373	1106	2507
32008	1857	1857	1616	2115	1414	2361	1299	2515	1203	2652
32010	2007	2007	1756	2274	1545	2529	1425	2688	1324	2831
32011	1578	1578	1357	1816	1172	2045	1067	2188	981	2317
32102	2310	2310	2040	2596	1812	2868	1682	3038	1572	3189
32103	2467	2468	2189	2763	1952	3044	1816	3218	1703	3373
32104	3258	3258	2936	3597	2661	3916	2503	4113	2369	4289
32203	4126	4126	3763	4505	3450	4862	3269	5081	3116	5276
32207	1669	1669	1441	1914	1251	2149	1143	2295	1053	2427
32208	4438	4439	4062	4832	3736	5201	3548	5428	3389	5629
32210	5110	5110	4705	5532	4355	5926	4151	6168	3979	6383
32211	1929	1930	1684	2192	1477	2442	1360	2599	1262	2739
32212	3190	3190	2872	3525	2599	3841	2443	4036	2311	4210
32213	1685	1686	1456	1931	1264	2167	1156	2314	1066	2446
32214	2325	2325	2054	2612	1825	2885	1695	3055	1585	3206
32215	2928	2928	2623	3249	2364	3553	2214	3741	2089	3909
32307	2436	2437	2159	2730	1924	3009	1790	3182	1677	3337
32309	2985	2985	2678	3310	2415	3616	2264	3806	2137	3975
32311	2349	2349	2077	2638	1847	2912	1715	3083	1605	3235
32313	2602	2602	2315	2905	2072	3193	1932	3371	1815	3530
32315	2440	2441	2163	2734	1928	3014	1793	3187	1680	3342
32316	2356	2356	2084	2645	1853	2920	1721	3091	1611	3243
32317	2356	2356	2084	2645	1853	2920	1721	3091	1611	3243
32318	2161	2161	1901	2439	1681	2703	1555	2867	1450	3014
32319	3582	3582	3244	3937	2954	4270	2788	4476	2646	4659
32320	2188	2189	1926	2467	1704	2733	1578	2898	1473	3046
32321	2780	2780	2483	3093	2230	3389	2086	3573	1964	3737
32322	1694	1695	1465	1941	1272	2177	1164	2325	1073	2457
32323	2312	2312	2042	2598	1814	2871	1683	3040	1574	3191
32324	2513	2513	2231	2811	1992	3094	1855	3270	1740	3426
32325	2883	2883	2581	3202	2323	3503	2175	3690	2051	3856
32326	1435	1435	1225	1663	1049	1882	951	2020	869	2143
32327	1841	1841	1601	2098	1400	2343	1286	2496	1190	2633
32328	1209	1209	1016	1419	857	1622	768	1750	695	1865
32329	3110	3110	2796	3440	2527	3753	2373	3946	2243	4118
32401	2619	2619	2331	2923	2087	3212	1947	3391	1829	3550
32402	2739	2740	2445	3050	2194	3345	2051	3528	1930	3690
32500	2924	2924	2620	3245	2360	3549	2211	3737	2085	3904
32601	1330	1330	1127	1549	959	1761	865	1894	787	2014
32602	3965	3965	3609	4338	3303	4687	3127	4903	2977	5095
32702	3031	3032	2721	3358	2456	3667	2304	3858	2176	4028
32703	969	969	797	1157	657	1341	580	1458	516	1563
32704	3510	3510	3176	3861	2889	4191	2724	4395	2584	4577
32800	2167	2168	1907	2445	1686	2709	1560	2874	1455	3021
40100	2150	2150	1891	2427	1671	2690	1546	2854	1441	3001
40200	2807	2807	2509	3121	2255	3419	2109	3604	1987	3768
40300	1437	1437	1226	1665	1051	1884	952	2022	871	2145
40400	3842	3842	3492	4209	3191	4553	3017	4766	2870	4955
40500	1088	1088	905	1287	755	1480	672	1603	604	1713
40700	4127	4127	3763	4506	3451	4863	3270	5083	3117	5277
40800	2660	2660	2370	2967	2123	3257	1982	3437	1864	3598
40900	1946	1946	1699	2209	1491	2460	1373	2617	1275	2758
41000	4058	4059	3698	4435	3388	4789	3209	5007	3058	5200
41100	2378	2378	2105	2669	1872	2944	1740	3116	1629	3269
41201	1487	1487	1272	1718	1093	1941	992	2080	909	2206
41202	2899	2899	2596	3219	2337	3521	2189	3708	2064	3875
41301	2683	2683	2392	2991	2144	3283	2002	3464	1883	3625
41303	2333	2333	2062	2621	1832	2894	1701	3064	1592	3216
41304	1263	1264	1066	1477	903	1684	812	1815	736	1932
41400	2818	2818	2519	3133	2264	3431	2119	3616	1996	3781
41500	795	795	640	966	515	1135	447	1242	392	1340
41601	2696	2696	2404	3005	2156	3297	2014	3479	1894	3640
41605	2372	2372	2099	2662	1867	2938	1735	3109	1624	3262
41606	2788	2788	2491	3101	2237	3398	2093	3582	1970	3746
41607	1440	1440	1229	1668	1053	1888	955	2025	873	2149
41608	2352	2352	2080	2641	1849	2915	1718	3086	1607	3238
41701	3212	3212	2893	3548	2619	3865	2462	4061	2330	4236
41703	2699	2699	2407	3008	2158	3301	2016	3482	1896	3644
41704	2240	2240	1974	2522	1750	2790	1622	2957	1515	3106
41805	3053	3054	2742	3381	2476	3691	2324	3883	2195	4053
41806	4381	4382	4007	4772	3684	5139	3497	5365	3339	5565
41808	2252	2252	1986	2534	1760	2803	1632	2971	1524	3120
41809	3126	3126	2811	3457	2541	3770	2387	3964	2256	4136
41810	2977	2977	2670	3301	2408	3607	2257	3797	2130	3965
41811	3718	3719	3374	4079	3078	4419	2908	4628	2764	4814
41812	5517	5517	5096	5955	4731	6364	4519	6615	4339	6837
41901	4454	4455	4077	4849	3751	5218	3563	5446	3403	5647
41903	3636	3636	3296	3993	3004	4329	2835	4537	2693	4721
41904	2281	2281	2013	2565	1786	2836	1657	3004	1548	3155
41905	2910	2910	2606	3230	2347	3533	2199	3721	2074	3888
42001	2327	2327	2056	2614	1827	2887	1696	3057	1587	3209
42003	1581	1581	1359	1819	1174	2048	1070	2192	983	2320
42004	2383	2383	2109	2674	1877	2950	1744	3122	1633	3275
42005	2037	2037	1784	2306	1571	2563	1450	2723	1349	2866
42006	2135	2135	1876	2411	1658	2673	1533	2837	1429	2983
50101	1237	1237	1042	1449	881	1654	791	1783	717	1900
50102	2323	2323	2053	2610	1823	2883	1693	3053	1583	3204
50200	1863	1863	1622	2121	1419	2368	1304	2522	1208	2660
50300	2422	2422	2146	2715	1912	2993	1778	3166	1665	3321
50401	3444	3444	3113	3791	2829	4119	2666	4321	2528	4501
50402	2900	2900	2597	3220	2338	3522	2190	3709	2065	3876
50500	4427	4428	4051	4821	3726	5189	3539	5416	3379	5617
50600	519	519	396	659	299	800	247	890	207	973
50700	3103	3103	2789	3433	2521	3745	2367	3938	2237	4110
50800	3059	3060	2748	3388	2482	3698	2329	3890	2200	4060
50900	1589	1589	1367	1828	1181	2057	1076	2201	989	2330
51000	3555	3555	3219	3908	2930	4240	2764	4446	2623	4628
51100	1772	1772	1537	2024	1339	2265	1228	2415	1135	2550
51200	4401	4402	4026	4793	3702	5161	3515	5387	3357	5588
51300	4878	4878	4482	5290	4140	5675	3942	5913	3774	6123
51400	3738	3738	3392	4099	3096	4440	2925	4650	2780	4836
51500	2551	2551	2267	2851	2026	3136	1888	3313	1772	3471
51601	2132	2132	1874	2408	1655	2670	1531	2833	1426	2979
51602	1866	1866	1625	2124	1422	2371	1307	2525	1210	2663
51701	2675	2675	2384	2983	2137	3274	1995	3455	1876	3616
51702	1957	1957	1709	2221	1501	2473	1382	2630	1283	2771
51802	2507	2507	2225	2804	1987	3087	1850	3263	1735	3419
51803	3670	3671	3328	4029	3035	4366	2865	4575	2722	4760
51804	1353	1353	1149	1574	979	1787	884	1922	805	2042
51905	4176	4176	3810	4558	3496	4916	3314	5137	3160	5333
51912	1044	1044	866	1240	719	1430	638	1550	572	1658
51913	2194	2195	1932	2474	1710	2740	1583	2905	1477	3053
51914	1868	1868	1627	2127	1423	2373	1308	2528	1212	2666
51915	2801	2801	2503	3115	2249	3412	2104	3597	1981	3761
51916	1887	1887	1644	2147	1440	2395	1324	2550	1227	2688
51917	1767	1767	1532	2018	1335	2259	1224	2409	1131	2544
51918	2436	2437	2159	2730	1924	3009	1790	3182	1677	3337
51921	1981	1981	1732	2246	1522	2500	1403	2658	1303	2800
51922	2202	2202	1939	2481	1716	2747	1589	2913	1483	3061
51923	1838	1838	1599	2094	1397	2339	1283	2493	1188	2630
51924	2471	2472	2192	2767	1955	3048	1820	3223	1706	3378
51925	3381	3382	3054	3726	2773	4051	2611	4252	2474	4430
51926	1959	1959	1711	2223	1502	2475	1384	2633	1285	2773
51927	2789	2789	2492	3102	2238	3399	2093	3583	1971	3747
51928	1630	1630	1405	1872	1217	2104	1110	2250	1022	2380
52003	3349	3350	3023	3692	2743	4016	2583	4216	2447	4393
52004	2601	2601	2314	2904	2071	3192	1931	3370	1814	3529
52005	2609	2609	2322	2913	2078	3201	1938	3379	1821	3539
52006	1458	1459	1246	1688	1069	1908	969	2047	887	2171
52007	1584	1584	1362	1823	1177	2052	1072	2195	985	2324
52104	2087	2087	1831	2360	1615	2619	1492	2781	1390	2926
52105	796	796	641	967	516	1136	448	1244	392	1341
52107	1833	1833	1594	2089	1393	2334	1279	2487	1184	2624
52108	2342	2342	2071	2630	1840	2904	1709	3074	1599	3226
52112	1176	1176	986	1383	829	1583	742	1710	670	1823
52113	1272	1272	1074	1486	910	1694	818	1824	743	1942
52114	1764	1764	1529	2015	1332	2256	1221	2406	1128	2541
52115	2290	2290	2021	2575	1794	2846	1665	3015	1556	3165
52118	2538	2538	2255	2837	2014	3122	1877	3298	1761	3455
52203	3410	3410	3080	3756	2798	4082	2636	4283	2498	4462
52204	1868	1868	1627	2127	1423	2373	1308	2528	1212	2666
52206	1930	1931	1685	2193	1478	2444	1360	2600	1262	2740
52207	2294	2294	2025	2579	1798	2850	1668	3019	1559	3170
52208	1912	1913	1668	2174	1462	2423	1345	2579	1248	2718
52209	1035	1035	858	1230	712	1419	631	1539	565	1647
52301	2182	2183	1921	2461	1699	2726	1573	2891	1468	3039
52302	1526	1526	1308	1760	1127	1985	1024	2127	940	2253
52401	2149	2149	1890	2426	1670	2689	1545	2853	1440	3000
52402	1539	1539	1320	1774	1138	2000	1035	2142	950	2269
52502	3699	3700	3356	4059	3061	4398	2891	4607	2747	4793
52503	3035	3036	2725	3362	2460	3671	2308	3862	2180	4032
52504	1925	1926	1680	2188	1473	2438	1356	2594	1258	2734
52603	1396	1396	1188	1621	1016	1837	919	1973	839	2095
52604	2474	2475	2195	2771	1958	3051	1823	3226	1709	3382
52605	2559	2559	2275	2860	2033	3145	1895	3322	1779	3480
52606	2471	2472	2192	2767	1955	3048	1820	3223	1706	3378
52607	2508	2508	2226	2806	1987	3088	1851	3264	1736	3420
52701	1118	1118	933	1319	780	1515	696	1639	626	1751
52705	4486	4486	4107	4881	3780	5252	3591	5480	3430	5682
52706	2116	2116	1859	2391	1641	2652	1517	2815	1413	2960
52707	2673	2673	2383	2981	2135	3272	1994	3452	1875	3613
52708	1839	1839	1599	2095	1398	2341	1284	2494	1189	2631
52709	1472	1473	1259	1703	1081	1924	981	2064	898	2188
52803	2052	2052	1798	2322	1584	2580	1463	2741	1361	2884
52804	3627	3627	3287	3984	2995	4319	2827	4527	2685	4711
52805	2271	2271	2004	2555	1777	2825	1648	2993	1540	3143
52806	2699	2699	2407	3008	2158	3301	2016	3482	1896	3644
52903	2051	2051	1797	2321	1583	2579	1462	2740	1360	2883
52904	2503	2503	2222	2800	1983	3083	1847	3258	1732	3414
52905	2137	2137	1878	2413	1659	2676	1535	2839	1431	2985
52906	2623	2623	2335	2928	2090	3216	1950	3395	1833	3555
53101	1634	1634	1409	1876	1220	2109	1114	2254	1025	2385
53102	2154	2154	1894	2431	1674	2695	1549	2859	1445	3005
53201	1926	1927	1681	2189	1474	2439	1357	2595	1259	2735
53202	2104	2104	1847	2378	1630	2638	1507	2801	1404	2946
53301	3268	3268	2946	3607	2670	3927	2511	4124	2378	4300
53302	2630	2630	2342	2935	2097	3224	1956	3403	1838	3563
53400	2586	2586	2300	2888	2057	3175	1918	3353	1802	3512
53504	3545	3545	3209	3898	2921	4230	2755	4435	2614	4617
53505	2398	2398	2123	2690	1890	2967	1757	3139	1645	3292
53506	2640	2640	2351	2946	2106	3235	1965	3415	1847	3575
53507	2340	2340	2069	2628	1839	2902	1707	3072	1597	3224
53508	1304	1304	1103	1521	937	1731	844	1863	767	1981
53509	1871	1871	1629	2130	1426	2377	1311	2531	1215	2669
990100	0	0	0	9	0	32	0	52	0	74
53602	3353	3354	3027	3697	2747	4020	2586	4220	2450	4398
53603	1968	1968	1719	2232	1510	2485	1392	2643	1292	2784
53604	2078	2078	1823	2350	1607	2609	1485	2771	1382	2915
53700	2175	2176	1914	2453	1693	2718	1567	2883	1462	3030
53801	2202	2202	1939	2481	1716	2747	1589	2913	1483	3061
53802	3116	3116	2801	3447	2532	3759	2378	3953	2248	4125
53803	2762	2763	2467	3075	2215	3370	2071	3554	1949	3717
60200	538	538	412	681	313	823	261	915	219	999
60300	2053	2053	1799	2323	1585	2581	1464	2742	1362	2885
60400	1911	1912	1667	2173	1461	2422	1344	2578	1247	2717
60500	1780	1780	1544	2032	1346	2274	1234	2425	1141	2560
60600	3413	3413	3083	3759	2801	4085	2638	4286	2501	4465
60700	3344	3345	3018	3687	2739	4010	2578	4210	2443	4387
60800	2476	2476	2196	2772	1959	3053	1823	3227	1710	3383
60903	1514	1514	1297	1747	1116	1971	1015	2112	930	2239
60904	2488	2488	2207	2784	1970	3066	1834	3241	1720	3397
60905	3123	3123	2808	3454	2539	3767	2384	3961	2254	4133
60906	944	944	774	1130	636	1312	560	1427	498	1531
61001	2072	2072	1817	2344	1602	2603	1480	2764	1377	2908
61002	2282	2282	2014	2566	1787	2837	1658	3005	1549	3156
61100	2935	2935	2630	3257	2370	3561	2221	3749	2095	3917
61200	2942	2942	2637	3264	2376	3568	2227	3757	2101	3925
61300	2768	2768	2472	3080	2220	3376	2075	3559	1954	3723
61400	2391	2391	2117	2682	1884	2959	1751	3131	1640	3284
61500	3812	3812	3463	4177	3163	4520	2991	4732	2844	4921
61601	1282	1282	1083	1497	918	1705	826	1836	750	1954
61602	452	453	338	584	249	716	202	802	165	881
61700	2426	2426	2150	2720	1915	2998	1781	3171	1669	3325
61800	1163	1163	974	1369	818	1568	732	1694	660	1807
61900	911	911	744	1093	609	1272	535	1386	474	1489
62000	1829	1829	1590	2085	1389	2329	1275	2482	1181	2619
62300	1986	1986	1736	2252	1526	2506	1407	2664	1307	2806
62400	2393	2393	2119	2684	1886	2961	1753	3133	1641	3286
62500	2976	2976	2669	3300	2407	3606	2256	3796	2130	3964
62600	2204	2204	1940	2483	1718	2750	1591	2915	1485	3063
62801	2803	2803	2505	3117	2251	3415	2106	3599	1983	3763
62802	1567	1567	1346	1804	1162	2032	1058	2175	972	2303
62900	5193	5194	4785	5618	4432	6016	4226	6260	4052	6476
63000	1302	1302	1101	1519	935	1728	842	1860	766	1979
63100	1731	1731	1498	1980	1304	2218	1194	2367	1102	2501
63200	2107	2107	1850	2381	1633	2642	1509	2804	1406	2950
63300	2590	2590	2304	2893	2061	3179	1922	3358	1805	3516
63400	3360	3361	3034	3704	2753	4028	2592	4228	2456	4406
63501	1782	1782	1546	2034	1348	2276	1236	2427	1143	2562
63502	1880	1880	1638	2139	1434	2387	1318	2542	1222	2680
70100	1722	1722	1490	1970	1296	2208	1186	2357	1095	2490
70203	4550	4550	4168	4948	3839	5321	3648	5551	3486	5755
70204	1397	1397	1189	1622	1017	1838	920	1974	839	2096
70205	1426	1426	1216	1653	1041	1872	943	2009	862	2132
70206	2160	2160	1900	2437	1680	2701	1554	2866	1449	3013
70207	2346	2346	2074	2634	1844	2909	1713	3079	1602	3231
70307	1832	1832	1593	2088	1392	2333	1278	2486	1183	2622
70308	2305	2305	2036	2591	1807	2863	1677	3032	1568	3183
70309	3075	3075	2762	3404	2495	3714	2342	3906	2213	4078
70310	2583	2583	2297	2885	2054	3172	1916	3350	1799	3508
70311	1821	1821	1583	2076	1382	2320	1269	2473	1174	2609
70312	2383	2383	2109	2674	1877	2950	1744	3122	1633	3275
70313	3910	3910	3557	4280	3253	4627	3078	4842	2929	5032
70314	1572	1572	1351	1810	1166	2038	1062	2181	976	2309
70315	2996	2996	2688	3321	2425	3628	2274	3818	2147	3987
70316	2352	2352	2080	2641	1849	2915	1718	3086	1607	3238
70401	999	999	825	1190	682	1377	603	1495	538	1601
70403	1295	1295	1095	1511	929	1720	837	1852	760	1970
70404	1748	1748	1514	1998	1318	2237	1208	2387	1115	2521
70703	2760	2761	2465	3073	2213	3368	2069	3551	1948	3715
71100	1159	1159	970	1364	815	1563	728	1689	657	1802
71205	2439	2440	2162	2733	1927	3012	1792	3186	1680	3341
71206	4464	4464	4086	4858	3759	5228	3571	5456	3411	5658
71207	3165	3165	2848	3498	2577	3813	2421	4008	2290	4181
71208	3705	3706	3362	4066	3067	4405	2896	4614	2753	4800
71209	1765	1765	1530	2016	1333	2257	1222	2407	1129	2542
71210	3014	3014	2705	3340	2441	3648	2290	3839	2162	4008
71304	3786	3786	3438	4150	3140	4492	2967	4703	2822	4891
71305	1826	1826	1587	2082	1387	2326	1273	2479	1178	2615
71306	3880	3880	3528	4248	3226	4595	3051	4808	2903	4998
71307	3023	3024	2714	3350	2449	3658	2297	3849	2169	4019
71309	2091	2091	1835	2364	1619	2624	1496	2786	1393	2931
71310	3011	3011	2702	3337	2438	3645	2287	3835	2159	4005
71403	2100	2100	1843	2373	1627	2634	1503	2796	1400	2941
71406	5352	5352	4937	5783	4578	6186	4369	6434	4192	6653
71407	2551	2551	2267	2851	2026	3136	1888	3313	1772	3471
71408	1995	1995	1745	2261	1534	2516	1414	2675	1314	2816
71409	1922	1923	1677	2184	1471	2435	1354	2591	1256	2730
71410	3513	3513	3178	3864	2892	4194	2726	4399	2587	4580
71411	2576	2576	2291	2878	2048	3164	1910	3342	1793	3500
71503	2616	2616	2329	2920	2084	3208	1944	3387	1827	3547
71504	1869	1869	1628	2128	1424	2375	1309	2529	1213	2667
71505	2560	2560	2276	2861	2034	3146	1896	3323	1780	3481
71506	2350	2350	2078	2639	1847	2913	1716	3084	1606	3236
71601	2250	2250	1984	2532	1759	2801	1630	2969	1523	3118
71602	3452	3452	3120	3800	2836	4128	2673	4330	2534	4510
71703	1639	1639	1413	1882	1224	2114	1118	2260	1029	2391
71704	1841	1841	1601	2098	1400	2343	1286	2496	1190	2633
71705	1663	1663	1436	1908	1245	2142	1138	2288	1048	2420
71706	841	841	682	1017	553	1190	482	1300	424	1400
71707	1188	1188	997	1396	839	1597	752	1724	679	1838
71803	2700	2700	2408	3009	2159	3302	2017	3483	1897	3645
71805	1551	1551	1331	1787	1148	2014	1045	2156	959	2284
71806	2023	2023	1771	2291	1559	2547	1438	2707	1337	2850
71807	1672	1673	1444	1917	1253	2152	1145	2299	1055	2431
71808	1572	1572	1351	1810	1166	2038	1062	2181	976	2309
71901	2599	2599	2312	2902	2069	3189	1930	3368	1812	3527
71902	2629	2629	2341	2934	2096	3223	1955	3402	1838	3562
72000	2273	2273	2005	2557	1779	2827	1650	2995	1542	3145
72105	2077	2077	1822	2349	1606	2608	1484	2770	1381	2914
72106	3122	3122	2807	3453	2538	3766	2383	3960	2253	4132
72107	2100	2100	1843	2373	1627	2634	1503	2796	1400	2941
72108	2490	2490	2209	2786	1971	3068	1835	3243	1721	3399
72109	1961	1961	1713	2225	1504	2477	1386	2635	1287	2776
72111	1198	1198	1006	1407	848	1609	760	1736	687	1851
72112	2140	2140	1881	2416	1662	2679	1537	2843	1433	2989
72305	2737	2738	2443	3048	2193	3343	2049	3525	1928	3688
72307	2064	2064	1810	2335	1595	2594	1473	2755	1371	2899
72308	3287	3287	2964	3627	2687	3948	2528	4146	2394	4322
72309	2983	2983	2676	3307	2413	3614	2262	3803	2136	3972
72310	1883	1883	1641	2143	1436	2390	1321	2545	1224	2684
72311	2202	2202	1939	2481	1716	2747	1589	2913	1483	3061
72312	2999	2999	2691	3324	2428	3631	2276	3822	2149	3991
72313	1721	1721	1489	1969	1295	2207	1185	2355	1094	2489
72405	1954	1954	1706	2218	1498	2470	1380	2627	1281	2767
72406	2499	2499	2218	2796	1979	3078	1843	3253	1729	3410
72407	2359	2359	2087	2648	1855	2923	1724	3094	1613	3246
72408	2803	2803	2505	3117	2251	3415	2106	3599	1983	3763
72409	1171	1171	981	1377	825	1577	738	1704	666	1817
72410	1759	1759	1525	2010	1328	2250	1217	2400	1124	2535
72503	1989	1989	1739	2255	1529	2509	1409	2668	1310	2809
72504	2063	2063	1809	2334	1594	2592	1472	2753	1370	2897
72505	4563	4563	4181	4962	3851	5335	3660	5565	3498	5769
72506	2042	2042	1789	2312	1575	2569	1454	2729	1353	2872
72507	1880	1880	1638	2139	1434	2387	1318	2542	1222	2680
72601	2672	2672	2382	2979	2134	3271	1993	3451	1874	3612
72602	2860	2860	2559	3177	2302	3478	2155	3664	2031	3830
72603	4329	4329	3957	4718	3636	5083	3451	5307	3293	5506
72800	4786	4787	4395	5195	4056	5577	3860	5812	3694	6020
72901	5	5	0	26	0	59	0	85	0	112
72903	16	16	1	48	0	91	0	123	0	155
900202	0	0	0	9	0	32	0	52	0	74
72906	6	6	0	28	0	63	0	90	0	117
990002	60	60	23	113	5	175	0	218	0	260
73001	2758	2759	2463	3071	2211	3366	2067	3549	1946	3712
73005	2318	2318	2048	2605	1819	2877	1689	3047	1579	3198
73006	2410	2410	2135	2703	1901	2980	1767	3153	1655	3306
73108	3818	3818	3469	4183	3169	4527	2996	4739	2849	4927
73110	2129	2129	1871	2404	1652	2667	1528	2830	1424	2976
73111	1917	1918	1673	2179	1466	2429	1349	2585	1252	2724
73113	3164	3164	2847	3497	2576	3812	2420	4007	2289	4180
73114	2001	2001	1750	2268	1539	2523	1419	2681	1319	2824
73115	1582	1582	1360	1820	1175	2049	1071	2193	984	2321
73116	1442	1442	1231	1670	1055	1890	956	2028	874	2152
73117	1669	1669	1441	1914	1251	2149	1143	2295	1053	2427
73118	1886	1886	1643	2146	1439	2394	1323	2549	1227	2687
73119	1690	1691	1461	1937	1269	2173	1160	2320	1070	2452
73120	1806	1806	1569	2060	1369	2303	1256	2455	1162	2591
73121	1878	1878	1636	2137	1432	2385	1317	2539	1220	2678
73122	2072	2072	1817	2344	1602	2603	1480	2764	1377	2908
73123	2690	2690	2399	2999	2150	3291	2008	3472	1889	3633
73124	1231	1231	1037	1443	876	1647	786	1776	712	1892
73125	4211	4211	3844	4594	3528	4954	3345	5176	3190	5373
73126	1268	1268	1070	1482	906	1689	815	1820	740	1937
73200	4576	4576	4193	4975	3863	5349	3671	5580	3509	5784
73301	2810	2810	2511	3125	2257	3422	2112	3607	1989	3772
73302	2195	2196	1933	2475	1711	2741	1584	2906	1478	3054
73404	4348	4348	3975	4738	3654	5103	3468	5328	3310	5528
73405	2135	2135	1876	2411	1658	2673	1533	2837	1429	2983
73406	2298	2298	2029	2583	1801	2855	1671	3024	1563	3175
73407	1778	1778	1542	2030	1345	2271	1233	2422	1140	2557
73408	2347	2347	2075	2636	1845	2910	1713	3080	1603	3232
73500	3833	3833	3483	4199	3183	4543	3009	4756	2862	4944
80101	2222	2222	1957	2503	1734	2770	1606	2936	1500	3085
80102	2820	2820	2521	3135	2266	3434	2120	3619	1997	3783
80200	2284	2284	2016	2569	1789	2839	1659	3008	1551	3158
80300	1807	1807	1569	2061	1370	2304	1257	2456	1163	2592
80400	2553	2553	2269	2853	2028	3138	1890	3315	1774	3473
80500	2215	2215	1951	2495	1728	2762	1600	2928	1494	3077
80600	2719	2720	2426	3029	2176	3323	2033	3505	1913	3667
80700	3245	3245	2924	3583	2649	3901	2491	4098	2358	4274
80800	604	604	470	754	364	904	307	1000	261	1087
80900	3791	3791	3443	4155	3144	4498	2972	4709	2826	4897
81000	3603	3603	3264	3959	2974	4293	2806	4500	2664	4683
81100	1348	1348	1144	1569	975	1782	880	1916	801	2036
81200	1383	1383	1176	1606	1005	1822	908	1957	828	2079
81400	17	17	2	50	0	94	0	126	0	158
90101	3220	3220	2900	3556	2626	3874	2469	4070	2337	4245
90102	4340	4340	3968	4730	3646	5094	3461	5319	3303	5519
90201	2481	2481	2201	2777	1963	3058	1828	3233	1714	3389
90202	2835	2835	2535	3151	2280	3450	2133	3636	2010	3801
90300	1119	1119	934	1321	781	1517	697	1640	627	1752
90400	3006	3006	2698	3332	2434	3639	2283	3830	2155	3999
90501	2890	2890	2587	3209	2329	3511	2181	3698	2057	3865
90502	2971	2971	2664	3295	2402	3600	2252	3790	2125	3958
90700	2733	2734	2439	3044	2189	3338	2046	3521	1925	3683
90800	2255	2255	1988	2538	1763	2807	1635	2974	1527	3124
90900	3544	3544	3208	3897	2920	4228	2754	4433	2614	4616
91000	3599	3599	3261	3954	2970	4289	2803	4495	2661	4679
91100	2421	2421	2145	2714	1911	2992	1777	3165	1665	3319
91201	3293	3293	2970	3633	2693	3954	2533	4152	2399	4329
91203	4027	4028	3669	4403	3360	4755	3182	4972	3031	5165
91204	2794	2794	2496	3108	2243	3405	2098	3589	1976	3753
91301	2096	2096	1840	2369	1623	2630	1500	2792	1397	2937
91302	3888	3888	3536	4257	3233	4603	3058	4817	2910	5007
91400	1796	1796	1559	2049	1360	2292	1248	2443	1154	2579
91500	2351	2351	2079	2640	1848	2914	1717	3085	1606	3237
91600	4056	4057	3696	4433	3387	4787	3208	5005	3056	5198
91700	5121	5121	4716	5543	4365	5938	4161	6180	3989	6395
91800	2476	2476	2196	2772	1959	3053	1823	3227	1710	3383
91900	4303	4303	3932	4691	3612	5054	3427	5278	3271	5477
92000	3080	3080	2767	3409	2500	3720	2346	3912	2217	4083
92100	3837	3837	3487	4203	3186	4548	3013	4760	2866	4949
92200	5349	5349	4934	5780	4575	6183	4367	6430	4190	6649
92300	4607	4607	4223	5008	3891	5383	3699	5614	3536	5819
92400	3842	3842	3492	4209	3191	4553	3017	4766	2870	4955
92500	4496	4496	4116	4892	3789	5263	3599	5491	3439	5694
92600	2759	2760	2464	3072	2212	3367	2068	3550	1947	3713
92701	2143	2143	1884	2419	1665	2682	1540	2846	1436	2992
92704	1695	1696	1466	1942	1273	2178	1164	2326	1074	2459
92801	3268	3268	2946	3607	2670	3927	2511	4124	2378	4300
92802	1965	1965	1717	2229	1508	2482	1389	2640	1290	2781
92803	1386	1386	1179	1610	1007	1825	911	1961	831	2083
92901	2821	2821	2522	3136	2267	3435	2121	3620	1998	3784
92902	2408	2408	2133	2700	1899	2978	1766	3150	1654	3304
940000	1698	1699	1469	1945	1276	2182	1167	2330	1076	2462
940001	7279	7279	6794	7781	6372	8247	6125	8532	5915	8784
940002	5769	5769	5338	6216	4964	6634	4747	6890	4562	7117
940003	2921	2921	2617	3242	2357	3545	2208	3733	2083	3900
940004	2942	2942	2637	3264	2376	3568	2227	3757	2101	3925
940005	2192	2193	1930	2472	1708	2737	1582	2903	1476	3050
940006	1189	1189	998	1397	840	1598	752	1725	680	1840
940007	1352	1352	1148	1573	978	1786	883	1920	804	2041
940008	2455	2456	2177	2750	1941	3030	1806	3204	1693	3359
940009	1332	1332	1129	1551	961	1763	867	1896	789	2016
940010	2978	2978	2671	3302	2409	3608	2258	3798	2131	3967
940011	1888	1888	1645	2148	1441	2396	1325	2551	1228	2690
940100	3111	3111	2796	3442	2528	3754	2374	3947	2244	4119
