tract10_id mean median lower_50 upper_50 lower_80 upper_80 lower_90 upper_90 lower_95 upper_95
100	7020	7021	6052	8060	5242	9058	4785	9683	4405	10243
200	8435	8436	7370	9571	6473	10656	5964	11333	5539	11938
300	2811	2811	2211	3482	1733	4148	1475	4574	1267	4961
401	5594	5594	4734	6526	4020	7427	3621	7993	3292	8503
402	4703	4703	3917	5560	3271	6394	2912	6921	2617	7395
500	4190	4190	3450	5001	2846	5794	2512	6296	2238	6749
600	8452	8453	7386	9589	6488	10675	5978	11353	5552	11958
700	4948	4948	4141	5827	3476	6680	3106	7218	2801	7702
800	2814	2814	2214	3485	1735	4151	1477	4578	1269	4965
900	2347	2347	1802	2963	1373	3580	1145	3977	963	4338
1000	2100	2101	1587	2685	1186	3274	974	3654	807	4001
1100	2662	2662	2079	3316	1616	3966	1367	4383	1168	4762
1200	7639	7640	6628	8722	5778	9759	5298	10407	4898	10988
1300	4565	4566	3792	5411	3156	6234	2804	6754	2515	7223
1400	5436	5436	4588	6355	3886	7244	3494	7804	3170	8308
1500	2716	2716	2127	3376	1659	4032	1406	4452	1204	4835
1600	4548	4549	3776	5392	3142	6214	2791	6733	2502	7202
1701	3678	3679	2987	4441	2427	5189	2119	5664	1869	6095
1702	4439	4440	3677	5274	3052	6086	2705	6600	2421	7064
1800	4696	4696	3910	5553	3265	6386	2906	6912	2612	7386
1900	5011	5012	4199	5895	3529	6753	3156	7294	2848	7781
2000	3725	3726	3030	4492	2465	5245	2155	5723	1902	6155
2100	4245	4245	3500	5062	2891	5858	2554	6363	2279	6818
2200	5991	5992	5100	6955	4358	7884	3942	8467	3598	8991
2400	3861	3862	3153	4642	2576	5406	2259	5891	2000	6330
2500	2761	2761	2167	3426	1694	4087	1439	4510	1234	4895
2600	5132	5133	4310	6026	3630	6893	3252	7440	2940	7932
2700	5579	5579	4720	6510	4008	7409	3609	7976	3280	8484
2800	4807	4807	4012	5673	3358	6515	2994	7047	2695	7526
2900	4600	4600	3823	5448	3185	6274	2831	6795	2540	7266
3000	6036	6037	5141	7003	4397	7935	3979	8521	3633	9047
3100	6627	6628	5688	7638	4903	8611	4461	9220	4094	9767
3200	8477	8478	7410	9616	6510	10703	5999	11382	5573	11988
3300	6796	6797	5844	7820	5049	8803	4600	9419	4228	9972
3400	3630	3631	2944	4388	2388	5132	2083	5605	1834	6033
3500	4274	4274	3527	5093	2915	5893	2577	6399	2300	6855
3600	6104	6105	5204	7076	4455	8013	4034	8602	3686	9130
3800	2093	2094	1581	2678	1181	3265	970	3644	803	3991
3900	2936	2936	2323	3621	1832	4300	1566	4733	1352	5127
4000	2968	2968	2351	3657	1857	4338	1589	4774	1373	5170
4100	8408	8409	7345	9543	6449	10626	5941	11302	5517	11906
4200	8168	8168	7121	9286	6239	10355	5740	11023	5323	11620
4301	3108	3109	2476	3812	1968	4508	1692	4951	1469	5354
4302	1546	1547	1111	2053	780	2571	610	2909	480	3220
4400	5906	5907	5021	6863	4286	7786	3873	8366	3532	8887
4500	2522	2523	1956	3160	1508	3796	1268	4204	1076	4575
4600	3322	3322	2667	4048	2139	4764	1851	5220	1617	5633
4700	7347	7347	6356	8410	5525	9428	5055	10066	4664	10636
4800	4874	4874	4073	5746	3414	6593	3047	7128	2745	7610
4900	6996	6997	6030	8035	5221	9031	4765	9655	4386	10214
5000	3779	3780	3079	4552	2509	5309	2196	5790	1941	6225
5100	3852	3853	3145	4632	2569	5396	2252	5880	1993	6318
5200	6629	6630	5689	7640	4905	8613	4463	9222	4096	9769
5301	5771	5772	4897	6717	4171	7631	3764	8205	3428	8721
5302	394	394	192	667	71	975	27	1187	6	1388
5400	5373	5373	4530	6287	3833	7171	3444	7729	3122	8230
5600	7265	7265	6279	8322	5453	9335	4987	9970	4599	10538
5700	6925	6926	5964	7958	5160	8950	4707	9571	4330	10128
5801	5348	5348	4507	6260	3812	7142	3424	7699	3103	8199
5802	5317	5318	4480	6227	3787	7108	3400	7662	3080	8161
5900	6127	6128	5225	7101	4474	8040	4053	8629	3704	9158
6000	5618	5618	4756	6552	4041	7454	3641	8022	3310	8533
6100	5719	5719	4849	6661	4126	7571	3722	8143	3388	8657
6200	4242	4242	3498	5058	2888	5855	2552	6359	2276	6815
6300	6291	6291	5376	7277	4614	8226	4186	8822	3831	9357
6400	3425	3425	2759	4162	2222	4887	1928	5349	1689	5767
6500	5293	5294	4458	6201	3766	7080	3380	7634	3062	8132
6600	4614	4614	3836	5463	3196	6290	2842	6812	2551	7283
6700	8209	8209	7159	9330	6275	10402	5774	11071	5356	11669
6800	3160	3161	2523	3870	2010	4570	1731	5017	1505	5422
6900	4409	4410	3650	5241	3027	6051	2682	6564	2399	7026
7000	8952	8953	7855	10122	6927	11237	6400	11932	5960	12552
7100	3838	3839	3132	4617	2557	5379	2241	5863	1983	6300
7200	11082	11083	9857	12380	8815	13609	8219	14373	7718	15054
7300	9397	9398	8271	10594	7319	11734	6777	12444	6323	13078
7401	5380	5380	4537	6294	3839	7179	3449	7737	3128	8238
7402	6265	6265	5352	7249	4592	8197	4165	8792	3811	9326
7500	7471	7472	6471	8543	5632	9569	5158	10211	4763	10786
7600	3798	3799	3096	4573	2525	5332	2211	5813	1955	6249
7700	4788	4788	3995	5653	3342	6493	2979	7024	2681	7502
7800	6063	6064	5166	7032	4420	7966	4001	8553	3654	9080
7900	6233	6233	5323	7214	4564	8160	4139	8754	3786	9286
8001	7761	7762	6742	8853	5885	9897	5400	10550	4995	11134
8002	3908	3908	3194	4692	2614	5461	2294	5948	2033	6389
8100	7790	7791	6769	8884	5910	9930	5424	10584	5019	11169
8200	7035	7036	6066	8076	5255	9075	4797	9701	4417	10261
8300	5226	5227	4396	6128	3710	7002	3327	7553	3011	8048
8400	6979	6980	6014	8016	5207	9012	4751	9635	4372	10193
8500	6094	6095	5195	7066	4446	8002	4026	8590	3678	9118
8600	3628	3629	2942	4386	2386	5129	2081	5602	1833	6030
8700	4161	4161	3424	4970	2822	5760	2489	6260	2217	6712
8800	3637	3638	2950	4396	2393	5140	2088	5613	1839	6042
8900	4942	4942	4136	5820	3471	6673	3101	7210	2796	7695
9000	3040	3041	2415	3737	1914	4425	1642	4865	1423	5265
9100	2644	2645	2064	3297	1603	3945	1355	4361	1156	4740
9200	2738	2738	2147	3400	1676	4059	1422	4481	1218	4864
9300	3624	3625	2939	4381	2383	5125	2078	5597	1830	6025
9400	5759	5760	4886	6704	4160	7617	3754	8191	3419	8706
9500	6490	6490	5561	7491	4785	8454	4349	9058	3987	9600
9600	6245	6245	5334	7227	4575	8174	4148	8768	3795	9301
9701	6370	6370	5449	7362	4682	8317	4251	8916	3893	9454
9702	5770	5771	4896	6716	4170	7630	3763	8204	3427	8720
9800	6966	6967	6002	8002	5195	8997	4740	9620	4362	10178
9900	6908	6909	5948	7940	5145	8931	4693	9551	4316	10108
10001	3786	3787	3085	4560	2515	5317	2201	5799	1946	6234
10002	4503	4504	3735	5343	3105	6161	2755	6678	2469	7145
10100	6558	6558	5624	7564	4843	8532	4405	9139	4040	9683
10200	5242	5243	4411	6146	3723	7021	3340	7572	3023	8068
10300	5988	5989	5097	6951	4356	7880	3940	8464	3596	8988
10401	4841	4841	4043	5710	3386	6555	3021	7088	2720	7568
10402	4745	4745	3955	5606	3306	6443	2945	6972	2648	7448
10500	6741	6742	5793	7761	5001	8741	4555	9355	4184	9905
10600	8367	8367	7307	9499	6414	10580	5907	11254	5484	11857
10701	3259	3259	2610	3978	2088	4688	1804	5141	1573	5551
10702	2794	2794	2196	3463	1720	4127	1462	4552	1256	4939
10800	5075	5076	4257	5965	3582	6827	3206	7371	2897	7861
10900	1368	1368	961	1847	655	2340	500	2662	383	2960
11001	3884	3884	3173	4666	2594	5432	2276	5919	2016	6358
11002	4020	4020	3296	4815	2706	5593	2380	6086	2114	6532
11101	4593	4593	3816	5440	3179	6265	2825	6787	2535	7257
11102	4307	4308	3557	5129	2942	5931	2602	6439	2324	6897
11200	3762	3763	3063	4533	2495	5289	2183	5769	1929	6203
11300	6583	6584	5647	7591	4865	8560	4425	9168	4060	9713
11401	4287	4288	3538	5108	2926	5908	2587	6414	2309	6872
11402	4290	4291	3541	5111	2928	5911	2589	6418	2312	6875
11500	4585	4585	3809	5432	3172	6256	2819	6777	2529	7247
11600	7206	7206	6224	8259	5402	9268	4938	9900	4552	10466
11700	6071	6072	5174	7041	4427	7975	4007	8562	3660	9089
11800	7401	7401	6406	8468	5571	9490	5100	10129	4707	10701
11900	7509	7510	6507	8583	5665	9612	5190	10255	4793	10831
12000	3754	3755	3056	4524	2489	5279	2177	5759	1923	6192
12100	3123	3124	2490	3829	1980	4526	1703	4970	1480	5374
20100	3700	3701	3007	4465	2445	5215	2136	5692	1884	6123
20200	6025	6026	5131	6991	4387	7923	3970	8508	3624	9033
20300	7948	7949	6916	9053	6048	10108	5556	10768	5146	11358
20401	5061	5062	4245	5949	3571	6811	3195	7354	2886	7843
20402	6852	6853	5896	7880	5097	8867	4646	9485	4272	10040
20500	9377	9378	8253	10573	7301	11712	6760	12421	6307	13054
20600	4317	4318	3566	5140	2950	5943	2610	6451	2331	6910
20700	5426	5426	4579	6344	3878	7233	3486	7792	3163	8295
20800	5450	5450	4601	6370	3898	7260	3505	7821	3181	8325
20900	7700	7701	6685	8788	5832	9828	5349	10479	4946	11061
21000	8604	8605	7529	9751	6621	10846	6106	11529	5676	12139
21100	6428	6428	5503	7424	4732	8383	4298	8985	3938	9524
21300	4380	4381	3623	5209	3003	6017	2659	6528	2378	6989
21400	4988	4988	4178	5870	3509	6726	3137	7266	2831	7752
21500	5649	5649	4784	6585	4067	7490	3666	8059	3334	8571
21600	6576	6577	5640	7584	4859	8552	4419	9160	4054	9705
21700	10953	10954	9735	12243	8700	13466	8108	14226	7611	14903
21802	7098	7098	6124	8143	5309	9146	4849	9774	4466	10336
21803	5780	5781	4905	6727	4178	7641	3771	8216	3435	8732
21804	5157	5158	4333	6054	3652	6922	3272	7470	2959	7963
21903	6956	6957	5993	7992	5187	8985	4732	9608	4354	10166
21904	6106	6107	5206	7079	4457	8016	4036	8604	3687	9132
21905	5799	5800	4923	6747	4195	7663	3787	8238	3449	8756
21906	5241	5242	4410	6145	3722	7020	3339	7571	3023	8067
22001	5870	5871	4988	6824	4255	7745	3844	8323	3504	8843
22003	5862	5863	4981	6815	4248	7735	3838	8314	3498	8833
22005	4965	4965	4157	5845	3490	6699	3119	7238	2814	7723
22006	4082	4082	3352	4883	2757	5666	2428	6163	2159	6611
22101	6750	6751	5802	7770	5009	8751	4562	9365	4191	9916
22102	9158	9158	8047	10340	7108	11467	6574	12168	6127	12795
22201	4881	4881	4080	5754	3420	6602	3052	7137	2750	7618
22202	8701	8702	7619	9855	6707	10955	6188	11641	5755	12254
22203	6879	6880	5921	7909	5120	8898	4669	9517	4293	10072
22300	5103	5104	4283	5995	3606	6860	3229	7405	2918	7895
22400	9747	9748	8600	10966	7629	12125	7075	12847	6611	13490
22500	8440	8441	7375	9577	6477	10662	5968	11339	5543	11944
22603	6146	6147	5243	7122	4491	8061	4069	8652	3719	9181
22604	5765	5766	4891	6711	4166	7624	3759	8198	3423	8714
22605	7882	7883	6854	8982	5990	10034	5501	10691	5093	11279
22606	6941	6942	5979	7976	5174	8968	4720	9590	4342	10147
22701	3296	3296	2644	4019	2118	4733	1831	5187	1599	5599
22702	4065	4065	3337	4865	2743	5646	2415	6142	2147	6589
22703	2879	2879	2272	3558	1787	4230	1524	4661	1313	5052
22801	8373	8373	7312	9505	6419	10586	5912	11261	5488	11864
22802	5462	5462	4612	6383	3908	7274	3515	7835	3190	8340
22803	4989	4990	4179	5871	3510	6727	3138	7267	2832	7753
22901	3584	3584	2903	4337	2350	5077	2048	5547	1802	5973
22902	7355	7355	6363	8418	5531	9437	5062	10075	4670	10646
23000	5813	5814	4935	6763	4206	7679	3798	8255	3460	8773
23100	4138	4138	3403	4945	2803	5732	2471	6232	2200	6682
23201	6252	6252	5340	7235	4581	8182	4154	8776	3800	9310
23202	4709	4709	3922	5567	3276	6401	2917	6928	2621	7403
23300	6564	6564	5629	7571	4849	8539	4409	9146	4045	9690
23401	4174	4174	3436	4984	2832	5775	2499	6276	2227	6728
23403	4442	4443	3680	5277	3054	6090	2708	6604	2424	7068
23404	3851	3852	3144	4631	2568	5394	2251	5879	1993	6317
23500	3968	3968	3249	4758	2663	5532	2340	6022	2077	6466
23601	4425	4426	3664	5258	3040	6070	2694	6583	2411	7046
23603	6132	6133	5230	7107	4479	8045	4057	8635	3708	9164
23604	6397	6397	5474	7391	4705	8348	4273	8948	3914	9487
23700	5218	5219	4389	6120	3703	6993	3320	7543	3005	8038
23801	3264	3264	2615	3984	2092	4694	1807	5147	1577	5557
23803	6102	6103	5202	7074	4453	8011	4033	8599	3684	9127
23804	8385	8386	7324	9518	6429	10600	5922	11275	5498	11879
23900	7764	7765	6744	8856	5887	9901	5402	10553	4998	11138
24000	8625	8626	7548	9774	6640	10870	6124	11553	5693	12164
24100	5093	5094	4274	5984	3598	6848	3221	7393	2910	7883
24200	3581	3581	2900	4334	2348	5073	2046	5544	1800	5969
24300	8273	8273	7219	9398	6331	10474	5828	11145	5407	11745
24400	2109	2110	1595	2696	1193	3285	981	3666	813	4013
24500	5711	5711	4841	6652	4120	7562	3716	8133	3382	8647
24601	5130	5131	4308	6024	3629	6891	3250	7437	2938	7929
24602	4088	4088	3358	4890	2761	5673	2433	6170	2164	6619
24701	4489	4490	3722	5328	3093	6145	2745	6661	2458	7127
24702	9884	9885	8729	11111	7750	12278	7192	13004	6724	13652
24800	6750	6751	5802	7770	5009	8751	4562	9365	4191	9916
24901	5906	5907	5021	6863	4286	7786	3873	8366	3532	8887
24902	4237	4237	3493	5053	2884	5849	2548	6353	2273	6808
24903	7607	7608	6598	8688	5751	9723	5271	10370	4872	10949
25001	5804	5805	4927	6753	4199	7669	3791	8244	3453	8762
25003	7801	7802	6779	8896	5920	9942	5433	10597	5028	11182
25005	5083	5084	4265	5973	3589	6836	3213	7381	2903	7871
25006	6395	6395	5472	7389	4703	8345	4271	8946	3912	9484
25101	7766	7767	6746	8858	5889	9903	5404	10556	4999	11140
25102	9173	9173	8061	10356	7121	11483	6587	12186	6139	12813
25200	9505	9506	8373	10709	7414	11855	6869	12568	6412	13205
25301	6494	6494	5564	7495	4788	8459	4352	9063	3990	9605
25302	4364	4365	3609	5192	2989	5998	2647	6509	2366	6969
25400	7107	7107	6132	8153	5316	9156	4856	9784	4473	10347
25500	5358	5358	4516	6270	3820	7154	3432	7711	3111	8211
25601	5149	5150	4325	6045	3645	6913	3265	7460	2953	7953
25602	7328	7328	6338	8389	5508	9407	5039	10043	4649	10614
25701	6563	6563	5628	7570	4848	8537	4409	9144	4044	9689
25702	4076	4076	3347	4877	2752	5659	2423	6155	2155	6603
25803	4943	4943	4136	5821	3472	6674	3102	7212	2797	7696
25804	4071	4071	3342	4871	2747	5653	2419	6149	2151	6597
25805	5608	5608	4746	6541	4032	7443	3633	8010	3302	8520
25806	5971	5972	5081	6933	4341	7861	3926	8443	3583	8967
26001	6355	6355	5435	7346	4669	8300	4238	8898	3881	9435
26002	8192	8192	7143	9312	6260	10382	5760	11051	5342	11648
26100	10516	10517	9323	11781	8310	12981	7732	13727	7247	14392
26200	7369	7369	6376	8433	5544	9453	5073	10092	4682	10663
26300	2520	2521	1955	3158	1507	3793	1266	4201	1075	4573
26400	6931	6932	5970	7965	5165	8957	4711	9578	4334	10135
26500	6166	6167	5261	7143	4508	8084	4085	8675	3734	9206
26600	2796	2796	2198	3465	1721	4130	1464	4555	1257	4941
26700	6282	6282	5368	7267	4606	8216	4179	8812	3824	9346
26801	5272	5273	4438	6178	3748	7056	3364	7608	3046	8106
26802	5497	5497	4644	6421	3938	7315	3543	7877	3217	8383
27000	5104	5105	4284	5996	3607	6861	3230	7406	2919	7897
27100	4261	4261	3515	5079	2904	5877	2567	6383	2290	6839
27200	3464	3464	2795	4205	2253	4934	1957	5398	1717	5818
27300	6592	6593	5655	7601	4873	8571	4432	9179	4067	9724
27400	6389	6389	5467	7382	4698	8339	4266	8939	3908	9477
27500	5074	5075	4257	5964	3582	6826	3206	7370	2896	7859
27600	4216	4216	3474	5030	2867	5824	2532	6327	2257	6782
27701	5853	5854	4972	6806	4241	7725	3831	8303	3491	8822
27702	5287	5288	4452	6195	3761	7073	3376	7626	3058	8124
27800	4015	4015	3291	4810	2701	5587	2376	6080	2111	6526
27900	7866	7867	6840	8965	5976	10016	5488	10672	5080	11260
28000	3718	3719	3024	4485	2459	5237	2150	5714	1897	6146
28100	2662	2662	2079	3316	1616	3966	1367	4383	1168	4762
28200	5902	5903	5018	6859	4282	7781	3870	8361	3529	8882
28300	5933	5934	5046	6892	4309	7817	3895	8398	3553	8920
28402	5555	5555	4698	6484	3987	7382	3590	7947	3262	8455
28403	5074	5075	4257	5964	3582	6826	3206	7370	2896	7859
28500	5649	5649	4784	6585	4067	7490	3666	8059	3334	8571
28600	7532	7533	6528	8608	5685	9638	5209	10282	4812	10859
28700	6012	6013	5119	6977	4376	7908	3960	8492	3614	9017
28801	2797	2797	2199	3466	1722	4131	1465	4556	1258	4943
28802	6761	6762	5812	7782	5018	8763	4571	9378	4200	9929
28901	4036	4036	3310	4833	2719	5612	2392	6106	2126	6552
28902	6498	6498	5568	7500	4792	8463	4355	9068	3993	9610
29001	4779	4779	3986	5643	3334	6483	2972	7013	2674	7491
29003	6148	6149	5245	7124	4492	8064	4070	8654	3720	9184
29004	3456	3456	2787	4196	2247	4924	1951	5388	1711	5807
29101	2920	2920	2308	3603	1819	4280	1554	4713	1341	5106
29102	4613	4613	3835	5462	3196	6289	2841	6811	2550	7282
29203	3032	3033	2408	3728	1908	4416	1636	4855	1417	5254
29204	10375	10375	9190	11631	8185	12824	7611	13566	7130	14227
29205	5239	5240	4408	6143	3721	7017	3337	7569	3021	8065
29206	4074	4074	3345	4874	2750	5657	2422	6153	2154	6601
29303	7750	7751	6731	8841	5875	9885	5391	10537	4987	11121
29304	7958	7959	6925	9063	6057	10120	5565	10780	5154	11370
29305	6395	6395	5472	7389	4703	8345	4271	8946	3912	9484
29306	4710	4710	3923	5568	3276	6402	2917	6929	2622	7404
29307	4934	4934	4128	5811	3464	6663	3094	7201	2790	7685
29403	7136	7136	6159	8184	5342	9189	4880	9818	4496	10382
29405	6883	6884	5925	7913	5124	8902	4672	9522	4296	10077
29406	6076	6077	5178	7046	4431	7981	4012	8568	3664	9096
29407	5016	5017	4203	5901	3533	6759	3160	7300	2852	7787
29408	4548	4549	3776	5392	3142	6214	2791	6733	2502	7202
29502	8650	8651	7572	9800	6662	10898	6145	11582	5713	12194
29503	8106	8106	7063	9220	6185	10286	5688	10951	5272	11546
29504	6337	6337	5419	7326	4654	8279	4224	8877	3867	9413
29601	8539	8540	7468	9682	6564	10773	6052	11454	5623	12062
29602	7849	7850	6824	8947	5961	9997	5473	10653	5066	11239
29700	9029	9029	7926	10203	6994	11322	6465	12019	6022	12642
29801	8823	8824	7734	9985	6814	11092	6291	11782	5854	12399
29802	10377	10377	9192	11633	8187	12826	7613	13568	7131	14229
29901	6860	6861	5904	7889	5104	8876	4653	9495	4278	10049
29902	8225	8225	7174	9347	6289	10420	5788	11089	5369	11688
30003	7921	7922	6891	9024	6024	10078	5534	10736	5124	11326
30004	7844	7845	6819	8941	5957	9991	5469	10647	5062	11233
30005	5606	5606	4745	6539	4030	7441	3631	8008	3301	8518
30006	4444	4445	3681	5279	3056	6092	2709	6606	2425	7070
30100	8929	8930	7833	10098	6907	11211	6381	11905	5941	12525
30201	5887	5888	5004	6842	4270	7764	3858	8343	3517	8864
30202	6619	6620	5680	7630	4896	8601	4455	9211	4088	9757
30304	4796	4796	4002	5661	3348	6502	2985	7034	2687	7512
30305	5736	5736	4864	6679	4141	7590	3736	8163	3401	8678
30306	6470	6470	5542	7470	4768	8431	4332	9034	3971	9576
30308	6680	6681	5737	7695	4948	8671	4505	9283	4136	9831
30309	5946	5947	5058	6906	4320	7832	3906	8414	3563	8936
30310	6370	6370	5449	7362	4682	8317	4251	8916	3893	9454
30311	4892	4892	4090	5766	3429	6614	3061	7150	2759	7632
30312	5722	5722	4852	6664	4129	7574	3725	8147	3390	8661
30313	4269	4269	3522	5088	2911	5887	2573	6392	2296	6849
30314	3888	3888	3176	4670	2597	5437	2279	5924	2019	6363
30401	12046	12047	10767	13397	9676	14675	9052	15468	8526	16174
30403	5486	5486	4634	6409	3929	7302	3534	7864	3209	8369
30404	8227	8227	7176	9349	6291	10422	5789	11091	5370	11690
30501	1982	1983	1485	2552	1098	3126	894	3497	735	3837
30503	4866	4866	4066	5738	3407	6584	3041	7118	2739	7600
30504	4903	4903	4100	5778	3438	6627	3070	7163	2767	7646
30600	5699	5699	4830	6639	4109	7548	3706	8119	3372	8632
30700	3829	3830	3124	4607	2550	5368	2234	5852	1977	6289
30801	5931	5932	5044	6890	4307	7815	3894	8396	3552	8918
30802	4168	4168	3430	4977	2827	5768	2494	6269	2222	6721
30901	3902	3902	3189	4686	2609	5454	2289	5941	2029	6381
30902	5961	5962	5072	6922	4333	7849	3918	8432	3575	8955
31000	3933	3933	3217	4720	2634	5490	2313	5979	2051	6421
31100	7217	7217	6235	8270	5412	9281	4947	9913	4560	10480
31202	6772	6773	5822	7794	5028	8776	4580	9391	4209	9943
31204	7500	7501	6498	8574	5657	9602	5182	10245	4786	10821
31205	10465	10466	9275	11727	8265	12924	7688	13669	7204	14332
31206	5432	5432	4584	6351	3883	7240	3491	7799	3167	8303
31301	4498	4499	3731	5338	3101	6155	2752	6672	2465	7138
31302	5325	5326	4487	6236	3793	7117	3406	7672	3086	8171
31400	6832	6833	5878	7859	5080	8844	4630	9462	4256	10015
31501	4439	4440	3677	5274	3052	6086	2705	6600	2421	7064
31502	5884	5885	5001	6839	4267	7761	3856	8340	3515	8860
31601	5252	5253	4420	6157	3732	7032	3348	7584	3031	8081
31603	9372	9373	8248	10568	7297	11706	6756	12415	6303	13048
31604	5666	5666	4800	6604	4081	7510	3679	8080	3347	8592
31605	5792	5793	4916	6740	4189	7655	3781	8230	3444	8747
31703	9215	9215	8100	10401	7158	11530	6623	12234	6174	12863
31704	7624	7625	6614	8706	5765	9742	5286	10390	4886	10970
31705	3987	3987	3266	4779	2678	5554	2355	6046	2090	6490
31706	5275	5276	4441	6182	3751	7059	3366	7612	3048	8109
31800	6557	6557	5623	7563	4843	8531	4404	9137	4039	9682
31903	8636	8637	7559	9786	6650	10882	6133	11566	5702	12177
31904	4615	4615	3836	5464	3197	6291	2843	6814	2551	7285
31906	5465	5465	4615	6386	3911	7278	3518	7839	3193	8344
31907	7879	7880	6852	8979	5988	10030	5498	10688	5090	11275
31908	4165	4165	3428	4974	2825	5764	2492	6265	2220	6717
31909	4209	4209	3468	5022	2861	5816	2526	6319	2252	6773
32002	4147	4147	3411	4954	2810	5743	2478	6243	2207	6694
32003	6194	6194	5286	7172	4531	8115	4107	8707	3755	9239
32005	7599	7600	6590	8679	5744	9714	5265	10361	4866	10940
32006	5262	5263	4429	6167	3740	7044	3356	7596	3039	8093
32007	4360	4361	3605	5187	2986	5994	2644	6504	2363	6964
32008	5186	5187	4359	6085	3676	6956	3295	7505	2981	7999
32010	5300	5301	4464	6209	3772	7088	3386	7642	3067	8140
32011	4460	4461	3696	5296	3069	6111	2722	6626	2437	7091
32102	5812	5813	4935	6761	4206	7678	3797	8254	3459	8772
32103	4951	4951	4144	5830	3478	6683	3108	7221	2803	7706
32104	7900	7901	6871	9001	6006	10054	5516	10712	5107	11301
32203	10781	10782	9573	12061	8546	13275	7960	14030	7467	14702
32207	4547	4548	3775	5391	3141	6213	2790	6732	2502	7200
32208	9622	9623	8483	10833	7518	11986	6969	12703	6508	13343
32210	13073	13074	11739	14479	10599	15807	9945	16629	9393	17360
32211	5432	5432	4584	6351	3883	7240	3491	7799	3167	8303
32212	8610	8611	7534	9758	6627	10853	6112	11536	5681	12146
32213	4806	4806	4011	5672	3357	6514	2993	7046	2694	7524
32214	6886	6887	5928	7917	5126	8906	4674	9525	4299	10081
32215	7553	7554	6548	8630	5704	9662	5226	10307	4829	10884
32307	7164	7164	6185	8214	5366	9221	4903	9851	4518	10416
32309	5940	5941	5053	6900	4315	7825	3901	8407	3559	8929
32311	6698	6699	5753	7715	4964	8692	4520	9304	4150	9853
32313	6032	6033	5138	6999	4393	7931	3976	8516	3630	9042
32315	6508	6508	5577	7510	4800	8475	4364	9079	4001	9622
32316	6603	6604	5665	7613	4882	8583	4441	9192	4075	9737
32317	6427	6427	5502	7423	4731	8382	4297	8984	3937	9523
32318	6279	6279	5365	7264	4604	8213	4176	8808	3821	9343
32319	7045	7046	6076	8087	5264	9087	4806	9712	4425	10273
32320	6239	6239	5328	7221	4570	8167	4144	8761	3790	9294
32321	7590	7591	6582	8670	5736	9704	5257	10350	4858	10929
32322	4935	4935	4129	5813	3465	6664	3095	7202	2791	7686
32323	5968	5969	5079	6930	4339	7857	3924	8440	3580	8963
32324	5633	5633	4769	6568	4053	7472	3653	8040	3322	8551
32325	6466	6466	5538	7465	4764	8427	4329	9030	3968	9571
32326	4093	4093	3362	4895	2766	5679	2436	6176	2167	6625
32327	4714	4714	3927	5572	3280	6407	2921	6934	2625	7409
32328	3619	3619	2934	4376	2379	5119	2074	5591	1827	6018
32329	8077	8077	7036	9189	6160	10253	5663	10917	5249	11511
32401	6640	6641	5700	7652	4914	8625	4472	9235	4105	9782
32402	7277	7277	6291	8335	5464	9349	4997	9984	4608	10552
32500	6961	6962	5998	7997	5191	8991	4736	9614	4358	10172
32601	3423	3423	2758	4160	2220	4885	1926	5346	1688	5765
32602	11463	11463	10216	12781	9154	14031	8547	14806	8036	15496
32702	7771	7772	6751	8863	5893	9908	5408	10562	5003	11146
32703	2475	2476	1915	3107	1472	3738	1235	4143	1045	4512
32704	8615	8616	7539	9763	6631	10859	6116	11542	5685	12152
32800	5006	5007	4194	5890	3524	6747	3152	7288	2845	7775
40100	4815	4815	4019	5682	3364	6525	3000	7057	2701	7536
40200	5331	5332	4492	6242	3798	7124	3411	7679	3091	8179
40300	3266	3266	2617	3986	2094	4697	1809	5149	1578	5560
40400	5963	5964	5074	6924	4334	7851	3920	8434	3576	8957
40500	2713	2713	2124	3373	1656	4028	1404	4449	1202	4831
40700	6757	6758	5808	7778	5015	8759	4568	9373	4197	9924
40800	4418	4419	3658	5251	3034	6062	2689	6575	2406	7037
40900	4732	4732	3943	5592	3295	6428	2935	6956	2639	7432
41000	7759	7760	6740	8851	5883	9895	5398	10548	4994	11132
41100	5658	5658	4793	6595	4075	7500	3673	8070	3341	8582
41201	3951	3951	3233	4740	2649	5512	2327	6001	2064	6444
41202	6479	6479	5550	7479	4776	8442	4340	9045	3978	9587
41301	6551	6551	5617	7557	4837	8524	4399	9130	4035	9674
41303	5695	5695	4827	6635	4106	7543	3703	8114	3369	8628
41304	3371	3371	2711	4102	2178	4823	1887	5281	1651	5697
41400	6427	6427	5502	7423	4731	8382	4297	8984	3937	9523
41500	2017	2018	1515	2591	1124	3170	918	3544	756	3886
41601	7104	7104	6130	8149	5314	9153	4854	9781	4471	10343
41605	6336	6336	5418	7325	4653	8278	4223	8876	3866	9412
41606	6894	6895	5935	7925	5133	8915	4681	9535	4305	10091
41607	4075	4075	3346	4876	2751	5658	2423	6154	2154	6602
41608	6722	6723	5776	7740	4985	8719	4539	9332	4169	9882
41701	6479	6479	5550	7479	4776	8442	4340	9045	3978	9587
41703	6680	6681	5737	7695	4948	8671	4505	9283	4136	9831
41704	5016	5017	4203	5901	3533	6759	3160	7300	2852	7787
41805	6589	6590	5652	7597	4870	8567	4430	9175	4064	9720
41806	9627	9628	8487	10839	7522	11991	6973	12709	6512	13349
41808	4565	4566	3792	5411	3156	6234	2804	6754	2515	7223
41809	6598	6599	5661	7607	4878	8577	4437	9186	4072	9731
41810	5870	5871	4988	6824	4255	7745	3844	8323	3504	8843
41811	9326	9326	8205	10519	7256	11655	6717	12362	6265	12994
41812	11291	11291	10053	12600	9001	13840	8398	14610	7892	15296
41901	9229	9229	8114	10416	7171	11546	6634	12250	6185	12879
41903	7476	7477	6476	8548	5637	9575	5162	10217	4767	10792
41904	5226	5227	4396	6128	3710	7002	3327	7553	3011	8048
41905	6456	6456	5529	7454	4756	8415	4321	9018	3960	9559
42001	6077	6078	5179	7047	4432	7982	4012	8570	3665	9097
42003	3960	3960	3242	4749	2656	5522	2334	6012	2071	6455
42004	5273	5274	4439	6179	3749	7057	3364	7610	3047	8107
42005	5862	5863	4981	6815	4248	7735	3838	8314	3498	8833
42006	4535	4536	3764	5378	3131	6199	2781	6717	2493	7185
50101	3455	3455	2786	4195	2246	4923	1950	5386	1711	5806
50102	5214	5215	4385	6115	3700	6988	3317	7539	3002	8034
50200	5075	5076	4257	5965	3582	6827	3206	7371	2897	7861
50300	6264	6264	5351	7248	4591	8196	4164	8790	3810	9324
50401	8023	8023	6985	9132	6112	10192	5618	10854	5205	11446
50402	6540	6540	5607	7545	4828	8511	4390	9117	4026	9661
50500	9626	9627	8486	10838	7521	11990	6972	12707	6511	13348
50600	1426	1426	1009	1914	696	2416	536	2743	414	3045
50700	7033	7034	6065	8074	5253	9073	4796	9698	4415	10259
50800	7168	7168	6189	8218	5369	9225	4907	9856	4522	10421
50900	3581	3581	2900	4334	2348	5073	2046	5544	1800	5969
51000	7116	7116	6141	8162	5324	9166	4864	9795	4480	10358
51100	4500	4501	3732	5340	3102	6158	2753	6675	2467	7141
51200	9372	9373	8248	10568	7297	11706	6756	12415	6303	13048
51300	10679	10680	9477	11953	8455	13162	7872	13913	7382	14583
51400	7916	7917	6886	9018	6020	10072	5529	10731	5120	11320
51500	5568	5568	4710	6498	3998	7397	3600	7962	3272	8471
51601	5182	5183	4356	6081	3673	6951	3292	7500	2978	7994
51602	4658	4658	3876	5511	3233	6341	2876	6866	2583	7339
51701	5813	5814	4935	6763	4206	7679	3798	8255	3460	8773
51702	4548	4549	3776	5392	3142	6214	2791	6733	2502	7202
51802	5860	5861	4979	6813	4246	7733	3836	8311	3497	8831
51803	7353	7353	6361	8416	5530	9435	5060	10073	4669	10644
51804	3232	3233	2587	3950	2067	4657	1784	5108	1555	5517
51905	9521	9522	8388	10726	7429	11873	6883	12587	6425	13224
51912	2823	2823	2222	3495	1743	4162	1483	4589	1275	4977
51913	6065	6066	5168	7034	4421	7969	4003	8555	3656	9082
51914	5008	5009	4196	5892	3526	6749	3153	7290	2846	7777
51915	7880	7881	6853	8980	5988	10032	5499	10689	5091	11277
51916	5005	5006	4193	5889	3524	6746	3151	7286	2844	7773
51917	4579	4580	3805	5426	3168	6250	2815	6771	2525	7241
51918	6036	6037	5141	7003	4397	7935	3979	8521	3633	9047
51921	4538	4539	3767	5382	3134	6202	2783	6721	2495	7189
51922	5705	5705	4836	6646	4115	7555	3711	8126	3377	8640
51923	4739	4739	3950	5599	3301	6436	2940	6964	2644	7440
51924	6096	6097	5197	7068	4448	8004	4028	8592	3680	9120
51925	8634	8635	7557	9783	6648	10880	6132	11564	5700	12175
51926	5365	5365	4523	6278	3826	7162	3437	7719	3116	8220
51927	7487	7488	6486	8560	5646	9587	5171	10230	4776	10805
51928	4142	4142	3407	4949	2806	5737	2474	6237	2203	6687
52003	8882	8883	7789	10048	6866	11158	6341	11851	5902	12469
52004	6365	6365	5445	7357	4678	8311	4246	8910	3889	9448
52005	5916	5917	5030	6874	4294	7797	3882	8378	3540	8899
52006	4301	4302	3551	5123	2937	5924	2598	6432	2320	6889
52007	4611	4611	3833	5460	3194	6286	2839	6809	2548	7280
52104	5472	5472	4621	6394	3917	7286	3523	7847	3198	8352
52105	2088	2089	1577	2672	1177	3259	966	3638	800	3984
52107	4670	4670	3887	5524	3243	6355	2886	6881	2592	7354
52108	6547	6547	5613	7552	4834	8519	4396	9126	4031	9669
52112	3157	3158	2520	3867	2007	4567	1729	5013	1503	5418
52113	3371	3371	2711	4102	2178	4823	1887	5281	1651	5697
52114	5434	5434	4586	6353	3885	7242	3493	7802	3169	8305
52115	6838	6839	5883	7865	5085	8851	4635	9469	4261	10023
52118	7269	7269	6283	8326	5457	9340	4990	9974	4602	10542
52203	8898	8899	7804	10065	6880	11176	6355	11869	5915	12488
52204	5342	5343	4503	6254	3808	7137	3420	7692	3099	8192
52206	5009	5010	4197	5893	3527	6750	3154	7291	2847	7778
52207	6140	6141	5237	7115	4486	8055	4064	8644	3714	9174
52208	4408	4409	3649	5240	3026	6050	2681	6562	2399	7025
52209	2596	2597	2022	3243	1566	3886	1321	4299	1125	4675
52301	5697	5697	4828	6637	4108	7545	3704	8117	3371	8630
52302	4066	4066	3338	4866	2743	5647	2416	6143	2148	6591
52401	5399	5399	4554	6315	3855	7201	3465	7760	3142	8262
52402	3519	3519	2844	4266	2298	4999	1999	5466	1756	5889
52502	8641	8642	7563	9791	6654	10888	6138	11572	5706	12183
52503	7940	7941	6909	9044	6041	10099	5549	10759	5139	11348
52504	4598	4598	3821	5446	3183	6271	2829	6793	2539	7263
52603	3495	3495	2822	4239	2278	4971	1981	5436	1739	5858
52604	5973	5974	5083	6935	4343	7863	3928	8446	3584	8969
52605	6866	6867	5909	7895	5109	8883	4658	9502	4283	10057
52606	6581	6582	5645	7589	4863	8558	4423	9166	4058	9711
52607	7013	7014	6046	8053	5236	9050	4779	9675	4399	10235
52701	2321	2321	1780	2934	1353	3548	1126	3943	946	4303
52705	11031	11032	9809	12326	8769	13553	8175	14315	7676	14994
52706	5609	5609	4747	6542	4033	7444	3633	8011	3303	8521
52707	6559	6559	5624	7565	4844	8533	4405	9140	4041	9684
52708	5409	5409	4563	6326	3863	7213	3473	7772	3150	8274
52709	3609	3609	2925	4365	2371	5107	2067	5579	1820	6006
52803	5222	5223	4392	6124	3706	6998	3324	7548	3008	8043
52804	8542	8543	7471	9685	6567	10776	6054	11457	5626	12065
52805	5527	5527	4672	6453	3963	7349	3567	7913	3240	8420
52806	7471	7472	6471	8543	5632	9569	5158	10211	4763	10786
52903	4529	4530	3759	5372	3126	6192	2776	6710	2488	7178
52904	6541	6541	5608	7546	4829	8512	4391	9118	4027	9662
52905	4141	4141	3406	4948	2805	5736	2474	6235	2202	6686
52906	6233	6233	5323	7214	4564	8160	4139	8754	3786	9286
53101	4131	4131	3397	4937	2797	5724	2466	6223	2195	6673
53102	5339	5340	4500	6251	3805	7133	3417	7689	3097	8189
53201	4602	4602	3825	5450	3186	6276	2832	6798	2542	7268
53202	5553	5553	4696	6482	3985	7379	3588	7944	3260	8452
53301	7422	7422	6426	8490	5590	9513	5117	10154	4724	10727
53302	6385	6385	5463	7378	4695	8334	4263	8934	3904	9472
53400	6185	6185	5278	7163	4523	8105	4099	8697	3748	9228
53504	7696	7697	6681	8783	5828	9824	5346	10474	4943	11056
53505	6066	6067	5169	7036	4422	7970	4003	8557	3656	9083
53506	6479	6479	5550	7479	4776	8442	4340	9045	3978	9587
53507	5998	5999	5106	6962	4364	7892	3948	8476	3603	9000
53508	3494	3494	2822	4238	2277	4970	1980	5435	1738	5857
53509	4056	4056	3329	4855	2735	5636	2408	6131	2140	6578
990100	0	0	0	37	0	132	0	216	0	307
53602	8196	8196	7147	9316	6264	10387	5763	11055	5345	11653
53603	4869	4869	4069	5741	3410	6588	3043	7122	2741	7603
53604	4969	4969	4160	5850	3493	6704	3122	7243	2817	7728
53700	4622	4622	3843	5472	3203	6299	2848	6822	2557	7293
53801	5007	5008	4195	5891	3525	6748	3152	7289	2845	7776
53802	7297	7297	6309	8356	5481	9372	5014	10007	4624	10576
53803	6678	6679	5735	7693	4947	8669	4503	9280	4134	9829
60200	916	916	589	1314	356	1734	245	2014	165	2273
60300	4514	4515	3745	5355	3114	6174	2764	6692	2477	7159
60400	4829	4829	4032	5697	3376	6541	3011	7074	2711	7553
60500	4321	4322	3569	5145	2954	5948	2613	6456	2334	6915
60600	6509	6509	5578	7511	4801	8476	4364	9081	4002	9623
60700	6667	6668	5725	7681	4937	8656	4494	9267	4126	9815
60800	5801	5802	4924	6750	4196	7665	3788	8241	3451	8758
60903	3483	3483	2812	4226	2269	4957	1971	5421	1730	5842
60904	5476	5476	4625	6398	3920	7290	3526	7852	3201	8357
60905	6618	6619	5679	7629	4895	8600	4454	9209	4087	9756
60906	2324	2324	1782	2937	1356	3551	1128	3947	948	4307
61001	4672	4672	3889	5526	3245	6358	2887	6883	2594	7356
61002	4649	4649	3868	5501	3226	6331	2869	6855	2577	7327
61100	6514	6514	5583	7517	4806	8482	4368	9087	4006	9629
61200	6042	6043	5147	7010	4402	7942	3984	8528	3638	9054
61300	5182	5183	4356	6081	3673	6951	3292	7500	2978	7994
61400	3754	3755	3056	4524	2489	5279	2177	5759	1923	6192
61500	5809	5810	4932	6758	4203	7674	3795	8250	3457	8768
61601	2204	2204	1677	2802	1264	3402	1045	3789	872	4143
61602	858	859	543	1245	321	1655	216	1928	141	2183
61700	5095	5096	4276	5986	3599	6850	3222	7395	2912	7885
61800	2873	2873	2267	3551	1782	4223	1520	4653	1309	5044
61900	2096	2097	1584	2681	1183	3269	972	3648	805	3995
62000	4457	4458	3693	5293	3067	6107	2719	6622	2435	7087
62300	5498	5498	4645	6422	3939	7316	3544	7879	3218	8384
62400	5885	5886	5002	6840	4268	7762	3856	8341	3516	8861
62500	7502	7503	6500	8576	5659	9604	5184	10247	4788	10823
62600	3917	3917	3203	4702	2621	5471	2301	5959	2040	6400
62801	6215	6215	5306	7195	4549	8139	4124	8732	3772	9264
62802	4133	4133	3398	4939	2799	5727	2467	6226	2197	6676
62900	8572	8573	7499	9717	6593	10810	6079	11492	5650	12101
63000	3150	3151	2514	3859	2002	4558	1723	5005	1498	5409
63100	4442	4443	3680	5277	3054	6090	2708	6604	2424	7068
63200	5314	5315	4477	6224	3784	7104	3397	7659	3078	8158
63300	7110	7110	6135	8156	5319	9159	4859	9788	4475	10351
63400	8450	8451	7384	9587	6486	10673	5977	11350	5551	11956
63501	4495	4496	3728	5335	3098	6152	2749	6669	2463	7135
63502	5306	5307	4470	6215	3777	7095	3391	7649	3072	8148
70100	4219	4219	3477	5033	2869	5828	2534	6331	2259	6785
70203	8531	8532	7460	9674	6557	10764	6045	11444	5617	12052
70204	3688	3689	2996	4452	2435	5201	2127	5677	1876	6107
70205	3816	3817	3112	4593	2539	5353	2224	5836	1968	6272
70206	5174	5175	4348	6072	3666	6942	3285	7490	2972	7984
70207	5632	5632	4769	6567	4053	7471	3652	8039	3321	8550
70307	5079	5080	4261	5969	3586	6832	3210	7376	2900	7866
70308	6030	6031	5136	6997	4392	7928	3974	8514	3628	9039
70309	7873	7874	6846	8972	5982	10024	5493	10681	5085	11268
70310	6714	6715	5768	7732	4978	8710	4533	9323	4163	9872
70311	5237	5238	4406	6140	3719	7015	3336	7566	3020	8062
70312	6557	6557	5623	7563	4843	8531	4404	9137	4039	9682
70313	9899	9900	8743	11127	7763	12295	7205	13021	6736	13669
70314	4096	4096	3365	4899	2768	5683	2439	6180	2170	6629
70315	7785	7786	6764	8878	5906	9924	5420	10578	5015	11163
70316	5498	5498	4645	6422	3939	7316	3544	7879	3218	8384
70401	2337	2337	1794	2952	1366	3567	1138	3963	956	4325
70403	3324	3324	2669	4050	2140	4766	1852	5222	1619	5636
70404	4750	4750	3960	5611	3310	6449	2949	6978	2652	7454
70703	6641	6642	5701	7653	4915	8627	4473	9237	4105	9784
71100	2939	2939	2325	3624	1834	4303	1568	4737	1354	5131
71205	6178	6178	5272	7155	4517	8097	4094	8688	3743	9219
71206	11113	11114	9886	12412	8842	13644	8246	14408	7744	15090
71207	7095	7095	6121	8140	5306	9142	4846	9770	4464	10332
71208	9137	9137	8027	10318	7090	11443	6556	12144	6110	12770
71209	5129	5130	4307	6023	3628	6890	3249	7436	2938	7928
71210	7744	7745	6726	8835	5870	9878	5386	10530	4982	11114
71304	9176	9176	8064	10359	7124	11487	6589	12189	6142	12816
71305	4423	4424	3662	5256	3038	6067	2693	6581	2410	7044
71306	9919	9920	8762	11149	7781	12317	7222	13044	6753	13693
71307	7726	7727	6709	8815	5854	9858	5371	10509	4967	11092
71309	5447	5447	4598	6367	3896	7257	3503	7817	3179	8321
71310	7530	7531	6526	8606	5684	9636	5207	10280	4810	10857
71403	5032	5033	4218	5918	3546	6777	3172	7319	2864	7807
71406	12687	12688	11373	14072	10251	15381	9608	16193	9066	16914
71407	7133	7133	6157	8180	5339	9186	4878	9815	4494	10378
71408	5035	5036	4221	5921	3549	6781	3175	7323	2866	7811
71409	5182	5183	4356	6081	3673	6951	3292	7500	2978	7994
71410	8337	8337	7279	9467	6387	10546	5882	11219	5459	11821
71411	6598	6599	5661	7607	4878	8577	4437	9186	4072	9731
71503	6076	6077	5178	7046	4431	7981	4012	8568	3664	9096
71504	4510	4511	3742	5351	3111	6169	2761	6687	2474	7154
71505	6323	6323	5406	7311	4642	8263	4212	8860	3856	9396
71506	5913	5914	5028	6870	4292	7794	3879	8374	3538	8896
71601	5712	5712	4842	6653	4120	7563	3716	8135	3382	8648
71602	8239	8239	7187	9362	6301	10435	5799	11105	5380	11704
71703	3610	3610	2926	4366	2371	5108	2067	5580	1820	6007
71704	4431	4432	3670	5265	3045	6077	2699	6591	2416	7054
71705	4287	4288	3538	5108	2926	5908	2587	6414	2309	6872
71706	2035	2036	1531	2612	1138	3192	930	3568	767	3911
71707	2911	2911	2300	3593	1812	4269	1548	4702	1335	5094
71803	6029	6030	5135	6996	4391	7927	3973	8513	3628	9038
71805	3530	3530	2854	4278	2307	5013	2007	5480	1763	5903
71806	4405	4406	3646	5236	3023	6046	2679	6559	2396	7021
71807	3722	3723	3027	4489	2463	5241	2153	5719	1900	6151
71808	3684	3685	2993	4447	2432	5196	2124	5672	1873	6102
71901	5891	5892	5007	6847	4273	7769	3861	8348	3521	8869
71902	6493	6493	5563	7494	4788	8458	4351	9062	3989	9604
72000	5200	5201	4372	6100	3688	6972	3306	7522	2991	8016
72105	4945	4945	4138	5823	3473	6676	3103	7214	2799	7698
72106	6816	6817	5863	7841	5066	8826	4617	9443	4243	9996
72107	5369	5369	4527	6282	3830	7167	3440	7724	3119	8225
72108	6142	6143	5239	7117	4487	8057	4065	8647	3715	9176
72109	4403	4404	3644	5234	3022	6044	2677	6556	2395	7019
72111	3002	3002	2381	3695	1884	4380	1614	4817	1397	5214
72112	5208	5209	4379	6109	3694	6981	3312	7531	2997	8026
72305	6627	6628	5688	7638	4903	8611	4461	9220	4094	9767
72307	4832	4832	4035	5701	3379	6544	3014	7077	2714	7557
72308	8090	8090	7048	9203	6171	10267	5674	10932	5260	11527
72309	7215	7215	6233	8268	5410	9279	4946	9911	4559	10477
72310	4496	4497	3729	5336	3099	6153	2750	6670	2464	7136
72311	4783	4783	3990	5647	3338	6487	2975	7018	2677	7496
72312	6993	6994	6027	8031	5219	9028	4763	9651	4383	10210
72313	4416	4417	3656	5248	3033	6059	2687	6572	2404	7035
72405	5048	5049	4233	5935	3560	6796	3185	7338	2876	7827
72406	6685	6686	5741	7701	4953	8677	4509	9289	4140	9837
72407	5529	5529	4674	6456	3965	7352	3569	7916	3242	8423
72408	6921	6922	5960	7954	5156	8946	4703	9567	4326	10123
72409	3041	3042	2416	3738	1915	4427	1643	4867	1423	5266
72410	4549	4550	3777	5394	3143	6215	2792	6735	2503	7203
72503	5108	5109	4288	6000	3610	6865	3233	7411	2922	7902
72504	5161	5162	4336	6058	3655	6927	3275	7475	2962	7968
72505	10526	10527	9333	11791	8319	12992	7741	13738	7255	14404
72506	5043	5044	4228	5930	3556	6790	3181	7332	2872	7821
72507	3970	3970	3251	4760	2664	5534	2342	6025	2078	6468
72601	6431	6431	5506	7428	4734	8387	4300	8988	3940	9528
72602	6651	6652	5710	7664	4923	8638	4481	9248	4113	9796
72603	9418	9419	8291	10617	7338	11758	6795	12468	6340	13102
72800	13965	13966	12585	15417	11403	16786	10724	17632	10151	18385
72901	13	13	0	91	0	223	0	330	0	440
72903	53	53	2	177	0	349	0	480	0	611
900202	0	0	0	37	0	132	0	216	0	307
72906	15	15	0	97	0	232	0	340	0	452
990002	157	157	43	343	1	573	0	737	0	898
73001	6704	6705	5759	7721	4969	8698	4524	9311	4155	9860
73005	5962	5963	5073	6923	4333	7850	3919	8433	3576	8956
73006	4866	4866	4066	5738	3407	6584	3041	7118	2739	7600
73108	9816	9817	8665	11039	7690	12202	7134	12926	6668	13572
73110	5676	5676	4809	6615	4090	7521	3687	8092	3355	8604
73111	5288	5289	4453	6196	3762	7074	3376	7628	3058	8125
73113	7576	7577	6569	8655	5724	9688	5246	10334	4847	10912
73114	5578	5578	4719	6509	4007	7408	3608	7974	3279	8483
73115	4488	4489	3722	5327	3092	6144	2744	6660	2458	7126
73116	3648	3649	2960	4408	2402	5153	2096	5627	1847	6056
73117	4166	4166	3428	4975	2826	5765	2493	6266	2221	6718
73118	5009	5010	4197	5893	3527	6750	3154	7291	2847	7778
73119	3944	3944	3227	4732	2643	5503	2322	5993	2059	6435
73120	4818	4818	4022	5685	3367	6528	3003	7060	2703	7539
73121	5495	5495	4642	6419	3936	7312	3542	7875	3216	8381
73122	5596	5596	4735	6528	4022	7429	3623	7996	3293	8505
73123	6816	6817	5863	7841	5066	8826	4617	9443	4243	9996
73124	3203	3204	2561	3918	2044	4622	1763	5071	1535	5479
73125	11274	11274	10037	12582	8985	13821	8384	14591	7878	15276
73126	3540	3540	2863	4289	2315	5025	2015	5493	1771	5916
73200	9404	9405	8278	10602	7325	11742	6783	12452	6329	13086
73301	6311	6311	5395	7298	4631	8249	4202	8846	3846	9382
73302	5153	5154	4329	6049	3648	6918	3269	7465	2956	7958
73404	10032	10033	8868	11269	7881	12443	7318	13174	6846	13826
73405	4773	4773	3981	5636	3329	6476	2967	7006	2669	7483
73406	5704	5704	4835	6645	4114	7553	3710	8125	3376	8639
73407	3920	3920	3205	4706	2623	5475	2303	5963	2042	6404
73408	5744	5744	4872	6688	4148	7600	3742	8173	3407	8688
73500	10047	10047	8881	11283	7894	12459	7330	13190	6858	13842
80101	4817	4817	4021	5684	3366	6527	3002	7059	2702	7538
80102	6396	6396	5473	7390	4704	8347	4272	8947	3913	9485
80200	5285	5286	4450	6192	3759	7071	3374	7624	3056	8122
80300	3672	3673	2982	4434	2422	5182	2115	5657	1864	6087
80400	5931	5932	5044	6890	4307	7815	3894	8396	3552	8918
80500	4421	4422	3660	5254	3037	6065	2691	6578	2408	7041
80600	6467	6467	5539	7466	4765	8428	4330	9031	3969	9572
80700	7878	7879	6851	8978	5987	10029	5498	10686	5089	11274
80800	1971	1971	1475	2539	1090	3112	887	3482	728	3821
80900	8545	8546	7473	9689	6570	10780	6057	11461	5628	12069
81000	7515	7516	6512	8590	5671	9619	5195	10262	4798	10839
81100	3205	3206	2563	3920	2046	4624	1764	5074	1536	5481
81200	3113	3114	2481	3818	1972	4514	1696	4958	1473	5361
81400	58	58	3	186	0	362	0	495	0	628
90101	7778	7779	6757	8871	5900	9916	5414	10570	5009	11154
90102	9714	9715	8569	10931	7599	12088	7047	12809	6584	13451
90201	6048	6049	5152	7016	4407	7949	3989	8535	3642	9061
90202	6661	6662	5719	7675	4932	8649	4489	9260	4121	9808
90300	3588	3588	2906	4342	2354	5082	2051	5552	1805	5978
90400	6836	6837	5881	7863	5083	8849	4633	9467	4259	10020
90501	5887	5888	5004	6842	4270	7764	3858	8343	3517	8864
90502	6409	6409	5485	7404	4715	8362	4282	8962	3923	9501
90700	7218	7218	6236	8272	5413	9282	4948	9914	4561	10481
90800	5744	5744	4872	6688	4148	7600	3742	8173	3407	8688
90900	7727	7728	6710	8816	5855	9859	5371	10510	4968	11093
91000	9171	9171	8059	10354	7120	11481	6585	12183	6138	12810
91100	5982	5983	5091	6945	4351	7873	3935	8457	3591	8980
91201	7221	7221	6238	8275	5415	9285	4951	9918	4564	10485
91203	9704	9705	8560	10920	7591	12077	7038	12797	6576	13440
91204	6200	6200	5292	7179	4536	8122	4112	8715	3760	9246
91301	5228	5229	4398	6131	3711	7005	3328	7555	3013	8051
91302	9945	9946	8786	11176	7804	12346	7244	13074	6774	13723
91400	4097	4097	3366	4900	2769	5684	2440	6181	2170	6630
91500	6079	6080	5181	7050	4433	7985	4014	8572	3666	9099
91600	9948	9949	8789	11179	7807	12349	7247	13077	6777	13727
91700	12925	12926	11599	14323	10466	15644	9816	16462	9268	17189
91800	5680	5680	4813	6619	4093	7526	3691	8096	3358	8609
91900	9556	9557	8421	10763	7460	11912	6912	12627	6454	13265
92000	7069	7069	6097	8112	5284	9113	4825	9740	4443	10301
92100	8635	8636	7558	9784	6649	10881	6133	11565	5701	12176
92200	11646	11647	10389	12975	9318	14233	8705	15014	8190	15709
92300	10641	10642	9441	11913	8422	13120	7839	13870	7351	14538
92400	9180	9180	8068	10364	7127	11491	6593	12194	6145	12821
92500	10600	10601	9402	11870	8385	13074	7804	13823	7317	14490
92600	7062	7062	6091	8104	5278	9105	4819	9731	4437	10293
92701	5412	5412	4566	6329	3866	7216	3475	7775	3152	8278
92704	4224	4224	3481	5039	2874	5834	2538	6337	2263	6792
92801	7494	7495	6493	8567	5652	9595	5177	10238	4781	10813
92802	5034	5035	4220	5920	3548	6780	3174	7322	2866	7809
92803	3262	3262	2613	3982	2091	4692	1806	5144	1575	5555
92901	6829	6830	5875	7855	5077	8841	4627	9458	4254	10012
92902	6196	6196	5288	7175	4533	8118	4108	8710	3757	9241
940000	4236	4236	3492	5052	2884	5848	2547	6352	2272	6807
940001	16806	16807	15289	18395	13983	19888	13230	20809	12593	21626
940002	13664	13664	12299	15100	11131	16455	10461	17294	9895	18039
940003	6879	6880	5921	7909	5120	8898	4669	9517	4293	10072
940004	7529	7530	6525	8605	5683	9635	5206	10279	4809	10855
940005	6128	6129	5226	7102	4475	8041	4054	8630	3705	9159
940006	2942	2942	2328	3628	1836	4307	1570	4741	1356	5135
940007	3791	3792	3089	4565	2519	5323	2205	5805	1950	6240
940008	6351	6351	5432	7341	4666	8295	4235	8894	3878	9431
940009	3309	3309	2655	4034	2128	4748	1841	5203	1608	5616
940010	6875	6876	5918	7905	5117	8893	4665	9512	4290	10068
940011	4997	4998	4186	5880	3517	6737	3144	7277	2838	7763
940100	7127	7127	6151	8174	5334	9179	4873	9808	4489	10371
