tract10_id mean median lower_50 upper_50 lower_80 upper_80 lower_90 upper_90 lower_95 upper_95
100	3599	3599	3278	3935	3002	4251	2842	4445	2707	4618
200	4017	4017	3678	4372	3385	4704	3215	4909	3071	5090
300	1222	1222	1038	1421	885	1613	800	1734	729	1842
401	3162	3162	2861	3477	2604	3774	2455	3958	2330	4120
402	2335	2335	2078	2607	1859	2865	1734	3025	1629	3168
500	1705	1705	1486	1938	1302	2161	1198	2301	1111	2425
600	3894	3894	3560	4243	3272	4570	3105	4772	2964	4951
700	2387	2387	2127	2662	1906	2923	1779	3084	1673	3229
800	1172	1172	992	1367	843	1555	759	1674	690	1781
900	961	961	799	1138	665	1311	591	1420	531	1518
1000	886	887	731	1057	604	1223	533	1329	476	1424
1100	1179	1179	999	1375	849	1564	765	1682	696	1789
1200	4117	4117	3773	4475	3476	4811	3304	5018	3158	5202
1300	2322	2322	2066	2593	1848	2851	1723	3010	1618	3153
1400	2517	2517	2249	2799	2022	3066	1891	3231	1781	3379
1500	1191	1191	1010	1388	859	1577	775	1697	705	1804
1600	2003	2003	1765	2255	1564	2496	1450	2645	1354	2779
1701	1891	1891	1661	2137	1466	2371	1355	2517	1262	2647
1702	2102	2102	1859	2361	1652	2606	1534	2759	1435	2896
1800	2317	2317	2061	2588	1843	2845	1719	3005	1614	3147
1900	2418	2418	2157	2695	1934	2957	1806	3120	1699	3265
2000	1738	1738	1517	1973	1331	2199	1225	2339	1137	2465
2100	1915	1916	1683	2163	1487	2398	1375	2545	1282	2676
2200	2471	2472	2207	2751	1981	3016	1852	3180	1743	3326
2400	1705	1705	1486	1938	1302	2161	1198	2301	1111	2425
2500	1215	1215	1032	1414	880	1605	794	1726	724	1834
2600	2127	2127	1882	2387	1674	2634	1556	2788	1456	2925
2700	2466	2467	2202	2746	1977	3010	1848	3175	1739	3321
2800	2262	2262	2009	2530	1794	2784	1671	2942	1568	3082
2900	1992	1992	1755	2244	1554	2483	1440	2632	1344	2766
3000	2596	2596	2324	2882	2093	3153	1960	3321	1848	3471
3100	2796	2796	2514	3093	2272	3373	2134	3547	2017	3701
3200	4326	4326	3973	4694	3669	5038	3492	5249	3342	5437
3300	3372	3373	3062	3698	2795	4004	2641	4193	2511	4360
3400	1620	1620	1407	1848	1228	2066	1127	2202	1043	2324
3500	2012	2012	1774	2265	1572	2506	1457	2656	1361	2789
3600	3292	3292	2985	3614	2722	3916	2570	4103	2442	4269
3800	925	925	766	1099	635	1268	563	1376	504	1472
3900	1224	1224	1040	1423	887	1616	801	1736	731	1845
4000	1466	1467	1264	1684	1095	1892	1000	2023	920	2140
4100	3400	3400	3088	3726	2820	4033	2665	4223	2535	4391
4200	3506	3506	3189	3838	2917	4149	2759	4341	2626	4512
4301	1316	1316	1125	1522	965	1720	876	1845	802	1957
4302	857	857	704	1025	580	1189	511	1293	454	1387
4400	2750	2751	2471	3045	2232	3323	2094	3496	1979	3649
4500	1031	1031	863	1215	724	1393	647	1505	583	1606
4600	1443	1443	1243	1659	1075	1866	980	1995	902	2112
4700	4222	4222	3874	4585	3573	4925	3398	5134	3251	5320
4800	2327	2327	2070	2599	1852	2856	1727	3016	1622	3158
4900	3860	3860	3527	4208	3240	4534	3075	4734	2934	4912
5000	1962	1962	1727	2212	1528	2450	1415	2598	1320	2730
5100	1736	1736	1515	1971	1329	2196	1224	2337	1136	2462
5200	3417	3417	3104	3744	2835	4052	2680	4242	2549	4411
5301	3489	3489	3173	3820	2901	4131	2744	4322	2612	4493
5302	243	244	166	336	108	433	80	497	58	555
5400	2846	2846	2561	3145	2318	3428	2178	3603	2060	3759
5600	3001	3001	2709	3309	2458	3599	2314	3778	2192	3937
5700	3169	3169	2868	3485	2610	3782	2461	3965	2336	4128
5801	2845	2845	2560	3144	2317	3427	2177	3602	2059	3757
5802	2851	2851	2566	3151	2322	3434	2182	3609	2064	3764
5900	2882	2882	2595	3183	2350	3468	2209	3644	2090	3800
6000	2890	2890	2603	3192	2357	3476	2216	3653	2097	3809
6100	3171	3171	2870	3487	2612	3784	2463	3968	2338	4131
6200	1726	1726	1506	1961	1320	2185	1215	2325	1128	2450
6300	3141	3141	2841	3455	2585	3751	2437	3934	2312	4096
6400	1376	1376	1180	1587	1017	1789	925	1916	849	2030
6500	2862	2862	2576	3162	2332	3446	2192	3621	2073	3777
6600	2700	2700	2423	2992	2187	3268	2051	3439	1936	3591
6700	4858	4858	4483	5247	4159	5610	3971	5833	3811	6031
6800	1515	1515	1309	1735	1137	1947	1039	2079	958	2198
6900	2269	2269	2015	2537	1800	2792	1677	2950	1574	3091
7000	5533	5533	5133	5948	4786	6334	4584	6571	4412	6781
7100	2392	2392	2132	2668	1910	2928	1783	3090	1677	3234
7200	6864	6864	6418	7325	6029	7754	5802	8016	5608	8247
7300	5589	5590	5187	6006	4838	6394	4635	6633	4462	6843
7401	3438	3438	3124	3766	2854	4075	2699	4265	2567	4435
7402	4037	4038	3697	4393	3403	4726	3233	4931	3089	5112
7500	4580	4580	4217	4958	3903	5311	3720	5528	3566	5721
7600	2066	2066	1825	2322	1620	2566	1503	2718	1406	2853
7700	2340	2340	2083	2612	1864	2871	1738	3031	1633	3174
7800	2587	2587	2316	2873	2085	3143	1952	3311	1840	3460
7900	3440	3440	3126	3768	2856	4077	2701	4268	2569	4437
8001	4820	4821	4448	5208	4125	5570	3938	5793	3778	5989
8002	2507	2507	2240	2788	2013	3055	1882	3220	1773	3367
8100	4561	4561	4198	4938	3885	5291	3703	5508	3549	5699
8200	4346	4346	3993	4715	3687	5059	3510	5271	3360	5459
8300	3202	3202	2900	3519	2640	3818	2491	4002	2364	4166
8400	4417	4418	4061	4789	3753	5136	3574	5350	3423	5539
8500	3563	3563	3244	3897	2969	4211	2810	4405	2676	4577
8600	2178	2179	1930	2441	1720	2691	1600	2847	1499	2985
8700	2032	2032	1793	2286	1590	2528	1474	2679	1378	2813
8800	1601	1601	1389	1828	1212	2045	1111	2180	1027	2302
8900	2298	2298	2043	2568	1826	2824	1702	2983	1598	3125
9000	1709	1709	1490	1942	1305	2166	1201	2305	1114	2430
9100	1554	1554	1345	1777	1171	1991	1072	2125	990	2245
9200	1846	1846	1618	2089	1426	2320	1317	2465	1225	2594
9300	1980	1980	1743	2231	1544	2470	1430	2619	1335	2751
9400	2722	2723	2444	3016	2206	3292	2070	3464	1955	3617
9500	2770	2770	2489	3065	2249	3344	2111	3517	1995	3671
9600	3202	3202	2900	3519	2640	3818	2491	4002	2364	4166
9701	3225	3225	2921	3543	2661	3843	2511	4028	2384	4193
9702	2437	2438	2175	2715	1951	2978	1822	3141	1715	3287
9800	3236	3236	2932	3555	2671	3855	2521	4041	2394	4205
9900	3401	3401	3089	3727	2821	4035	2666	4224	2535	4392
10001	1614	1614	1402	1842	1223	2059	1122	2195	1038	2317
10002	1907	1907	1676	2154	1480	2389	1369	2535	1275	2666
10100	2764	2765	2484	3060	2244	3339	2107	3511	1991	3665
10200	2126	2126	1881	2386	1673	2633	1555	2787	1455	2924
10300	2540	2540	2271	2823	2042	3091	1911	3258	1801	3406
10401	1911	1912	1679	2158	1483	2393	1372	2540	1279	2671
10402	1795	1795	1570	2034	1381	2263	1274	2405	1184	2533
10500	3526	3526	3208	3859	2935	4171	2777	4364	2644	4535
10600	3954	3954	3617	4306	3327	4636	3159	4839	3016	5019
10701	1381	1381	1185	1592	1021	1795	929	1922	853	2036
10702	1190	1190	1009	1387	858	1576	774	1696	704	1803
10800	1970	1970	1734	2220	1535	2459	1421	2607	1326	2740
10900	690	690	554	842	444	991	384	1086	335	1172
11001	1560	1560	1351	1784	1176	1998	1077	2132	994	2252
11002	1405	1405	1207	1618	1042	1822	949	1951	872	2065
11101	1859	1859	1631	2103	1437	2335	1328	2480	1236	2609
11102	1736	1736	1515	1971	1329	2196	1224	2337	1136	2462
11200	1543	1543	1335	1765	1161	1979	1063	2112	981	2232
11300	2698	2698	2421	2990	2185	3266	2049	3437	1935	3589
11401	1957	1957	1722	2206	1523	2444	1410	2592	1316	2724
11402	1999	1999	1761	2251	1561	2491	1446	2641	1350	2774
11500	2079	2079	1837	2336	1632	2581	1515	2733	1416	2868
11600	3199	3199	2897	3516	2637	3815	2488	3999	2362	4163
11700	2263	2263	2010	2531	1795	2785	1672	2943	1569	3084
11800	3067	3068	2772	3378	2518	3671	2372	3852	2249	4013
11900	2837	2837	2553	3136	2309	3418	2170	3593	2052	3748
12000	1572	1572	1362	1797	1186	2012	1087	2146	1004	2267
12100	1315	1315	1124	1521	964	1719	875	1844	801	1955
20100	1446	1446	1246	1662	1078	1869	983	1999	904	2115
20200	2425	2425	2163	2703	1940	2965	1812	3128	1705	3273
20300	3667	3667	3343	4006	3064	4325	2903	4521	2766	4695
20401	2178	2179	1930	2441	1720	2691	1600	2847	1499	2985
20402	2785	2785	2503	3081	2262	3361	2124	3534	2008	3688
20500	4143	4143	3798	4503	3500	4840	3327	5047	3181	5231
20600	1658	1658	1443	1889	1262	2109	1159	2247	1073	2370
20700	2572	2572	2302	2857	2071	3127	1939	3294	1828	3443
20800	2177	2178	1929	2440	1719	2690	1599	2845	1498	2984
20900	3290	3290	2984	3612	2720	3914	2569	4101	2440	4267
21000	3622	3622	3300	3959	3023	4276	2863	4471	2727	4644
21100	2838	2838	2554	3137	2310	3419	2171	3594	2053	3749
21300	1909	1909	1678	2156	1482	2391	1370	2538	1277	2669
21400	1814	1814	1588	2055	1398	2284	1290	2428	1199	2556
21500	2045	2045	1805	2300	1601	2543	1485	2694	1388	2828
21600	2560	2560	2290	2844	2060	3113	1929	3280	1818	3429
21700	4546	4546	4184	4922	3871	5275	3690	5491	3536	5683
21802	2878	2878	2592	3179	2347	3463	2206	3639	2087	3795
21803	2356	2356	2098	2629	1878	2888	1752	3049	1647	3192
21804	2039	2039	1799	2294	1596	2536	1480	2687	1383	2821
21903	3011	3011	2718	3319	2467	3610	2323	3789	2201	3948
21904	2237	2237	1985	2503	1771	2756	1649	2913	1547	3053
21905	2416	2416	2155	2693	1932	2955	1804	3118	1697	3262
21906	2184	2185	1936	2448	1725	2698	1605	2853	1504	2992
22001	2396	2396	2136	2672	1914	2933	1787	3095	1680	3239
22003	2254	2254	2001	2521	1787	2775	1664	2932	1561	3073
22005	2273	2273	2019	2541	1804	2796	1681	2954	1577	3095
22006	1904	1904	1673	2151	1477	2386	1366	2532	1273	2663
22101	2519	2519	2251	2801	2023	3068	1893	3234	1783	3381
22102	3316	3316	3008	3639	2744	3943	2592	4130	2463	4297
22201	1909	1909	1678	2156	1482	2391	1370	2538	1277	2669
22202	3774	3774	3445	4118	3161	4440	2998	4639	2859	4815
22203	2532	2532	2264	2815	2035	3082	1904	3248	1794	3396
22300	1849	1849	1621	2092	1429	2324	1319	2468	1228	2597
22400	4115	4115	3771	4473	3474	4809	3302	5016	3157	5199
22500	4166	4166	3820	4527	3521	4865	3348	5073	3201	5257
22603	2557	2557	2287	2841	2058	3110	1926	3277	1815	3425
22604	2245	2245	1993	2512	1779	2765	1656	2922	1554	3062
22605	3267	3267	2962	3588	2699	3889	2548	4075	2420	4241
22606	2934	2934	2645	3238	2397	3525	2255	3702	2135	3860
22701	1776	1776	1553	2014	1364	2241	1257	2383	1168	2510
22702	1609	1609	1397	1836	1219	2054	1118	2190	1034	2311
22703	1056	1057	886	1242	745	1422	667	1535	602	1637
22801	3823	3823	3492	4169	3206	4493	3041	4693	2902	4871
22802	2199	2200	1950	2464	1738	2715	1618	2871	1516	3010
22803	2151	2151	1905	2413	1696	2661	1576	2816	1476	2953
22901	1299	1299	1109	1504	951	1701	862	1825	788	1936
22902	3000	3000	2708	3308	2457	3597	2313	3777	2192	3936
23000	2170	2171	1923	2433	1713	2682	1593	2837	1492	2976
23100	1586	1586	1375	1812	1199	2028	1099	2163	1015	2283
23201	2743	2744	2464	3038	2225	3316	2088	3488	1973	3641
23202	2185	2186	1937	2449	1726	2699	1606	2855	1504	2993
23300	2428	2428	2166	2706	1943	2968	1815	3131	1707	3276
23401	1792	1792	1568	2031	1378	2260	1271	2402	1181	2529
23403	1729	1729	1508	1964	1323	2188	1218	2329	1130	2454
23404	1469	1470	1267	1687	1098	1896	1002	2026	922	2143
23500	1644	1644	1430	1874	1249	2093	1147	2231	1062	2353
23601	1969	1969	1733	2219	1534	2457	1421	2606	1326	2738
23603	2676	2676	2400	2967	2165	3242	2030	3412	1916	3563
23604	2825	2825	2541	3123	2299	3405	2159	3579	2042	3734
23700	2304	2304	2049	2574	1831	2831	1707	2990	1603	3132
23801	1590	1590	1379	1816	1202	2032	1102	2167	1018	2288
23803	3612	3612	3291	3949	3014	4265	2854	4460	2719	4632
23804	4682	4682	4315	5064	3997	5421	3813	5641	3656	5835
23900	3201	3201	2899	3518	2639	3817	2490	4001	2363	4165
24000	3766	3766	3437	4109	3154	4431	2990	4630	2852	4806
24100	1844	1844	1616	2087	1424	2318	1315	2462	1224	2591
24200	1283	1283	1094	1486	937	1682	849	1806	776	1916
24300	3665	3665	3341	4004	3062	4322	2901	4519	2765	4693
24400	900	900	743	1071	614	1239	543	1345	485	1440
24500	2039	2039	1799	2294	1596	2536	1480	2687	1383	2821
24601	1810	1810	1584	2050	1394	2280	1286	2423	1196	2551
24602	1404	1404	1206	1617	1041	1821	948	1949	871	2064
24701	1793	1793	1569	2032	1379	2261	1272	2403	1182	2530
24702	3697	3698	3372	4038	3092	4357	2930	4554	2793	4729
24800	2875	2875	2589	3176	2344	3460	2203	3636	2085	3792
24901	2073	2073	1831	2330	1626	2574	1509	2726	1411	2861
24902	1527	1527	1320	1748	1147	1960	1049	2093	968	2212
24903	2568	2568	2298	2853	2068	3122	1936	3289	1824	3438
25001	2169	2170	1922	2432	1712	2681	1592	2836	1491	2974
25003	2823	2823	2539	3121	2297	3403	2158	3577	2040	3732
25005	1923	1924	1691	2171	1494	2407	1382	2554	1288	2685
25006	2463	2464	2199	2743	1974	3007	1845	3171	1737	3317
25101	2914	2914	2626	3217	2379	3503	2237	3680	2118	3837
25102	3302	3302	2995	3624	2731	3927	2579	4114	2451	4281
25200	3709	3710	3383	4050	3103	4370	2940	4568	2803	4743
25301	2887	2887	2600	3189	2355	3473	2214	3649	2095	3806
25302	2422	2422	2160	2699	1937	2962	1809	3124	1702	3269
25400	3232	3232	2928	3551	2667	3851	2517	4036	2390	4201
25500	2250	2250	1997	2517	1783	2770	1661	2928	1558	3068
25601	2026	2026	1787	2280	1584	2521	1469	2672	1373	2806
25602	2587	2587	2316	2873	2085	3143	1952	3311	1840	3460
25701	3040	3041	2746	3350	2494	3641	2348	3822	2226	3982
25702	1495	1495	1290	1714	1119	1924	1023	2056	942	2174
25803	2012	2012	1774	2265	1572	2506	1457	2656	1361	2789
25804	1477	1477	1274	1694	1104	1904	1008	2034	928	2152
25805	2338	2338	2081	2610	1862	2868	1737	3029	1631	3171
25806	2334	2334	2077	2606	1858	2864	1733	3024	1628	3167
26001	2438	2439	2175	2716	1952	2979	1823	3143	1716	3288
26002	3360	3361	3050	3685	2784	3991	2631	4179	2501	4347
26100	4056	4057	3715	4413	3421	4746	3250	4952	3106	5134
26200	3379	3380	3069	3705	2801	4012	2647	4201	2517	4368
26300	963	963	800	1140	667	1313	593	1422	532	1520
26400	2937	2937	2648	3241	2400	3528	2258	3706	2138	3863
26500	2589	2589	2318	2875	2086	3146	1954	3313	1842	3462
26600	1075	1075	903	1262	760	1443	681	1557	616	1660
26700	2437	2438	2175	2715	1951	2978	1822	3141	1715	3287
26801	2239	2239	1987	2505	1773	2758	1651	2915	1549	3055
26802	2076	2076	1834	2333	1629	2577	1512	2729	1414	2865
27000	1907	1907	1676	2154	1480	2389	1369	2535	1275	2666
27100	1743	1743	1522	1979	1335	2204	1230	2345	1141	2471
27200	1310	1310	1119	1515	960	1713	871	1838	797	1949
27300	2430	2430	2168	2708	1944	2971	1816	3134	1709	3279
27400	2342	2342	2085	2615	1865	2873	1740	3033	1635	3176
27500	2054	2054	1813	2310	1609	2553	1493	2704	1396	2839
27600	1693	1694	1476	1926	1292	2149	1188	2288	1102	2412
27701	2456	2457	2193	2735	1968	2999	1839	3163	1731	3309
27702	2123	2123	1878	2383	1671	2630	1552	2783	1453	2920
27800	1572	1572	1362	1797	1186	2012	1087	2146	1004	2267
27900	3554	3554	3235	3888	2961	4202	2802	4395	2668	4567
28000	1761	1761	1538	1998	1351	2225	1245	2366	1156	2492
28100	1065	1066	894	1252	753	1432	674	1546	609	1649
28200	2454	2455	2191	2733	1966	2997	1837	3161	1729	3307
28300	2288	2288	2033	2557	1817	2813	1693	2971	1590	3113
28402	2236	2236	1984	2502	1771	2755	1649	2912	1546	3052
28403	2423	2423	2161	2700	1938	2963	1810	3126	1703	3271
28500	2331	2331	2074	2603	1856	2861	1731	3021	1626	3163
28600	2937	2937	2648	3241	2400	3528	2258	3706	2138	3863
28700	2202	2202	1952	2466	1740	2717	1619	2873	1518	3012
28801	1087	1087	914	1275	771	1457	691	1572	625	1675
28802	2837	2837	2553	3136	2309	3418	2170	3593	2052	3748
28901	1826	1826	1600	2068	1408	2298	1300	2441	1209	2570
28902	2835	2835	2551	3134	2308	3416	2168	3591	2050	3746
29001	2087	2087	1844	2345	1639	2590	1521	2742	1423	2878
29003	2484	2484	2218	2764	1992	3029	1862	3194	1753	3340
29004	1437	1437	1237	1652	1070	1859	975	1988	897	2104
29101	1212	1212	1029	1410	877	1602	792	1722	721	1830
29102	1718	1718	1498	1952	1313	2176	1209	2316	1121	2441
29203	1324	1324	1132	1531	972	1730	882	1854	808	1966
29204	4019	4019	3680	4374	3387	4706	3217	4911	3073	5092
29205	2604	2604	2332	2891	2100	3162	1967	3330	1855	3480
29206	2027	2027	1788	2281	1585	2522	1470	2673	1373	2807
29303	3177	3177	2876	3493	2617	3791	2469	3974	2343	4138
29304	2880	2880	2594	3181	2348	3465	2208	3641	2089	3798
29305	2288	2288	2033	2557	1817	2813	1693	2971	1590	3113
29306	1794	1794	1569	2033	1380	2262	1273	2404	1183	2532
29307	1661	1661	1446	1892	1264	2113	1161	2250	1076	2374
29403	2647	2647	2373	2936	2139	3210	2004	3379	1891	3530
29405	2272	2272	2018	2540	1803	2795	1680	2953	1576	3094
29406	2130	2130	1885	2390	1677	2638	1558	2791	1459	2929
29407	1996	1996	1759	2248	1558	2488	1444	2637	1348	2770
29408	1748	1748	1526	1984	1340	2210	1234	2351	1145	2477
29502	2896	2896	2609	3198	2363	3483	2222	3659	2102	3816
29503	3407	3407	3094	3734	2826	4041	2671	4231	2541	4399
29504	2748	2749	2469	3043	2230	3321	2093	3493	1977	3647
29601	2962	2962	2672	3268	2423	3556	2280	3734	2159	3892
29602	2616	2616	2343	2904	2111	3175	1977	3344	1865	3494
29700	3836	3836	3504	4182	3218	4507	3053	4708	2913	4885
29801	3437	3437	3123	3765	2854	4074	2698	4264	2567	4433
29802	3665	3665	3341	4004	3062	4322	2901	4519	2765	4693
29901	2361	2361	2103	2635	1882	2894	1757	3055	1651	3198
29902	2875	2875	2589	3176	2344	3460	2203	3636	2085	3792
30003	3249	3249	2944	3569	2683	3869	2532	4055	2405	4220
30004	3189	3189	2887	3506	2628	3804	2479	3988	2353	4151
30005	2165	2166	1918	2428	1708	2677	1588	2832	1488	2970
30006	2075	2075	1833	2332	1628	2576	1511	2728	1413	2864
30100	3381	3382	3071	3707	2803	4014	2649	4203	2519	4371
30201	2268	2268	2014	2536	1799	2790	1676	2949	1573	3089
30202	2685	2685	2409	2976	2173	3252	2038	3422	1924	3574
30304	1789	1789	1565	2028	1376	2256	1268	2398	1179	2526
30305	2340	2340	2083	2612	1864	2871	1738	3031	1633	3174
30306	2341	2341	2084	2613	1865	2872	1739	3032	1634	3175
30308	2452	2453	2189	2731	1964	2995	1835	3159	1727	3304
30309	2643	2643	2369	2932	2135	3205	2001	3374	1888	3525
30310	2299	2299	2044	2569	1827	2825	1703	2984	1599	3126
30311	1744	1744	1523	1980	1336	2205	1230	2346	1142	2472
30312	2197	2198	1948	2462	1737	2712	1616	2868	1514	3007
30313	2110	2110	1866	2369	1659	2615	1541	2768	1442	2905
30314	1948	1948	1713	2197	1515	2434	1403	2582	1308	2714
30401	4396	4397	4041	4767	3733	5113	3555	5327	3404	5515
30403	2077	2077	1835	2334	1630	2578	1513	2730	1415	2866
30404	2904	2904	2616	3207	2370	3492	2229	3668	2109	3825
30501	1011	1011	845	1193	707	1369	631	1481	568	1581
30503	2260	2260	2007	2528	1792	2782	1669	2939	1566	3080
30504	2163	2163	1916	2426	1706	2675	1587	2829	1486	2967
30600	2360	2360	2102	2634	1882	2893	1756	3054	1650	3197
30700	1685	1686	1468	1918	1285	2140	1182	2278	1095	2403
30801	2441	2442	2178	2719	1954	2983	1826	3146	1718	3291
30802	1636	1636	1422	1865	1242	2084	1140	2221	1056	2344
30901	1419	1419	1220	1633	1054	1838	961	1967	883	2082
30902	2280	2280	2026	2549	1810	2804	1687	2962	1583	3103
31000	1441	1441	1241	1657	1073	1864	979	1993	900	2109
31100	3009	3009	2716	3317	2465	3607	2321	3787	2199	3946
31202	2437	2438	2175	2715	1951	2978	1822	3141	1715	3287
31204	2651	2651	2377	2941	2142	3214	2008	3384	1895	3534
31205	3819	3819	3488	4165	3203	4489	3038	4689	2898	4866
31206	2011	2011	1773	2264	1571	2505	1456	2654	1360	2788
31301	1671	1671	1455	1903	1273	2124	1170	2262	1084	2386
31302	2011	2011	1773	2264	1571	2505	1456	2654	1360	2788
31400	2786	2786	2504	3082	2263	3362	2125	3535	2009	3689
31501	1635	1635	1421	1864	1241	2083	1140	2220	1055	2342
31502	2207	2207	1957	2471	1745	2722	1624	2879	1522	3018
31601	1849	1849	1621	2092	1429	2324	1319	2468	1228	2597
31603	3274	3274	2968	3595	2706	3897	2554	4083	2426	4249
31604	1906	1906	1675	2153	1479	2388	1368	2534	1275	2665
31605	2058	2058	1817	2314	1613	2557	1497	2709	1399	2844
31703	3432	3432	3118	3760	2849	4068	2694	4259	2562	4428
31704	2741	2742	2462	3036	2224	3313	2087	3485	1971	3638
31705	1353	1353	1159	1562	997	1763	906	1889	831	2002
31706	1868	1868	1639	2112	1445	2345	1335	2490	1243	2620
31800	2382	2382	2122	2657	1901	2917	1775	3079	1668	3223
31903	3093	3093	2796	3405	2541	3698	2394	3880	2270	4041
31904	1635	1635	1421	1864	1241	2083	1140	2220	1055	2342
31906	1911	1912	1679	2158	1483	2393	1372	2540	1279	2671
31907	2889	2889	2602	3191	2357	3475	2216	3652	2096	3808
31908	1820	1820	1594	2061	1403	2291	1295	2435	1204	2563
31909	1521	1521	1315	1742	1142	1954	1044	2086	963	2205
32002	1525	1525	1318	1746	1145	1958	1048	2091	966	2210
32003	2252	2252	1999	2519	1785	2773	1662	2930	1560	3071
32005	2617	2617	2344	2905	2112	3177	1978	3345	1866	3495
32006	1893	1893	1663	2139	1468	2373	1357	2519	1264	2650
32007	1584	1584	1374	1809	1197	2025	1097	2160	1014	2281
32008	1815	1815	1589	2056	1399	2285	1290	2429	1200	2557
32010	1961	1961	1726	2211	1527	2448	1414	2597	1319	2729
32011	1474	1475	1272	1692	1102	1901	1006	2032	926	2149
32102	2173	2174	1926	2436	1715	2686	1595	2841	1494	2979
32103	2347	2347	2089	2620	1870	2878	1744	3039	1639	3182
32104	3140	3140	2840	3454	2584	3750	2436	3933	2311	4095
32203	3847	3847	3515	4194	3228	4519	3063	4720	2923	4898
32207	1626	1626	1413	1855	1234	2073	1132	2209	1047	2332
32208	4284	4284	3933	4650	3630	4992	3454	5203	3305	5390
32210	4763	4763	4393	5149	4072	5509	3886	5730	3728	5926
32211	1899	1899	1668	2145	1473	2380	1362	2526	1269	2657
32212	3146	3146	2846	3460	2589	3757	2441	3940	2316	4102
32213	1640	1640	1426	1870	1246	2089	1144	2226	1059	2348
32214	2210	2210	1960	2474	1747	2726	1626	2882	1524	3021
32215	2489	2489	2223	2769	1996	3035	1867	3200	1758	3346
32307	2400	2400	2139	2676	1917	2937	1790	3099	1684	3244
32309	2896	2896	2609	3198	2363	3483	2222	3659	2102	3816
32311	2259	2259	2006	2526	1791	2780	1668	2938	1565	3079
32313	2610	2610	2338	2897	2105	3169	1972	3337	1860	3487
32315	2302	2302	2047	2572	1830	2828	1706	2987	1601	3129
32316	2232	2232	1980	2498	1767	2750	1645	2907	1543	3047
32317	2283	2283	2029	2552	1813	2807	1689	2966	1585	3107
32318	2109	2109	1865	2368	1658	2614	1540	2767	1441	2904
32319	3201	3201	2899	3518	2639	3817	2490	4001	2363	4165
32320	2134	2134	1889	2395	1681	2642	1562	2796	1462	2933
32321	2624	2624	2351	2912	2118	3184	1984	3353	1872	3503
32322	1681	1682	1464	1913	1282	2135	1178	2274	1092	2398
32323	2225	2225	1974	2490	1761	2743	1639	2899	1537	3039
32324	2413	2413	2152	2690	1929	2952	1802	3114	1694	3259
32325	2689	2689	2413	2981	2177	3256	2041	3427	1927	3578
32326	1410	1410	1212	1623	1046	1828	953	1956	876	2072
32327	1783	1783	1559	2022	1370	2249	1263	2392	1174	2519
32328	1191	1191	1010	1388	859	1577	775	1697	705	1804
32329	2925	2925	2636	3229	2389	3515	2247	3692	2127	3850
32401	2374	2374	2115	2648	1894	2908	1768	3070	1662	3213
32402	2531	2531	2263	2814	2034	3081	1903	3247	1793	3395
32500	2488	2488	2222	2768	1996	3034	1866	3198	1757	3345
32601	1267	1267	1079	1469	923	1664	836	1787	763	1897
32602	3785	3785	3455	4129	3171	4452	3007	4651	2868	4828
32702	2848	2848	2563	3147	2319	3430	2180	3605	2061	3761
32703	931	931	771	1105	640	1275	568	1383	508	1480
32704	3217	3217	2914	3535	2654	3834	2504	4019	2377	4183
32800	1888	1888	1658	2134	1463	2368	1352	2513	1260	2644
40100	2074	2074	1832	2331	1627	2575	1510	2727	1412	2863
40200	2581	2581	2310	2867	2079	3137	1947	3304	1835	3453
40300	1432	1432	1233	1647	1065	1853	971	1982	893	2098
40400	2983	2983	2692	3290	2442	3579	2298	3757	2177	3916
40500	1082	1082	909	1269	766	1451	687	1565	621	1669
40700	3663	3663	3339	4002	3060	4320	2899	4516	2763	4690
40800	2200	2201	1951	2465	1739	2716	1618	2872	1517	3011
40900	1871	1871	1642	2116	1448	2349	1338	2494	1246	2623
41000	3508	3508	3191	3840	2918	4151	2761	4344	2628	4514
41100	2318	2318	2062	2589	1844	2846	1719	3006	1615	3148
41201	1442	1442	1242	1658	1074	1865	980	1994	901	2110
41202	2668	2668	2393	2959	2158	3233	2023	3403	1909	3554
41301	2619	2619	2346	2907	2113	3179	1980	3347	1868	3497
41303	2376	2376	2117	2651	1896	2911	1770	3072	1663	3216
41304	1251	1252	1065	1453	910	1647	823	1769	752	1878
41400	2551	2551	2282	2835	2052	3103	1921	3270	1810	3418
41500	767	767	623	926	506	1082	441	1181	389	1271
41601	2541	2541	2272	2824	2043	3092	1912	3259	1802	3407
41605	2300	2300	2045	2570	1828	2826	1704	2985	1600	3127
41606	2635	2635	2361	2924	2128	3196	1994	3365	1881	3516
41607	1374	1374	1179	1585	1015	1787	923	1914	847	2028
41608	2267	2267	2014	2535	1798	2789	1675	2947	1572	3088
41701	2987	2987	2695	3294	2445	3583	2302	3762	2180	3921
41703	2432	2432	2170	2710	1946	2973	1818	3136	1710	3281
41704	2151	2151	1905	2413	1696	2661	1576	2816	1476	2953
41805	2928	2928	2639	3232	2392	3518	2250	3695	2130	3853
41806	4011	4011	3672	4366	3379	4698	3210	4902	3066	5083
41808	2035	2035	1795	2289	1592	2531	1477	2682	1380	2817
41809	2977	2977	2686	3283	2436	3572	2293	3751	2172	3909
41810	2800	2800	2517	3097	2276	3377	2137	3551	2021	3705
41811	3578	3578	3258	3913	2983	4228	2824	4422	2689	4594
41812	5360	5360	4966	5768	4625	6149	4426	6382	4257	6589
41901	4124	4124	3779	4483	3482	4819	3310	5026	3165	5209
41903	3444	3444	3130	3772	2860	4081	2704	4272	2573	4441
41904	2244	2244	1992	2511	1778	2764	1656	2921	1553	3061
41905	2864	2864	2578	3164	2334	3448	2194	3623	2075	3779
42001	2298	2298	2043	2568	1826	2824	1702	2983	1598	3125
42003	1445	1445	1245	1661	1077	1868	982	1998	903	2114
42004	2008	2008	1770	2261	1568	2501	1454	2651	1358	2785
42005	1988	1988	1751	2239	1551	2479	1437	2628	1341	2761
42006	2090	2090	1847	2348	1641	2593	1524	2745	1426	2881
50101	1189	1189	1008	1385	857	1575	773	1694	703	1802
50102	2133	2133	1888	2394	1680	2641	1561	2795	1461	2932
50200	1839	1839	1612	2081	1420	2312	1311	2457	1220	2585
50300	2396	2396	2136	2672	1914	2933	1787	3095	1680	3239
50401	3372	3373	3062	3698	2795	4004	2641	4193	2511	4360
50402	2793	2793	2511	3089	2270	3370	2131	3543	2015	3697
50500	4358	4358	4004	4727	3698	5072	3521	5285	3370	5473
50600	515	515	398	647	306	778	256	863	217	940
50700	3020	3020	2727	3329	2475	3619	2331	3799	2209	3959
50800	2931	2931	2642	3235	2395	3522	2252	3699	2132	3856
50900	1587	1587	1376	1813	1199	2029	1099	2164	1016	2285
51000	3157	3157	2857	3472	2599	3769	2451	3952	2326	4115
51100	1771	1771	1548	2009	1360	2236	1253	2378	1164	2504
51200	4271	4271	3921	4636	3618	4978	3443	5189	3294	5375
51300	4613	4613	4248	4992	3933	5347	3750	5565	3595	5758
51400	3598	3598	3277	3934	3001	4249	2841	4444	2706	4617
51500	2455	2456	2192	2734	1967	2998	1838	3162	1730	3308
51601	1933	1934	1700	2182	1503	2418	1391	2565	1297	2697
51602	1823	1823	1597	2064	1406	2294	1297	2438	1207	2566
51701	2634	2634	2361	2923	2127	3195	1993	3364	1880	3515
51702	1875	1875	1646	2120	1452	2353	1341	2498	1249	2628
51802	2361	2361	2103	2635	1882	2894	1757	3055	1651	3198
51803	3469	3469	3154	3799	2883	4109	2727	4300	2594	4470
51804	1365	1365	1170	1575	1008	1777	916	1903	840	2017
51905	3572	3572	3252	3907	2977	4221	2818	4415	2684	4587
51912	985	985	821	1164	685	1339	610	1449	549	1548
51913	2057	2057	1816	2313	1612	2556	1496	2707	1398	2842
51914	1809	1809	1584	2049	1393	2279	1285	2422	1195	2550
51915	2742	2743	2463	3037	2224	3315	2087	3487	1972	3640
51916	1808	1808	1583	2048	1392	2278	1285	2421	1194	2548
51917	1724	1724	1504	1958	1319	2183	1214	2323	1126	2448
51918	2350	2350	2092	2623	1873	2882	1747	3042	1642	3185
51921	1847	1847	1619	2090	1427	2321	1318	2466	1226	2595
51922	2093	2093	1850	2351	1644	2596	1527	2749	1428	2885
51923	1771	1771	1548	2009	1360	2236	1253	2378	1164	2504
51924	2428	2428	2166	2706	1943	2968	1815	3131	1707	3276
51925	3195	3195	2893	3512	2634	3810	2484	3995	2358	4158
51926	1898	1898	1667	2144	1472	2379	1361	2525	1268	2655
51927	2607	2607	2335	2894	2103	3165	1970	3334	1857	3483
51928	1628	1628	1415	1857	1235	2075	1134	2212	1049	2334
52003	3014	3014	2721	3322	2470	3613	2326	3792	2204	3952
52004	2507	2507	2240	2788	2013	3055	1882	3220	1773	3367
52005	2533	2533	2265	2816	2036	3084	1905	3250	1795	3397
52006	1452	1453	1251	1669	1083	1876	988	2006	909	2123
52007	1571	1571	1361	1795	1186	2011	1086	2145	1003	2265
52104	1945	1945	1711	2193	1513	2431	1400	2578	1306	2710
52105	769	769	624	928	507	1084	443	1184	391	1274
52107	1686	1687	1469	1919	1286	2141	1182	2280	1096	2404
52108	2309	2309	2053	2580	1836	2836	1712	2995	1607	3137
52112	1121	1121	945	1312	799	1496	718	1613	651	1717
52113	1188	1188	1007	1384	856	1574	772	1693	703	1800
52114	1728	1728	1508	1963	1322	2187	1217	2327	1129	2453
52115	2278	2278	2024	2547	1808	2802	1685	2960	1581	3101
52118	2405	2405	2144	2681	1922	2943	1795	3105	1688	3250
52203	3023	3024	2730	3332	2478	3623	2333	3802	2211	3962
52204	1804	1804	1579	2044	1389	2273	1281	2416	1191	2544
52206	1763	1763	1540	2000	1353	2227	1247	2368	1158	2495
52207	2169	2170	1922	2432	1712	2681	1592	2836	1491	2974
52208	1846	1846	1618	2089	1426	2320	1317	2465	1225	2594
52209	1033	1033	865	1217	726	1395	649	1507	585	1609
52301	2028	2028	1789	2282	1586	2524	1471	2674	1374	2808
52302	1441	1441	1241	1657	1073	1864	979	1993	900	2109
52401	2138	2138	1893	2399	1684	2647	1565	2801	1465	2938
52402	1537	1537	1330	1759	1156	1972	1058	2105	976	2224
52502	3082	3082	2785	3393	2531	3686	2385	3868	2261	4029
52503	2803	2803	2520	3100	2279	3381	2140	3554	2023	3709
52504	1629	1629	1416	1858	1236	2076	1135	2213	1050	2335
52603	1259	1260	1073	1461	917	1656	830	1778	758	1888
52604	2329	2329	2072	2601	1854	2858	1729	3018	1624	3161
52605	2449	2450	2186	2728	1961	2992	1833	3155	1725	3301
52606	2270	2270	2016	2538	1801	2793	1678	2951	1575	3092
52607	2357	2357	2099	2630	1879	2889	1753	3050	1647	3193
52701	840	840	689	1006	566	1169	498	1272	442	1365
52705	3781	3781	3451	4125	3168	4448	3004	4647	2865	4823
52706	1948	1948	1713	2197	1515	2434	1403	2582	1308	2714
52707	2264	2264	2011	2532	1796	2786	1673	2944	1570	3085
52708	1800	1800	1575	2040	1385	2269	1278	2411	1188	2539
52709	1263	1264	1076	1466	921	1661	833	1783	761	1893
52803	1976	1976	1740	2227	1540	2465	1426	2614	1331	2747
52804	3051	3052	2756	3361	2504	3653	2358	3834	2235	3994
52805	2172	2173	1925	2435	1714	2685	1594	2840	1494	2978
52806	2621	2621	2348	2909	2115	3181	1982	3350	1869	3500
52903	1985	1985	1748	2236	1548	2475	1434	2624	1339	2757
52904	2413	2413	2152	2690	1929	2952	1802	3114	1694	3259
52905	1937	1938	1704	2186	1506	2423	1394	2570	1300	2702
52906	2473	2474	2209	2753	1983	3018	1854	3182	1745	3329
53101	1505	1505	1300	1725	1128	1935	1031	2067	950	2186
53102	2036	2036	1796	2290	1593	2533	1478	2683	1381	2818
53201	1805	1805	1580	2045	1390	2274	1282	2417	1192	2545
53202	2037	2037	1797	2292	1594	2534	1479	2684	1382	2819
53301	2968	2968	2677	3274	2428	3562	2285	3741	2164	3899
53302	2296	2296	2041	2566	1824	2822	1700	2981	1596	3122
53400	2267	2267	2014	2535	1798	2789	1675	2947	1572	3088
53504	3176	3176	2875	3492	2616	3789	2468	3973	2342	4137
53505	2164	2165	1917	2427	1707	2676	1588	2830	1487	2969
53506	2395	2395	2135	2671	1913	2932	1786	3094	1679	3238
53507	2146	2146	1900	2407	1691	2656	1572	2810	1472	2947
53508	1254	1255	1068	1456	913	1650	826	1772	754	1882
53509	1687	1688	1470	1920	1287	2142	1183	2281	1097	2405
990100	0	0	0	8	0	29	0	47	0	66
53602	2943	2943	2654	3248	2406	3535	2263	3712	2143	3870
53603	1755	1755	1533	1992	1346	2218	1240	2359	1151	2485
53604	1852	1852	1624	2095	1431	2327	1322	2472	1230	2601
53700	1813	1813	1587	2054	1397	2283	1289	2426	1198	2554
53801	1926	1927	1694	2174	1497	2410	1385	2557	1291	2689
53802	2604	2604	2332	2891	2100	3162	1967	3330	1855	3480
53803	2508	2508	2241	2789	2014	3056	1883	3221	1774	3368
60200	541	541	421	676	326	810	275	897	234	975
60300	1987	1987	1750	2238	1550	2478	1436	2627	1340	2760
60400	1908	1908	1677	2155	1481	2390	1369	2537	1276	2667
60500	1772	1772	1549	2010	1361	2237	1254	2379	1165	2505
60600	3062	3063	2767	3373	2514	3666	2368	3846	2245	4007
60700	2823	2823	2539	3121	2297	3403	2158	3577	2040	3732
60800	2431	2431	2169	2709	1945	2972	1817	3135	1710	3280
60903	1488	1488	1284	1706	1113	1916	1017	2047	937	2165
60904	2450	2451	2187	2729	1962	2993	1834	3156	1726	3302
60905	3089	3089	2792	3400	2537	3694	2391	3876	2267	4037
60906	945	945	784	1121	652	1292	579	1400	519	1498
61001	2063	2063	1822	2319	1617	2563	1501	2714	1403	2850
61002	2264	2264	2011	2532	1796	2786	1673	2944	1570	3085
61100	2880	2880	2594	3181	2348	3465	2208	3641	2089	3798
61200	2484	2484	2218	2764	1992	3029	1862	3194	1753	3340
61300	2174	2175	1927	2437	1716	2687	1596	2842	1495	2980
61400	1848	1848	1620	2091	1428	2323	1318	2467	1227	2596
61500	3498	3498	3181	3829	2909	4140	2752	4332	2619	4503
61601	1325	1325	1133	1532	973	1731	883	1856	809	1968
61602	456	457	347	581	261	706	216	787	180	860
61700	2163	2163	1916	2426	1706	2675	1587	2829	1486	2967
61800	1157	1157	978	1351	830	1538	747	1656	679	1762
61900	912	912	754	1084	624	1253	553	1360	494	1456
62000	1829	1829	1602	2071	1411	2301	1302	2445	1211	2573
62300	1956	1956	1721	2205	1522	2443	1409	2591	1315	2723
62400	2378	2378	2119	2653	1898	2913	1771	3074	1665	3218
62500	2964	2964	2674	3270	2425	3558	2281	3736	2161	3894
62600	1782	1782	1558	2020	1370	2248	1263	2390	1173	2517
62801	2770	2770	2489	3065	2249	3344	2111	3517	1995	3671
62802	1553	1553	1345	1776	1170	1990	1071	2124	989	2244
62900	3751	3751	3423	4093	3140	4415	2977	4613	2839	4789
63000	1295	1295	1105	1499	947	1696	859	1820	785	1931
63100	1723	1723	1503	1957	1318	2182	1213	2322	1125	2447
63200	2095	2095	1852	2353	1646	2599	1528	2751	1430	2887
63300	2537	2537	2268	2820	2040	3088	1909	3254	1798	3402
63400	3340	3341	3031	3664	2766	3969	2613	4157	2483	4324
63501	1766	1766	1543	2003	1356	2230	1249	2372	1160	2498
63502	1870	1870	1641	2115	1447	2347	1337	2493	1245	2622
70100	1553	1553	1345	1776	1170	1990	1071	2124	989	2244
70203	2999	2999	2707	3307	2456	3596	2312	3775	2191	3935
70204	1373	1373	1178	1583	1014	1786	923	1913	846	2026
70205	1369	1369	1174	1579	1011	1781	919	1908	843	2022
70206	1861	1861	1632	2105	1439	2337	1329	2482	1238	2611
70207	2180	2181	1932	2444	1722	2693	1601	2849	1500	2987
70307	1760	1760	1538	1997	1350	2223	1244	2365	1155	2491
70308	2188	2189	1940	2452	1729	2702	1608	2858	1507	2997
70309	2902	2902	2614	3204	2368	3490	2227	3666	2108	3823
70310	2380	2380	2120	2655	1899	2915	1773	3076	1667	3220
70311	1805	1805	1580	2045	1390	2274	1282	2417	1192	2545
70312	2252	2252	1999	2519	1785	2773	1662	2930	1560	3071
70313	3522	3522	3204	3854	2931	4167	2774	4359	2640	4530
70314	1429	1429	1230	1644	1063	1850	969	1979	891	2095
70315	2707	2707	2430	3000	2193	3276	2057	3447	1942	3599
70316	2212	2212	1962	2477	1749	2728	1628	2884	1526	3024
70401	918	918	759	1091	629	1260	558	1367	499	1463
70403	1239	1239	1054	1440	900	1633	814	1754	742	1863
70404	1634	1634	1420	1863	1241	2082	1139	2219	1054	2341
70703	2688	2688	2412	2980	2176	3255	2040	3425	1926	3577
71100	1139	1139	962	1331	815	1517	733	1634	665	1740
71205	2300	2300	2045	2570	1828	2826	1704	2985	1600	3127
71206	4171	4171	3825	4532	3526	4870	3353	5078	3206	5262
71207	2990	2990	2698	3297	2448	3586	2304	3765	2183	3924
71208	3555	3555	3236	3889	2962	4203	2803	4396	2669	4568
71209	1749	1749	1527	1985	1341	2211	1235	2352	1146	2478
71210	2676	2676	2400	2967	2165	3242	2030	3412	1916	3563
71304	3596	3596	3275	3932	2999	4247	2840	4442	2705	4614
71305	1743	1743	1522	1979	1335	2204	1230	2345	1141	2471
71306	3578	3578	3258	3913	2983	4228	2824	4422	2689	4594
71307	2827	2827	2543	3125	2300	3407	2161	3582	2044	3737
71309	1896	1896	1665	2142	1470	2377	1359	2523	1266	2653
71310	2592	2592	2321	2878	2089	3149	1956	3317	1845	3466
71403	1995	1995	1758	2247	1557	2487	1443	2636	1347	2769
71406	4563	4563	4200	4940	3887	5293	3705	5510	3551	5702
71407	2441	2442	2178	2719	1954	2983	1826	3146	1718	3291
71408	1891	1891	1661	2137	1466	2371	1355	2517	1262	2647
71409	1870	1870	1641	2115	1447	2347	1337	2493	1245	2622
71410	3076	3076	2779	3387	2525	3680	2379	3861	2256	4022
71411	2283	2283	2029	2552	1813	2807	1689	2966	1585	3107
71503	2485	2485	2219	2765	1993	3030	1863	3195	1754	3342
71504	1857	1857	1629	2101	1436	2333	1326	2477	1234	2607
71505	2423	2423	2161	2700	1938	2963	1810	3126	1703	3271
71506	2198	2199	1949	2463	1738	2714	1617	2869	1515	3008
71601	2120	2120	1876	2380	1668	2627	1550	2780	1450	2917
71602	3294	3294	2987	3616	2724	3919	2572	4106	2444	4271
71703	1575	1575	1365	1800	1189	2015	1089	2150	1006	2270
71704	1831	1831	1604	2073	1413	2303	1304	2447	1213	2576
71705	1635	1635	1421	1864	1241	2083	1140	2220	1055	2342
71706	827	827	677	992	555	1154	488	1256	433	1348
71707	1176	1176	996	1371	846	1560	763	1679	693	1785
71803	2675	2675	2399	2966	2164	3241	2029	3411	1915	3562
71805	1546	1546	1338	1769	1164	1982	1065	2116	983	2235
71806	2002	2002	1764	2254	1563	2494	1449	2644	1353	2778
71807	1671	1671	1455	1903	1273	2124	1170	2262	1084	2386
71808	1567	1567	1358	1791	1182	2006	1083	2140	1000	2261
71901	2563	2563	2293	2848	2063	3117	1931	3284	1820	3432
71902	2612	2612	2340	2899	2107	3171	1974	3339	1862	3489
72000	2235	2235	1983	2501	1770	2754	1648	2911	1545	3051
72105	2065	2065	1824	2321	1619	2565	1503	2717	1405	2852
72106	3084	3084	2787	3395	2533	3689	2386	3870	2263	4031
72107	2087	2087	1844	2345	1639	2590	1521	2742	1423	2878
72108	2473	2474	2209	2753	1983	3018	1854	3182	1745	3329
72109	1825	1825	1599	2066	1407	2297	1299	2440	1208	2569
72111	1169	1169	989	1364	840	1552	757	1670	688	1777
72112	2108	2108	1864	2367	1657	2613	1539	2766	1440	2903
72305	2733	2734	2455	3027	2216	3305	2080	3476	1964	3629
72307	2053	2053	1812	2309	1608	2552	1492	2703	1395	2838
72308	3120	3120	2821	3433	2565	3728	2418	3910	2294	4072
72309	2933	2933	2644	3237	2396	3524	2254	3701	2134	3859
72310	1877	1877	1647	2122	1453	2355	1343	2501	1251	2630
72311	2164	2165	1917	2427	1707	2676	1588	2830	1487	2969
72312	2891	2891	2604	3193	2358	3478	2217	3654	2098	3810
72313	1625	1625	1412	1853	1233	2072	1131	2208	1047	2330
72405	1891	1891	1661	2137	1466	2371	1355	2517	1262	2647
72406	2375	2375	2116	2650	1895	2909	1769	3071	1663	3215
72407	2279	2279	2025	2548	1809	2803	1686	2961	1582	3102
72408	2732	2733	2454	3026	2215	3304	2079	3475	1963	3628
72409	1147	1147	969	1340	822	1526	739	1644	671	1750
72410	1700	1701	1482	1934	1298	2157	1194	2296	1107	2420
72503	1885	1885	1655	2131	1460	2364	1350	2510	1257	2640
72504	1922	1923	1690	2170	1493	2406	1381	2553	1288	2684
72505	3945	3945	3609	4297	3318	4626	3151	4829	3008	5009
72506	1916	1917	1684	2164	1488	2399	1376	2546	1283	2677
72507	1759	1759	1537	1996	1349	2222	1243	2364	1154	2490
72601	2403	2403	2142	2679	1920	2941	1793	3103	1686	3247
72602	2495	2495	2229	2776	2002	3041	1872	3206	1763	3353
72603	3660	3660	3336	3999	3058	4317	2897	4513	2760	4687
72800	4711	4711	4343	5095	4024	5453	3839	5673	3682	5867
72901	5	5	0	24	0	54	0	78	0	103
72903	16	16	2	46	0	86	0	115	0	144
900202	0	0	0	8	0	29	0	47	0	66
72906	6	6	0	27	0	58	0	83	0	108
990002	59	59	24	108	6	165	1	206	0	244
73001	2473	2474	2209	2753	1983	3018	1854	3182	1745	3329
73005	2188	2189	1940	2452	1729	2702	1608	2858	1507	2997
73006	1825	1825	1599	2066	1407	2297	1299	2440	1208	2569
73108	3399	3399	3087	3725	2819	4032	2664	4222	2534	4390
73110	1992	1992	1755	2244	1554	2483	1440	2632	1344	2766
73111	1859	1859	1631	2103	1437	2335	1328	2480	1236	2609
73113	2700	2700	2423	2992	2187	3268	2051	3439	1936	3591
73114	1961	1961	1726	2211	1527	2448	1414	2597	1319	2729
73115	1567	1567	1358	1791	1182	2006	1083	2140	1000	2261
73116	1343	1343	1150	1551	989	1751	898	1877	823	1990
73117	1512	1512	1306	1732	1134	1943	1037	2076	956	2194
73118	1777	1777	1553	2015	1365	2243	1258	2385	1169	2511
73119	1471	1472	1269	1689	1099	1898	1004	2029	924	2146
73120	1677	1678	1461	1909	1278	2131	1175	2269	1089	2393
73121	1786	1786	1562	2025	1373	2253	1266	2395	1176	2522
73122	1829	1829	1602	2071	1411	2301	1302	2445	1211	2573
73123	2343	2343	2085	2616	1866	2874	1741	3034	1636	3177
73124	1136	1136	959	1328	812	1514	730	1631	663	1736
73125	3857	3857	3524	4204	3238	4530	3072	4731	2931	4909
73126	1260	1261	1074	1462	918	1657	831	1779	759	1889
73200	3530	3530	3212	3863	2939	4175	2781	4368	2647	4539
73301	2687	2687	2411	2979	2175	3254	2039	3424	1925	3576
73302	2108	2108	1864	2367	1657	2613	1539	2766	1440	2903
73404	4056	4057	3715	4413	3421	4746	3250	4952	3106	5134
73405	1993	1993	1756	2245	1555	2484	1441	2634	1345	2767
73406	2240	2240	1988	2506	1774	2759	1652	2916	1549	3057
73407	1732	1732	1511	1967	1326	2192	1220	2332	1132	2458
73408	2285	2285	2031	2554	1814	2809	1691	2968	1587	3109
73500	3706	3707	3381	4047	3100	4367	2938	4564	2800	4739
80101	2082	2082	1840	2339	1634	2584	1517	2736	1419	2872
80102	2705	2705	2428	2998	2191	3274	2055	3445	1941	3597
80200	2216	2216	1965	2481	1753	2733	1631	2889	1529	3028
80300	1751	1751	1529	1987	1342	2213	1236	2354	1148	2480
80400	2466	2467	2202	2746	1977	3010	1848	3175	1739	3321
80500	2206	2206	1956	2470	1744	2721	1623	2877	1521	3017
80600	2694	2694	2418	2986	2181	3262	2045	3432	1931	3584
80700	3131	3131	2832	3445	2575	3740	2428	3923	2303	4085
80800	595	595	469	736	368	875	313	965	270	1046
80900	3350	3351	3041	3675	2775	3980	2622	4168	2492	4335
81000	3524	3524	3206	3856	2933	4169	2776	4361	2642	4532
81100	1344	1344	1151	1552	989	1753	899	1878	824	1991
81200	1363	1363	1168	1573	1006	1774	914	1901	839	2014
81400	17	17	2	48	0	88	0	118	0	147
90101	2999	2999	2707	3307	2456	3596	2312	3775	2191	3935
90102	3881	3881	3547	4230	3260	4556	3093	4758	2952	4936
90201	2235	2235	1983	2501	1770	2754	1648	2911	1545	3051
90202	2481	2481	2215	2761	1989	3026	1860	3190	1751	3337
90300	1123	1123	947	1314	801	1499	720	1615	653	1720
90400	2552	2552	2283	2836	2053	3105	1922	3271	1811	3419
90501	2711	2711	2434	3004	2196	3280	2060	3452	1946	3604
90502	2506	2506	2239	2787	2012	3054	1882	3219	1772	3366
90700	2636	2636	2362	2925	2129	3198	1995	3367	1882	3517
90800	2145	2145	1899	2406	1690	2654	1571	2809	1471	2946
90900	3505	3505	3188	3837	2916	4148	2759	4340	2626	4511
91000	3425	3425	3112	3753	2843	4061	2687	4251	2556	4420
91100	2268	2268	2014	2536	1799	2790	1676	2949	1573	3089
91201	3024	3025	2731	3333	2479	3624	2334	3804	2212	3963
91203	3809	3809	3478	4154	3193	4478	3029	4678	2889	4855
91204	2694	2694	2418	2986	2181	3262	2045	3432	1931	3584
91301	1945	1945	1711	2193	1513	2431	1400	2578	1306	2710
91302	3562	3562	3243	3896	2968	4210	2809	4404	2675	4576
91400	1598	1598	1387	1824	1209	2041	1109	2177	1025	2298
91500	2156	2156	1910	2418	1700	2667	1581	2821	1480	2959
91600	3867	3867	3534	4215	3247	4541	3081	4742	2940	4920
91700	4909	4909	4532	5300	4207	5665	4017	5889	3856	6088
91800	2271	2271	2017	2539	1802	2794	1679	2952	1575	3093
91900	3912	3912	3577	4262	3288	4590	3121	4792	2980	4971
92000	2650	2650	2376	2940	2141	3213	2007	3382	1894	3533
92100	3250	3250	2945	3570	2684	3870	2533	4056	2406	4221
92200	5086	5086	4703	5484	4371	5855	4178	6083	4014	6285
92300	4049	4050	3708	4405	3414	4739	3244	4944	3100	5126
92400	3634	3634	3312	3972	3034	4289	2874	4484	2738	4657
92500	4196	4196	3849	4558	3549	4897	3375	5106	3228	5291
92600	2691	2691	2415	2983	2178	3258	2043	3429	1929	3581
92701	2002	2002	1764	2254	1563	2494	1449	2644	1353	2778
92704	1586	1586	1375	1812	1199	2028	1099	2163	1015	2283
92801	2708	2708	2431	3001	2194	3277	2058	3448	1943	3600
92802	1834	1834	1607	2076	1415	2307	1307	2451	1216	2579
92803	1251	1252	1065	1453	910	1647	823	1769	752	1878
92901	2554	2554	2285	2838	2055	3107	1923	3273	1813	3422
92902	2240	2240	1988	2506	1774	2759	1652	2916	1549	3057
940000	1631	1631	1418	1860	1238	2079	1136	2215	1052	2338
940001	6073	6074	5654	6508	5289	6912	5077	7159	4896	7378
940002	5191	5192	4804	5593	4469	5968	4273	6198	4108	6402
940003	2849	2849	2564	3149	2320	3431	2180	3606	2062	3762
940004	2897	2897	2610	3199	2364	3484	2223	3661	2103	3817
940005	2146	2146	1900	2407	1691	2656	1572	2810	1472	2947
940006	1123	1123	947	1314	801	1499	720	1615	653	1720
940007	1340	1340	1147	1548	986	1748	896	1873	820	1986
940008	2431	2431	2169	2709	1945	2972	1817	3135	1710	3280
940009	1317	1317	1126	1523	966	1722	877	1846	802	1958
940010	2889	2889	2602	3191	2357	3475	2216	3652	2096	3808
940011	1861	1861	1632	2105	1439	2337	1329	2482	1238	2611
940100	2903	2903	2615	3205	2369	3491	2228	3667	2108	3824
