tract10_id mean median lower_50 upper_50 lower_80 upper_80 lower_90 upper_90 lower_95 upper_95
100	3939	3940	3167	4795	2544	5638	2204	6175	1928	6662
200	1591	1591	1115	2150	759	2726	579	3103	442	3450
300	885	884	541	1312	303	1770	194	2076	119	2362
401	2883	2883	2228	3621	1711	4358	1434	4832	1213	5263
402	2383	2383	1792	3058	1332	3738	1089	4178	898	4579
500	317	317	128	590	30	908	4	1131	0	1344
600	7005	7006	5962	8133	5094	9220	4607	9903	4204	10517
700	2068	2069	1521	2700	1099	3341	880	3757	709	4139
800	324	324	133	600	32	920	5	1144	0	1359
900	250	250	87	498	12	792	0	1001	0	1203
1000	1054	1055	675	1518	406	2007	277	2332	185	2634
1100	595	595	321	954	146	1349	74	1617	31	1871
1200	6793	6794	5766	7904	4913	8977	4436	9651	4041	10257
1300	3886	3886	3119	4736	2501	5574	2164	6108	1890	6592
1400	768	768	450	1169	237	1603	141	1895	78	2168
1500	254	253	89	502	13	798	0	1008	0	1209
1600	1257	1258	840	1759	535	2284	386	2630	276	2950
1701	1987	1987	1451	2607	1040	3238	827	3648	662	4024
1702	1023	1022	650	1479	386	1963	261	2285	172	2584
1800	1051	1052	673	1514	404	2002	276	2327	184	2630
1900	5910	5910	4955	6949	4167	7957	3728	8592	3366	9164
2000	785	785	464	1191	246	1628	149	1922	84	2197
2100	1504	1504	1043	2049	700	2612	527	2981	397	3322
2200	544	544	283	888	121	1270	56	1532	20	1779
2400	741	741	430	1136	222	1564	130	1853	70	2123
2500	844	843	509	1262	280	1712	175	2013	104	2295
2600	1589	1589	1114	2148	758	2723	578	3100	441	3447
2700	1375	1375	936	1898	613	2441	452	2798	332	3128
2800	1178	1178	775	1665	484	2176	342	2514	239	2828
2900	1044	1044	667	1505	400	1993	272	2317	181	2618
3000	1216	1216	805	1710	508	2227	363	2569	256	2886
3100	784	784	463	1189	246	1626	148	1920	84	2196
3200	3112	3112	2430	3877	1888	4638	1597	5127	1363	5571
3300	1721	1721	1225	2301	850	2895	659	3284	512	3641
3400	798	797	473	1206	253	1646	154	1941	88	2218
3500	1459	1460	1006	1997	670	2553	501	2918	374	3255
3600	3244	3245	2547	4025	1992	4800	1692	5296	1452	5748
3800	826	826	495	1241	270	1687	167	1986	98	2266
3900	522	522	268	860	111	1237	49	1495	16	1739
4000	578	578	308	931	137	1322	68	1588	27	1840
4100	8044	8045	6923	9250	5985	10407	5457	11132	5017	11782
4200	2110	2110	1556	2748	1130	3394	907	3814	733	4198
4301	3152	3152	2466	3922	1920	4688	1626	5179	1390	5625
4302	1271	1271	850	1775	544	2301	393	2649	282	2971
4400	2176	2176	1613	2823	1178	3478	950	3902	772	4291
4500	547	547	286	892	122	1275	57	1537	21	1784
4600	847	846	511	1266	281	1716	176	2018	105	2300
4700	14019	14020	12525	15597	11252	17090	10523	18015	9909	18840
4800	3281	3281	2580	4066	2021	4844	1719	5343	1476	5796
4900	5807	5807	4860	6837	4080	7837	3646	8468	3289	9036
5000	3411	3412	2696	4211	2123	5003	1814	5509	1564	5969
5100	1671	1671	1183	2243	815	2831	628	3215	485	3568
5200	4112	4112	3322	4986	2683	5845	2333	6391	2049	6886
5301	8591	8592	7431	9836	6459	11028	5909	11774	5451	12443
5302	30967	30969	28727	33292	26781	35457	25650	36785	24687	37959
5400	5380	5380	4471	6373	3724	7340	3309	7951	2969	8501
5600	1113	1113	722	1587	442	2087	307	2418	210	2726
5700	2146	2147	1588	2789	1156	3440	931	3863	755	4249
5801	5807	5807	4860	6837	4080	7837	3646	8468	3289	9036
5802	5806	5806	4860	6836	4079	7836	3645	8467	3288	9035
5900	4450	4450	3626	5357	2957	6246	2589	6810	2290	7321
6000	3951	3952	3178	4809	2554	5653	2213	6190	1936	6677
6100	5224	5225	4329	6204	3594	7158	3188	7761	2854	8306
6200	1045	1045	668	1507	400	1994	273	2318	182	2620
6300	2092	2092	1541	2727	1116	3371	895	3789	722	4172
6400	491	491	246	821	97	1189	40	1443	11	1682
6500	947	947	590	1388	340	1857	224	2171	142	2463
6600	9323	9323	8113	10617	7095	11855	6518	12628	6037	13320
6700	9479	9480	8258	10784	7231	12031	6649	12810	6163	13506
6800	2029	2029	1487	2655	1070	3291	854	3704	686	4083
6900	756	756	442	1155	230	1586	137	1877	75	2149
7000	2043	2043	1499	2671	1081	3309	863	3723	694	4103
7100	14474	14474	12955	16076	11660	17591	10917	18530	10292	19366
7200	49279	49281	46442	52200	43959	54903	42506	56553	41263	58006
7300	41496	41497	38896	44180	36626	46669	35301	48191	34169	49533
7401	1050	1050	672	1513	403	2001	275	2326	184	2628
7402	1856	1856	1339	2457	946	3070	743	3469	587	3836
7500	8259	8260	7122	9480	6171	10651	5634	11385	5187	12042
7600	3181	3182	2492	3955	1943	4724	1647	5216	1410	5664
7700	1063	1063	682	1527	411	2018	281	2344	189	2647
7800	1653	1653	1167	2222	802	2807	617	3189	475	3541
7900	2827	2827	2179	3559	1668	4289	1395	4759	1177	5188
8001	11511	11511	10161	12944	9018	14307	8366	15155	7820	15912
8002	8145	8146	7017	9358	6072	10522	5540	11251	5097	11904
8100	83768	83770	80056	87564	76785	91054	74861	93176	73209	95038
8200	27223	27224	25125	29405	23308	31442	22253	32694	21357	33801
8300	9176	9176	7975	10460	6966	11689	6395	12457	5919	13144
8400	6976	6976	5935	8101	5069	9187	4584	9869	4182	10481
8500	22339	22340	20442	24319	18806	26175	17860	27318	17058	28331
8600	6028	6028	5063	7077	4266	8093	3822	8734	3455	9311
8700	4035	4036	3253	4901	2621	5753	2276	6295	1995	6786
8800	586	586	314	942	141	1335	70	1602	29	1854
8900	2131	2132	1575	2772	1145	3421	921	3842	746	4228
9000	7167	7168	6111	8307	5232	9406	4739	10096	4330	10716
9100	5815	5815	4868	6846	4087	7846	3652	8478	3295	9046
9200	8872	8872	7692	10135	6702	11345	6142	12102	5675	12779
9300	54938	54940	51940	58020	49312	60868	47772	62604	46454	64133
9400	8687	8688	7520	9938	6542	11137	5989	11886	5528	12558
9500	4469	4469	3644	5378	2973	6269	2604	6834	2303	7345
9600	1982	1982	1447	2601	1036	3231	824	3641	659	4016
9701	1157	1158	758	1641	471	2148	331	2484	230	2796
9702	758	757	443	1157	231	1588	137	1879	75	2151
9800	2261	2261	1686	2920	1241	3585	1007	4016	823	4410
9900	9292	9292	8083	10584	7067	11820	6492	12592	6012	13282
10001	5489	5489	4570	6492	3814	7467	3395	8083	3050	8638
10002	1061	1062	681	1526	410	2017	281	2343	188	2646
10100	2459	2459	1858	3144	1389	3833	1140	4278	944	4685
10200	747	747	435	1144	225	1573	133	1862	72	2134
10300	2796	2796	2152	3523	1644	4251	1373	4719	1157	5145
10401	920	920	569	1356	324	1820	211	2131	132	2420
10402	685	684	387	1066	192	1482	107	1763	53	2027
10500	6056	6056	5089	7107	4290	8126	3844	8768	3477	9346
10600	1457	1457	1004	1994	668	2550	500	2915	373	3252
10701	692	692	393	1075	195	1492	110	1774	55	2039
10702	556	556	292	904	127	1289	60	1552	22	1801
10800	2840	2840	2191	3573	1678	4306	1404	4776	1186	5205
10900	21572	21573	19709	23519	18104	25345	17176	26470	16389	27467
11001	1074	1074	691	1541	418	2033	287	2361	194	2665
11002	1057	1058	678	1521	408	2011	279	2337	187	2639
11101	726	726	418	1117	214	1542	124	1828	65	2097
11102	1217	1217	806	1711	509	2228	363	2571	257	2888
11200	8959	8960	7774	10229	6778	11444	6215	12204	5745	12884
11300	3634	3634	2894	4458	2300	5272	1977	5791	1716	6263
11401	546	546	285	891	122	1274	57	1535	20	1782
11402	1547	1547	1079	2099	729	2668	553	3041	419	3386
11500	760	759	444	1159	232	1591	138	1882	76	2154
11600	1130	1130	736	1608	453	2110	317	2444	218	2753
11700	3674	3675	2930	4502	2332	5320	2007	5842	1744	6316
11800	1925	1925	1398	2536	995	3159	787	3564	626	3935
11900	444	443	212	759	76	1115	27	1360	5	1593
12000	357	356	154	644	43	974	9	1204	0	1424
12100	225	225	73	462	7	747	0	950	0	1147
20100	762	761	446	1162	233	1594	139	1885	76	2158
20200	1928	1928	1401	2540	998	3162	789	3568	628	3940
20300	3171	3172	2483	3944	1935	4711	1640	5203	1403	5651
20401	1075	1075	692	1542	419	2035	288	2362	194	2667
20402	808	808	481	1218	259	1660	159	1957	91	2235
20500	1361	1362	925	1882	604	2423	444	2779	326	3108
20600	557	557	293	905	127	1291	61	1554	23	1803
20700	4379	4379	3563	5279	2900	6162	2535	6723	2239	7230
20800	698	698	397	1083	199	1501	112	1784	57	2050
20900	3308	3308	2604	4096	2042	4878	1738	5378	1494	5832
21000	1740	1740	1241	2323	864	2920	671	3310	523	3669
21100	2502	2502	1895	3192	1421	3886	1169	4334	971	4743
21300	933	932	579	1371	332	1837	217	2149	137	2440
21400	1245	1245	830	1745	527	2267	379	2612	270	2932
21500	656	656	366	1030	176	1439	96	1716	46	1977
21600	1338	1338	906	1854	588	2392	431	2746	314	3073
21700	2318	2318	1736	2984	1283	3657	1045	4092	858	4489
21802	9389	9390	8175	10688	7153	11930	6574	12705	6091	13399
21803	4448	4448	3625	5355	2956	6243	2588	6808	2288	7318
21804	2249	2249	1676	2906	1232	3570	999	4000	816	4393
21903	11631	11632	10275	13072	9125	14442	8469	15294	7920	16054
21904	3091	3092	2412	3854	1873	4614	1582	5101	1350	5544
21905	1172	1172	770	1658	480	2168	339	2505	236	2818
21906	4229	4230	3428	5115	2778	5984	2422	6537	2132	7037
22001	1205	1206	797	1698	502	2213	357	2554	252	2870
22003	1502	1502	1041	2047	699	2609	526	2978	396	3319
22005	5645	5646	4713	6662	3945	7649	3518	8273	3167	8834
22006	1035	1035	660	1494	394	1980	267	2303	177	2604
22101	1319	1319	890	1832	575	2366	420	2718	305	3044
22102	893	893	547	1322	308	1781	198	2088	122	2375
22201	913	913	563	1347	320	1810	207	2120	129	2408
22202	1814	1815	1304	2409	916	3016	717	3412	564	3776
22203	1021	1020	648	1477	385	1960	260	2282	171	2581
22300	601	601	325	961	149	1358	76	1628	32	1882
22400	4628	4629	3788	5553	3103	6457	2726	7031	2418	7550
22500	12764	12765	11341	14272	10131	15701	9440	16589	8859	17381
22603	2125	2125	1569	2765	1141	3413	917	3834	742	4219
22604	3018	3019	2348	3773	1816	4525	1530	5007	1302	5446
22605	6617	6617	5604	7714	4764	8774	4293	9441	3905	10040
22606	909	909	560	1342	318	1804	205	2113	128	2402
22701	6616	6616	5603	7713	4763	8773	4293	9440	3904	10039
22702	1153	1154	755	1636	468	2142	329	2478	228	2790
22703	846	845	511	1265	281	1714	176	2016	105	2298
22801	4291	4291	3483	5183	2828	6058	2469	6614	2176	7117
22802	3396	3396	2682	4194	2111	4984	1802	5490	1554	5949
22803	61426	61427	58253	64682	55468	67687	53834	69517	52435	71128
22901	713	713	409	1102	207	1524	119	1809	62	2076
22902	732	732	423	1125	217	1551	126	1838	67	2108
23000	3595	3596	2860	4415	2269	5225	1948	5743	1690	6212
23100	282	282	106	541	20	847	1	1063	0	1270
23201	1332	1332	901	1847	584	2383	427	2737	311	3064
23202	2915	2915	2257	3657	1736	4398	1457	4874	1234	5307
23300	1544	1544	1076	2095	727	2664	551	3037	418	3381
23401	13092	13093	11650	14619	10424	16065	9723	16963	9133	17763
23403	8597	8597	7436	9841	6463	11034	5913	11780	5456	12449
23404	446	446	214	762	77	1118	28	1364	5	1597
23500	569	569	302	921	133	1310	65	1575	25	1825
23601	12912	12913	11481	14428	10263	15865	9567	16758	8983	17553
23603	2827	2827	2179	3559	1668	4289	1395	4759	1177	5188
23604	1429	1429	981	1961	649	2512	483	2875	359	3210
23700	37993	37994	35507	40563	33340	42949	32076	44410	30997	45699
23801	7780	7781	6678	8966	5758	10107	5240	10821	4809	11462
23803	19291	19292	17532	21135	16019	22867	15147	23936	14409	24885
23804	59548	59550	56425	62755	53685	65716	52078	67519	50701	69107
23900	814	814	486	1226	263	1669	162	1967	94	2245
24000	6224	6225	5243	7290	4432	8321	3979	8971	3605	9555
24100	1139	1139	743	1619	459	2123	322	2457	222	2767
24200	740	740	429	1135	221	1563	130	1851	70	2122
24300	6268	6268	5283	7337	4468	8371	4013	9023	3638	9609
24400	1215	1215	805	1709	507	2226	362	2568	256	2885
24500	1132	1132	738	1610	455	2113	318	2447	219	2756
24601	829	829	498	1245	271	1691	168	1991	99	2271
24602	971	970	609	1417	354	1890	235	2206	151	2501
24701	699	699	398	1084	199	1503	113	1786	58	2052
24702	2164	2164	1602	2809	1169	3462	942	3886	765	4273
24800	10330	10331	9054	11690	7976	12987	7364	13796	6852	14518
24901	707	707	404	1094	204	1515	116	1799	60	2066
24902	305	304	120	573	26	887	3	1107	0	1318
24903	620	620	339	985	158	1386	82	1658	37	1914
25001	1071	1071	688	1537	416	2029	286	2356	192	2660
25003	1390	1390	948	1916	623	2461	461	2820	340	3152
25005	1645	1645	1161	2213	797	2796	612	3178	471	3529
25006	415	414	193	721	65	1068	21	1309	2	1538
25101	2640	2641	2016	3349	1526	4059	1265	4517	1058	4934
25102	1398	1398	955	1925	628	2472	465	2831	344	3164
25200	1330	1330	899	1845	583	2381	426	2734	310	3061
25301	8581	8582	7422	9825	6450	11017	5901	11763	5443	12430
25302	18469	18470	16749	20274	15271	21971	14420	23019	13700	23950
25400	2771	2772	2130	3496	1625	4221	1356	4687	1142	5112
25500	683	682	386	1063	190	1479	106	1759	53	2023
25601	1659	1659	1173	2229	807	2815	620	3198	478	3550
25602	1082	1082	697	1551	423	2045	291	2373	197	2678
25701	1419	1419	972	1949	642	2499	477	2860	354	3194
25702	165	165	41	374	0	634	0	822	0	1006
25803	427	427	201	737	70	1088	23	1331	3	1562
25804	518	518	265	855	109	1231	48	1488	15	1732
25805	772	772	454	1174	239	1609	143	1901	80	2175
25806	4290	4290	3482	5181	2827	6056	2468	6612	2175	7116
26001	1160	1160	760	1643	472	2151	332	2487	231	2799
26002	1615	1615	1136	2178	776	2758	594	3137	455	3486
26100	1326	1326	896	1840	580	2375	424	2728	308	3054
26200	65660	65662	62379	69026	59496	72129	57803	74018	56352	75679
26300	12730	12731	11309	14236	10101	15663	9411	16550	8831	17341
26400	4901	4902	4035	5851	3327	6779	2936	7366	2617	7897
26500	1096	1096	709	1568	432	2064	299	2394	203	2700
26600	911	911	562	1345	319	1807	206	2117	128	2405
26700	716	716	411	1106	209	1528	120	1814	63	2081
26801	1127	1127	734	1604	451	2106	315	2439	216	2748
26802	1053	1054	674	1516	405	2005	277	2330	185	2633
27000	377	377	167	671	50	1008	13	1242	0	1465
27100	1160	1160	760	1643	472	2151	332	2487	231	2799
27200	8322	8323	7181	9548	6226	10723	5686	11459	5238	12118
27300	1763	1764	1261	2350	880	2951	685	3342	535	3703
27400	2413	2414	1818	3093	1354	3776	1109	4218	916	4622
27500	1919	1919	1393	2529	991	3151	783	3555	623	3927
27600	895	895	549	1325	309	1784	199	2092	122	2378
27701	3202	3202	2510	3978	1959	4748	1662	5242	1423	5691
27702	962	962	602	1407	350	1879	231	2194	148	2488
27800	303	302	119	570	26	883	2	1103	0	1314
27900	9047	9047	7855	10323	6854	11543	6288	12306	5815	12989
28000	2582	2582	1965	3283	1481	3986	1224	4440	1021	4853
28100	2058	2058	1512	2689	1092	3328	873	3744	703	4125
28200	1716	1716	1221	2295	847	2889	655	3276	509	3633
28300	24563	24564	22572	26638	20851	28578	19854	29772	19008	30829
28402	21137	21138	19294	23065	17705	24873	16788	25987	16010	26976
28403	3410	3411	2695	4210	2123	5002	1813	5508	1563	5968
28500	2720	2720	2085	3438	1586	4157	1320	4620	1108	5042
28600	1288	1288	865	1796	555	2325	403	2674	290	2997
28700	669	669	376	1047	183	1459	101	1738	49	2000
28801	4868	4868	4005	5815	3300	6740	2911	7326	2592	7855
28802	7115	7116	6063	8251	5188	9346	4696	10034	4289	10652
28901	2386	2386	1794	3062	1334	3742	1091	4182	899	4584
28902	2123	2123	1568	2763	1139	3411	916	3831	741	4216
29001	919	919	568	1355	324	1819	210	2129	131	2418
29003	1824	1825	1313	2421	923	3029	723	3426	569	3791
29004	3892	3892	3125	4743	2506	5581	2168	6116	1895	6600
29101	2311	2311	1729	2976	1278	3648	1040	4082	854	4479
29102	872	872	531	1297	296	1752	188	2057	114	2342
29203	9081	9082	7887	10359	6884	11582	6316	12346	5843	13030
29204	2256	2256	1682	2914	1237	3579	1004	4009	820	4403
29205	1759	1760	1257	2346	877	2945	683	3337	533	3697
29206	49091	49093	46260	52007	43782	54705	42331	56352	41091	57803
29303	2094	2094	1542	2729	1118	3374	896	3792	724	4175
29304	595	595	321	954	146	1349	74	1617	31	1871
29305	636	636	351	1006	166	1410	88	1685	41	1943
29306	1380	1380	940	1904	616	2447	455	2805	335	3136
29307	710	710	407	1098	205	1519	117	1804	61	2071
29403	865	865	526	1289	292	1742	185	2046	111	2330
29405	491	491	246	821	97	1189	40	1443	11	1682
29406	483	483	240	810	93	1176	38	1428	10	1667
29407	1336	1336	904	1852	587	2389	430	2743	313	3070
29408	276	276	103	534	19	838	1	1053	0	1259
29502	1321	1321	891	1834	577	2368	421	2721	306	3047
29503	4041	4042	3259	4908	2626	5760	2280	6303	1999	6794
29504	1578	1579	1105	2136	751	2710	572	3086	436	3432
29601	1654	1654	1168	2223	803	2808	617	3191	476	3543
29602	370	370	163	662	48	996	12	1229	0	1451
29700	10182	10183	8915	11533	7846	12821	7240	13625	6732	14343
29801	1982	1982	1447	2601	1036	3231	824	3641	659	4016
29802	1099	1100	711	1571	434	2069	301	2399	204	2705
29901	699	699	398	1084	199	1503	113	1786	58	2052
29902	4105	4105	3316	4978	2678	5836	2328	6382	2044	6877
30003	2258	2258	1684	2916	1239	3581	1005	4012	822	4406
30004	595	595	321	954	146	1349	74	1617	31	1871
30005	863	863	524	1286	291	1739	184	2043	111	2327
30006	5253	5253	4355	6235	3618	7191	3210	7796	2875	8341
30100	1117	1117	725	1592	445	2092	310	2424	212	2732
30201	938	938	583	1377	335	1845	219	2157	138	2448
30202	2738	2738	2101	3458	1600	4179	1333	4643	1120	5067
30304	3628	3628	2889	4451	2295	5264	1972	5784	1712	6255
30305	994	994	627	1445	369	1923	247	2242	161	2539
30306	836	836	503	1254	275	1701	172	2002	101	2283
30308	932	931	578	1370	331	1836	216	2148	136	2438
30309	2539	2539	1928	3235	1449	3933	1195	4384	994	4795
30310	1777	1777	1272	2365	890	2968	693	3361	543	3722
30311	834	834	502	1251	274	1698	171	1999	101	2279
30312	844	843	509	1262	280	1712	175	2013	104	2295
30313	10311	10311	9036	11670	7960	12966	7348	13774	6837	14496
30314	5825	5825	4877	6857	4095	7858	3660	8490	3302	9059
30401	5022	5023	4145	5984	3427	6921	3030	7515	2705	8050
30403	453	453	219	771	80	1129	30	1376	6	1611
30404	629	629	346	997	163	1399	86	1673	39	1931
30501	21184	21185	19339	23114	17749	24924	16830	26040	16051	27029
30503	3410	3411	2695	4210	2123	5002	1813	5508	1563	5968
30504	1658	1658	1172	2228	806	2813	620	3196	478	3549
30600	3654	3654	2912	4480	2316	5296	1992	5817	1730	6289
30700	2026	2026	1484	2651	1068	3287	852	3700	684	4079
30801	13414	13415	11954	14959	10711	16421	10000	17329	9402	18138
30802	613	613	334	976	154	1375	80	1646	35	1902
30901	2466	2466	1864	3152	1394	3842	1145	4288	949	4694
30902	1374	1374	935	1896	612	2439	451	2797	332	3127
31000	856	856	519	1277	287	1729	181	2032	108	2315
31100	2782	2783	2140	3509	1634	4235	1364	4701	1149	5127
31202	1527	1528	1063	2076	716	2643	541	3014	409	3357
31204	977	976	613	1424	358	1899	238	2216	154	2511
31205	1173	1173	771	1659	481	2169	340	2507	237	2820
31206	1551	1551	1082	2104	732	2674	555	3047	421	3392
31301	719	718	413	1108	210	1531	121	1817	63	2085
31302	1437	1437	987	1971	654	2523	488	2886	363	3222
31400	4999	5000	4124	5958	3408	6894	3012	7486	2688	8021
31501	456	456	221	775	82	1134	31	1382	6	1617
31502	1711	1711	1216	2289	843	2882	652	3269	506	3626
31601	823	823	493	1237	268	1682	166	1981	97	2261
31603	2159	2159	1598	2803	1165	3456	939	3879	762	4266
31604	759	758	443	1158	232	1589	137	1880	75	2153
31605	2306	2306	1725	2971	1274	3641	1037	4075	850	4472
31703	1400	1400	957	1928	630	2474	467	2834	345	3167
31704	1451	1451	999	1987	664	2542	496	2907	370	3243
31705	747	747	435	1144	225	1573	133	1862	72	2134
31706	3422	3423	2706	4223	2132	5016	1822	5523	1572	5984
31800	1254	1255	837	1756	533	2279	384	2625	274	2946
31903	1233	1233	820	1730	519	2250	372	2594	264	2913
31904	1008	1008	639	1462	378	1943	254	2263	166	2561
31906	533	533	276	875	116	1255	53	1514	18	1760
31907	584	584	313	939	140	1331	70	1599	28	1851
31908	1249	1250	833	1750	530	2273	381	2618	272	2938
31909	580	580	310	934	138	1325	68	1592	27	1843
32002	506	505	256	839	103	1212	44	1467	13	1709
32003	1574	1575	1102	2131	748	2704	569	3080	434	3426
32005	1313	1313	885	1824	571	2358	417	2709	302	3034
32006	673	673	379	1052	186	1465	103	1745	50	2007
32007	1004	1004	635	1457	375	1937	252	2257	165	2555
32008	296	296	115	562	24	873	2	1091	0	1301
32010	2089	2089	1538	2723	1114	3367	893	3785	721	4168
32011	1454	1454	1002	1991	666	2546	498	2911	372	3248
32102	678	678	383	1058	188	1472	105	1753	52	2016
32103	21426	21427	19569	23366	17969	25186	17045	26307	16261	27301
32104	2404	2405	1810	3082	1347	3765	1103	4206	911	4609
32203	1134	1134	739	1613	456	2116	319	2450	220	2760
32207	979	978	615	1427	359	1902	239	2219	154	2514
32208	27078	27079	24985	29254	23173	31286	22122	32534	21228	33639
32210	5065	5065	4184	6030	3462	6971	3063	7567	2736	8104
32211	1085	1085	700	1554	425	2049	293	2377	198	2683
32212	1004	1004	635	1457	375	1937	252	2257	165	2555
32213	449	449	216	766	78	1123	29	1369	5	1603
32214	1880	1881	1360	2485	963	3101	759	3503	601	3871
32215	531	531	274	872	115	1251	52	1511	18	1756
32307	1353	1354	918	1872	598	2412	440	2767	322	3096
32309	26657	26658	24581	28817	22784	30833	21741	32073	20855	33170
32311	870	870	530	1295	295	1749	187	2054	113	2338
32313	13661	13662	12187	15219	10932	16694	10213	17609	9609	18424
32315	821	821	491	1235	267	1679	165	1978	96	2257
32316	678	678	383	1058	188	1472	105	1753	52	2016
32317	851	851	515	1271	284	1722	178	2024	106	2306
32318	1014	1014	643	1470	381	1952	257	2272	169	2571
32319	11466	11467	10120	12897	8979	14258	8329	15105	7784	15860
32320	1494	1494	1035	2037	693	2599	521	2967	392	3307
32321	1323	1323	893	1836	578	2371	422	2724	307	3050
32322	333	333	138	611	35	934	6	1160	0	1376
32323	1330	1330	899	1845	583	2381	426	2734	310	3061
32324	1822	1823	1311	2418	922	3027	722	3423	568	3788
32325	1034	1034	659	1493	393	1978	267	2302	177	2602
32326	920	920	569	1356	324	1820	211	2131	132	2420
32327	706	706	404	1093	203	1513	116	1797	60	2064
32328	1088	1088	702	1558	427	2053	295	2382	200	2688
32329	2388	2388	1796	3064	1335	3744	1092	4184	901	4586
32401	1828	1828	1315	2424	926	3033	725	3430	571	3795
32402	1037	1037	661	1497	395	1983	268	2306	178	2607
32500	1390	1390	948	1916	623	2461	461	2820	340	3152
32601	1196	1197	790	1687	496	2201	352	2541	247	2856
32602	2080	2081	1531	2714	1108	3357	888	3774	716	4156
32702	1096	1096	709	1568	432	2064	299	2394	203	2700
32703	2165	2165	1603	2810	1170	3464	943	3887	766	4275
32704	7445	7445	6368	8606	5470	9723	4965	10425	4546	11054
32800	816	816	488	1228	264	1672	162	1970	94	2249
40100	7827	7827	6721	9016	5798	10159	5278	10876	4846	11519
40200	2463	2463	1861	3149	1392	3838	1143	4284	947	4690
40300	1726	1726	1229	2307	854	2902	662	3291	515	3648
40400	2352	2353	1765	3024	1309	3700	1068	4137	879	4537
40500	1294	1294	870	1803	559	2333	406	2683	293	3006
40700	19842	19843	18057	21711	16522	23466	15635	24549	14885	25510
40800	11057	11057	9735	12463	8617	13801	7980	14634	7447	15378
40900	400	400	183	702	59	1045	18	1283	1	1510
41000	6461	6462	5461	7546	4632	8595	4168	9255	3786	9848
41100	3474	3474	2751	4280	2173	5079	1859	5589	1607	6052
41201	173	173	44	385	1	648	0	839	0	1024
41202	3098	3099	2418	3862	1878	4622	1587	5110	1355	5553
41301	3163	3164	2476	3935	1929	4701	1634	5193	1398	5640
41303	3820	3820	3060	4663	2448	5495	2115	6026	1845	6506
41304	32865	32866	30556	35258	28548	37485	27379	38851	26384	40057
41400	2235	2235	1664	2890	1221	3552	989	3981	808	4373
41500	733	733	424	1126	217	1552	127	1840	68	2109
41601	1375	1375	936	1898	613	2441	452	2798	332	3128
41605	1021	1020	648	1477	385	1960	260	2282	171	2581
41606	874	874	533	1300	297	1755	189	2060	115	2345
41607	257	257	91	506	14	803	0	1014	0	1216
41608	762	761	446	1162	233	1594	139	1885	76	2158
41701	2669	2669	2041	3381	1547	4094	1285	4554	1076	4973
41703	1152	1153	754	1635	467	2141	329	2477	228	2788
41704	3952	3953	3179	4810	2555	5654	2213	6192	1937	6679
41805	7884	7885	6775	9078	5847	10225	5325	10944	4891	11588
41806	1984	1984	1448	2604	1038	3234	825	3644	660	4019
41808	1237	1237	823	1735	522	2256	375	2600	266	2919
41809	250	250	87	498	12	792	0	1001	0	1203
41810	517	517	264	854	108	1229	48	1487	15	1730
41811	3270	3271	2571	4054	2013	4832	1711	5330	1469	5783
41812	1189	1189	784	1678	491	2191	348	2530	244	2845
41901	8021	8022	6902	9225	5965	10381	5438	11105	4999	11754
41903	4070	4070	3284	4939	2649	5794	2301	6338	2019	6831
41904	2250	2250	1677	2907	1233	3571	999	4001	817	4394
41905	3829	3829	3068	4674	2456	5506	2121	6037	1851	6518
42001	1321	1321	891	1834	577	2368	421	2721	306	3047
42003	369	369	162	660	47	995	11	1227	0	1449
42004	993	993	626	1444	368	1922	246	2240	160	2537
42005	4073	4073	3287	4942	2651	5798	2304	6342	2021	6835
42006	5196	5197	4303	6173	3571	7125	3166	7727	2833	8270
50101	233	232	77	472	9	760	0	965	0	1163
50102	1112	1112	721	1586	442	2085	307	2417	210	2724
50200	968	968	607	1414	353	1888	234	2203	150	2498
50300	841	840	507	1259	278	1707	174	2008	103	2289
50401	1992	1992	1455	2613	1044	3244	830	3655	664	4031
50402	4971	4971	4098	5927	3385	6861	2990	7452	2668	7985
50500	5952	5953	4993	6995	4202	8006	3761	8643	3398	9217
50600	245	245	84	490	11	783	0	991	0	1191
50700	2165	2165	1603	2810	1170	3464	943	3887	766	4275
50800	1519	1520	1056	2067	710	2632	536	3003	405	3345
50900	2465	2465	1863	3151	1393	3841	1144	4286	948	4693
51000	8838	8839	7661	10100	6673	11308	6114	12063	5648	12739
51100	4010	4010	3231	4873	2601	5723	2257	6264	1977	6754
51200	975	974	612	1422	357	1896	237	2213	153	2507
51300	1847	1847	1332	2446	939	3058	737	3457	582	3823
51400	16428	16429	14808	18133	13421	19740	12623	20734	11950	21618
51500	6081	6082	5112	7135	4311	8155	3864	8799	3496	9378
51601	1838	1838	1324	2436	933	3046	732	3444	577	3810
51602	1360	1361	924	1881	603	2422	444	2778	325	3107
51701	3938	3939	3166	4794	2543	5637	2203	6174	1927	6660
51702	6088	6089	5118	7142	4317	8164	3870	8807	3501	9386
51802	8855	8856	7677	10118	6688	11327	6128	12083	5662	12760
51803	1100	1101	712	1573	435	2070	301	2400	205	2707
51804	1955	1955	1423	2570	1017	3196	806	3604	643	3977
51905	4292	4292	3484	5184	2829	6059	2469	6615	2177	7118
51912	4099	4099	3311	4971	2673	5829	2324	6375	2040	6869
51913	540	539	280	883	119	1264	55	1525	19	1771
51914	568	568	301	920	133	1308	64	1573	25	1823
51915	1140	1140	744	1620	460	2124	322	2459	222	2769
51916	1225	1225	813	1721	514	2239	368	2582	261	2900
51917	442	441	211	756	75	1111	27	1357	5	1590
51918	1799	1799	1291	2391	905	2997	707	3391	555	3754
51921	936	936	581	1375	334	1842	218	2154	138	2445
51922	2415	2416	1820	3095	1356	3779	1111	4221	918	4624
51923	3045	3045	2371	3802	1836	4557	1549	5041	1319	5481
51924	1052	1053	674	1515	405	2004	276	2329	185	2631
51925	12981	12982	11545	14501	10324	15941	9626	16836	9040	17633
51926	2035	2035	1492	2662	1075	3299	858	3712	689	4091
51927	771	771	453	1173	238	1607	143	1900	79	2173
51928	2669	2669	2041	3381	1547	4094	1285	4554	1076	4973
52003	419	419	195	726	66	1075	22	1316	3	1546
52004	1602	1602	1125	2163	767	2740	586	3118	448	3467
52005	825	825	495	1240	269	1685	167	1984	97	2264
52006	443	442	212	757	76	1113	27	1358	5	1591
52007	1489	1489	1030	2031	690	2592	518	2960	389	3299
52104	898	898	551	1329	311	1788	200	2096	123	2383
52105	1506	1506	1045	2051	701	2615	528	2984	398	3325
52107	1018	1017	646	1473	383	1956	259	2277	170	2576
52108	2635	2636	2012	3343	1522	4053	1261	4510	1055	4927
52112	747	747	435	1144	225	1573	133	1862	72	2134
52113	373	373	165	666	49	1001	12	1235	0	1457
52114	592	592	319	950	144	1344	72	1612	30	1865
52115	889	888	544	1317	306	1775	196	2082	120	2368
52118	1413	1414	968	1943	639	2492	474	2853	351	3187
52203	3311	3311	2607	4099	2044	4881	1741	5382	1497	5836
52204	3508	3509	2782	4319	2200	5120	1885	5633	1630	6098
52206	617	617	337	981	157	1381	81	1653	36	1909
52207	589	589	316	946	143	1339	71	1607	29	1860
52208	3235	3235	2539	4015	1985	4789	1686	5285	1446	5736
52209	3577	3578	2843	4395	2255	5203	1935	5720	1677	6188
52301	622	622	341	987	159	1389	83	1661	37	1918
52302	808	808	481	1218	259	1660	159	1957	91	2235
52401	2977	2977	2311	3727	1784	4474	1501	4953	1275	5390
52402	2917	2917	2259	3660	1738	4400	1459	4876	1236	5309
52502	2112	2112	1558	2750	1131	3397	908	3816	734	4201
52503	1151	1152	753	1634	467	2140	328	2475	227	2787
52504	810	810	483	1221	260	1663	160	1960	92	2239
52603	388	388	174	685	54	1025	15	1261	1	1486
52604	2021	2021	1480	2646	1064	3281	849	3693	681	4071
52605	2296	2296	1716	2959	1266	3629	1030	4062	844	4458
52606	1076	1076	692	1543	419	2036	288	2364	194	2668
52607	729	729	421	1121	215	1546	125	1833	66	2102
52701	333	333	138	611	35	934	6	1160	0	1376
52705	558	558	294	907	128	1292	61	1556	23	1805
52706	883	882	539	1310	302	1767	193	2073	118	2358
52707	258	258	92	508	14	805	0	1016	0	1219
52708	377	377	167	671	50	1008	13	1242	0	1465
52709	258	258	92	508	14	805	0	1016	0	1219
52803	11208	11208	9877	12623	8750	13969	8108	14807	7571	15556
52804	2013	2014	1474	2637	1059	3271	844	3683	677	4061
52805	2037	2037	1494	2664	1076	3301	859	3715	690	4094
52806	461	461	225	782	84	1142	32	1391	7	1627
52903	5171	5171	4280	6145	3550	7095	3146	7696	2815	8238
52904	850	850	514	1270	283	1720	178	2022	106	2305
52905	2321	2321	1738	2988	1285	3661	1047	4096	860	4493
52906	603	603	327	964	150	1361	76	1631	33	1885
53101	447	447	215	763	78	1120	28	1366	5	1599
53102	2701	2702	2069	3417	1572	4134	1307	4596	1097	5017
53201	721	720	414	1111	211	1534	122	1820	64	2088
53202	495	495	249	826	99	1196	41	1450	12	1690
53301	4493	4494	3666	5404	2993	6297	2623	6864	2321	7376
53302	1202	1203	795	1694	500	2209	356	2550	250	2866
53400	1279	1279	857	1785	549	2312	398	2661	286	2983
53504	3496	3497	2771	4305	2191	5106	1876	5617	1622	6082
53505	466	466	228	788	86	1151	33	1400	8	1636
53506	592	592	319	950	144	1344	72	1612	30	1865
53507	2875	2875	2221	3612	1705	4348	1428	4821	1208	5252
53508	2067	2068	1520	2699	1098	3340	879	3756	708	4137
53509	6000	6001	5038	7047	4243	8062	3800	8702	3435	9277
990100	0	0	0	51	0	169	0	273	0	382
53602	1560	1560	1090	2114	738	2686	561	3060	426	3405
53603	577	577	307	930	137	1321	67	1587	27	1838
53604	1272	1272	851	1776	545	2303	394	2650	282	2972
53700	1976	1976	1441	2594	1032	3224	820	3633	655	4008
53801	627	627	344	994	162	1396	85	1670	38	1927
53802	1760	1761	1258	2347	878	2947	683	3338	534	3698
53803	1033	1033	658	1492	393	1977	266	2300	176	2600
60200	19379	19380	17615	21226	16099	22962	15225	24033	14484	24984
60300	1689	1690	1198	2264	828	2854	639	3240	495	3595
60400	690	690	391	1072	194	1489	109	1771	55	2036
60500	1729	1729	1232	2310	856	2906	664	3295	516	3653
60600	1881	1882	1361	2486	964	3103	759	3504	601	3873
60700	2040	2040	1496	2668	1078	3305	861	3719	692	4099
60800	1380	1380	940	1904	616	2447	455	2805	335	3136
60903	566	566	300	917	132	1305	64	1570	24	1819
60904	1595	1595	1119	2155	762	2731	581	3108	444	3456
60905	1736	1736	1238	2318	861	2915	668	3305	520	3663
60906	1979	1979	1444	2598	1034	3227	822	3637	657	4012
61001	682	681	385	1062	190	1477	106	1758	53	2022
61002	4290	4290	3482	5181	2827	6056	2468	6612	2175	7116
61100	6063	6064	5095	7115	4296	8134	3850	8777	3482	9355
61200	1291	1291	867	1799	557	2329	405	2678	292	3002
61300	1543	1543	1075	2094	726	2663	550	3036	417	3380
61400	9115	9116	7919	10396	6914	11621	6345	12386	5870	13071
61500	9806	9807	8564	11133	7517	12399	6923	13190	6427	13896
61601	24107	24108	22135	26163	20431	28086	19445	29270	18607	30318
61602	10010	10010	8754	11349	7695	12628	7094	13425	6592	14138
61700	5961	5962	5002	7005	4210	8016	3769	8654	3405	9228
61800	1150	1151	753	1632	466	2138	328	2474	227	2785
61900	1982	1982	1447	2601	1036	3231	824	3641	659	4016
62000	960	960	600	1404	348	1876	230	2191	147	2484
62300	491	491	246	821	97	1189	40	1443	11	1682
62400	1228	1228	815	1724	516	2244	369	2587	262	2905
62500	1313	1313	885	1824	571	2358	417	2709	302	3034
62600	27687	27688	25571	29887	23737	31941	22673	33202	21768	34318
62801	2683	2683	2053	3397	1558	4112	1294	4572	1085	4992
62802	1164	1164	763	1648	475	2156	335	2493	233	2806
62900	2198	2199	1632	2848	1194	3506	965	3932	786	4322
63000	2825	2825	2178	3556	1667	4287	1394	4757	1176	5185
63100	1497	1497	1037	2041	695	2603	523	2971	393	3312
63200	1020	1019	648	1476	384	1959	260	2280	171	2579
63300	1862	1862	1344	2464	950	3078	747	3478	590	3845
63400	2612	2612	1991	3317	1504	4024	1245	4479	1040	4895
63501	1600	1600	1123	2161	766	2738	585	3115	447	3464
63502	624	624	342	990	160	1392	84	1665	38	1922
70100	1302	1303	876	1812	565	2344	411	2694	297	3019
70203	2460	2460	1859	3145	1389	3835	1141	4279	945	4686
70204	247	247	85	493	12	787	0	995	0	1196
70205	870	870	530	1295	295	1749	187	2054	113	2338
70206	402	402	184	704	60	1048	18	1287	1	1514
70207	2965	2965	2301	3713	1774	4459	1492	4938	1267	5374
70307	545	545	284	890	121	1272	57	1533	20	1780
70308	987	987	621	1436	364	1913	243	2231	158	2527
70309	1989	1989	1453	2610	1042	3240	828	3650	663	4027
70310	2271	2272	1695	2931	1248	3598	1014	4029	830	4424
70311	651	651	362	1024	174	1431	94	1708	44	1968
70312	1870	1871	1351	2473	956	3088	752	3489	595	3857
70313	1511	1511	1049	2057	705	2621	532	2991	401	3333
70314	387	387	174	684	54	1023	15	1259	1	1484
70315	746	746	434	1143	225	1572	132	1861	72	2132
70316	563	563	298	913	130	1300	63	1564	24	1814
70401	864	864	525	1287	291	1741	184	2044	111	2328
70403	983	983	618	1431	362	1907	241	2225	156	2521
70404	769	769	451	1170	237	1604	142	1896	79	2170
70703	2994	2994	2326	3746	1797	4495	1513	4976	1286	5413
71100	676	676	381	1056	187	1469	104	1750	51	2013
71205	756	756	442	1155	230	1586	137	1877	75	2149
71206	4819	4820	3961	5762	3260	6683	2873	7266	2557	7793
71207	4413	4414	3594	5317	2928	6203	2562	6765	2263	7274
71208	1481	1481	1024	2022	684	2581	513	2948	385	3287
71209	531	531	274	872	115	1251	52	1511	18	1756
71210	2835	2835	2186	3568	1674	4299	1401	4770	1183	5199
71304	2014	2015	1474	2639	1060	3273	845	3685	677	4063
71305	2673	2673	2044	3385	1550	4099	1287	4559	1079	4978
71306	1304	1305	878	1815	566	2347	412	2697	298	3022
71307	1292	1292	868	1800	558	2330	405	2680	292	3003
71309	1315	1315	886	1827	573	2360	418	2712	303	3037
71310	821	821	491	1235	267	1679	165	1978	96	2257
71403	1137	1137	742	1616	458	2120	320	2454	221	2764
71406	6983	6983	5941	8109	5075	9195	4589	9877	4187	10490
71407	992	992	626	1443	368	1920	246	2239	160	2535
71408	1462	1463	1008	2000	672	2557	503	2922	376	3260
71409	653	653	363	1026	175	1435	95	1711	45	1972
71410	1713	1713	1218	2291	844	2885	654	3272	508	3629
71411	832	832	500	1249	273	1695	170	1995	100	2276
71503	3024	3025	2353	3780	1821	4532	1535	5015	1306	5454
71504	2745	2745	2107	3466	1605	4188	1337	4653	1125	5076
71505	1389	1389	948	1914	622	2460	460	2818	339	3150
71506	355	354	152	641	42	971	9	1200	0	1420
71601	1360	1361	924	1881	603	2422	444	2778	325	3107
71602	2790	2791	2147	3518	1640	4245	1369	4712	1154	5138
71703	1094	1094	707	1565	431	2061	298	2391	202	2697
71704	883	882	539	1310	302	1767	193	2073	118	2358
71705	1537	1537	1070	2087	722	2655	547	3027	414	3370
71706	983	983	618	1431	362	1907	241	2225	156	2521
71707	1142	1142	746	1623	461	2127	323	2462	223	2772
71803	2683	2683	2053	3397	1558	4112	1294	4572	1085	4992
71805	2009	2010	1470	2633	1056	3266	841	3678	674	4055
71806	1054	1055	675	1518	406	2007	277	2332	185	2634
71807	10826	10827	9519	12218	8413	13543	7784	14368	7258	15106
71808	1742	1742	1243	2326	865	2923	672	3313	524	3672
71901	5961	5962	5002	7005	4210	8016	3769	8654	3405	9228
71902	1376	1376	937	1899	613	2442	452	2800	333	3130
72000	1564	1564	1093	2119	741	2691	563	3066	428	3411
72105	2799	2799	2154	3527	1646	4255	1375	4723	1159	5149
72106	1871	1872	1352	2474	957	3089	753	3490	595	3858
72107	1369	1369	931	1890	609	2432	448	2789	329	3119
72108	630	630	347	998	163	1401	86	1675	39	1932
72109	945	945	588	1386	339	1855	223	2168	141	2460
72111	325	325	134	601	33	922	5	1146	0	1361
72112	520	520	266	858	110	1234	49	1492	16	1736
72305	1513	1513	1051	2060	706	2624	533	2994	402	3336
72307	749	749	436	1146	226	1576	133	1866	73	2137
72308	1735	1735	1237	2317	860	2914	667	3303	520	3661
72309	760	759	444	1159	232	1591	138	1882	76	2154
72310	2108	2108	1554	2745	1128	3392	906	3811	732	4195
72311	4284	4284	3477	5175	2822	6049	2463	6605	2171	7108
72312	1201	1202	794	1693	499	2208	355	2548	250	2864
72313	508	507	257	842	104	1215	45	1471	14	1713
72405	570	570	303	922	134	1311	65	1576	25	1827
72406	1233	1233	820	1730	519	2250	372	2594	264	2913
72407	2194	2195	1629	2844	1191	3501	962	3926	783	4316
72408	5311	5312	4408	6298	3667	7260	3256	7867	2918	8415
72409	328	327	135	604	33	926	5	1150	0	1366
72410	326	326	134	603	33	924	5	1148	0	1363
72503	650	650	361	1022	173	1430	94	1706	44	1967
72504	2513	2513	1905	3205	1429	3900	1177	4349	978	4759
72505	4496	4497	3668	5408	2995	6301	2625	6868	2323	7380
72506	320	320	130	594	31	913	4	1137	0	1351
72507	3123	3123	2440	3889	1897	4652	1605	5141	1371	5586
72601	865	865	526	1289	292	1742	185	2046	111	2330
72602	1133	1133	738	1612	455	2115	318	2448	219	2758
72603	2576	2576	1959	3276	1476	3979	1220	4432	1017	4845
72800	4567	4567	3732	5485	3053	6385	2679	6955	2374	7471
72901	3322	3322	2617	4112	2053	4895	1749	5396	1504	5851
72903	3147	3147	2461	3917	1916	4682	1622	5172	1387	5618
900202	0	0	0	51	0	169	0	273	0	382
72906	15562	15563	13986	17222	12639	18789	11865	19759	11213	20622
990002	7	7	0	84	0	225	0	343	0	464
73001	1471	1472	1016	2011	678	2569	508	2935	380	3274
73005	476	475	235	801	90	1165	36	1416	9	1654
73006	783	783	462	1188	245	1625	148	1919	83	2194
73108	3200	3200	2508	3975	1957	4746	1660	5240	1422	5688
73110	921	921	570	1357	325	1822	211	2132	132	2422
73111	1438	1438	988	1972	655	2525	488	2888	363	3223
73113	1028	1028	654	1486	389	1970	264	2292	174	2592
73114	428	428	202	738	70	1090	24	1333	3	1564
73115	442	441	211	756	75	1111	27	1357	5	1590
73116	318	318	129	592	30	910	4	1133	0	1346
73117	998	998	630	1450	371	1929	249	2248	162	2545
73118	626	626	344	993	161	1395	85	1668	38	1925
73119	691	691	392	1074	195	1491	109	1773	55	2038
73120	1224	1224	812	1720	513	2238	367	2581	260	2899
73121	2418	2419	1823	3098	1358	3783	1113	4225	919	4629
73122	2726	2726	2091	3445	1591	4164	1324	4628	1112	5050
73123	1117	1117	725	1592	445	2092	310	2424	212	2732
73124	1013	1013	643	1468	381	1950	256	2271	168	2570
73125	1781	1781	1276	2370	892	2973	696	3366	545	3728
73126	390	390	176	688	55	1028	15	1265	1	1490
73200	2405	2406	1811	3083	1348	3766	1104	4207	911	4610
73301	11050	11050	9728	12455	8610	13793	7974	14626	7441	15369
73302	1823	1824	1312	2419	923	3028	723	3425	569	3789
73404	3251	3252	2554	4033	1998	4809	1697	5306	1456	5757
73405	3964	3965	3190	4823	2564	5668	2223	6207	1945	6694
73406	3268	3269	2569	4052	2011	4830	1710	5328	1468	5780
73407	5498	5498	4578	6502	3822	7478	3402	8094	3057	8650
73408	1209	1209	800	1701	503	2217	359	2559	253	2875
73500	1961	1961	1428	2577	1021	3204	810	3612	646	3986
80101	357	356	154	644	43	974	9	1204	0	1424
80102	1819	1820	1308	2415	920	3023	720	3419	566	3784
80200	2328	2328	1744	2996	1291	3669	1052	4105	864	4503
80300	4070	4070	3284	4939	2649	5794	2301	6338	2019	6831
80400	1074	1074	691	1541	418	2033	287	2361	194	2665
80500	5072	5072	4190	6038	3468	6979	3069	7575	2742	8113
80600	1766	1766	1263	2353	882	2953	686	3345	536	3706
80700	1213	1213	803	1706	506	2223	361	2565	255	2881
80800	568	568	301	920	133	1308	64	1573	25	1823
80900	5228	5229	4333	6208	3598	7163	3191	7766	2857	8311
81000	1868	1868	1350	2471	955	3086	751	3486	594	3854
81100	3006	3007	2337	3759	1807	4510	1522	4991	1294	5429
81200	1011	1011	641	1466	379	1947	255	2268	168	2566
81400	13424	13425	11964	14969	10720	16432	10009	17341	9411	18149
90101	1930	1930	1402	2542	999	3165	790	3570	629	3943
90102	2498	2498	1891	3188	1418	3881	1167	4329	968	4738
90201	1977	1977	1442	2596	1033	3225	820	3634	656	4009
90202	1525	1526	1061	2074	715	2640	540	3011	408	3354
90300	4595	4596	3758	5516	3076	6418	2701	6990	2394	7507
90400	1404	1405	960	1932	632	2480	469	2840	347	3173
90501	4342	4343	3530	5239	2870	6119	2508	6678	2213	7183
90502	2341	2342	1756	3011	1300	3686	1061	4123	872	4522
90700	1304	1305	878	1815	566	2347	412	2697	298	3022
90800	1726	1726	1229	2307	854	2902	662	3291	515	3648
90900	6345	6346	5354	7421	4534	8461	4075	9116	3697	9705
91000	1531	1531	1065	2080	718	2647	543	3019	411	3361
91100	2539	2539	1928	3235	1449	3933	1195	4384	994	4795
91201	9365	9366	8152	10662	7132	11903	6554	12677	6071	13370
91203	766	766	449	1167	236	1600	140	1891	78	2165
91204	2227	2227	1657	2881	1215	3542	984	3970	803	4362
91301	621	621	340	986	159	1387	83	1660	37	1916
91302	2324	2324	1741	2991	1288	3664	1049	4100	862	4498
91400	362	362	157	651	45	983	10	1214	0	1435
91500	715	715	411	1104	208	1527	119	1812	62	2080
91600	1811	1812	1301	2405	914	3012	715	3408	562	3772
91700	892	892	546	1321	308	1780	197	2087	121	2373
91800	1701	1702	1209	2279	837	2870	647	3257	501	3613
91900	1063	1063	682	1527	411	2018	281	2344	189	2647
92000	628	628	345	995	162	1398	85	1671	39	1929
92100	4483	4483	3657	5393	2984	6285	2615	6852	2313	7363
92200	3068	3068	2392	3828	1855	4585	1566	5071	1335	5512
92300	3593	3594	2858	4413	2268	5223	1947	5740	1688	6209
92400	1372	1372	933	1894	611	2437	450	2794	331	3124
92500	2664	2664	2036	3375	1543	4088	1281	4547	1073	4966
92600	741	741	430	1136	222	1564	130	1853	70	2123
92701	706	706	404	1093	203	1513	116	1797	60	2064
92704	641	641	355	1012	169	1418	90	1693	42	1952
92801	1463	1464	1009	2002	672	2558	503	2924	376	3261
92802	534	534	277	876	116	1256	53	1516	18	1762
92803	235	235	78	475	9	764	0	970	0	1168
92901	977	976	613	1424	358	1899	238	2216	154	2511
92902	899	899	552	1330	312	1790	201	2098	124	2385
940000	263	263	95	515	15	815	0	1026	0	1230
940001	7691	7691	6595	8870	5681	10004	5166	10715	4739	11353
940002	13892	13893	12406	15463	11139	16950	10413	17872	9803	18693
940003	2968	2968	2303	3716	1777	4463	1494	4942	1269	5378
940004	1551	1551	1082	2104	732	2674	555	3047	421	3392
940005	908	908	559	1341	317	1803	205	2112	127	2400
940006	698	698	397	1083	199	1501	112	1784	57	2050
940007	2696	2697	2065	3412	1568	4128	1304	4589	1094	5010
940008	544	544	283	888	121	1270	56	1532	20	1779
940009	2681	2681	2051	3395	1557	4109	1293	4569	1084	4989
940010	3753	3754	3001	4590	2395	5415	2065	5942	1798	6419
940011	490	490	245	819	96	1188	40	1441	11	1680
940100	1943	1944	1414	2557	1009	3182	799	3588	636	3961
