tract10_id mean median lower_50 upper_50 lower_80 upper_80 lower_90 upper_90 lower_95 upper_95
100	7047	7047	5869	8332	4900	9581	4363	10371	3921	11082
200	8563	8564	7259	9974	6177	11337	5572	12195	5071	12965
300	2737	2737	2023	3558	1472	4390	1185	4929	960	5423
401	6032	6033	4947	7226	4061	8392	3573	9132	3174	9800
402	4722	4722	3767	5784	3000	6832	2583	7501	2246	8108
500	4229	4230	3329	5237	2610	6236	2222	6876	1910	7458
600	8704	8705	7389	10127	6297	11500	5686	12363	5180	13139
700	4888	4888	3916	5967	3133	7032	2706	7710	2361	8325
800	2827	2827	2101	3661	1539	4504	1244	5050	1014	5550
900	2341	2341	1685	3104	1186	3884	930	4393	732	4860
1000	2078	2079	1463	2801	1002	3544	767	4030	589	4478
1100	2691	2691	1983	3505	1439	4331	1154	4867	933	5358
1200	8579	8580	7274	9992	6191	11356	5585	12214	5083	12985
1300	4468	4469	3542	5503	2799	6526	2396	7181	2072	7774
1400	5460	5460	4430	6597	3594	7714	3136	8424	2763	9066
1500	2744	2744	2029	3566	1478	4398	1189	4938	964	5433
1600	4530	4531	3597	5572	2848	6601	2442	7259	2114	7856
1701	3639	3640	2808	4578	2152	5515	1801	6118	1521	6667
1702	4385	4386	3468	5410	2733	6426	2336	7075	2015	7665
1800	4565	4566	3628	5610	2876	6644	2468	7304	2138	7902
1900	5196	5197	4193	6308	3381	7400	2937	8096	2576	8726
2000	3801	3802	2951	4760	2277	5715	1915	6328	1626	6886
2100	4214	4215	3315	5220	2598	6218	2211	6857	1900	7438
2200	6331	6331	5217	7552	4307	8743	3804	9498	3392	10179
2400	3816	3817	2964	4776	2288	5733	1926	6347	1636	6906
2500	2744	2744	2029	3566	1478	4398	1189	4938	964	5433
2600	5070	5071	4079	6169	3279	7250	2842	7938	2488	8562
2700	5538	5538	4500	6683	3657	7807	3195	8521	2818	9167
2800	4781	4781	3820	5849	3047	6903	2627	7575	2286	8185
2900	4563	4564	3626	5608	2874	6641	2466	7301	2137	7900
3000	5968	5969	4889	7155	4009	8317	3524	9053	3128	9718
3100	6544	6545	5411	7784	4483	8994	3969	9759	3548	10449
3200	8440	8441	7146	9841	6073	11196	5473	12048	4976	12813
3300	6730	6731	5580	7987	4637	9212	4115	9986	3686	10684
3400	3715	3716	2875	4663	2210	5609	1854	6217	1570	6770
3500	4202	4202	3305	5207	2589	6204	2202	6842	1892	7422
3600	6058	6059	4970	7254	4083	8423	3593	9164	3193	9833
3800	2084	2085	1468	2808	1006	3552	771	4038	592	4487
3900	2925	2925	2185	3772	1611	4627	1310	5181	1073	5687
4000	3048	3049	2292	3912	1703	4782	1393	5344	1148	5858
4100	8224	8224	6947	9608	5890	10946	5299	11789	4810	12547
4200	8078	8078	6813	9450	5766	10778	5181	11614	4699	12366
4301	3032	3033	2278	3894	1691	4762	1382	5323	1138	5836
4302	1541	1542	1019	2171	641	2830	456	3266	322	3671
4400	5749	5750	4691	6915	3829	8057	3356	8783	2970	9438
4500	2494	2495	1815	3281	1296	4081	1027	4602	819	5079
4600	3293	3293	2505	4188	1887	5087	1559	5666	1300	6195
4700	6975	6976	5804	8254	4841	9498	4307	10284	3868	10993
4800	4842	4842	3875	5916	3096	6976	2672	7652	2329	8265
4900	7060	7060	5881	8346	4911	9596	4373	10386	3930	11098
5000	3754	3755	2909	4707	2240	5657	1882	6267	1596	6823
5100	3813	3814	2961	4773	2286	5729	1924	6343	1634	6902
5200	6586	6587	5449	7830	4518	9043	4002	9810	3579	10502
5301	5689	5690	4636	6849	3780	7986	3310	8708	2927	9361
5302	426	426	177	782	45	1195	8	1484	0	1761
5400	5308	5309	4293	6431	3471	7534	3021	8236	2656	8871
5600	7690	7691	6458	9030	5440	10330	4872	11149	4405	11886
5700	6893	6894	5729	8165	4773	9403	4242	10185	3807	10890
5801	5304	5305	4290	6427	3468	7529	3018	8231	2653	8866
5802	5325	5326	4309	6450	3485	7554	3034	8257	2668	8893
5900	6117	6118	5024	7319	4131	8492	3639	9237	3236	9908
6000	5601	5601	4557	6752	3709	7882	3243	8599	2863	9248
6100	5662	5662	4612	6820	3758	7954	3289	8675	2907	9326
6200	4185	4185	3290	5188	2576	6183	2190	6820	1880	7399
6300	6490	6491	5362	7725	4438	8930	3927	9693	3508	10381
6400	3363	3363	2566	4267	1940	5174	1608	5758	1344	6291
6500	5274	5275	4263	6394	3444	7494	2996	8194	2631	8827
6600	4946	4947	3968	6031	3180	7101	2749	7783	2401	8401
6700	8642	8643	7332	10060	6245	11428	5636	12289	5132	13062
6800	3163	3164	2392	4042	1790	4926	1471	5496	1219	6017
6900	4362	4363	3447	5385	2715	6398	2319	7046	2000	7634
7000	8975	8976	7639	10419	6528	11811	5905	12686	5389	13471
7100	3821	3822	2968	4782	2292	5739	1929	6354	1639	6913
7200	11447	11448	9931	13070	8658	14624	7938	15596	7338	16465
7300	9982	9983	8571	11502	7391	12962	6727	13878	6176	14699
7401	5380	5380	4357	6509	3529	7619	3075	8324	2706	8963
7402	6314	6314	5202	7533	4293	8723	3790	9477	3379	10158
7500	7515	7516	6297	8841	5292	10126	4733	10937	4272	11668
7600	3799	3800	2949	4757	2275	5712	1914	6325	1625	6883
7700	4822	4822	3857	5894	3080	6952	2657	7627	2315	8239
7800	6045	6046	4959	7240	4072	8408	3583	9148	3184	9817
7900	6173	6173	5074	7379	4176	8557	3681	9304	3276	9979
8001	8411	8412	7119	9810	6048	11162	5449	12013	4954	12778
8002	3916	3916	3051	4887	2365	5855	1996	6475	1701	7039
8100	7857	7858	6611	9212	5580	10523	5005	11350	4531	12093
8200	7709	7710	6475	9051	5456	10352	4887	11171	4419	11909
8300	5223	5224	4217	6337	3403	7433	2957	8130	2595	8761
8400	6957	6958	5788	8235	4826	9477	4293	10262	3854	10970
8500	7198	7198	6007	8496	5027	9757	4482	10554	4034	11271
8600	3692	3693	2855	4637	2192	5581	1838	6187	1555	6739
8700	4176	4176	3282	5178	2569	6172	2184	6809	1874	7387
8800	3623	3624	2794	4560	2139	5496	1789	6097	1510	6645
8900	5162	5163	4162	6270	3353	7360	2911	8054	2552	8682
9000	3069	3070	2310	3936	1719	4808	1407	5372	1161	5887
9100	3282	3282	2495	4176	1879	5073	1552	5652	1293	6180
9200	2756	2756	2039	3580	1486	4414	1197	4954	971	5450
9300	3567	3568	2745	4497	2096	5427	1750	6024	1474	6569
9400	6065	6066	4977	7262	4088	8431	3599	9173	3198	9842
9500	6542	6543	5409	7782	4481	8991	3968	9757	3547	10447
9600	6183	6183	5083	7390	4185	8569	3689	9316	3283	9991
9701	6367	6367	5250	7591	4336	8786	3831	9542	3418	10225
9702	5686	5687	4634	6846	3778	7983	3308	8705	2924	9357
9800	6906	6907	5741	8179	4784	9418	4253	10200	3816	10906
9900	7135	7135	5949	8427	4974	9684	4432	10477	3987	11192
10001	3851	3852	2995	4816	2315	5776	1951	6392	1659	6953
10002	4402	4403	3483	5429	2747	6446	2348	7097	2027	7687
10100	6697	6698	5550	7951	4610	9173	4089	9946	3661	10643
10200	5213	5214	4208	6326	3395	7421	2950	8117	2588	8748
10300	6196	6196	5095	7404	4195	8584	3699	9332	3293	10008
10401	5464	5464	4433	6602	3597	7719	3139	8429	2766	9071
10402	4640	4640	3694	5693	2935	6733	2522	7397	2189	8000
10500	6658	6659	5515	7909	4577	9127	4058	9898	3632	10593
10600	8382	8383	7093	9779	6024	11129	5426	11978	4932	12742
10701	3420	3420	2616	4331	1984	5245	1647	5833	1380	6369
10702	2725	2725	2013	3544	1464	4374	1177	4913	953	5406
10800	5096	5097	4103	6197	3300	7281	2862	7971	2506	8596
10900	1505	1505	990	2128	618	2781	437	3214	305	3615
11001	3782	3783	2934	4738	2262	5691	1902	6303	1614	6860
11002	4024	4024	3147	5008	2449	5987	2074	6614	1773	7184
11101	4698	4698	3746	5757	2981	6803	2565	7471	2229	8076
11102	4489	4490	3560	5526	2816	6552	2412	7207	2086	7802
11200	3738	3739	2895	4689	2228	5637	1870	6246	1585	6801
11300	6822	6823	5664	8088	4714	9319	4187	10098	3754	10800
11401	4376	4377	3460	5400	2726	6415	2329	7064	2009	7653
11402	4396	4397	3477	5423	2742	6439	2344	7089	2023	7679
11500	4535	4536	3601	5577	2852	6607	2446	7266	2118	7863
11600	7168	7168	5979	8463	5001	9722	4458	10517	4011	11234
11700	6043	6044	4957	7238	4070	8405	3582	9145	3182	9814
11800	7708	7709	6474	9050	5455	10350	4886	11170	4418	11908
11900	7372	7373	6166	8685	5172	9960	4619	10765	4164	11489
12000	3735	3736	2893	4686	2226	5634	1868	6243	1583	6797
12100	3107	3108	2343	3979	1747	4856	1433	5422	1184	5940
20100	3996	3996	3122	4977	2428	5952	2054	6578	1754	7147
20200	6065	6066	4977	7262	4088	8431	3599	9173	3198	9842
20300	9729	9730	8336	11230	7173	12674	6520	13579	5977	14391
20401	7866	7867	6619	9221	5588	10534	5013	11360	4538	12104
20402	7513	7514	6295	8838	5291	10124	4731	10935	4271	11665
20500	12889	12890	11277	14608	9918	16249	9146	17272	8501	18186
20600	5283	5284	4271	6404	3451	7504	3002	8205	2638	8839
20700	6262	6262	5155	7476	4250	8662	3750	9414	3341	10092
20800	5626	5626	4579	6780	3729	7911	3262	8630	2881	9280
20900	10027	10028	8612	11550	7430	13014	6764	13931	6211	14754
21000	12894	12895	11282	14614	9922	16254	9151	17278	8505	18192
21100	8305	8306	7022	9695	5958	11040	5364	11886	4873	12647
21300	4805	4805	3842	5875	3067	6932	2644	7606	2303	8216
21400	4956	4957	3977	6043	3188	7113	2757	7795	2408	8414
21500	5929	5930	4853	7113	3977	8270	3494	9005	3100	9669
21600	8070	8070	6806	9441	5759	10769	5175	11604	4693	12356
21700	16350	16351	14528	18279	12979	20109	12094	21246	11350	22259
21802	8601	8602	7294	10015	6210	11381	5602	12240	5100	13012
21803	5814	5815	4749	6986	3882	8134	3406	8863	3017	9521
21804	5095	5096	4102	6196	3299	7280	2861	7970	2505	8595
21903	7578	7579	6355	8909	5345	10200	4783	11013	4320	11746
21904	6545	6546	5412	7786	4484	8995	3970	9760	3549	10451
21905	6092	6093	5001	7291	4111	8463	3619	9206	3218	9877
21906	6092	6093	5001	7291	4111	8463	3619	9206	3218	9877
22001	5917	5918	4843	7099	3967	8256	3485	8990	3091	9653
22003	6071	6072	4982	7268	4093	8438	3603	9180	3203	9850
22005	4998	4999	4015	6089	3221	7164	2788	7848	2437	8468
22006	4091	4091	3206	5083	2502	6068	2122	6700	1818	7274
22101	6865	6866	5704	8135	4749	9370	4220	10151	3786	10854
22102	9482	9483	8107	10964	6961	12391	6317	13287	5783	14090
22201	4967	4968	3987	6055	3196	7126	2765	7809	2416	8428
22202	9145	9145	7796	10601	6673	12005	6043	12887	5521	13678
22203	7359	7360	6154	8671	5161	9945	4609	10749	4155	11473
22300	5402	5402	4377	6534	3547	7645	3092	8352	2722	8991
22400	10004	10005	8591	11526	7410	12988	6745	13904	6193	14726
22500	8590	8591	7284	10004	6200	11369	5594	12227	5092	12998
22603	6327	6327	5214	7547	4303	8739	3800	9493	3389	10174
22604	5852	5853	4784	7028	3914	8179	3435	8910	3044	9570
22605	8594	8595	7288	10008	6204	11373	5597	12232	5095	13003
22606	7030	7031	5854	8314	4887	9563	4350	10351	3909	11062
22701	3404	3404	2602	4313	1971	5225	1636	5812	1370	6347
22702	4067	4067	3185	5056	2483	6039	2105	6669	1801	7242
22703	2880	2880	2146	3721	1578	4570	1280	5121	1046	5624
22801	8428	8429	7135	9828	6063	11182	5463	12033	4967	12799
22802	6042	6043	4956	7236	4069	8404	3581	9144	3182	9813
22803	8185	8185	6911	9566	5857	10901	5267	11742	4781	12498
22901	3600	3601	2774	4534	2122	5467	1773	6067	1496	6614
22902	7495	7496	6279	8819	5276	10103	4717	10913	4257	11643
23000	5891	5892	4819	7071	3946	8226	3465	8958	3072	9620
23100	4134	4134	3244	5131	2536	6121	2153	6755	1846	7331
23201	6132	6133	5037	7335	4143	8510	3650	9255	3247	9928
23202	5328	5329	4311	6453	3488	7558	3036	8261	2670	8897
23300	6965	6966	5795	8244	4833	9487	4299	10272	3860	10980
23401	4940	4941	3963	6025	3175	7094	2745	7775	2397	8393
23403	4437	4438	3514	5468	2774	6489	2374	7141	2051	7734
23404	3904	3904	3041	4874	2356	5840	1988	6460	1693	7023
23500	4040	4040	3161	5026	2462	6006	2085	6634	1784	7206
23601	4926	4927	3950	6009	3163	7077	2734	7758	2387	8375
23603	6293	6293	5183	7510	4275	8699	3774	9452	3364	10131
23604	6540	6541	5407	7780	4480	8989	3966	9754	3545	10444
23700	6243	6243	5137	7455	4234	8640	3735	9390	3327	10068
23801	3544	3544	2724	4471	2079	5398	1734	5995	1460	6538
23803	9426	9427	8055	10904	6913	12327	6272	13220	5740	14022
23804	12472	12473	10887	14164	9552	15780	8795	16788	8163	17690
23900	7795	7796	6554	9144	5528	10451	4956	11275	4484	12016
24000	8660	8661	7349	10079	6260	11449	5650	12311	5146	13084
24100	5062	5063	4072	6160	3273	7240	2836	7928	2482	8552
24200	3546	3546	2726	4473	2080	5401	1735	5997	1461	6541
24300	8290	8291	7008	9679	5946	11023	5352	11868	4861	12628
24400	1865	1865	1285	2552	855	3263	640	3731	478	4162
24500	5731	5732	4674	6895	3815	8036	3342	8760	2957	9415
24601	5111	5112	4116	6214	3312	7299	2873	7990	2517	8616
24602	4067	4067	3185	5056	2483	6039	2105	6669	1801	7242
24701	4507	4508	3576	5546	2830	6574	2425	7230	2099	7826
24702	10322	10323	8885	11866	7683	13349	7006	14278	6443	15110
24800	7116	7116	5932	8407	4958	9662	4417	10454	3972	11169
24901	6106	6107	5014	7307	4122	8480	3630	9223	3228	9894
24902	4211	4211	3313	5217	2596	6215	2209	6853	1898	7434
24903	7611	7612	6385	8945	5373	10238	4809	11053	4345	11787
25001	6093	6094	5002	7292	4111	8464	3620	9207	3219	9878
25003	8204	8204	6929	9586	5873	10923	5283	11765	4795	12522
25005	5699	5700	4645	6860	3788	7998	3318	8721	2934	9374
25006	7484	7485	6269	8807	5266	10090	4708	10900	4249	11629
25101	8319	8320	7035	9711	5970	11056	5375	11903	4883	12664
25102	9698	9699	8307	11197	7147	12638	6494	13543	5952	14354
25200	10000	10001	8587	11521	7407	12983	6742	13899	6190	14721
25301	6765	6766	5612	8026	4666	9253	4142	10029	3712	10728
25302	4119	4119	3231	5114	2524	6103	2142	6736	1836	7311
25400	7700	7701	6467	9041	5448	10341	4880	11161	4412	11898
25500	5410	5410	4384	6542	3553	7655	3098	8362	2727	9002
25601	5579	5579	4537	6728	3691	7856	3226	8572	2848	9220
25602	8041	8041	6779	9410	5735	10735	5152	11570	4671	12320
25701	9502	9503	8126	10986	6979	12414	6334	13310	5799	14115
25702	4893	4893	3921	5973	3137	7038	2710	7716	2364	8331
25803	5621	5621	4575	6774	3725	7906	3258	8624	2878	9274
25804	5117	5118	4122	6220	3317	7306	2877	7997	2521	8623
25805	6404	6404	5284	7632	4367	8829	3860	9588	3445	10272
25806	6760	6761	5608	8020	4662	9247	4138	10023	3708	10722
26001	6928	6929	5761	8203	4802	9443	4270	10227	3833	10934
26002	8564	8565	7260	9975	6178	11339	5573	12196	5072	12966
26100	12065	12066	10508	13730	9197	15322	8455	16316	7835	17205
26200	8547	8548	7245	9957	6164	11319	5559	12176	5058	12945
26300	2616	2617	1920	3421	1385	4237	1106	4767	889	5253
26400	7525	7526	6306	8851	5301	10138	4741	10949	4280	11680
26500	6506	6507	5376	7743	4451	8949	3940	9713	3520	10401
26600	2884	2884	2150	3726	1581	4576	1282	5126	1048	5629
26700	6406	6406	5285	7634	4369	8832	3862	9590	3447	10275
26801	5259	5260	4249	6377	3432	7476	2984	8175	2621	8808
26802	6052	6053	4965	7247	4078	8416	3588	9157	3189	9826
27000	5393	5393	4369	6524	3539	7634	3085	8341	2715	8980
27100	4569	4570	3632	5615	2879	6649	2471	7309	2141	7908
27200	3465	3465	2655	4382	2018	5300	1679	5891	1409	6430
27300	6625	6626	5485	7873	4550	9089	4032	9858	3608	10552
27400	6395	6395	5275	7622	4360	8819	3853	9577	3439	10261
27500	5167	5168	4167	6276	3357	7366	2915	8060	2556	8688
27600	4300	4301	3392	5316	2666	6323	2274	6967	1958	7552
27701	5877	5878	4806	7056	3934	8209	3454	8941	3062	9602
27702	5318	5319	4302	6442	3479	7546	3029	8248	2663	8884
27800	4057	4057	3176	5045	2475	6027	2098	6656	1795	7228
27900	7741	7742	6504	9086	5482	10389	4913	11210	4443	11949
28000	3579	3580	2755	4510	2105	5441	1758	6040	1482	6586
28100	3563	3563	2741	4492	2093	5422	1747	6019	1472	6564
28200	6335	6335	5221	7556	4310	8748	3807	9503	3395	10184
28300	7506	7507	6289	8831	5285	10116	4726	10927	4265	11656
28402	5552	5552	4513	6699	3669	7824	3206	8538	2828	9185
28403	5779	5780	4718	6948	3854	8093	3379	8820	2991	9476
28500	5676	5677	4625	6835	3770	7971	3300	8692	2917	9344
28600	7589	7590	6365	8921	5355	10212	4792	11027	4328	11760
28700	6286	6286	5176	7502	4269	8690	3769	9443	3359	10122
28801	2925	2925	2185	3772	1611	4627	1310	5181	1073	5687
28802	9076	9076	7732	10527	6614	11926	5987	12805	5467	13594
28901	4046	4046	3166	5033	2467	6014	2090	6642	1788	7214
28902	7161	7161	5973	8456	4996	9714	4453	10509	4006	11225
29001	4743	4743	3786	5807	3017	6857	2598	7527	2260	8135
29003	6357	6357	5241	7580	4328	8774	3824	9530	3411	10212
29004	3426	3426	2621	4338	1988	5252	1651	5841	1384	6377
29101	3209	3210	2432	4094	1824	4983	1502	5557	1248	6081
29102	4819	4819	3854	5891	3078	6949	2655	7623	2313	8235
29203	3416	3416	2612	4327	1981	5240	1644	5827	1378	6364
29204	11726	11727	10191	13368	8901	14940	8171	15921	7562	16800
29205	5606	5606	4561	6758	3713	7888	3247	8605	2867	9254
29206	4754	4754	3796	5819	3026	6870	2607	7541	2268	8149
29303	8689	8690	7376	10110	6285	11483	5674	12345	5168	13120
29304	8746	8747	7428	10172	6333	11548	5720	12413	5212	13190
29305	6628	6629	5488	7876	4552	9092	4035	9862	3610	10556
29306	5598	5598	4554	6749	3706	7878	3241	8595	2861	9244
29307	5307	5308	4293	6430	3471	7533	3021	8235	2655	8870
29403	7113	7113	5929	8404	4956	9658	4415	10451	3970	11165
29405	7149	7149	5962	8443	4986	9700	4443	10494	3997	11210
29406	6295	6295	5185	7512	4277	8701	3776	9454	3365	10134
29407	5008	5009	4024	6100	3229	7175	2796	7861	2444	8481
29408	4669	4669	3720	5725	2958	6768	2544	7434	2209	8038
29502	9189	9189	7836	10649	6710	12056	6079	12939	5555	13732
29503	8597	8598	7291	10011	6206	11377	5599	12235	5097	13007
29504	6380	6380	5262	7605	4347	8801	3842	9558	3428	10242
29601	9046	9046	7704	10495	6588	11892	5962	12769	5444	13557
29602	8720	8721	7404	10144	6311	11518	5699	12382	5192	13158
29700	9067	9067	7724	10517	6606	11916	5979	12794	5460	13583
29801	9059	9059	7716	10509	6599	11907	5973	12785	5454	13573
29802	10760	10761	9292	12336	8062	13847	7368	14792	6790	15640
29901	7504	7505	6287	8829	5283	10114	4724	10924	4264	11654
29902	8741	8742	7424	10167	6329	11542	5716	12407	5208	13184
30003	8512	8513	7212	9919	6134	11279	5531	12134	5032	12902
30004	8184	8184	6910	9565	5856	10900	5267	11741	4780	12497
30005	6447	6447	5323	7678	4403	8880	3894	9640	3477	10327
30006	5015	5016	4030	6108	3235	7184	2801	7869	2449	8491
30100	9202	9202	7848	10663	6722	12071	6089	12955	5565	13748
30201	6143	6144	5047	7347	4152	8523	3659	9269	3255	9942
30202	7870	7871	6623	9226	5591	10538	5016	11365	4541	12109
30304	5653	5653	4604	6810	3751	7943	3282	8664	2901	9315
30305	6510	6511	5380	7747	4455	8954	3943	9717	3523	10406
30306	6621	6622	5481	7868	4547	9084	4029	9853	3605	10547
30308	6842	6843	5683	8110	4730	9343	4202	10123	3769	10825
30309	6291	6291	5181	7508	4274	8696	3772	9449	3362	10129
30310	6897	6898	5733	8169	4776	9407	4245	10190	3810	10895
30311	4833	4833	3867	5906	3089	6965	2665	7641	2322	8253
30312	5860	5861	4791	7037	3920	8189	3441	8920	3050	9580
30313	5541	5541	4503	6687	3660	7810	3197	8525	2821	9171
30314	4599	4599	3658	5647	2902	6684	2492	7345	2161	7946
30401	13264	13265	11629	15008	10248	16670	9463	17706	8807	18632
30403	6177	6177	5077	7383	4180	8562	3684	9309	3279	9984
30404	9284	9285	7924	10751	6792	12165	6156	13052	5629	13849
30501	2046	2047	1437	2764	979	3502	748	3985	572	4431
30503	5775	5776	4714	6944	3851	8088	3376	8815	2988	9471
30504	4916	4917	3941	5998	3155	7065	2727	7745	2380	8361
30600	5889	5890	4817	7069	3944	8223	3463	8956	3071	9617
30700	3835	3836	2981	4798	2303	5756	1939	6372	1649	6932
30801	7310	7310	6109	8618	5120	9888	4570	10690	4118	11411
30802	4088	4088	3204	5080	2500	6065	2120	6696	1815	7270
30901	3843	3844	2988	4807	2309	5766	1945	6382	1654	6943
30902	5980	5981	4900	7169	4018	8331	3533	9068	3137	9734
31000	8039	8039	6777	9408	5733	10733	5150	11567	4669	12318
31100	8188	8188	6914	9569	5859	10905	5270	11746	4783	12502
31202	7048	7048	5870	8333	4901	9582	4363	10372	3922	11083
31204	8026	8026	6765	9394	5722	10718	5140	11552	4659	12302
31205	11529	11530	10008	13158	8729	14717	8007	15691	7404	16564
31206	5865	5866	4795	7042	3924	8195	3445	8926	3053	9587
31301	5845	5846	4777	7020	3908	8171	3429	8901	3039	9561
31302	5898	5899	4825	7079	3951	8234	3470	8967	3077	9629
31400	7198	7198	6007	8496	5027	9757	4482	10554	4034	11271
31501	5378	5378	4356	6507	3527	7616	3073	8322	2704	8960
31502	6922	6923	5756	8197	4797	9436	4265	10220	3828	10926
31601	5355	5355	4335	6482	3509	7589	3056	8293	2688	8931
31603	15889	15890	14094	17792	12569	19598	11699	20720	10967	21721
31604	6599	6600	5461	7844	4528	9058	4012	9826	3589	10519
31605	6417	6417	5295	7646	4378	8845	3870	9604	3455	10288
31703	9760	9761	8365	11263	7200	12709	6545	13616	6001	14429
31704	8374	8375	7085	9770	6017	11120	5419	11969	4925	12732
31705	4259	4260	3355	5270	2634	6273	2244	6915	1930	7498
31706	5222	5223	4216	6336	3402	7432	2956	8129	2595	8760
31800	7166	7166	5978	8461	5000	9720	4457	10515	4010	11231
31903	9244	9245	7887	10708	6757	12119	6123	13005	5598	13800
31904	4798	4798	3835	5868	3061	6923	2639	7597	2298	8207
31906	5962	5963	4883	7149	4004	8309	3519	9046	3124	9711
31907	8570	8571	7266	9982	6183	11346	5577	12203	5076	12974
31908	4251	4252	3348	5261	2628	6263	2238	6904	1925	7487
31909	4297	4298	3389	5313	2664	6319	2271	6963	1956	7548
32002	4981	4982	3999	6070	3208	7143	2776	7827	2425	8446
32003	7531	7532	6312	8858	5306	10145	4746	10957	4284	11688
32005	7779	7780	6539	9127	5514	10433	4943	11256	4472	11996
32006	5383	5383	4360	6513	3531	7622	3077	8328	2708	8967
32007	4884	4884	3913	5963	3130	7027	2703	7705	2358	8320
32008	5432	5432	4404	6567	3571	7681	3114	8389	2743	9030
32010	5424	5424	4397	6558	3565	7671	3108	8379	2737	9020
32011	4869	4869	3899	5946	3118	7009	2692	7686	2347	8300
32102	6404	6404	5284	7632	4367	8829	3860	9588	3445	10272
32103	5298	5299	4284	6420	3463	7522	3014	8223	2648	8858
32104	8457	8458	7162	9860	6087	11215	5486	12068	4989	12834
32203	11778	11779	10240	13424	8947	14998	8214	15982	7604	16862
32207	4693	4693	3742	5751	2977	6797	2561	7464	2226	8069
32208	10539	10540	9087	12099	7871	13596	7185	14533	6615	15373
32210	15102	15103	13353	16958	11870	18722	11024	19820	10315	20798
32211	5628	5628	4581	6782	3731	7914	3263	8633	2883	9283
32212	8745	8746	7427	10171	6332	11547	5719	12412	5211	13189
32213	5040	5041	4052	6135	3255	7214	2820	7901	2467	8523
32214	7673	7674	6442	9012	5425	10310	4859	11128	4392	11864
32215	9783	9784	8386	11288	7220	12735	6564	13643	6019	14457
32307	7254	7254	6058	8557	5073	9823	4526	10622	4076	11341
32309	5690	5691	4637	6850	3781	7987	3311	8709	2927	9362
32311	6972	6973	5801	8251	4839	9495	4304	10281	3866	10989
32313	6589	6590	5452	7834	4520	9047	4004	9814	3581	10506
32315	6970	6971	5799	8249	4837	9493	4303	10278	3864	10986
32316	7162	7162	5974	8457	4996	9715	4453	10510	4007	11226
32317	6673	6674	5529	7925	4590	9145	4070	9917	3644	10612
32318	6778	6779	5624	8040	4677	9268	4152	10045	3721	10745
32319	8391	8392	7101	9788	6031	11139	5433	11989	4939	12753
32320	6576	6577	5440	7819	4509	9031	3994	9798	3572	10490
32321	8392	8393	7102	9790	6032	11140	5434	11990	4939	12754
32322	5016	5017	4031	6109	3236	7185	2802	7871	2450	8492
32323	6453	6453	5328	7685	4407	8887	3898	9648	3481	10334
32324	5964	5965	4885	7151	4005	8312	3521	9048	3125	9713
32325	7353	7354	6149	8665	5156	9938	4604	10742	4150	11465
32326	4151	4151	3260	5150	2549	6142	2165	6777	1858	7354
32327	4959	4960	3980	6046	3190	7117	2759	7799	2410	8418
32328	3648	3649	2816	4588	2158	5527	1807	6130	1527	6679
32329	9068	9068	7724	10518	6607	11917	5980	12795	5461	13584
32401	8042	8042	6780	9411	5736	10736	5153	11571	4671	12321
32402	8378	8379	7089	9774	6020	11124	5423	11974	4929	12737
32500	9236	9237	7880	10699	6751	12110	6117	12995	5591	13790
32601	3567	3568	2745	4497	2096	5427	1750	6024	1474	6569
32602	12411	12411	10830	14099	9499	15711	8744	16717	8114	17617
32702	8759	8760	7440	10186	6344	11563	5730	12429	5222	13206
32703	2593	2594	1900	3394	1368	4208	1091	4736	876	5220
32704	9944	9945	8535	11461	7358	12919	6696	13833	6146	14653
32800	6369	6369	5252	7593	4338	8788	3833	9545	3420	10228
40100	4915	4916	3940	5997	3155	7064	2726	7744	2379	8360
40200	6247	6247	5141	7460	4237	8645	3738	9395	3330	10073
40300	3209	3210	2432	4094	1824	4983	1502	5557	1248	6081
40400	7681	7682	6449	9021	5432	10319	4865	11138	4398	11874
40500	2715	2715	2004	3533	1456	4362	1170	4899	947	5392
40700	7309	7309	6108	8617	5120	9887	4570	10688	4117	11410
40800	5235	5236	4228	6351	3412	7447	2966	8145	2604	8777
40900	5035	5036	4048	6130	3251	7208	2816	7895	2463	8517
41000	9185	9185	7833	10644	6707	12051	6075	12934	5552	13727
41100	6043	6044	4957	7238	4070	8405	3582	9145	3182	9814
41201	4264	4265	3360	5276	2638	6279	2247	6921	1934	7504
41202	6872	6873	5710	8142	4755	9378	4226	10159	3791	10863
41301	6888	6889	5725	8160	4769	9397	4238	10179	3803	10883
41303	5981	5982	4901	7170	4019	8332	3534	9069	3137	9735
41304	3572	3573	2749	4503	2100	5433	1753	6031	1478	6576
41400	7384	7385	6177	8698	5182	9974	4629	10779	4173	11504
41500	2312	2312	1660	3071	1166	3847	911	4353	716	4818
41601	7686	7687	6454	9026	5436	10325	4869	11144	4401	11881
41605	6573	6574	5437	7816	4507	9028	3992	9794	3570	10486
41606	7467	7468	6253	8788	5252	10071	4695	10879	4236	11608
41607	4458	4459	3533	5492	2791	6514	2389	7168	2065	7761
41608	7235	7235	6041	8536	5058	9801	4511	10599	4061	11318
41701	7439	7440	6227	8758	5229	10038	4673	10846	4215	11573
41703	7489	7490	6273	8812	5271	10096	4712	10906	4253	11635
41704	5481	5481	4448	6620	3611	7739	3152	8450	2778	9093
41805	7041	7042	5864	8326	4896	9575	4359	10365	3917	11076
41806	10939	10940	9459	12527	8218	14050	7517	15002	6933	15855
41808	5373	5373	4351	6502	3523	7611	3070	8316	2701	8954
41809	7451	7452	6238	8771	5239	10052	4682	10860	4224	11588
41810	7065	7065	5885	8351	4915	9602	4377	10393	3934	11105
41811	10230	10230	8800	11767	7604	13244	6930	14169	6370	14999
41812	13430	13431	11784	15184	10394	16856	9603	17898	8942	18828
41901	10419	10420	8975	11970	7767	13459	7086	14392	6520	15228
41903	8456	8457	7161	9859	6086	11214	5485	12067	4988	12833
41904	5112	5113	4117	6215	3313	7300	2874	7991	2517	8617
41905	6595	6596	5457	7840	4525	9054	4009	9821	3586	10514
42001	6102	6103	5010	7302	4119	8475	3627	9218	3225	9889
42003	4420	4421	3499	5449	2761	6468	2361	7120	2039	7711
42004	6807	6808	5651	8071	4701	9302	4175	10080	3743	10781
42005	6142	6143	5047	7346	4152	8522	3658	9267	3254	9940
42006	4678	4678	3728	5735	2965	6779	2550	7445	2215	8050
50101	3641	3642	2810	4580	2153	5518	1802	6121	1522	6670
50102	6588	6589	5451	7832	4519	9045	4004	9813	3581	10505
50200	5154	5155	4155	6261	3347	7350	2905	8044	2547	8671
50300	6340	6340	5225	7562	4314	8754	3811	9509	3398	10191
50401	8167	8167	6895	9546	5841	10881	5253	11721	4767	12476
50402	6749	6750	5598	8008	4653	9234	4129	10009	3700	10708
50500	9688	9689	8298	11186	7138	12627	6486	13531	5945	14341
50600	1585	1586	1055	2223	670	2890	481	3330	342	3739
50700	7437	7438	6226	8756	5227	10036	4671	10843	4213	11570
50800	7540	7541	6320	8868	5313	10155	4753	10968	4291	11699
50900	3548	3548	2728	4476	2082	5403	1737	6000	1462	6544
51000	8597	8598	7291	10011	6206	11377	5599	12235	5097	13007
51100	4454	4455	3529	5487	2788	6509	2386	7163	2062	7756
51200	10397	10398	8955	11946	7748	13434	7068	14366	6502	15201
51300	12036	12037	10481	13699	9172	15289	8430	16282	7811	17171
51400	8471	8472	7175	9875	6099	11231	5497	12085	5000	12852
51500	5663	5663	4613	6821	3759	7955	3290	8676	2908	9328
51601	6200	6200	5098	7408	4199	8589	3702	9337	3296	10013
51602	4827	4827	3861	5900	3084	6958	2661	7633	2318	8245
51701	5941	5942	4864	7126	3987	8285	3503	9020	3108	9684
51702	5079	5080	4087	6178	3286	7261	2849	7950	2494	8574
51802	6479	6480	5352	7713	4429	8917	3919	9679	3500	10367
51803	8154	8154	6883	9532	5830	10866	5242	11705	4757	12460
51804	3060	3061	2302	3926	1712	4797	1401	5360	1155	5875
51905	12342	12342	10766	14025	9438	15633	8686	16637	8058	17535
51912	3026	3027	2273	3887	1687	4754	1378	5315	1135	5827
51913	6458	6458	5333	7691	4412	8893	3902	9654	3485	10340
51914	5336	5337	4319	6462	3494	7568	3042	8271	2675	8907
51915	8037	8037	6775	9405	5731	10730	5149	11565	4668	12315
51916	5176	5177	4175	6286	3365	7377	2922	8071	2562	8700
51917	4964	4965	3984	6051	3194	7123	2763	7805	2414	8424
51918	6356	6356	5240	7579	4327	8773	3823	9529	3410	10211
51921	5440	5440	4411	6575	3578	7690	3120	8399	2749	9040
51922	6782	6783	5628	8044	4680	9273	4155	10049	3724	10750
51923	5302	5303	4288	6424	3467	7527	3017	8228	2651	8863
51924	6215	6215	5112	7425	4211	8607	3714	9356	3307	10032
51925	9547	9548	8167	11034	7017	12466	6371	13364	5834	14170
51926	5544	5544	4505	6690	3662	7814	3199	8528	2823	9175
51927	8567	8568	7263	9979	6181	11342	5575	12200	5074	12970
51928	4089	4089	3205	5081	2500	6066	2121	6697	1816	7271
52003	10604	10605	9147	12168	7927	13669	7239	14609	6666	15451
52004	7049	7049	5871	8334	4902	9584	4364	10373	3922	11084
52005	6333	6333	5219	7554	4308	8746	3805	9501	3393	10182
52006	4237	4238	3336	5246	2617	6246	2228	6887	1915	7468
52007	4920	4921	3945	6003	3159	7070	2730	7750	2383	8367
52104	6030	6031	4945	7223	4060	8390	3572	9129	3173	9798
52105	2141	2141	1516	2873	1045	3625	805	4116	622	4569
52107	5232	5233	4225	6347	3410	7443	2964	8141	2602	8773
52108	6615	6616	5476	7862	4542	9077	4025	9846	3601	10539
52112	3297	3297	2508	4193	1890	5092	1562	5671	1302	6201
52113	3697	3698	2859	4643	2196	5587	1841	6193	1558	6746
52114	5485	5485	4452	6625	3614	7744	3155	8455	2781	9098
52115	6779	6780	5625	8041	4678	9269	4153	10046	3722	10746
52118	7793	7794	6552	9142	5526	10449	4954	11273	4483	12014
52203	11135	11136	9641	12737	8388	14272	7679	15232	7089	16091
52204	5429	5429	4402	6563	3569	7677	3112	8385	2741	9026
52206	5643	5643	4595	6799	3743	7932	3275	8651	2894	9302
52207	6603	6604	5465	7849	4532	9063	4015	9831	3592	10524
52208	4535	4536	3601	5577	2852	6607	2446	7266	2118	7863
52209	2553	2554	1866	3348	1339	4157	1065	4682	853	5164
52301	6259	6259	5152	7473	4247	8659	3748	9410	3339	10088
52302	4394	4395	3476	5420	2740	6437	2342	7087	2022	7677
52401	5432	5432	4404	6567	3571	7681	3114	8389	2743	9030
52402	3479	3479	2667	4398	2029	5318	1688	5910	1418	6450
52502	11606	11607	10079	13240	8797	14804	8071	15781	7466	16656
52503	8976	8977	7640	10420	6529	11812	5906	12687	5390	13473
52504	5812	5813	4748	6984	3881	8132	3404	8860	3015	9519
52603	4191	4191	3295	5194	2580	6190	2194	6828	1884	7407
52604	6429	6429	5306	7659	4388	8859	3880	9618	3464	10304
52605	7285	7285	6086	8591	5099	9859	4551	10659	4099	11380
52606	7219	7219	6026	8519	5044	9782	4498	10579	4049	11298
52607	7584	7585	6360	8915	5350	10207	4788	11021	4324	11754
52701	3506	3506	2691	4428	2049	5351	1707	5945	1435	6486
52705	13958	13959	12278	15745	10858	17446	10050	18506	9373	19452
52706	6353	6353	5237	7576	4325	8769	3821	9525	3408	10207
52707	9834	9835	8433	11343	7264	12794	6606	13703	6059	14519
52708	5715	5716	4660	6878	3802	8017	3330	8740	2945	9394
52709	5057	5058	4068	6154	3269	7234	2832	7922	2479	8545
52803	5483	5483	4450	6623	3613	7741	3153	8453	2779	9096
52804	13747	13748	12080	15520	10672	17210	9871	18263	9200	19203
52805	6221	6221	5117	7431	4216	8614	3718	9363	3311	10040
52806	7836	7837	6592	9189	5563	10499	4989	11324	4515	12067
52903	4931	4932	3955	6015	3167	7083	2738	7764	2391	8381
52904	7205	7205	6013	8504	5032	9766	4487	10562	4039	11280
52905	5008	5009	4024	6100	3229	7175	2796	7861	2444	8481
52906	6847	6848	5687	8115	4734	9349	4206	10129	3773	10832
53101	4601	4601	3659	5649	2904	6686	2493	7348	2162	7949
53102	6022	6023	4938	7215	4053	8380	3565	9120	3167	9787
53201	5047	5048	4059	6143	3261	7222	2825	7910	2472	8532
53202	5850	5851	4782	7026	3912	8177	3433	8907	3042	9567
53301	9109	9109	7762	10562	6642	11964	6013	12844	5493	13634
53302	7844	7845	6599	9197	5569	10508	4995	11334	4521	12077
53400	7527	7528	6308	8854	5302	10140	4742	10952	4281	11683
53504	9305	9306	7944	10774	6810	12189	6173	13077	5645	13874
53505	7231	7231	6037	8532	5054	9796	4508	10594	4058	11313
53506	7497	7498	6281	8821	5277	10105	4719	10916	4259	11645
53507	6549	6550	5416	7790	4487	9000	3973	9765	3552	10456
53508	3924	3924	3058	4896	2371	5864	2002	6485	1707	7050
53509	6105	6106	5013	7305	4121	8478	3629	9222	3227	9893
990100	7	8	0	101	0	278	0	426	0	579
53602	10728	10729	9262	12301	8035	13810	7342	14755	6765	15601
53603	6047	6048	4960	7242	4074	8410	3585	9150	3185	9819
53604	6299	6299	5188	7517	4280	8706	3779	9459	3368	10139
53700	6705	6706	5558	7960	4616	9183	4095	9956	3667	10653
53801	6143	6144	5047	7347	4152	8523	3659	9269	3255	9942
53802	9831	9832	8431	11340	7261	12790	6603	13700	6057	14515
53803	7904	7905	6654	9262	5620	10578	5043	11406	4567	12152
60200	907	906	519	1402	261	1940	149	2304	77	2646
60300	4876	4876	3905	5954	3123	7017	2697	7695	2352	8309
60400	4790	4790	3828	5859	3055	6914	2633	7587	2293	8197
60500	4348	4349	3435	5369	2704	6381	2309	7028	1990	7616
60600	7298	7298	6098	8605	5110	9874	4561	10675	4109	11396
60700	7773	7774	6534	9120	5509	10426	4938	11249	4467	11989
60800	5771	5772	4710	6939	3847	8083	3373	8810	2986	9466
60903	3560	3560	2739	4489	2091	5418	1745	6015	1470	6560
60904	5511	5511	4476	6654	3635	7775	3174	8487	2799	9132
60905	6704	6705	5557	7959	4616	9181	4094	9954	3666	10651
60906	2320	2320	1667	3080	1171	3857	916	4364	720	4829
61001	4725	4725	3770	5787	3003	6835	2585	7505	2248	8111
61002	4732	4732	3776	5795	3008	6844	2590	7513	2252	8121
61100	6602	6603	5464	7848	4531	9062	4014	9830	3591	10523
61200	7451	7452	6238	8771	5239	10052	4682	10860	4224	11588
61300	6871	6872	5709	8141	4754	9377	4225	10158	3790	10862
61400	5705	5706	4651	6867	3793	8005	3322	8728	2938	9382
61500	6566	6567	5431	7808	4501	9020	3986	9786	3564	10477
61601	2119	2120	1498	2849	1030	3597	792	4087	611	4538
61602	839	839	468	1318	226	1841	123	2196	58	2530
61700	6359	6359	5243	7582	4330	8776	3825	9533	3412	10215
61800	2816	2816	2091	3648	1531	4490	1237	5035	1007	5534
61900	2052	2053	1442	2771	984	3510	751	3994	575	4440
62000	4353	4354	3439	5375	2708	6387	2312	7034	1994	7622
62300	5474	5474	4442	6613	3605	7731	3146	8441	2773	9084
62400	5868	5869	4798	7046	3927	8198	3447	8930	3055	9590
62500	7380	7381	6173	8694	5179	9969	4626	10774	4170	11499
62600	5776	5777	4715	6945	3851	8089	3376	8816	2989	9473
62801	6182	6182	5082	7389	4184	8568	3688	9315	3283	9990
62802	4101	4101	3215	5094	2510	6081	2129	6713	1824	7287
62900	14493	14494	12781	16313	11331	18044	10505	19122	9813	20083
63000	3193	3194	2418	4076	1812	4963	1491	5536	1238	6059
63100	4382	4383	3465	5407	2731	6422	2333	7071	2013	7661
63200	5352	5352	4332	6478	3506	7585	3054	8290	2686	8927
63300	7174	7174	5985	8470	5007	9729	4463	10525	4016	11241
63400	8401	8402	7110	9799	6040	11151	5441	12001	4946	12765
63501	4425	4426	3503	5455	2765	6474	2365	7126	2043	7718
63502	5269	5270	4258	6388	3440	7488	2992	8187	2628	8821
70100	5328	5329	4311	6453	3488	7558	3036	8261	2670	8897
70203	17156	17157	15289	19131	13699	21002	12789	22164	12024	23198
70204	3779	3780	2931	4735	2260	5688	1900	6299	1612	6856
70205	4045	4045	3166	5032	2466	6012	2089	6641	1787	7212
70206	6732	6733	5582	7990	4639	9214	4116	9989	3687	10687
70207	6492	6493	5364	7728	4440	8933	3929	9695	3510	10384
70307	5501	5501	4466	6642	3627	7763	3167	8475	2792	9119
70308	6366	6366	5249	7590	4336	8785	3831	9541	3417	10224
70309	8455	8456	7160	9858	6086	11213	5485	12066	4988	12832
70310	7619	7620	6392	8953	5380	10247	4816	11063	4351	11797
70311	5314	5315	4299	6438	3476	7541	3026	8243	2660	8879
70312	7077	7077	5896	8364	4925	9616	4386	10407	3943	11120
70313	11739	11740	10203	13382	8913	14954	8182	15936	7572	16815
70314	4943	4944	3965	6028	3177	7098	2747	7779	2399	8397
70315	8843	8844	7518	10277	6416	11660	5798	12529	5287	13309
70316	6068	6069	4979	7265	4091	8435	3601	9176	3200	9846
70401	2740	2740	2026	3561	1475	4393	1187	4933	962	5427
70403	3552	3552	2732	4480	2085	5408	1739	6005	1465	6549
70404	5148	5149	4149	6255	3342	7343	2901	8036	2543	8664
70703	7164	7164	5976	8459	4998	9718	4455	10513	4008	11229
71100	2952	2952	2209	3803	1632	4661	1328	5217	1089	5724
71205	6527	6528	5396	7766	4469	8974	3956	9738	3536	10428
71206	11973	11974	10422	13632	9117	15218	8378	16209	7761	17095
71207	7917	7918	6666	9277	5631	10593	5053	11422	4577	12168
71208	9863	9864	8460	11374	7289	12827	6629	13738	6082	14554
71209	5096	5097	4103	6197	3300	7281	2862	7971	2506	8596
71210	9548	9549	8168	11035	7018	12467	6371	13365	5835	14171
71304	10273	10274	8840	11813	7641	13293	6966	14220	6404	15051
71305	4554	4555	3618	5598	2867	6630	2460	7290	2131	7888
71306	11213	11213	9713	12820	8455	14359	7743	15322	7151	16184
71307	8611	8612	7304	10026	6218	11393	5611	12252	5108	13024
71309	6413	6413	5292	7641	4374	8840	3867	9599	3452	10283
71310	9494	9495	8118	10977	6972	12405	6327	13301	5793	14105
71403	5362	5362	4341	6489	3514	7597	3061	8302	2693	8940
71406	16002	16003	14200	17912	12670	19724	11796	20849	11061	21853
71407	7571	7572	6348	8901	5339	10191	4777	11005	4314	11737
71408	5448	5448	4419	6584	3584	7700	3127	8409	2754	9051
71409	5256	5257	4247	6374	3429	7472	2982	8171	2619	8804
71410	10396	10397	8954	11945	7747	13433	7067	14365	6502	15200
71411	7833	7834	6589	9186	5560	10495	4986	11321	4513	12063
71503	6532	6533	5400	7771	4473	8980	3960	9744	3539	10434
71504	4418	4419	3497	5447	2759	6466	2360	7117	2038	7708
71505	6642	6643	5500	7891	4564	9109	4046	9879	3621	10573
71506	6652	6653	5509	7902	4572	9120	4054	9891	3628	10586
71601	6078	6079	4988	7276	4099	8446	3609	9189	3208	9859
71602	8629	8630	7320	10046	6234	11413	5625	12274	5122	13046
71703	3812	3813	2960	4772	2285	5728	1923	6342	1634	6901
71704	4374	4375	3458	5398	2725	6413	2328	7061	2008	7650
71705	4354	4355	3440	5376	2709	6388	2313	7036	1994	7624
71706	2045	2046	1436	2763	979	3501	747	3984	571	4429
71707	2865	2865	2133	3704	1567	4552	1270	5100	1037	5603
71803	6166	6167	5068	7372	4171	8550	3676	9297	3272	9971
71805	3509	3509	2694	4432	2052	5355	1709	5949	1437	6490
71806	4386	4387	3468	5412	2734	6427	2336	7076	2016	7666
71807	3660	3661	2826	4601	2168	5541	1815	6145	1534	6696
71808	3586	3587	2761	4518	2111	5450	1763	6049	1487	6595
71901	5921	5922	4846	7104	3970	8261	3488	8995	3094	9658
71902	6474	6474	5347	7708	4425	8912	3915	9673	3497	10361
72000	5493	5493	4459	6634	3621	7753	3161	8465	2786	9109
72105	4900	4900	3927	5981	3143	7046	2715	7725	2369	8341
72106	6909	6910	5744	8183	4786	9421	4255	10204	3819	10910
72107	5384	5384	4361	6514	3532	7624	3078	8329	2709	8968
72108	6153	6154	5057	7358	4161	8535	3666	9281	3262	9954
72109	4862	4862	3893	5939	3112	7000	2687	7677	2343	8291
72111	3063	3064	2305	3929	1714	4801	1403	5364	1157	5879
72112	5389	5389	4365	6519	3536	7630	3082	8336	2712	8975
72305	6577	6578	5441	7820	4510	9032	3995	9799	3573	10491
72307	4825	4825	3860	5898	3083	6956	2659	7631	2317	8243
72308	8650	8651	7340	10068	6251	11438	5642	12299	5138	13072
72309	7339	7340	6136	8649	5145	9922	4593	10725	4140	11448
72310	4484	4485	3556	5521	2812	6546	2408	7201	2083	7796
72311	4802	4802	3839	5872	3064	6928	2642	7602	2301	8212
72312	7474	7475	6260	8796	5258	10079	4700	10888	4241	11616
72313	4809	4809	3845	5880	3070	6937	2647	7611	2306	8222
72405	5246	5247	4238	6363	3421	7460	2974	8159	2612	8791
72406	7038	7039	5862	8323	4894	9572	4356	10361	3915	11072
72407	5883	5884	4812	7062	3939	8216	3458	8948	3066	9610
72408	7192	7192	6001	8490	5022	9750	4477	10547	4029	11264
72409	3123	3124	2357	3997	1759	4876	1444	5443	1194	5962
72410	4817	4817	3852	5889	3076	6946	2653	7621	2311	8232
72503	5529	5529	4492	6673	3650	7796	3188	8510	2812	9155
72504	5852	5853	4784	7028	3914	8179	3435	8910	3044	9570
72505	14166	14167	12474	15966	11042	17679	10227	18745	9544	19698
72506	5680	5681	4628	6839	3773	7976	3303	8697	2920	9349
72507	4521	4522	3589	5562	2841	6591	2435	7248	2108	7844
72601	7686	7687	6454	9026	5436	10325	4869	11144	4401	11881
72602	8171	8171	6898	9551	5845	10885	5256	11726	4770	12481
72603	12332	12332	10756	14014	9430	15622	8678	16626	8050	17523
72800	14497	14498	12785	16317	11335	18049	10509	19126	9816	20088
72901	13	13	0	119	0	306	0	460	0	619
72903	51	51	0	210	0	445	0	628	0	812
900202	0	0	0	55	0	197	0	323	0	459
72906	15	15	0	125	0	316	0	472	0	633
990002	156	156	27	394	0	699	0	924	0	1144
73001	8355	8356	7068	9750	6001	11098	5404	11946	4911	12709
73005	6806	6807	5650	8070	4700	9301	4174	10079	3742	10780
73006	9326	9327	7963	10796	6828	12213	6190	13102	5662	13900
73108	12006	12007	10453	13667	9146	15256	8405	16248	7787	17135
73110	6691	6692	5545	7945	4605	9166	4084	9939	3657	10635
73111	5592	5592	4549	6743	3701	7871	3236	8588	2857	9236
73113	10225	10225	8795	11762	7600	13238	6926	14163	6366	14993
73114	5569	5569	4528	6717	3683	7844	3218	8559	2841	9207
73115	4438	4439	3515	5469	2775	6490	2374	7143	2051	7735
73116	4093	4093	3208	5085	2503	6071	2124	6702	1819	7276
73117	5049	5050	4061	6145	3262	7225	2826	7912	2473	8535
73118	5532	5532	4494	6677	3652	7800	3190	8513	2814	9159
73119	5095	5096	4102	6196	3299	7280	2861	7970	2505	8595
73120	5608	5608	4563	6760	3714	7890	3248	8608	2868	9257
73121	5812	5813	4748	6984	3881	8132	3404	8860	3015	9519
73122	7030	7031	5854	8314	4887	9563	4350	10351	3909	11062
73123	9017	9017	7677	10463	6563	11858	5939	12735	5421	13522
73124	3569	3570	2746	4499	2098	5429	1751	6027	1476	6572
73125	13906	13907	12230	15689	10812	17388	10006	18446	9331	19391
73126	3877	3878	3018	4845	2336	5808	1969	6426	1676	6988
73200	17768	17769	15866	19777	14246	21678	13318	22858	12537	23908
73301	6785	6786	5631	8047	4683	9276	4158	10053	3727	10754
73302	5465	5465	4434	6603	3598	7720	3139	8430	2766	9073
73404	10842	10843	9369	12424	8133	13940	7436	14889	6856	15739
73405	5517	5517	4481	6660	3640	7782	3179	8495	2803	9140
73406	5837	5838	4770	7012	3901	8162	3423	8891	3033	9551
73407	3950	3950	3081	4925	2392	5896	2021	6519	1724	7085
73408	5947	5948	4870	7132	3991	8292	3508	9027	3113	9692
73500	10350	10351	8911	11896	7708	13381	7029	14311	6465	15144
80101	5329	5330	4312	6454	3488	7559	3037	8262	2670	8898
80102	6804	6805	5648	8068	4699	9298	4172	10076	3741	10778
80200	5659	5659	4609	6816	3756	7951	3287	8671	2905	9322
80300	4094	4094	3209	5086	2504	6072	2124	6704	1820	7278
80400	6349	6349	5234	7571	4322	8765	3817	9520	3405	10202
80500	4365	4366	3450	5388	2717	6402	2321	7050	2002	7638
80600	6519	6520	5388	7757	4462	8964	3950	9728	3530	10418
80700	8135	8135	6865	9512	5814	10844	5227	11682	4742	12437
80800	2071	2072	1458	2793	997	3535	763	4020	585	4468
80900	11989	11990	10437	13649	9131	15236	8391	16228	7774	17115
81000	8047	8047	6784	9416	5740	10742	5157	11577	4675	12328
81100	3185	3186	2411	4067	1806	4953	1486	5525	1233	6048
81200	3128	3129	2362	4003	1763	4882	1447	5450	1197	5969
81400	55	55	0	218	0	457	0	642	0	828
90101	8466	8467	7170	9870	6095	11226	5493	12079	4996	12846
90102	11969	11970	10418	13628	9113	15214	8374	16204	7757	17091
90201	7043	7044	5866	8328	4898	9578	4360	10367	3919	11078
90202	8058	8058	6795	9428	5749	10755	5165	11590	4684	12341
90300	3525	3525	2708	4450	2064	5375	1720	5970	1447	6512
90400	9178	9178	7826	10637	6701	12043	6070	12926	5546	13719
90501	6935	6936	5767	8211	4808	9452	4275	10236	3838	10942
90502	8986	8986	7649	10430	6537	11823	5913	12698	5397	13484
90700	7442	7443	6230	8761	5231	10041	4675	10849	4217	11576
90800	6064	6065	4976	7261	4087	8430	3598	9171	3198	9841
90900	7919	7920	6668	9279	5633	10595	5055	11424	4578	12170
91000	9741	9742	8347	11243	7184	12687	6529	13593	5986	14406
91100	6571	6572	5436	7814	4505	9025	3990	9792	3568	10483
91201	8197	8197	6922	9579	5867	10915	5277	11757	4790	12513
91203	10964	10965	9482	12554	8239	14078	7537	15032	6953	15886
91204	6524	6525	5393	7763	4466	8970	3954	9735	3534	10424
91301	5701	5702	4647	6862	3790	8000	3319	8723	2935	9376
91302	11412	11413	9898	13033	8628	14585	7909	15555	7310	16423
91400	5241	5242	4233	6357	3417	7454	2971	8152	2608	8784
91500	6706	6707	5559	7961	4617	9184	4096	9957	3668	10654
91600	10974	10975	9491	12565	8248	14089	7546	15043	6961	15898
91700	13744	13745	12078	15517	10669	17207	9869	18259	9198	19199
91800	6738	6739	5588	7996	4644	9221	4121	9996	3692	10694
91900	11718	11719	10184	13360	8894	14930	8164	15912	7556	16790
92000	9007	9007	7668	10453	6555	11847	5931	12723	5413	13509
92100	12104	12105	10544	13772	9231	15366	8487	16362	7866	17252
92200	13624	13624	11965	15390	10564	17072	9767	18121	9100	19057
92300	12818	12819	11211	14533	9856	16169	9087	17190	8444	18102
92400	10000	10001	8587	11521	7407	12983	6742	13899	6190	14721
92500	11706	11707	10173	13347	8884	14917	8154	15898	7546	16776
92600	7229	7229	6035	8530	5053	9794	4506	10591	4057	11310
92701	5839	5840	4772	7014	3903	8164	3425	8894	3035	9553
92704	4548	4549	3613	5592	2862	6623	2455	7282	2127	7880
92801	9944	9945	8535	11461	7358	12919	6696	13833	6146	14653
92802	5429	5429	4402	6563	3569	7677	3112	8385	2741	9026
92803	3658	3659	2825	4599	2166	5539	1814	6143	1533	6693
92901	7529	7530	6310	8856	5304	10143	4744	10954	4283	11685
92902	6705	6706	5558	7960	4616	9183	4095	9956	3667	10653
940000	4421	4422	3500	5451	2762	6470	2362	7121	2040	7712
940001	24000	24001	21781	26326	19875	28513	18776	29864	17847	31062
940002	16981	16982	15123	18946	13542	20809	12638	21965	11878	22994
940003	7240	7240	6045	8542	5062	9806	4515	10605	4065	11324
940004	7618	7619	6392	8952	5379	10246	4815	11062	4350	11796
940005	6197	6197	5096	7405	4196	8586	3700	9334	3294	10009
940006	3277	3277	2491	4170	1875	5067	1548	5645	1290	6173
940007	3735	3736	2893	4686	2226	5634	1868	6243	1583	6797
940008	6379	6379	5261	7604	4346	8800	3841	9557	3427	10240
940009	3323	3323	2531	4222	1910	5124	1580	5706	1319	6236
940010	7423	7424	6213	8741	5215	10019	4660	10826	4203	11553
940011	5132	5133	4135	6237	3329	7324	2889	8016	2531	8643
940100	8075	8075	6810	9447	5764	10774	5179	11610	4697	12362
