tract10_id mean median lower_50 upper_50 lower_80 upper_80 lower_90 upper_90 lower_95 upper_95
100	6873	6874	6040	7761	5335	8606	4934	9133	4599	9603
200	8066	8066	7160	9025	6391	9935	5952	10500	5583	11004
300	2779	2779	2258	3353	1836	3916	1604	4274	1415	4597
401	5537	5537	4791	6336	4166	7102	3813	7581	3519	8010
402	4728	4728	4041	5468	3468	6181	3147	6629	2880	7031
500	4140	4140	3499	4835	2968	5507	2671	5929	2426	6310
600	8442	8442	7515	9423	6727	10352	6276	10929	5897	11443
700	4872	4872	4174	5623	3592	6346	3265	6800	2993	7206
800	2834	2834	2308	3413	1881	3981	1646	4342	1455	4668
900	2341	2341	1866	2870	1484	3393	1276	3726	1108	4029
1000	2054	2055	1611	2552	1257	3046	1067	3362	914	3650
1100	2666	2666	2157	3228	1744	3781	1518	4133	1335	4452
1200	7443	7443	6574	8365	5838	9242	5419	9788	5067	10275
1300	4513	4514	3843	5238	3285	5936	2973	6375	2713	6769
1400	5398	5398	4662	6187	4045	6944	3698	7418	3408	7843
1500	2682	2682	2171	3246	1757	3800	1531	4153	1346	4472
1600	4453	4454	3788	5173	3234	5867	2924	6303	2667	6695
1701	3644	3644	3044	4298	2551	4932	2276	5333	2050	5694
1702	4403	4404	3741	5119	3191	5810	2883	6244	2628	6634
1800	4650	4650	3969	5384	3402	6092	3083	6537	2819	6935
1900	4874	4874	4176	5626	3594	6349	3266	6802	2995	7209
2000	3715	3716	3109	4375	2610	5015	2332	5419	2103	5783
2100	4231	4231	3583	4933	3045	5612	2744	6038	2496	6422
2200	6005	6006	5228	6837	4574	7631	4203	8128	3894	8572
2400	3882	3882	3262	4555	2750	5208	2464	5619	2229	5990
2500	2769	2769	2249	3342	1828	3904	1597	4261	1408	4585
2600	5095	5096	4381	5863	3784	6601	3448	7063	3169	7477
2700	5543	5543	4797	6342	4171	7109	3818	7588	3523	8018
2800	4775	4775	4084	5519	3509	6235	3185	6685	2917	7088
2900	4551	4552	3878	5279	3318	5980	3003	6420	2743	6815
3000	5967	5968	5192	6796	4541	7589	4172	8084	3863	8527
3100	6619	6619	5801	7490	5111	8321	4719	8839	4391	9302
3200	8402	8402	7477	9380	6691	10308	6241	10883	5863	11396
3300	6716	6717	5892	7594	5197	8430	4801	8952	4470	9417
3400	3586	3586	2991	4235	2502	4865	2230	5263	2006	5621
3500	4251	4251	3601	4955	3062	5635	2760	6062	2511	6447
3600	6078	6079	5296	6915	4638	7714	4265	8213	3953	8659
3800	2098	2099	1650	2601	1292	3100	1099	3419	944	3709
3900	2929	2929	2394	3518	1959	4094	1719	4460	1523	4790
4000	2859	2859	2331	3441	1901	4011	1665	4373	1473	4700
4100	8408	8408	7483	9387	6696	10314	6246	10890	5868	11403
4200	8131	8131	7222	9094	6449	10007	6008	10574	5637	11080
4301	3052	3053	2506	3653	2060	4239	1814	4611	1612	4947
4302	1540	1540	1160	1975	863	2412	707	2694	583	2953
4400	5871	5872	5103	6693	4457	7480	4091	7972	3786	8412
4500	2525	2526	2031	3074	1631	3614	1413	3958	1236	4270
4600	3287	3287	2718	3909	2253	4515	1995	4899	1784	5245
4700	7305	7305	6445	8219	5716	9088	5301	9629	4953	10112
4800	4849	4849	4153	5599	3572	6320	3246	6772	2975	7178
4900	6830	6831	5999	7715	5297	8558	4898	9083	4564	9552
5000	3711	3712	3106	4371	2607	5010	2329	5414	2100	5778
5100	3840	3841	3224	4511	2715	5160	2432	5570	2198	5939
5200	6386	6386	5583	7242	4907	8060	4523	8570	4202	9025
5301	5408	5408	4671	6198	4054	6956	3706	7430	3416	7855
5302	387	387	209	618	96	872	49	1045	21	1208
5400	5294	5295	4566	6077	3956	6827	3612	7297	3326	7718
5600	7221	7221	6366	8130	5642	8994	5229	9533	4884	10013
5700	6895	6896	6060	7784	5354	8631	4953	9158	4617	9629
5801	5276	5277	4549	6057	3941	6807	3597	7276	3312	7697
5802	5280	5281	4553	6062	3944	6811	3601	7281	3315	7701
5900	6121	6122	5336	6961	4675	7762	4301	8263	3988	8711
6000	5567	5567	4819	6368	4192	7136	3838	7616	3543	8046
6100	5665	5665	4911	6473	4277	7247	3919	7731	3621	8164
6200	4268	4268	3617	4973	3076	5654	2774	6083	2524	6468
6300	6115	6116	5331	6954	4670	7756	4296	8256	3983	8703
6400	3431	3431	2850	4066	2373	4684	2108	5074	1891	5426
6500	5267	5268	4541	6048	3933	6797	3590	7265	3305	7686
6600	4179	4179	3535	4877	3001	5552	2702	5976	2456	6358
6700	7560	7561	6684	8490	5942	9373	5519	9922	5164	10412
6800	3086	3087	2537	3690	2088	4280	1840	4653	1637	4991
6900	4397	4398	3736	5113	3186	5803	2878	6237	2624	6626
7000	8804	8805	7857	9805	7050	10753	6589	11341	6200	11864
7100	3691	3692	3088	4349	2590	4987	2313	5390	2085	5753
7200	9887	9888	8882	10946	8023	11946	7530	12566	7114	13116
7300	8244	8244	7328	9213	6550	10132	6105	10703	5731	11212
7401	5313	5314	4584	6097	3973	6849	3628	7320	3341	7741
7402	6169	6169	5380	7011	4716	7815	4340	8318	4026	8767
7500	7401	7401	6535	8321	5801	9195	5383	9740	5032	10225
7600	3739	3740	3131	4401	2630	5043	2351	5448	2121	5813
7700	4719	4719	4033	5459	3461	6171	3140	6618	2873	7020
7800	6063	6064	5282	6899	4624	7697	4252	8195	3941	8641
7900	6199	6199	5408	7043	4743	7849	4365	8352	4050	8803
8001	7235	7235	6379	8145	5654	9010	5241	9549	4895	10030
8002	3840	3841	3224	4511	2715	5160	2432	5570	2198	5939
8100	7236	7236	6380	8146	5655	9011	5242	9550	4896	10031
8200	6382	6382	5579	7238	4903	8055	4519	8565	4198	9021
8300	5060	5061	4349	5825	3754	6561	3419	7022	3141	7435
8400	6916	6917	6080	7807	5373	8654	4971	9183	4634	9654
8500	5862	5863	5094	6684	4449	7470	4084	7961	3779	8401
8600	3575	3575	2981	4223	2493	4852	2221	5249	1998	5607
8700	4032	4032	3400	4718	2876	5382	2584	5800	2343	6176
8800	3603	3603	3007	4253	2516	4885	2243	5283	2019	5643
8900	4870	4870	4172	5621	3590	6344	3263	6797	2991	7204
9000	2987	2987	2447	3581	2006	4163	1763	4531	1565	4864
9100	2761	2761	2242	3333	1821	3895	1591	4251	1403	4574
9200	2746	2746	2229	3317	1809	3877	1579	4233	1392	4555
9300	3516	3516	2927	4158	2443	4783	2175	5178	1954	5533
9400	5596	5596	4846	6399	4217	7169	3862	7650	3566	8081
9500	6341	6341	5541	7194	4867	8009	4485	8517	4165	8972
9600	6229	6229	5436	7075	4769	7883	4390	8387	4074	8838
9701	6276	6276	5480	7125	4810	7936	4430	8442	4112	8894
9702	5742	5742	4982	6555	4344	7334	3984	7821	3683	8257
9800	6919	6920	6083	7810	5376	8658	4973	9186	4636	9658
9900	6617	6617	5800	7488	5110	8319	4718	8837	4390	9300
10001	3713	3714	3108	4373	2608	5013	2331	5417	2102	5780
10002	4505	4506	3836	5229	3278	5927	2966	6365	2707	6759
10100	6509	6509	5698	7373	5015	8198	4626	8712	4302	9172
10200	5237	5238	4513	6016	3907	6762	3565	7230	3281	7649
10300	5904	5905	5134	6729	4486	7517	4119	8010	3813	8451
10401	4681	4681	3997	5418	3428	6128	3109	6573	2843	6973
10402	4757	4757	4068	5500	3493	6215	3171	6663	2903	7066
10500	6644	6645	5825	7517	5133	8349	4740	8868	4412	9332
10600	8237	8237	7322	9206	6544	10125	6099	10695	5725	11204
10701	3265	3265	2698	3885	2235	4489	1978	4872	1768	5217
10702	2807	2807	2284	3384	1859	3949	1626	4309	1436	4634
10800	5041	5042	4331	5805	3738	6539	3404	6999	3126	7412
10900	1361	1361	1005	1771	730	2186	587	2455	475	2702
11001	3925	3925	3301	4602	2786	5258	2499	5671	2262	6043
11002	3996	3996	3366	4679	2846	5340	2555	5757	2316	6131
11101	4567	4568	3893	5296	3331	5998	3016	6439	2755	6835
11102	4264	4264	3613	4969	3073	5650	2771	6078	2521	6463
11200	3743	3744	3135	4405	2634	5048	2354	5453	2124	5818
11300	6528	6528	5716	7394	5031	8219	4642	8734	4317	9194
11401	4266	4266	3615	4971	3075	5652	2772	6080	2522	6465
11402	4119	4119	3480	4812	2950	5482	2654	5904	2410	6284
11500	4567	4568	3893	5296	3331	5998	3016	6439	2755	6835
11600	7131	7131	6281	8034	5562	8894	5153	9429	4810	9907
11700	6021	6022	5243	6854	4588	7650	4217	8147	3907	8591
11800	7381	7381	6516	8300	5783	9173	5366	9717	5016	10202
11900	7475	7475	6604	8399	5867	9278	5446	9825	5093	10312
12000	3737	3738	3130	4399	2629	5041	2350	5446	2120	5810
12100	3066	3067	2518	3668	2071	4256	1824	4629	1623	4965
20100	3601	3601	3005	4251	2514	4882	2242	5281	2018	5640
20200	5999	6000	5222	6830	4569	7625	4198	8121	3889	8565
20300	7262	7262	6404	8173	5678	9040	5264	9580	4917	10061
20401	4378	4379	3718	5092	3170	5781	2863	6214	2609	6603
20402	6743	6744	5918	7622	5220	8461	4824	8983	4492	9449
20500	8132	8132	7223	9095	6450	10008	6009	10575	5638	11081
20600	4091	4091	3454	4782	2926	5450	2632	5871	2388	6249
20700	4509	4510	3839	5233	3282	5932	2969	6370	2710	6764
20800	5379	5379	4644	6167	4029	6923	3682	7396	3393	7820
20900	6833	6834	6002	7718	5300	8561	4900	9087	4566	9556
21000	7463	7463	6593	8387	5856	9265	5436	9811	5083	10298
21100	5714	5714	4956	6526	4320	7303	3960	7788	3660	8223
21300	4269	4269	3618	4974	3077	5655	2775	6084	2525	6469
21400	4876	4876	4178	5628	3596	6351	3268	6804	2996	7211
21500	5578	5578	4829	6380	4202	7149	3847	7629	3551	8060
21600	6188	6188	5398	7031	4733	7837	4356	8340	4041	8789
21700	10004	10005	8993	11070	8128	12075	7632	12698	7213	13251
21802	6760	6761	5934	7641	5235	8480	4839	9002	4506	9469
21803	5614	5614	4863	6419	4233	7189	3877	7671	3580	8103
21804	5020	5020	4312	5782	3720	6515	3386	6974	3109	7386
21903	7000	7001	6159	7896	5447	8748	5042	9279	4703	9753
21904	5934	5935	5162	6761	4512	7551	4144	8045	3837	8487
21905	5631	5631	4879	6437	4248	7209	3891	7691	3594	8123
21906	4717	4717	4031	5457	3459	6169	3138	6616	2872	7017
22001	5558	5558	4811	6359	4184	7126	3830	7606	3535	8036
22003	5815	5816	5050	6634	4408	7417	4044	7906	3741	8344
22005	4940	4940	4237	5696	3651	6424	3321	6880	3046	7289
22006	4051	4051	3417	4738	2892	5404	2599	5823	2358	6199
22101	6588	6588	5772	7457	5084	8287	4693	8804	4366	9265
22102	8653	8654	7715	9646	6915	10586	6458	11169	6073	11689
22201	4857	4857	4160	5607	3579	6329	3252	6782	2981	7188
22202	8347	8347	7425	9322	6642	10247	6194	10821	5817	11332
22203	6695	6696	5873	7571	5178	8407	4783	8927	4453	9392
22300	4836	4836	4141	5585	3561	6305	3235	6757	2965	7162
22400	9500	9501	8515	10539	7674	11520	7192	12128	6786	12670
22500	8208	8208	7294	9175	6518	10092	6074	10662	5701	11170
22603	6069	6070	5288	6905	4630	7704	4257	8202	3946	8648
22604	5690	5690	4934	6500	4299	7275	3940	7760	3641	8194
22605	7519	7520	6646	8446	5906	9327	5484	9875	5130	10364
22606	6870	6871	6037	7758	5332	8603	4932	9129	4596	9600
22701	3197	3198	2637	3811	2179	4410	1926	4790	1719	5132
22702	4002	4002	3372	4685	2851	5347	2560	5764	2320	6139
22703	2870	2870	2341	3453	1910	4024	1674	4387	1481	4715
22801	8300	8300	7381	9272	6600	10194	6153	10767	5778	11277
22802	5374	5374	4640	6161	4025	6917	3678	7390	3389	7814
22803	5439	5439	4700	6231	4081	6991	3732	7466	3441	7892
22901	3536	3536	2946	4180	2460	4806	2191	5202	1969	5558
22902	7219	7219	6364	8128	5640	8992	5228	9530	4882	10011
23000	5747	5747	4987	6561	4349	7340	3988	7827	3687	8263
23100	4099	4099	3461	4790	2933	5459	2638	5880	2394	6259
23201	6160	6161	5373	7002	4709	7806	4333	8308	4019	8757
23202	4482	4483	3814	5204	3259	5900	2947	6338	2689	6731
23300	6474	6474	5666	7336	4984	8159	4597	8672	4273	9130
23401	4039	4039	3406	4725	2882	5390	2590	5808	2348	6185
23403	4290	4290	3637	4997	3095	5680	2792	6109	2541	6495
23404	3835	3836	3220	4505	2711	5155	2428	5564	2194	5932
23500	3913	3913	3290	4589	2776	5244	2489	5657	2252	6028
23601	4358	4359	3700	5070	3153	5758	2847	6190	2593	6578
23603	6058	6059	5277	6893	4620	7691	4248	8190	3937	8635
23604	6314	6314	5516	7165	4843	7979	4462	8486	4143	8940
23700	4929	4929	4227	5685	3641	6411	3312	6867	3038	7276
23801	3151	3152	2596	3761	2141	4356	1890	4733	1685	5073
23803	5123	5124	4407	5893	3808	6633	3471	7096	3191	7511
23804	6736	6737	5911	7615	5214	8453	4818	8975	4487	9441
23900	7649	7650	6768	8584	6021	9472	5595	10024	5237	10517
24000	8478	8479	7549	9461	6759	10392	6307	10970	5927	11485
24100	5064	5065	4352	5830	3758	6565	3422	7026	3144	7440
24200	3564	3564	2971	4211	2484	4839	2213	5236	1990	5594
24300	8201	8201	7288	9168	6511	10085	6068	10654	5695	11162
24400	2088	2089	1641	2590	1284	3087	1092	3406	937	3695
24500	5677	5677	4922	6486	4288	7261	3929	7745	3631	8179
24601	5120	5121	4404	5890	3806	6629	3469	7092	3188	7508
24602	4058	4058	3423	4746	2898	5412	2605	5831	2363	6208
24701	4362	4363	3704	5075	3156	5763	2850	6195	2597	6583
24702	9340	9340	8364	10370	7531	11344	7053	11947	6651	12484
24800	6427	6427	5622	7286	4943	8106	4557	8617	4235	9074
24901	5873	5874	5105	6696	4459	7482	4093	7974	3788	8414
24902	4249	4249	3599	4953	3060	5632	2759	6060	2509	6444
24903	7439	7439	6571	8361	5835	9238	5415	9783	5063	10270
25001	5629	5629	4877	6435	4246	7206	3889	7689	3592	8121
25003	7672	7673	6790	8608	6041	9498	5615	10050	5256	10544
25005	4920	4920	4219	5675	3633	6401	3304	6856	3031	7265
25006	6025	6026	5247	6858	4591	7654	4220	8151	3910	8596
25101	7208	7208	6353	8116	5630	8980	5218	9518	4873	9998
25102	8546	8547	7613	9533	6820	10467	6365	11047	5984	11564
25200	9197	9197	8228	10219	7402	11186	6929	11785	6530	12319
25301	6272	6272	5477	7121	4807	7931	4427	8437	4109	8890
25302	4535	4536	3863	5261	3304	5961	2990	6401	2731	6796
25400	6873	6874	6040	7761	5335	8606	4934	9133	4599	9603
25500	5244	5245	4520	6023	3913	6770	3571	7238	3286	7658
25601	4992	4992	4286	5752	3695	6483	3363	6941	3087	7352
25602	7044	7045	6200	7943	5486	8798	5080	9330	4739	9805
25701	6014	6015	5236	6846	4582	7642	4211	8138	3901	8583
25702	3949	3949	3323	4628	2806	5286	2518	5700	2280	6073
25803	4832	4832	4137	5580	3558	6300	3232	6752	2962	7158
25804	3900	3900	3278	4575	2765	5229	2479	5641	2243	6012
25805	5371	5371	4637	6158	4022	6914	3675	7387	3386	7810
25806	5678	5678	4923	6487	4289	7262	3930	7746	3631	8180
26001	6164	6165	5376	7006	4713	7811	4337	8313	4023	8762
26002	8128	8128	7219	9090	6446	10004	6005	10571	5634	11076
26100	9953	9954	8945	11016	8082	12019	7587	12640	7170	13192
26200	6707	6708	5884	7584	5189	8420	4794	8941	4463	9407
26300	2372	2372	1893	2904	1508	3430	1299	3766	1130	4070
26400	6556	6556	5742	7423	5056	8251	4666	8767	4340	9227
26500	5933	5934	5161	6760	4511	7550	4143	8044	3836	8486
26600	2699	2699	2186	3265	1771	3821	1543	4174	1358	4494
26700	6257	6257	5462	7105	4793	7914	4414	8420	4097	8872
26801	5252	5253	4527	6032	3920	6779	3578	7248	3293	7668
26802	5482	5482	4740	6277	4118	7040	3767	7517	3475	7944
27000	4982	4982	4276	5742	3687	6472	3355	6930	3079	7340
27100	4081	4081	3445	4771	2918	5438	2624	5859	2380	6237
27200	3312	3312	2741	3936	2274	4544	2015	4929	1802	5276
27300	6513	6513	5702	7378	5018	8202	4630	8717	4305	9176
27400	6310	6310	5512	7161	4840	7974	4459	8481	4140	8935
27500	5042	5043	4332	5806	3739	6540	3404	7000	3127	7413
27600	4178	4178	3534	4876	3000	5550	2702	5975	2455	6357
27701	5784	5784	5022	6600	4381	7382	4019	7870	3716	8307
27702	5254	5255	4529	6034	3922	6782	3579	7250	3294	7670
27800	3984	3984	3355	4666	2836	5326	2546	5742	2306	6116
27900	7761	7762	6874	8703	6121	9597	5691	10152	5330	10648
28000	3703	3704	3098	4362	2600	5001	2323	5404	2094	5768
28100	2593	2594	2092	3149	1686	3695	1464	4043	1284	4358
28200	5694	5694	4938	6504	4303	7280	3943	7765	3644	8199
28300	5486	5486	4744	6281	4122	7044	3771	7521	3478	7949
28402	5426	5426	4688	6217	4070	6976	3721	7451	3430	7877
28403	5045	5046	4335	5809	3741	6544	3407	7004	3129	7417
28500	5535	5535	4789	6334	4164	7100	3811	7579	3517	8008
28600	7419	7419	6552	8340	5817	9215	5398	9760	5047	10246
28700	5933	5934	5161	6760	4511	7550	4143	8044	3836	8486
28801	2701	2701	2188	3267	1773	3823	1545	4177	1360	4497
28802	6717	6718	5893	7595	5198	8431	4802	8953	4471	9419
28901	3942	3942	3317	4620	2800	5277	2512	5692	2274	6064
28902	6359	6359	5558	7213	4883	8029	4500	8538	4180	8993
29001	4659	4659	3977	5394	3409	6102	3091	6547	2826	6946
29003	6083	6084	5301	6920	4642	7719	4269	8219	3957	8665
29004	3454	3454	2871	4091	2392	4711	2126	5102	1908	5455
29101	2894	2894	2362	3479	1930	4053	1692	4416	1498	4745
29102	4434	4435	3770	5152	3218	5845	2908	6281	2652	6672
29203	3105	3106	2554	3711	2103	4302	1855	4677	1651	5015
29204	9702	9703	8707	10752	7856	11743	7368	12357	6957	12903
29205	5196	5197	4475	5972	3871	6716	3531	7182	3248	7600
29206	3995	3995	3366	4678	2845	5339	2555	5755	2315	6130
29303	7711	7712	6827	8650	6076	9541	5648	10095	5289	10589
29304	7493	7493	6621	8418	5883	9298	5461	9845	5108	10333
29305	6005	6006	5228	6837	4574	7631	4203	8128	3894	8572
29306	4418	4419	3755	5135	3204	5827	2895	6262	2640	6652
29307	4816	4816	4122	5563	3544	6282	3219	6733	2949	7138
29403	6849	6850	6017	7735	5314	8579	4914	9105	4579	9575
29405	6759	6760	5933	7640	5235	8478	4838	9001	4506	9468
29406	5889	5890	5120	6713	4472	7500	4106	7993	3801	8433
29407	4990	4990	4284	5750	3694	6481	3362	6939	3086	7350
29408	4544	4545	3872	5271	3312	5972	2998	6412	2738	6807
29502	8235	8235	7320	9204	6542	10122	6097	10693	5724	11201
29503	8094	8094	7187	9054	6416	9966	5976	10532	5606	11037
29504	5993	5994	5217	6824	4563	7618	4193	8114	3884	8558
29601	8191	8191	7278	9157	6503	10073	6059	10643	5687	11150
29602	7227	7227	6371	8136	5647	9001	5234	9540	4889	10020
29700	8674	8675	7734	9668	6934	10609	6476	11193	6091	11713
29801	8553	8554	7620	9540	6826	10475	6372	11055	5989	11572
29802	9874	9875	8870	10933	8011	11932	7518	12551	7103	13101
29901	6242	6242	5448	7089	4780	7898	4401	8402	4085	8854
29902	7521	7522	6648	8448	5907	9329	5485	9877	5131	10366
30003	7413	7413	6546	8334	5812	9209	5393	9753	5042	10239
30004	7806	7807	6916	8750	6161	9647	5729	10204	5367	10701
30005	5596	5596	4846	6399	4217	7169	3862	7650	3566	8081
30006	4297	4297	3644	5004	3101	5688	2798	6117	2546	6503
30100	8711	8712	7769	9707	6967	10650	6508	11235	6122	11756
30201	5654	5654	4900	6461	4268	7235	3910	7718	3612	8151
30202	6380	6380	5578	7236	4901	8053	4518	8563	4197	9018
30304	4202	4202	3556	4902	3020	5578	2721	6004	2473	6386
30305	5516	5516	4772	6314	4148	7078	3795	7557	3502	7985
30306	6351	6351	5550	7205	4876	8020	4493	8529	4173	8984
30308	6671	6672	5850	7546	5157	8380	4763	8900	4434	9364
30309	5882	5883	5113	6705	4466	7493	4100	7985	3795	8425
30310	6050	6051	5270	6885	4613	7682	4241	8180	3930	8626
30311	4905	4905	4205	5659	3621	6384	3292	6839	3019	7246
30312	5557	5557	4810	6357	4183	7125	3829	7605	3535	8034
30313	4197	4197	3551	4896	3016	5572	2717	5998	2469	6380
30314	3803	3804	3190	4470	2684	5117	2402	5525	2170	5892
30401	10936	10937	9878	12049	8970	13097	8449	13745	8008	14320
30403	5080	5081	4367	5847	3771	6584	3436	7045	3157	7459
30404	7214	7214	6359	8122	5635	8987	5223	9525	4878	10005
30501	1901	1901	1475	2381	1138	2859	957	3165	813	3445
30503	4564	4565	3890	5293	3329	5995	3014	6436	2753	6831
30504	4904	4904	4204	5658	3620	6383	3291	6837	3018	7245
30600	5608	5608	4857	6412	4228	7183	3872	7664	3575	8096
30700	3805	3806	3192	4473	2686	5120	2404	5528	2171	5895
30801	5958	5959	5184	6786	4533	7578	4164	8073	3856	8516
30802	4151	4151	3509	4847	2977	5519	2680	5943	2434	6323
30901	3883	3883	3263	4556	2751	5209	2465	5621	2230	5991
30902	5852	5853	5085	6673	4440	7459	4075	7950	3771	8389
31000	3527	3527	2937	4170	2453	4796	2183	5191	1962	5547
31100	7135	7135	6285	8038	5565	8898	5156	9434	4813	9912
31202	6596	6596	5780	7466	5091	8296	4700	8813	4372	9275
31204	7008	7009	6166	7904	5454	8757	5049	9289	4709	9763
31205	9601	9602	8611	10645	7765	11632	7280	12243	6871	12786
31206	5049	5050	4338	5814	3745	6548	3410	7009	3132	7422
31301	3744	3745	3136	4406	2634	5049	2355	5454	2125	5819
31302	5129	5130	4413	5900	3814	6639	3476	7103	3195	7519
31400	6603	6603	5786	7473	5097	8303	4706	8821	4378	9283
31501	4104	4104	3466	4796	2937	5465	2642	5886	2398	6265
31502	5241	5242	4517	6020	3910	6767	3568	7235	3284	7654
31601	5079	5080	4366	5846	3770	6582	3435	7044	3156	7458
31603	6186	6186	5396	7029	4731	7834	4354	8337	4040	8787
31604	5305	5306	4576	6088	3966	6840	3621	7310	3335	7732
31605	5482	5482	4740	6277	4118	7040	3767	7517	3475	7944
31703	8797	8798	7851	9798	7044	10745	6583	11333	6194	11856
31704	7316	7316	6455	8231	5726	9101	5310	9642	4962	10125
31705	3825	3826	3210	4494	2703	5143	2420	5552	2186	5920
31706	5318	5319	4588	6102	3977	6855	3632	7325	3345	7747
31800	5941	5942	5168	6768	4518	7559	4150	8053	3843	8495
31903	8078	8078	7172	9037	6402	9948	5962	10514	5593	11018
31904	4418	4419	3755	5135	3204	5827	2895	6262	2640	6652
31906	4895	4895	4196	5648	3612	6373	3284	6827	3011	7234
31907	7798	7799	6909	8742	6153	9638	5722	10195	5361	10691
31908	4120	4120	3481	4813	2951	5483	2655	5905	2410	6285
31909	4106	4106	3468	4798	2939	5467	2644	5889	2400	6268
32002	3708	3709	3103	4367	2604	5007	2327	5411	2098	5774
32003	5695	5695	4939	6505	4303	7281	3944	7766	3645	8200
32005	7341	7341	6478	8257	5748	9128	5332	9671	4983	10155
32006	5061	5062	4350	5827	3755	6562	3420	7023	3142	7436
32007	4024	4024	3392	4709	2870	5372	2578	5790	2337	6166
32008	5075	5076	4363	5842	3767	6578	3432	7039	3153	7453
32010	5199	5200	4478	5975	3874	6719	3534	7185	3251	7603
32011	4331	4332	3675	5041	3130	5727	2825	6158	2573	6545
32102	5520	5520	4775	6318	4151	7083	3799	7561	3505	7990
32103	4878	4878	4180	5630	3597	6353	3270	6807	2998	7214
32104	7417	7417	6550	8338	5815	9213	5396	9758	5045	10244
32203	9669	9670	8675	10717	7827	11706	7340	12319	6929	12865
32207	4344	4345	3687	5055	3141	5742	2836	6173	2583	6561
32208	8993	8993	8035	10004	7219	10961	6752	11554	6358	12082
32210	12487	12487	11354	13673	10379	14788	9817	15476	9342	16087
32211	5333	5334	4602	6118	3990	6872	3645	7343	3357	7765
32212	8583	8584	7648	9572	6853	10508	6397	11089	6015	11607
32213	4724	4724	4037	5464	3465	6177	3144	6624	2877	7026
32214	6630	6630	5812	7502	5121	8334	4729	8852	4400	9315
32215	6453	6453	5646	7314	4965	8135	4579	8647	4256	9105
32307	7007	7008	6165	7903	5453	8756	5048	9287	4709	9762
32309	5685	5685	4929	6495	4295	7270	3936	7754	3637	8188
32311	6508	6508	5697	7372	5014	8197	4625	8711	4301	9170
32313	5888	5889	5119	6712	4472	7499	4105	7992	3800	8432
32315	6196	6196	5405	7040	4740	7846	4363	8349	4048	8799
32316	6303	6303	5506	7154	4834	7966	4453	8473	4134	8927
32317	6333	6333	5534	7186	4860	8000	4478	8508	4159	8962
32318	6079	6080	5297	6916	4638	7715	4265	8214	3954	8660
32319	6589	6589	5773	7459	5085	8288	4694	8805	4367	9267
32320	5941	5942	5168	6768	4518	7559	4150	8053	3843	8495
32321	6850	6851	6018	7736	5315	8580	4915	9106	4580	9576
32322	4878	4878	4180	5630	3597	6353	3270	6807	2998	7214
32323	5743	5743	4983	6557	4345	7335	3984	7822	3683	8258
32324	5440	5440	4701	6232	4082	6992	3732	7467	3441	7893
32325	6128	6129	5343	6968	4681	7770	4306	8271	3993	8719
32326	4016	4016	3385	4700	2863	5363	2571	5781	2331	6156
32327	4611	4611	3933	5342	3368	6047	3051	6490	2789	6888
32328	3592	3592	2997	4241	2507	4872	2235	5270	2011	5629
32329	7708	7709	6824	8646	6073	9538	5645	10092	5286	10586
32401	6262	6262	5467	7110	4798	7920	4418	8426	4101	8878
32402	6794	6795	5966	7677	5265	8518	4867	9042	4534	9510
32500	6337	6337	5537	7190	4864	8004	4481	8513	4162	8967
32601	3375	3375	2799	4005	2326	4618	2064	5006	1849	5356
32602	11182	11182	10111	12306	9193	13365	8664	14019	8218	14601
32702	7372	7372	6508	8290	5775	9163	5358	9706	5008	10191
32703	2342	2342	1867	2871	1485	3394	1277	3728	1109	4030
32704	8008	8008	7106	8963	6339	9870	5902	10434	5534	10936
32800	4359	4360	3701	5071	3154	5759	2848	6191	2594	6580
40100	4674	4674	3991	5410	3422	6120	3103	6565	2838	6965
40200	5301	5302	4573	6084	3962	6835	3618	7305	3332	7727
40300	3280	3280	2712	3901	2247	4507	1990	4890	1779	5236
40400	4974	4974	4269	5733	3680	6463	3348	6920	3073	7330
40500	2699	2699	2186	3265	1771	3821	1543	4174	1358	4494
40700	5198	5199	4477	5974	3873	6718	3533	7184	3250	7602
40800	3531	3531	2941	4175	2456	4801	2187	5196	1965	5552
40900	4571	4572	3897	5300	3335	6003	3020	6444	2759	6840
41000	6996	6997	6155	7892	5444	8744	5039	9275	4700	9749
41100	5456	5456	4716	6249	4096	7010	3746	7486	3454	7913
41201	3874	3875	3255	4548	2744	5200	2459	5611	2224	5981
41202	6313	6313	5515	7164	4842	7977	4461	8485	4142	8938
41301	6457	6457	5650	7318	4969	8139	4582	8652	4259	9110
41303	5475	5475	4734	6270	4112	7032	3761	7509	3469	7936
41304	3324	3324	2752	3949	2284	4558	2024	4944	1811	5291
41400	6266	6266	5471	7114	4801	7925	4422	8430	4104	8882
41500	1878	1878	1455	2355	1120	2830	941	3136	798	3414
41601	6743	6744	5918	7622	5220	8461	4824	8983	4492	9449
41605	6289	6289	5492	7139	4821	7950	4441	8457	4123	8910
41606	6603	6603	5786	7473	5097	8303	4706	8821	4378	9283
41607	3939	3939	3314	4617	2798	5274	2510	5688	2272	6060
41608	6534	6534	5722	7400	5037	8226	4647	8741	4322	9201
41701	5972	5973	5197	6801	4545	7594	4176	8089	3868	8532
41703	6258	6258	5463	7106	4794	7916	4415	8421	4098	8873
41704	4880	4880	4182	5632	3599	6355	3271	6809	2999	7216
41805	6411	6411	5607	7269	4928	8088	4544	8599	4222	9055
41806	9436	9436	8455	10471	7617	11450	7137	12056	6732	12596
41808	4423	4424	3760	5141	3208	5833	2899	6268	2644	6658
41809	6475	6475	5667	7337	4985	8160	4598	8673	4274	9131
41810	5706	5706	4949	6517	4313	7293	3953	7779	3654	8214
41811	8969	8970	8013	9980	7198	10935	6732	11528	6339	12056
41812	10730	10731	9682	11832	8784	12871	8267	13513	7831	14084
41901	8573	8574	7639	9561	6844	10497	6389	11078	6006	11595
41903	7242	7242	6385	8152	5660	9018	5247	9557	4901	10038
41904	5297	5298	4569	6080	3959	6831	3615	7301	3328	7722
41905	6346	6346	5546	7200	4871	8015	4489	8523	4169	8978
42001	6048	6049	5268	6883	4611	7680	4239	8178	3929	8623
42003	3833	3834	3218	4503	2709	5152	2426	5562	2192	5930
42004	4916	4916	4215	5671	3630	6396	3301	6852	3028	7260
42005	5759	5759	4998	6574	4359	7353	3998	7841	3696	8277
42006	4505	4506	3836	5229	3278	5927	2966	6365	2707	6759
50101	3213	3214	2652	3829	2192	4429	1938	4809	1730	5152
50102	5188	5189	4468	5963	3865	6707	3525	7173	3242	7590
50200	4993	4993	4287	5753	3696	6484	3364	6943	3088	7353
50300	6206	6206	5415	7050	4749	7857	4371	8361	4056	8811
50401	7977	7978	7077	8932	6313	9837	5876	10399	5509	10901
50402	6394	6394	5591	7251	4914	8069	4529	8579	4208	9035
50500	9304	9304	8330	10332	7498	11304	7022	11907	6620	12443
50600	1414	1414	1051	1831	769	2253	622	2526	507	2777
50700	6946	6947	6108	7838	5399	8688	4996	9217	4659	9690
50800	7010	7011	6168	7907	5456	8760	5051	9291	4711	9765
50900	3567	3567	2974	4214	2486	4843	2215	5240	1992	5597
51000	6495	6495	5685	7358	5002	8182	4614	8696	4290	9155
51100	4463	4464	3797	5184	3243	5879	2932	6315	2675	6707
51200	8771	8772	7826	9770	7021	10716	6560	11303	6172	11826
51300	9946	9947	8938	11009	8076	12011	7581	12632	7164	13184
51400	7764	7765	6877	8706	6123	9600	5693	10156	5333	10652
51500	5423	5423	4685	6214	4067	6973	3718	7448	3428	7873
51601	5019	5019	4311	5781	3719	6514	3385	6973	3109	7385
51602	4646	4646	3965	5380	3398	6088	3080	6532	2816	6930
51701	5715	5715	4957	6527	4321	7304	3961	7790	3661	8224
51702	4523	4524	3852	5248	3294	5948	2981	6387	2721	6781
51802	5671	5671	4916	6480	4283	7254	3924	7738	3626	8172
51803	7034	7035	6191	7932	5477	8786	5071	9319	4731	9794
51804	3206	3207	2646	3821	2187	4421	1933	4801	1725	5143
51905	9193	9193	8224	10215	7398	11182	6925	11781	6527	12314
51912	2746	2746	2229	3317	1809	3877	1579	4233	1392	4555
51913	5779	5779	5017	6595	4377	7376	4014	7864	3712	8301
51914	4789	4789	4097	5534	3521	6251	3197	6701	2928	7105
51915	7663	7664	6781	8599	6033	9487	5607	10040	5249	10533
51916	4802	4802	4109	5548	3532	6266	3207	6717	2938	7121
51917	4460	4461	3794	5181	3240	5875	2929	6312	2672	6704
51918	5717	5717	4959	6529	4323	7306	3963	7792	3663	8227
51921	4358	4359	3700	5070	3153	5758	2847	6190	2593	6578
51922	5493	5493	4750	6289	4128	7052	3776	7530	3484	7957
51923	4705	4705	4020	5444	3449	6155	3128	6602	2862	7003
51924	6021	6022	5243	6854	4588	7650	4217	8147	3907	8591
51925	8140	8140	7230	9103	6457	10017	6015	10584	5644	11090
51926	5181	5182	4461	5955	3859	6699	3519	7164	3236	7582
51927	7064	7064	6218	7963	5503	8819	5096	9352	4755	9828
51928	4102	4102	3464	4794	2936	5463	2640	5884	2397	6263
52003	8213	8213	7299	9180	6522	10098	6078	10668	5705	11176
52004	6329	6329	5530	7181	4857	7995	4475	8503	4155	8957
52005	5758	5758	4997	6573	4358	7352	3997	7840	3695	8276
52006	4313	4313	3658	5022	3115	5706	2810	6136	2559	6523
52007	4573	4574	3898	5302	3337	6005	3021	6446	2760	6842
52104	4951	4951	4248	5708	3660	6436	3330	6893	3055	7302
52105	2026	2027	1586	2521	1236	3012	1047	3326	895	3613
52107	4337	4338	3680	5048	3135	5734	2830	6165	2577	6553
52108	6309	6309	5511	7160	4839	7973	4458	8480	4139	8934
52112	3012	3012	2469	3609	2027	4192	1783	4562	1583	4896
52113	3182	3183	2624	3795	2167	4393	1914	4771	1707	5113
52114	5373	5373	4639	6160	4024	6916	3677	7389	3388	7813
52115	6794	6795	5966	7677	5265	8518	4867	9042	4534	9510
52118	7121	7121	6272	8023	5553	8883	5144	9418	4801	9895
52203	7813	7814	6923	8758	6167	9654	5735	10212	5373	10709
52204	5232	5233	4508	6010	3903	6757	3561	7224	3277	7643
52206	4673	4673	3990	5409	3421	6118	3102	6564	2837	6963
52207	5935	5936	5162	6762	4513	7552	4145	8046	3838	8488
52208	4323	4324	3668	5033	3123	5718	2819	6148	2566	6535
52209	2557	2558	2059	3109	1657	3652	1437	3998	1259	4311
52301	5393	5393	4657	6182	4041	6939	3693	7412	3404	7837
52302	3925	3925	3301	4602	2786	5258	2499	5671	2262	6043
52401	5298	5299	4570	6081	3960	6832	3616	7302	3329	7723
52402	3517	3517	2928	4159	2444	4784	2176	5179	1955	5535
52502	7357	7357	6493	8274	5762	9146	5345	9689	4996	10173
52503	7255	7255	6398	8166	5672	9032	5258	9572	4912	10053
52504	3938	3938	3313	4616	2797	5273	2509	5687	2271	6059
52603	3309	3309	2738	3933	2271	4541	2012	4925	1800	5272
52604	5677	5677	4922	6486	4288	7261	3929	7745	3631	8179
52605	6528	6528	5716	7394	5031	8219	4642	8734	4317	9194
52606	6072	6073	5290	6908	4632	7707	4259	8206	3948	8652
52607	6656	6657	5836	7530	5144	8363	4750	8882	4421	9346
52701	1897	1897	1472	2376	1135	2854	954	3160	810	3439
52705	9641	9642	8649	10687	7801	11676	7315	12288	6905	12832
52706	5398	5398	4662	6187	4045	6944	3698	7418	3408	7843
52707	5607	5607	4857	6411	4227	7181	3871	7663	3575	8095
52708	5396	5396	4660	6185	4044	6942	3696	7416	3406	7840
52709	3457	3457	2873	4094	2394	4714	2128	5106	1910	5459
52803	5159	5160	4441	5932	3840	6674	3501	7138	3219	7555
52804	8003	8003	7101	8958	6335	9865	5898	10428	5530	10930
52805	5236	5237	4512	6014	3906	6761	3564	7229	3280	7648
52806	7298	7298	6438	8211	5710	9080	5295	9621	4947	10104
52903	4431	4432	3767	5149	3215	5842	2906	6277	2650	6668
52904	6304	6304	5506	7155	4835	7967	4454	8474	4135	8928
52905	4003	4003	3373	4686	2852	5348	2561	5765	2321	6140
52906	6102	6103	5318	6940	4659	7741	4285	8241	3972	8688
53101	3901	3901	3279	4576	2766	5230	2479	5642	2243	6013
53102	5180	5181	4460	5954	3858	6698	3518	7163	3236	7580
53201	4341	4342	3684	5052	3139	5738	2833	6170	2580	6558
53202	5381	5381	4646	6169	4031	6925	3683	7398	3394	7822
53301	7092	7092	6244	7993	5527	8850	5119	9384	4778	9861
53302	5936	5937	5163	6763	4514	7554	4146	8047	3839	8489
53400	5762	5762	5001	6577	4362	7357	4000	7844	3699	8281
53504	7336	7336	6474	8252	5743	9123	5327	9665	4978	10149
53505	5634	5634	4882	6440	4250	7212	3894	7695	3596	8127
53506	6022	6023	5244	6855	4589	7651	4218	8148	3908	8592
53507	5455	5455	4715	6248	4095	7009	3745	7485	3453	7911
53508	3426	3426	2845	4060	2368	4678	2104	5068	1887	5420
53509	3990	3990	3361	4672	2841	5333	2551	5749	2311	6124
990100	0	0	0	28	0	99	0	163	0	231
53602	7362	7362	6498	8279	5766	9152	5350	9695	5000	10179
53603	4574	4575	3899	5303	3337	6006	3022	6447	2761	6844
53604	4564	4565	3890	5293	3329	5995	3014	6436	2753	6831
53700	4152	4152	3510	4848	2978	5520	2681	5944	2435	6324
53801	4475	4476	3808	5197	3253	5892	2942	6330	2684	6722
53802	6415	6415	5610	7273	4932	8092	4547	8603	4225	9060
53803	6227	6227	5434	7073	4767	7881	4389	8385	4073	8836
60200	913	913	626	1253	414	1606	308	1838	229	2052
60300	4368	4369	3709	5081	3162	5769	2855	6202	2601	6591
60400	4802	4802	4109	5548	3532	6266	3207	6717	2938	7121
60500	4286	4286	3633	4993	3092	5675	2789	6104	2538	6490
60600	6257	6257	5462	7105	4793	7914	4414	8420	4097	8872
60700	6220	6220	5428	7065	4761	7873	4383	8377	4067	8828
60800	5711	5711	4953	6522	4317	7299	3958	7785	3658	8220
60903	3426	3426	2845	4060	2368	4678	2104	5068	1887	5420
60904	5499	5499	4756	6295	4133	7059	3781	7537	3488	7965
60905	6532	6532	5720	7398	5035	8224	4646	8739	4320	9199
60906	2308	2308	1836	2833	1457	3353	1252	3685	1086	3986
61001	4596	4596	3919	5326	3355	6030	3039	6472	2777	6869
61002	4551	4552	3878	5279	3318	5980	3003	6420	2743	6815
61100	6436	6436	5630	7295	4950	8116	4565	8628	4242	9085
61200	5835	5836	5069	6655	4425	7439	4061	7930	3757	8368
61300	5005	5005	4298	5766	3707	6498	3374	6957	3098	7368
61400	3083	3084	2534	3687	2085	4276	1838	4650	1635	4987
61500	5515	5515	4771	6312	4147	7077	3795	7555	3501	7984
61601	2202	2202	1742	2716	1373	3225	1174	3550	1013	3846
61602	845	846	570	1174	369	1516	269	1742	196	1951
61700	4948	4948	4245	5705	3658	6433	3327	6889	3053	7299
61800	2828	2828	2303	3407	1876	3974	1642	4335	1451	4661
61900	2076	2077	1630	2576	1275	3073	1083	3391	929	3679
62000	4451	4452	3786	5171	3232	5865	2922	6301	2665	6693
62300	5397	5397	4661	6186	4045	6943	3697	7417	3407	7842
62400	5958	5959	5184	6786	4533	7578	4164	8073	3856	8516
62500	7537	7538	6663	8465	5922	9347	5499	9896	5144	10385
62600	3550	3550	2958	4195	2472	4823	2202	5219	1979	5576
62801	6176	6176	5387	7018	4722	7823	4346	8326	4031	8775
62802	4130	4130	3490	4824	2959	5495	2663	5917	2418	6297
62900	7764	7765	6877	8706	6123	9600	5693	10156	5333	10652
63000	3153	3154	2597	3763	2143	4359	1892	4736	1686	5076
63100	4409	4410	3747	5125	3197	5817	2888	6251	2633	6641
63200	5331	5332	4600	6116	3988	6869	3643	7341	3355	7763
63300	6932	6933	6095	7824	5387	8672	4984	9201	4647	9673
63400	8389	8389	7465	9367	6679	10293	6230	10868	5852	11381
63501	4450	4451	3785	5170	3232	5864	2921	6300	2665	6692
63502	5214	5215	4492	5991	3887	6736	3546	7203	3263	7622
70100	3879	3880	3260	4553	2748	5206	2463	5617	2227	5987
70203	7119	7119	6270	8021	5551	8880	5142	9415	4800	9893
70204	3590	3590	2995	4239	2505	4869	2233	5268	2009	5626
70205	3691	3692	3088	4349	2590	4987	2313	5390	2085	5753
70206	4737	4737	4049	5478	3476	6192	3154	6640	2887	7042
70207	5184	5185	4464	5959	3861	6702	3521	7168	3239	7585
70307	5033	5033	4324	5796	3731	6530	3397	6990	3120	7402
70308	5689	5689	4933	6499	4298	7274	3939	7759	3640	8193
70309	7536	7537	6662	8464	5921	9346	5498	9895	5144	10384
70310	6143	6144	5357	6984	4694	7787	4319	8288	4006	8737
70311	5195	5196	4474	5970	3871	6715	3530	7181	3248	7599
70312	6243	6243	5449	7090	4781	7899	4402	8404	4086	8855
70313	9007	9007	8048	10019	7232	10976	6764	11570	6370	12099
70314	3804	3805	3191	4472	2685	5119	2403	5527	2171	5894
70315	7073	7073	6227	7972	5511	8829	5103	9362	4762	9839
70316	5155	5156	4437	5927	3836	6669	3497	7134	3216	7550
70401	2233	2233	1769	2750	1398	3262	1197	3590	1034	3887
70403	3268	3268	2701	3888	2237	4493	1980	4875	1770	5221
70404	4952	4952	4248	5709	3661	6438	3330	6894	3056	7304
70703	6431	6431	5625	7290	4946	8110	4560	8622	4238	9079
71100	2871	2871	2342	3454	1911	4025	1674	4388	1481	4716
71205	5674	5674	4919	6483	4285	7257	3927	7742	3628	8175
71206	9756	9757	8758	10808	7905	11802	7415	12418	7003	12965
71207	6612	6612	5795	7483	5105	8314	4713	8831	4386	9294
71208	8630	8631	7693	9621	6895	10560	6438	11143	6054	11662
71209	5158	5159	4440	5931	3839	6672	3500	7137	3218	7554
71210	6880	6881	6046	7768	5341	8614	4940	9141	4605	9612
71304	8587	8588	7652	9576	6856	10513	6401	11094	6018	11612
71305	4283	4283	3631	4989	3089	5672	2786	6101	2536	6486
71306	8532	8533	7600	9518	6807	10452	6353	11031	5972	11548
71307	6789	6790	5961	7671	5261	8512	4863	9036	4530	9504
71309	4826	4826	4132	5574	3553	6294	3227	6745	2957	7150
71310	6363	6363	5562	7218	4886	8034	4503	8543	4183	8998
71403	4832	4832	4137	5580	3558	6300	3232	6752	2962	7158
71406	10411	10411	9379	11497	8495	12521	7987	13155	7559	13718
71407	6868	6869	6035	7755	5331	8601	4930	9127	4595	9597
71408	4685	4685	4001	5422	3432	6132	3112	6578	2847	6978
71409	5025	5025	4316	5788	3724	6521	3390	6980	3113	7392
71410	7312	7312	6451	8226	5722	9096	5307	9637	4959	10120
71411	5877	5878	5108	6700	4462	7487	4096	7979	3791	8419
71503	5686	5686	4930	6496	4296	7271	3937	7756	3638	8190
71504	4469	4470	3802	5190	3248	5886	2937	6322	2679	6715
71505	5938	5939	5165	6765	4515	7556	4147	8050	3840	8492
71506	5652	5652	4898	6459	4266	7232	3909	7716	3611	8149
71601	5144	5145	4427	5916	3827	6657	3488	7121	3207	7537
71602	7641	7642	6761	8575	6014	9463	5588	10015	5231	10507
71703	3501	3501	2914	4142	2431	4766	2163	5159	1943	5514
71704	4423	4424	3760	5141	3208	5833	2899	6268	2644	6658
71705	4023	4023	3391	4708	2869	5371	2577	5789	2336	6165
71706	2038	2039	1597	2534	1245	3026	1055	3342	903	3629
71707	2916	2916	2382	3503	1948	4079	1709	4444	1514	4774
71803	5859	5860	5092	6681	4446	7467	4081	7958	3777	8397
71805	3556	3556	2964	4202	2477	4830	2206	5226	1984	5584
71806	4468	4469	3801	5189	3247	5884	2936	6321	2679	6714
71807	3722	3723	3116	4382	2616	5023	2338	5427	2109	5791
71808	3730	3731	3123	4391	2623	5033	2344	5437	2115	5801
71901	5782	5782	5020	6598	4379	7379	4017	7868	3715	8305
71902	6414	6414	5609	7272	4931	8091	4546	8602	4224	9059
72000	5149	5150	4431	5921	3831	6662	3493	7127	3211	7543
72105	4890	4890	4191	5643	3608	6367	3280	6821	3007	7228
72106	6733	6734	5908	7612	5212	8449	4816	8971	4484	9437
72107	5239	5240	4515	6018	3909	6765	3567	7233	3282	7652
72108	5957	5958	5183	6785	4532	7577	4163	8072	3855	8515
72109	4160	4160	3517	4856	2985	5530	2687	5953	2441	6334
72111	2922	2922	2388	3510	1953	4086	1714	4451	1518	4781
72112	5115	5116	4400	5885	3802	6624	3464	7087	3184	7502
72305	6592	6592	5776	7462	5088	8291	4696	8808	4369	9270
72307	4847	4847	4151	5596	3571	6318	3244	6770	2973	7176
72308	7772	7773	6884	8714	6130	9609	5700	10165	5339	10661
72309	7135	7135	6285	8038	5565	8898	5156	9434	4813	9912
72310	4417	4418	3754	5134	3203	5826	2895	6261	2639	6651
72311	4644	4644	3963	5378	3397	6085	3078	6529	2815	6928
72312	6710	6711	5887	7587	5191	8423	4796	8945	4465	9410
72313	4199	4199	3553	4899	3018	5575	2718	6000	2471	6382
72405	4846	4846	4150	5595	3570	6317	3243	6769	2973	7175
72406	6375	6375	5573	7230	4897	8047	4513	8557	4193	9012
72407	5329	5330	4599	6114	3987	6867	3641	7338	3354	7761
72408	6703	6704	5880	7580	5185	8416	4790	8937	4460	9402
72409	2981	2981	2441	3575	2001	4156	1759	4524	1561	4857
72410	4252	4252	3602	4956	3063	5636	2761	6064	2512	6448
72503	4870	4870	4172	5621	3590	6344	3263	6797	2991	7204
72504	4723	4723	4036	5463	3464	6176	3143	6623	2876	7025
72505	9354	9354	8377	10385	7543	11359	7065	11963	6663	12501
72506	4698	4698	4013	5436	3443	6147	3122	6593	2857	6994
72507	3595	3595	3000	4244	2509	4875	2237	5274	2013	5632
72601	5905	5906	5134	6730	4486	7519	4120	8011	3814	8452
72602	5771	5771	5009	6587	4370	7367	4008	7855	3706	8292
72603	7680	7681	6797	8617	6049	9506	5621	10060	5263	10553
72800	13817	13817	12624	15064	11595	16233	11001	16953	10497	17592
72901	13	13	0	77	0	180	0	263	0	348
72903	41	41	2	135	0	265	0	364	0	463
900202	0	0	0	28	0	99	0	163	0	231
72906	15	15	0	81	0	188	0	272	0	358
990002	156	156	53	313	7	500	0	633	0	761
73001	6319	6319	5520	7171	4848	7984	4466	8492	4147	8946
73005	5797	5797	5034	6614	4392	7396	4029	7885	3727	8323
73006	4213	4213	3566	4914	3030	5591	2730	6017	2482	6400
73108	8614	8615	7678	9604	6880	10542	6424	11125	6041	11643
73110	5276	5277	4549	6057	3941	6807	3597	7276	3312	7697
73111	5059	5060	4348	5824	3753	6560	3418	7021	3140	7434
73113	7076	7076	6229	7976	5513	8832	5106	9366	4764	9842
73114	5623	5623	4871	6428	4241	7200	3884	7682	3587	8114
73115	4466	4467	3800	5187	3245	5882	2934	6319	2677	6711
73116	3460	3460	2876	4097	2397	4718	2131	5110	1912	5463
73117	3932	3932	3308	4609	2792	5266	2504	5680	2267	6052
73118	4811	4811	4118	5558	3540	6276	3215	6727	2945	7132
73119	3589	3589	2994	4238	2504	4868	2232	5266	2009	5625
73120	4396	4397	3735	5111	3185	5802	2878	6235	2623	6625
73121	5282	5283	4555	6064	3946	6814	3602	7283	3317	7704
73122	4884	4884	4185	5636	3602	6360	3275	6814	3002	7221
73123	6178	6178	5389	7020	4724	7825	4348	8328	4033	8777
73124	3020	3020	2477	3618	2033	4202	1789	4572	1589	4907
73125	10333	10333	9305	11415	8425	12435	7919	13067	7493	13629
73126	3536	3536	2946	4180	2460	4806	2191	5202	1969	5558
73200	7923	7924	7026	8874	6265	9777	5830	10338	5465	10838
73301	5971	5972	5196	6800	4544	7593	4175	8088	3867	8531
73302	4963	4963	4259	5721	3670	6450	3339	6907	3064	7317
73404	9559	9560	8571	10601	7727	11585	7244	12195	6836	12738
73405	4418	4419	3755	5135	3204	5827	2895	6262	2640	6652
73406	5514	5514	4770	6311	4146	7076	3794	7554	3500	7983
73407	3871	3872	3253	4544	2741	5196	2456	5607	2221	5977
73408	5534	5534	4788	6333	4163	7099	3810	7578	3516	8007
73500	9302	9302	8328	10330	7496	11302	7020	11904	6619	12440
80101	4473	4474	3806	5195	3251	5890	2940	6327	2682	6720
80102	6139	6140	5353	6980	4691	7783	4316	8284	4002	8732
80200	5083	5084	4370	5850	3774	6587	3438	7049	3159	7463
80300	3569	3569	2976	4216	2488	4845	2217	5242	1994	5600
80400	5570	5570	4822	6371	4195	7139	3840	7620	3545	8050
80500	4366	4367	3707	5079	3160	5767	2853	6200	2600	6588
80600	6366	6366	5564	7221	4889	8037	4506	8546	4185	9002
80700	7415	7415	6548	8336	5813	9211	5395	9756	5044	10242
80800	2018	2019	1579	2512	1229	3002	1041	3316	890	3602
80900	7377	7377	6512	8295	5780	9169	5362	9712	5012	10197
81000	7430	7430	6562	8352	5827	9228	5408	9773	5056	10259
81100	3153	3154	2597	3763	2143	4359	1892	4736	1686	5076
81200	3115	3116	2563	3722	2111	4314	1862	4689	1658	5028
81400	60	60	7	168	0	311	0	418	0	523
90101	7248	7248	6391	8158	5665	9025	5252	9564	4906	10045
90102	8857	8858	7907	9861	7098	10811	6635	11401	6245	11926
90201	5437	5437	4698	6229	4079	6989	3730	7464	3439	7890
90202	5899	5900	5129	6723	4481	7512	4115	8004	3809	8445
90300	3628	3628	3030	4280	2537	4914	2263	5314	2038	5674
90400	6176	6176	5387	7018	4722	7823	4346	8326	4031	8775
90501	5484	5484	4742	6279	4120	7042	3769	7519	3476	7946
90502	5656	5656	4902	6463	4269	7237	3912	7721	3614	8153
90700	6897	6898	6062	7786	5356	8633	4955	9161	4618	9632
90800	5376	5376	4641	6164	4026	6919	3679	7392	3390	7816
90900	7481	7481	6610	8406	5872	9285	5451	9831	5098	10319
91000	8621	8622	7684	9612	6887	10550	6430	11133	6046	11651
91100	5624	5624	4872	6429	4242	7201	3885	7683	3588	8115
91201	6412	6412	5608	7270	4929	8089	4544	8600	4223	9056
91203	9353	9353	8376	10384	7542	11358	7064	11962	6662	12500
91204	5770	5770	5008	6585	4369	7366	4007	7854	3705	8290
91301	4921	4921	4220	5676	3634	6402	3305	6858	3031	7266
91302	8647	8648	7709	9639	6910	10579	6453	11162	6068	11682
91400	3899	3899	3277	4574	2764	5228	2478	5640	2242	6011
91500	5439	5439	4700	6231	4081	6991	3732	7466	3441	7892
91600	9265	9265	8293	10291	7463	11261	6988	11862	6587	12398
91700	12092	12093	10978	13261	10020	14359	9468	15037	9001	15639
91800	5259	5260	4534	6039	3926	6787	3583	7256	3298	7676
91900	8586	8587	7651	9575	6855	10511	6400	11093	6017	11611
92000	6237	6237	5444	7083	4776	7892	4397	8397	4081	8848
92100	7823	7824	6932	8768	6176	9666	5744	10223	5381	10721
92200	11092	11093	10026	12213	9112	13268	8586	13920	8141	14499
92300	9310	9310	8335	10338	7504	11311	7027	11913	6625	12450
92400	8628	8629	7691	9619	6893	10558	6436	11141	6052	11659
92500	9705	9706	8710	10755	7859	11746	7371	12360	6960	12906
92600	6841	6842	6010	7727	5307	8570	4907	9096	4573	9565
92701	5128	5129	4412	5898	3813	6638	3475	7102	3195	7517
92704	3924	3924	3300	4601	2785	5257	2498	5670	2261	6042
92801	6194	6194	5404	7037	4738	7843	4361	8347	4046	8797
92802	4752	4752	4063	5494	3489	6209	3167	6658	2899	7060
92803	3083	3084	2534	3687	2085	4276	1838	4650	1635	4987
92901	6241	6241	5448	7088	4779	7896	4401	8401	4084	8853
92902	5785	5785	5022	6601	4382	7383	4019	7871	3717	8308
940000	4039	4039	3406	4725	2882	5390	2590	5808	2348	6185
940001	14351	14352	13135	15622	12085	16812	11478	17545	10963	18195
940002	11936	11937	10829	13097	9878	14189	9330	14863	8866	15461
940003	6820	6821	5990	7704	5288	8547	4889	9072	4555	9541
940004	7342	7342	6479	8258	5749	9130	5332	9672	4983	10156
940005	6108	6109	5324	6947	4664	7748	4290	8248	3977	8695
940006	2811	2811	2287	3388	1862	3954	1629	4314	1438	4639
940007	3658	3659	3057	4313	2562	4949	2287	5350	2060	5711
940008	6297	6297	5500	7147	4828	7959	4448	8466	4129	8919
940009	3204	3205	2644	3819	2185	4419	1931	4798	1724	5141
940010	6252	6252	5458	7099	4789	7909	4410	8414	4093	8866
940011	4902	4902	4202	5656	3618	6380	3289	6835	3017	7243
940100	6767	6768	5940	7648	5242	8487	4844	9011	4512	9478
