tract10_id mean median lower_50 upper_50 lower_80 upper_80 lower_90 upper_90 lower_95 upper_95
100	6623	6623	5951	7331	5376	8000	5046	8414	4768	8782
200	7910	7911	7174	8683	6542	9409	6177	9858	5869	10256
300	2758	2758	2330	3221	1976	3669	1778	3951	1615	4205
401	5412	5412	4806	6053	4291	6662	3997	7041	3750	7378
402	4838	4838	4266	5446	3782	6024	3506	6384	3275	6705
500	4079	4079	3555	4638	3114	5173	2864	5507	2656	5806
600	8317	8317	7561	9108	6912	9852	6537	10311	6220	10718
700	4779	4779	4210	5383	3729	5958	3456	6316	3226	6636
800	2795	2795	2364	3261	2008	3712	1808	3996	1643	4250
900	2334	2334	1942	2762	1620	3178	1441	3440	1295	3677
1000	2041	2042	1676	2443	1378	2835	1214	3083	1079	3308
1100	2657	2657	2237	3112	1891	3552	1697	3830	1538	4080
1200	7105	7105	6408	7837	5811	8528	5468	8955	5178	9335
1300	4455	4456	3907	5039	3444	5596	3181	5943	2961	6253
1400	5323	5324	4723	5960	4212	6565	3921	6940	3676	7275
1500	2679	2679	2258	3135	1909	3578	1715	3856	1554	4107
1600	4375	4376	3832	4954	3374	5506	3114	5851	2896	6158
1701	3645	3645	3151	4175	2737	4683	2503	5001	2308	5286
1702	4373	4374	3830	4952	3372	5504	3112	5848	2894	6156
1800	4591	4591	4034	5183	3563	5748	3296	6099	3072	6413
1900	4730	4730	4164	5331	3686	5903	3414	6260	3186	6578
2000	3702	3703	3204	4236	2786	4748	2550	5068	2354	5355
2100	4219	4219	3686	4788	3237	5331	2982	5670	2769	5973
2200	6029	6030	5389	6706	4843	7346	4530	7743	4267	8096
2400	3825	3826	3319	4368	2893	4887	2653	5212	2452	5503
2500	2757	2757	2329	3220	1975	3668	1777	3950	1614	4203
2600	5041	5041	4457	5661	3962	6251	3679	6617	3442	6944
2700	5484	5484	4874	6130	4355	6742	4059	7123	3810	7462
2800	4742	4742	4176	5344	3697	5917	3424	6273	3196	6592
2900	4549	4550	3995	5139	3527	5702	3261	6052	3038	6365
3000	5987	5988	5349	6662	4805	7300	4493	7695	4231	8047
3100	6595	6595	5924	7302	5351	7969	5022	8382	4744	8750
3200	8213	8213	7462	8999	6817	9738	6445	10195	6130	10600
3300	6626	6626	5954	7334	5379	8003	5049	8417	4771	8785
3400	3566	3566	3078	4090	2668	4594	2438	4909	2245	5191
3500	4205	4205	3673	4773	3225	5315	2970	5654	2758	5956
3600	5978	5979	5340	6652	4797	7290	4486	7685	4224	8037
3800	2061	2062	1694	2464	1394	2858	1229	3108	1094	3333
3900	2907	2907	2468	3382	2103	3841	1898	4129	1729	4389
4000	2772	2772	2343	3236	1988	3685	1789	3968	1625	4222
4100	8414	8414	7654	9210	7000	9957	6623	10419	6304	10828
4200	8092	8092	7347	8873	6707	9607	6338	10060	6025	10462
4301	3033	3033	2584	3518	2210	3986	2001	4280	1827	4543
4302	1494	1494	1184	1840	936	2182	801	2401	693	2599
4400	5806	5806	5178	6470	4643	7099	4337	7490	4079	7837
4500	2535	2536	2126	2980	1789	3412	1601	3684	1446	3929
4600	3303	3303	2833	3808	2441	4294	2221	4599	2037	4872
4700	7154	7154	6454	7889	5855	8582	5511	9011	5220	9391
4800	4773	4773	4205	5377	3724	5951	3450	6309	3221	6628
4900	6633	6633	5960	7342	5385	8011	5055	8425	4777	8793
5000	3657	3657	3162	4188	2747	4697	2513	5015	2318	5301
5100	3806	3807	3301	4348	2877	4866	2637	5190	2437	5480
5200	6183	6183	5534	6867	4980	7515	4663	7916	4396	8274
5301	5089	5090	4502	5712	4004	6304	3720	6672	3482	7000
5302	374	373	228	555	127	750	81	880	49	1002
5400	5166	5167	4575	5794	4073	6390	3786	6760	3546	7091
5600	7095	7095	6398	7827	5802	8517	5459	8944	5169	9324
5700	6859	6860	6175	7580	5589	8259	5253	8680	4969	9054
5801	5205	5206	4611	5835	4107	6433	3820	6805	3578	7137
5802	5204	5205	4610	5834	4106	6432	3819	6804	3577	7135
5900	6033	6034	5393	6710	4846	7350	4533	7747	4270	8101
6000	5514	5514	4902	6161	4382	6776	4084	7157	3835	7497
6100	5478	5478	4868	6123	4350	6736	4053	7116	3805	7455
6200	4282	4282	3745	4855	3292	5402	3035	5743	2820	6048
6300	5954	5955	5318	6627	4775	7263	4465	7658	4203	8009
6400	3426	3426	2947	3940	2547	4434	2322	4744	2134	5021
6500	5253	5254	4657	5886	4150	6487	3861	6860	3618	7193
6600	3858	3859	3350	4403	2922	4925	2680	5251	2479	5542
6700	7340	7340	6631	8084	6024	8786	5674	9219	5379	9605
6800	3040	3040	2591	3526	2216	3994	2006	4288	1832	4552
6900	4381	4382	3838	4961	3379	5513	3119	5858	2901	6166
7000	8598	8599	7830	9403	7168	10158	6787	10624	6463	11037
7100	3439	3439	2959	3954	2559	4449	2333	4759	2145	5037
7200	8049	8049	7306	8827	6667	9560	6299	10012	5988	10413
7300	6738	6739	6060	7452	5480	8126	5147	8543	4866	8914
7401	5277	5278	4679	5912	4171	6513	3881	6887	3638	7221
7402	6094	6095	5450	6774	4901	7418	4586	7817	4321	8172
7500	7235	7235	6531	7974	5929	8671	5582	9101	5289	9484
7600	3614	3614	3122	4142	2710	4648	2477	4965	2284	5249
7700	4666	4666	4104	5263	3630	5832	3359	6186	3133	6502
7800	6059	6060	5417	6738	4870	7379	4556	7777	4292	8131
7900	6086	6087	5443	6766	4894	7409	4579	7808	4315	8162
8001	6648	6648	5975	7358	5399	8027	5068	8442	4789	8811
8002	3572	3572	3083	4097	2674	4600	2443	4916	2250	5198
8100	6075	6076	5432	6754	4884	7397	4570	7795	4305	8150
8200	5169	5170	4577	5797	4075	6393	3789	6764	3548	7094
8300	4570	4571	4015	5162	3546	5725	3279	6076	3055	6390
8400	6337	6337	5680	7030	5119	7685	4797	8091	4526	8452
8500	4442	4443	3895	5026	3433	5582	3170	5928	2951	6238
8600	3449	3449	2969	3965	2567	4460	2341	4771	2153	5049
8700	3888	3888	3377	4434	2947	4958	2705	5284	2502	5577
8800	3580	3580	3091	4105	2681	4609	2449	4925	2257	5208
8900	4787	4787	4218	5392	3736	5967	3462	6325	3233	6645
9000	2877	2877	2440	3350	2077	3806	1874	4094	1706	4352
9100	2764	2764	2336	3228	1981	3676	1783	3958	1619	4212
9200	2835	2835	2401	3304	2042	3758	1840	4043	1674	4300
9300	3292	3292	2823	3796	2432	4281	2212	4586	2029	4858
9400	5389	5389	4784	6029	4270	6637	3977	7014	3730	7351
9500	6272	6272	5618	6961	5060	7613	4740	8017	4471	8377
9600	6058	6059	5416	6736	4869	7378	4555	7776	4291	8130
9701	6198	6198	5548	6883	4994	7531	4676	7933	4408	8291
9702	5716	5716	5093	6375	4562	7000	4259	7387	4004	7732
9800	6782	6783	6102	7499	5520	8175	5185	8593	4903	8965
9900	6324	6324	5667	7016	5107	7670	4785	8076	4515	8437
10001	3598	3598	3107	4125	2696	4630	2464	4946	2271	5229
10002	4469	4470	3920	5054	3457	5612	3193	5959	2973	6270
10100	6471	6471	5807	7171	5239	7832	4914	8242	4639	8607
10200	5247	5248	4651	5880	4145	6480	3856	6853	3613	7186
10300	5878	5879	5246	6546	4707	7179	4399	7571	4139	7921
10401	4532	4533	3979	5121	3512	5683	3247	6032	3024	6345
10402	4791	4791	4222	5396	3740	5971	3466	6330	3236	6650
10500	6582	6582	5912	7288	5339	7955	5010	8368	4733	8735
10600	8159	8159	7411	8943	6768	9680	6397	10134	6083	10538
10701	3237	3237	2772	3737	2384	4218	2166	4521	1986	4791
10702	2822	2822	2389	3290	2030	3743	1830	4028	1664	4284
10800	4989	4989	4408	5606	3915	6193	3635	6557	3399	6883
10900	1340	1340	1047	1668	815	1995	689	2204	589	2394
11001	3984	3984	3466	4537	3031	5066	2785	5396	2579	5692
11002	3995	3995	3477	4549	3041	5078	2794	5409	2588	5705
11101	4537	4538	3984	5127	3517	5688	3251	6038	3028	6351
11102	4254	4254	3719	4825	3268	5370	3012	5710	2798	6014
11200	3738	3739	3238	4275	2818	4789	2580	5110	2383	5398
11300	6419	6419	5757	7116	5192	7775	4868	8183	4595	8547
11401	4248	4248	3713	4819	3262	5364	3007	5704	2793	6007
11402	4269	4269	3733	4841	3281	5387	3024	5728	2810	6032
11500	4591	4591	4034	5183	3563	5748	3296	6099	3072	6413
11600	7116	7116	6418	7849	5821	8540	5477	8968	5187	9348
11700	5897	5898	5264	6566	4724	7200	4415	7593	4155	7943
11800	7345	7345	6636	8090	6028	8791	5679	9225	5383	9610
11900	7427	7427	6714	8176	6103	8881	5751	9317	5454	9704
12000	3708	3709	3210	4243	2792	4755	2555	5075	2359	5362
12100	3039	3039	2590	3525	2215	3993	2006	4287	1832	4551
20100	3585	3585	3095	4111	2685	4615	2453	4931	2261	5214
20200	5923	5924	5288	6594	4748	7229	4438	7623	4177	7973
20300	6818	6819	6136	7537	5552	8214	5217	8634	4934	9007
20401	4113	4113	3587	4675	3144	5212	2893	5547	2683	5846
20402	6529	6529	5862	7232	5291	7896	4964	8308	4688	8674
20500	7642	7643	6919	8402	6298	9116	5941	9558	5638	9950
20600	3964	3964	3448	4516	3014	5043	2768	5373	2563	5668
20700	3922	3922	3408	4471	2977	4996	2733	5324	2529	5618
20800	5293	5294	4694	5928	4186	6531	3895	6906	3651	7240
20900	6258	6258	5605	6946	5047	7598	4728	8001	4459	8360
21000	6565	6565	5896	7270	5324	7936	4996	8348	4719	8715
21100	5040	5040	4456	5660	3961	6249	3678	6616	3441	6943
21300	4203	4203	3671	4771	3223	5313	2969	5651	2756	5954
21400	4767	4767	4199	5370	3719	5945	3445	6302	3216	6621
21500	5462	5462	4853	6106	4335	6718	4040	7098	3791	7436
21600	5897	5898	5264	6566	4724	7200	4415	7593	4155	7943
21700	9286	9286	8487	10121	7797	10904	7399	11386	7061	11814
21802	6555	6555	5886	7260	5315	7925	4987	8337	4710	8704
21803	5337	5338	4736	5975	4225	6580	3933	6956	3688	7291
21804	4722	4722	4157	5322	3679	5894	3407	6250	3179	6568
21903	6791	6792	6110	7508	5528	8185	5193	8603	4911	8975
21904	5679	5679	5058	6336	4529	6959	4227	7345	3973	7689
21905	5504	5504	4892	6151	4373	6764	4076	7146	3826	7485
21906	4362	4362	3820	4940	3363	5492	3103	5836	2885	6143
22001	5289	5290	4691	5924	4182	6527	3892	6901	3648	7235
22003	5717	5717	5094	6376	4563	7001	4260	7388	4004	7734
22005	4894	4894	4319	5505	3831	6087	3554	6448	3321	6771
22006	4050	4050	3528	4607	3089	5141	2840	5473	2632	5771
22101	6274	6274	5620	6963	5062	7615	4742	8019	4472	8379
22102	7989	7989	7248	8765	6613	9494	6246	9945	5936	10345
22201	4875	4875	4301	5485	3814	6065	3537	6426	3305	6749
22202	8218	8218	7467	9005	6821	9744	6449	10200	6134	10605
22203	6410	6410	5749	7107	5184	7765	4860	8173	4587	8536
22300	4361	4361	3819	4939	3362	5491	3102	5835	2885	6142
22400	9251	9251	8453	10084	7765	10866	7368	11348	7031	11775
22500	7967	7968	7228	8743	6594	9471	6228	9921	5918	10321
22603	5942	5943	5306	6614	4765	7250	4454	7644	4193	7995
22604	5533	5533	4920	6182	4399	6797	4101	7179	3850	7519
22605	7087	7087	6391	7818	5795	8508	5452	8935	5163	9315
22606	6661	6661	5987	7371	5410	8042	5080	8457	4800	8826
22701	3150	3151	2692	3644	2311	4120	2096	4419	1918	4687
22702	3961	3961	3445	4512	3011	5040	2766	5370	2561	5665
22703	2826	2826	2393	3295	2034	3748	1833	4033	1667	4289
22801	8298	8298	7543	9088	6894	9831	6520	10289	6203	10696
22802	5253	5254	4657	5886	4150	6487	3861	6860	3618	7193
22803	5303	5304	4704	5939	4195	6542	3904	6917	3660	7251
22901	3490	3490	3007	4009	2603	4507	2375	4819	2185	5099
22902	7035	7036	6342	7765	5748	8452	5407	8878	5119	9256
23000	5692	5692	5070	6350	4541	6973	4238	7360	3983	7704
23100	4007	4007	3488	4562	3051	5092	2804	5423	2598	5720
23201	6060	6061	5418	6739	4870	7380	4557	7778	4293	8132
23202	4372	4373	3829	4951	3371	5503	3111	5847	2894	6155
23300	6391	6391	5731	7087	5167	7744	4844	8152	4571	8514
23401	4015	4015	3495	4570	3058	5101	2811	5433	2604	5729
23403	4231	4231	3697	4801	3247	5344	2992	5684	2779	5987
23404	3766	3767	3264	4305	2842	4821	2604	5143	2405	5432
23500	3799	3800	3295	4340	2871	4858	2631	5182	2431	5471
23601	4237	4237	3703	4807	3253	5351	2997	5691	2784	5994
23603	6003	6004	5364	6678	4819	7317	4507	7713	4245	8066
23604	6213	6213	5562	6899	5007	7548	4689	7950	4421	8308
23700	4654	4654	4093	5250	3619	5818	3349	6172	3123	6488
23801	3061	3061	2610	3548	2234	4018	2024	4313	1849	4578
23803	4154	4154	3625	4718	3180	5258	2927	5594	2717	5895
23804	5067	5067	4481	5689	3985	6280	3701	6647	3464	6975
23900	7631	7632	6908	8390	6288	9104	5931	9545	5629	9937
24000	8376	8376	7618	9170	6966	9916	6589	10376	6271	10785
24100	5064	5064	4479	5686	3982	6276	3699	6643	3461	6971
24200	3529	3529	3043	4051	2636	4551	2407	4865	2216	5146
24300	8075	8075	7330	8855	6691	9588	6322	10041	6011	10443
24400	2053	2054	1687	2456	1388	2849	1223	3098	1088	3323
24500	5655	5655	5035	6311	4508	6932	4206	7318	3952	7661
24601	5139	5140	4549	5765	4049	6360	3763	6729	3523	7059
24602	4091	4091	3566	4651	3125	5187	2875	5521	2666	5820
24701	4200	4200	3668	4768	3220	5310	2966	5648	2754	5950
24702	8649	8650	7878	9456	7215	10213	6832	10680	6508	11095
24800	6206	6206	5555	6892	5001	7540	4683	7942	4415	8300
24901	5809	5809	5181	6473	4645	7103	4339	7493	4082	7841
24902	4191	4191	3660	4758	3212	5299	2959	5637	2747	5939
24903	7376	7376	6665	8122	6056	8825	5706	9260	5410	9646
25001	5375	5375	4771	6014	4258	6621	3965	6998	3719	7334
25003	7453	7453	6739	8203	6126	8909	5774	9346	5476	9734
25005	4796	4796	4226	5401	3744	5977	3470	6336	3240	6656
25006	5817	5817	5188	6482	4653	7111	4346	7502	4088	7850
25101	6694	6694	6018	7406	5440	8078	5108	8494	4828	8864
25102	7807	7808	7076	8575	6448	9297	6086	9742	5780	10138
25200	8912	8913	8130	9731	7456	10499	7066	10973	6736	11393
25301	6020	6021	5380	6696	4835	7336	4522	7733	4259	8086
25302	4516	4517	3964	5104	3498	5665	3233	6014	3011	6326
25400	6745	6746	6067	7460	5486	8134	5153	8551	4872	8923
25500	5153	5154	4562	5780	4061	6375	3775	6745	3535	7076
25601	4921	4921	4344	5534	3855	6117	3577	6479	3343	6803
25602	6621	6621	5949	7329	5374	7998	5045	8412	4766	8780
25701	5763	5763	5137	6425	4604	7052	4299	7441	4043	7787
25702	3884	3884	3373	4430	2944	4953	2701	5280	2499	5572
25803	4698	4698	4134	5297	3658	5867	3387	6223	3159	6540
25804	3782	3783	3279	4322	2856	4839	2617	5162	2418	5451
25805	5073	5073	4487	5695	3990	6286	3707	6654	3469	6982
25806	5358	5358	4755	5996	4243	6602	3950	6979	3705	7315
26001	6046	6047	5405	6724	4858	7365	4545	7762	4281	8116
26002	7895	7896	7160	8667	6528	9393	6164	9841	5856	10239
26100	9362	9362	8559	10200	7867	10986	7467	11471	7128	11900
26200	6291	6291	5636	6981	5077	7634	4757	8039	4487	8399
26300	2231	2231	1848	2649	1534	3057	1361	3315	1218	3547
26400	6459	6459	5795	7158	5228	7819	4903	8229	4629	8593
26500	5704	5704	5081	6362	4552	6986	4248	7374	3994	7718
26600	2555	2556	2145	3002	1805	3435	1616	3708	1461	3954
26700	6170	6170	5521	6854	4968	7501	4651	7902	4385	8259
26801	5101	5102	4513	5725	4015	6317	3731	6686	3492	7015
26802	5339	5340	4738	5977	4227	6582	3935	6958	3690	7294
27000	4702	4702	4138	5301	3661	5872	3390	6227	3163	6545
27100	3958	3958	3442	4509	3009	5037	2763	5366	2558	5661
27200	3130	3131	2674	3623	2293	4097	2080	4395	1903	4662
27300	6281	6281	5626	6971	5068	7623	4748	8027	4478	8387
27400	6147	6148	5500	6830	4949	7476	4632	7877	4366	8233
27500	4982	4982	4401	5599	3909	6185	3629	6549	3393	6875
27600	4193	4193	3662	4760	3214	5302	2960	5640	2748	5942
27701	5773	5773	5147	6435	4613	7063	4308	7452	4051	7799
27702	5247	5248	4651	5880	4145	6480	3856	6853	3613	7186
27800	3959	3959	3443	4510	3009	5038	2764	5367	2559	5662
27900	7659	7660	6935	8419	6313	9135	5956	9577	5653	9969
28000	3655	3655	3160	4186	2746	4695	2511	5013	2316	5298
28100	2481	2481	2077	2922	1743	3349	1558	3619	1405	3862
28200	5371	5371	4767	6010	4254	6617	3961	6994	3715	7330
28300	5270	5271	4673	5904	4165	6506	3875	6879	3632	7213
28402	5227	5228	4632	5859	4127	6458	3839	6830	3596	7162
28403	5006	5006	4424	5624	3931	6212	3649	6577	3413	6903
28500	5134	5135	4545	5760	4044	6354	3759	6724	3519	7053
28600	7265	7265	6560	8006	5956	8704	5608	9135	5315	9519
28700	5829	5829	5200	6495	4663	7125	4357	7516	4098	7864
28801	2642	2643	2224	3096	1879	3536	1686	3813	1527	4062
28802	6486	6486	5821	7187	5253	7849	4927	8259	4652	8624
28901	3840	3841	3333	4384	2906	4904	2665	5230	2464	5521
28902	6305	6305	5649	6996	5090	7650	4769	8054	4499	8415
29001	4581	4582	4025	5174	3555	5738	3288	6089	3064	6403
29003	5873	5874	5241	6541	4703	7173	4395	7566	4135	7915
29004	3467	3467	2985	3984	2583	4481	2356	4792	2167	5071
29101	2814	2814	2382	3282	2024	3734	1823	4018	1658	4274
29102	4155	4155	3626	4720	3181	5259	2928	5596	2717	5897
29203	3073	3073	2621	3561	2245	4032	2033	4327	1858	4592
29204	8585	8586	7817	9389	7157	10144	6775	10609	6452	11022
29205	5108	5109	4520	5732	4021	6325	3737	6694	3498	7023
29206	3953	3953	3437	4504	3004	5031	2759	5360	2554	5655
29303	7578	7578	6858	8334	6240	9046	5884	9486	5583	9877
29304	6604	6604	5933	7311	5359	7979	5030	8392	4752	8760
29305	5380	5380	4775	6020	4262	6627	3969	7004	3723	7340
29306	3983	3983	3465	4536	3030	5065	2784	5395	2578	5691
29307	4560	4561	4006	5151	3537	5714	3270	6065	3047	6378
29403	6525	6525	5858	7228	5288	7892	4961	8303	4685	8669
29405	6623	6623	5951	7331	5376	8000	5046	8414	4768	8782
29406	5626	5626	5008	6280	4482	6900	4181	7285	3928	7628
29407	4949	4949	4370	5564	3880	6148	3601	6511	3366	6836
29408	4421	4422	3875	5003	3414	5558	3153	5904	2934	6213
29502	7466	7466	6751	8217	6138	8924	5785	9361	5487	9749
29503	7970	7971	7231	8746	6596	9475	6230	9925	5921	10324
29504	5754	5754	5129	6415	4596	7042	4292	7430	4035	7777
29601	7596	7596	6875	8353	6256	9066	5900	9506	5599	9897
29602	6449	6449	5786	7148	5219	7808	4894	8217	4621	8581
29700	8159	8159	7411	8943	6768	9680	6397	10134	6083	10538
29801	8092	8092	7347	8873	6707	9607	6338	10060	6025	10462
29802	9293	9293	8493	10128	7804	10912	7405	11394	7068	11822
29901	5523	5523	4910	6171	4390	6786	4092	7167	3842	7507
29902	6347	6347	5689	7040	5128	7696	4805	8102	4534	8463
30003	7089	7089	6392	7821	5796	8511	5454	8937	5164	9317
30004	7617	7618	6895	8375	6275	9089	5918	9530	5617	9921
30005	5537	5537	4924	6186	4402	6801	4104	7183	3854	7524
30006	4225	4225	3692	4794	3242	5338	2987	5677	2774	5980
30100	8489	8489	7726	9288	7069	10039	6690	10502	6369	10913
30201	5501	5501	4890	6148	4370	6761	4073	7142	3824	7482
30202	6184	6184	5535	6868	4981	7516	4664	7917	4396	8275
30304	3605	3605	3114	4132	2702	4638	2470	4954	2276	5238
30305	5206	5207	4612	5836	4108	6434	3821	6806	3579	7138
30306	6240	6240	5588	6928	5031	7578	4712	7981	4444	8340
30308	6652	6652	5978	7362	5402	8032	5072	8446	4793	8815
30309	5820	5820	5191	6485	4655	7115	4349	7505	4091	7853
30310	5544	5544	4930	6193	4409	6809	4110	7191	3860	7532
30311	4872	4872	4298	5482	3812	6062	3535	6423	3303	6745
30312	5363	5363	4759	6002	4247	6608	3954	6985	3709	7320
30313	4156	4156	3627	4721	3182	5260	2929	5597	2718	5898
30314	3693	3693	3196	4227	2779	4738	2543	5058	2347	5344
30401	9627	9628	8813	10477	8110	11274	7704	11764	7360	12199
30403	4758	4758	4191	5361	3711	5935	3438	6292	3209	6611
30404	6047	6048	5406	6725	4859	7366	4545	7763	4282	8117
30501	1819	1819	1475	2199	1196	2571	1044	2808	919	3023
30503	4334	4334	3794	4910	3338	5460	3079	5803	2863	6110
30504	4885	4885	4310	5496	3823	6076	3546	6438	3313	6761
30600	5527	5527	4914	6175	4393	6790	4096	7172	3845	7512
30700	3806	3807	3301	4348	2877	4866	2637	5190	2437	5480
30801	5985	5986	5347	6659	4803	7297	4492	7693	4229	8045
30802	4130	4130	3603	4693	3159	5231	2907	5566	2697	5867
30901	3802	3803	3297	4343	2873	4861	2634	5185	2434	5475
30902	5727	5727	5103	6387	4572	7012	4268	7400	4013	7745
31000	3351	3351	2878	3860	2483	4349	2260	4655	2075	4930
31100	7049	7049	6354	7779	5760	8467	5419	8892	5130	9271
31202	6445	6445	5782	7144	5216	7804	4891	8213	4617	8577
31204	6723	6724	6046	7437	5466	8110	5134	8527	4853	8897
31205	8411	8411	7651	9207	6998	9954	6621	10415	6301	10825
31206	4716	4716	4151	5316	3674	5888	3402	6243	3174	6561
31301	3215	3216	2753	3714	2366	4194	2149	4496	1969	4766
31302	4923	4923	4346	5536	3857	6119	3578	6482	3345	6805
31400	6435	6435	5772	7133	5207	7793	4882	8201	4609	8565
31501	3856	3857	3348	4401	2920	4922	2679	5248	2477	5540
31502	4700	4700	4136	5299	3660	5870	3388	6225	3161	6542
31601	4976	4976	4396	5592	3904	6178	3624	6542	3388	6868
31603	6061	6062	5419	6740	4871	7381	4558	7779	4293	8133
31604	4917	4917	4340	5530	3852	6112	3573	6475	3340	6798
31605	5137	5138	4547	5763	4047	6358	3761	6727	3522	7057
31703	8239	8239	7487	9027	6841	9767	6468	10224	6152	10629
31704	6703	6703	6027	7415	5448	8088	5116	8504	4836	8874
31705	3776	3777	3273	4316	2851	4832	2612	5155	2413	5444
31706	5318	5319	4718	5955	4208	6559	3917	6934	3672	7269
31800	5489	5489	4878	6135	4359	6748	4063	7128	3814	7468
31903	7488	7488	6772	8240	6158	8948	5805	9385	5506	9774
31904	4174	4174	3644	4740	3197	5280	2944	5618	2733	5919
31906	4348	4348	3807	4925	3350	5476	3091	5819	2874	6126
31907	7865	7866	7131	8636	6501	9360	6138	9807	5830	10204
31908	4126	4126	3599	4689	3155	5226	2904	5562	2694	5862
31909	3811	3812	3306	4353	2881	4872	2641	5196	2441	5486
32002	3399	3399	2922	3911	2524	4403	2300	4712	2113	4988
32003	5350	5350	4747	5988	4235	6593	3943	6970	3698	7305
32005	7259	7259	6554	7999	5950	8697	5603	9128	5310	9512
32006	4851	4851	4278	5460	3793	6038	3517	6399	3285	6720
32007	3811	3812	3306	4353	2881	4872	2641	5196	2441	5486
32008	4986	4986	4405	5603	3913	6189	3632	6554	3397	6879
32010	5095	5096	4508	5719	4010	6311	3725	6679	3487	7007
32011	4178	4178	3648	4744	3201	5285	2948	5622	2736	5924
32102	5149	5150	4559	5776	4058	6371	3772	6741	3532	7071
32103	4771	4771	4203	5375	3722	5949	3449	6307	3219	6626
32104	6905	6906	6219	7628	5631	8310	5293	8732	5008	9107
32203	8495	8495	7731	9295	7074	10046	6695	10509	6374	10920
32207	4007	4007	3488	4562	3051	5092	2804	5423	2598	5720
32208	8477	8477	7714	9276	7058	10026	6679	10489	6359	10900
32210	11955	11956	11046	12901	10258	13783	9800	14324	9411	14804
32211	5123	5124	4534	5748	4034	6342	3749	6711	3510	7040
32212	8616	8617	7847	9421	7185	10177	6803	10644	6479	11057
32213	4502	4503	3951	5089	3486	5649	3221	5998	3000	6309
32214	6298	6298	5643	6989	5083	7642	4763	8047	4493	8407
32215	5509	5509	4897	6156	4377	6770	4080	7151	3830	7491
32307	6910	6911	6223	7633	5635	8315	5297	8737	5012	9112
32309	5529	5529	4916	6177	4395	6792	4097	7174	3847	7514
32311	6315	6315	5659	7007	5099	7661	4778	8066	4507	8426
32313	5779	5779	5152	6442	4619	7069	4313	7459	4056	7806
32315	5891	5892	5258	6560	4719	7193	4410	7586	4150	7936
32316	5961	5962	5324	6634	4782	7271	4471	7666	4209	8017
32317	6244	6244	5591	6932	5035	7582	4716	7985	4447	8344
32318	5978	5979	5340	6652	4797	7290	4486	7685	4224	8037
32319	6062	6063	5420	6741	4872	7382	4558	7780	4294	8134
32320	5426	5426	4819	6068	4303	6678	4009	7057	3761	7394
32321	6169	6169	5520	6853	4967	7499	4651	7900	4384	8257
32322	4826	4826	4255	5433	3771	6011	3496	6370	3265	6691
32323	5547	5547	4933	6196	4411	6812	4113	7195	3862	7535
32324	5304	5305	4705	5940	4195	6543	3905	6918	3660	7253
32325	5860	5860	5229	6527	4691	7159	4383	7551	4124	7900
32326	3935	3935	3421	4485	2988	5011	2744	5339	2540	5633
32327	4544	4545	3991	5134	3523	5696	3257	6046	3034	6359
32328	3556	3556	3068	4080	2660	4582	2429	4897	2237	5179
32329	7259	7259	6554	7999	5950	8697	5603	9128	5310	9512
32401	6018	6019	5378	6694	4833	7334	4520	7730	4257	8083
32402	6445	6445	5782	7144	5216	7804	4891	8213	4617	8577
32500	5817	5817	5188	6482	4653	7111	4346	7502	4088	7850
32601	3266	3266	2799	3768	2409	4252	2190	4555	2008	4827
32602	11073	11074	10199	11984	9442	12835	9003	13358	8630	13820
32702	7049	7049	6354	7779	5760	8467	5419	8892	5130	9271
32703	2239	2239	1855	2658	1541	3066	1367	3325	1224	3558
32704	7360	7360	6650	8105	6042	8808	5692	9242	5396	9627
32800	3901	3901	3389	4448	2959	4972	2715	5300	2512	5593
40100	4590	4590	4033	5182	3562	5746	3295	6098	3071	6412
40200	5316	5317	4716	5953	4206	6557	3915	6932	3670	7267
40300	3268	3268	2801	3770	2411	4254	2192	4557	2010	4829
40400	4480	4481	3931	5066	3466	5624	3203	5972	2982	6283
40500	2646	2647	2228	3101	1882	3541	1689	3818	1530	4067
40700	4366	4367	3824	4945	3366	5496	3106	5840	2889	6148
40800	3113	3114	2658	3605	2279	4078	2066	4375	1889	4641
40900	4384	4385	3841	4964	3382	5516	3121	5861	2903	6169
41000	6367	6367	5708	7061	5146	7718	4823	8125	4551	8486
41100	5263	5264	4666	5897	4159	6498	3869	6871	3626	7205
41201	3717	3718	3218	4252	2799	4765	2563	5086	2366	5373
41202	6148	6149	5501	6831	4949	7477	4633	7878	4367	8234
41301	6347	6347	5689	7040	5128	7696	4805	8102	4534	8463
41303	5220	5221	4626	5851	4121	6450	3833	6822	3591	7154
41304	3277	3277	2809	3780	2419	4264	2199	4568	2017	4840
41400	6009	6010	5370	6685	4825	7324	4512	7720	4250	8073
41500	1706	1706	1373	2074	1105	2436	958	2667	839	2876
41601	6236	6236	5584	6923	5028	7573	4709	7976	4440	8335
41605	6243	6243	5590	6931	5034	7581	4715	7984	4446	8343
41606	6293	6293	5638	6983	5079	7636	4758	8041	4488	8401
41607	3822	3823	3316	4365	2891	4884	2650	5209	2450	5499
41608	6396	6396	5735	7092	5172	7750	4848	8157	4576	8520
41701	5623	5623	5005	6277	4479	6897	4178	7281	3926	7624
41703	5693	5693	5071	6351	4542	6974	4239	7361	3984	7706
41704	4835	4835	4263	5443	3779	6021	3503	6380	3272	6702
41805	6178	6178	5529	6862	4976	7509	4658	7911	4391	8268
41806	9116	9116	8324	9943	7642	10720	7247	11198	6913	11622
41808	4088	4088	3564	4648	3122	5183	2872	5518	2663	5817
41809	6302	6302	5646	6993	5087	7646	4766	8051	4496	8411
41810	5333	5334	4732	5971	4221	6576	3930	6951	3685	7286
41811	8642	8643	7872	9449	7209	10206	6826	10673	6502	11087
41812	9713	9714	8895	10567	8190	11367	7781	11859	7435	12296
41901	7747	7748	7019	8512	6393	9231	6033	9675	5729	10070
41903	7177	7177	6476	7913	5876	8607	5531	9036	5240	9418
41904	5356	5356	4753	5994	4241	6600	3948	6977	3703	7312
41905	6153	6154	5506	6837	4954	7483	4638	7883	4371	8240
42001	5994	5995	5356	6669	4811	7307	4499	7703	4237	8056
42003	3710	3711	3212	4245	2793	4757	2557	5077	2360	5364
42004	4720	4720	4155	5320	3677	5892	3405	6248	3178	6566
42005	5627	5627	5009	6281	4483	6901	4182	7286	3929	7629
42006	4441	4442	3894	5024	3432	5581	3170	5927	2950	6237
50101	3033	3033	2584	3518	2210	3986	2001	4280	1827	4543
50102	5127	5128	4538	5752	4038	6346	3753	6716	3513	7045
50200	4923	4923	4346	5536	3857	6119	3578	6482	3345	6805
50300	6188	6188	5538	6873	4985	7520	4667	7922	4400	8279
50401	7883	7884	7148	8654	6517	9380	6153	9827	5846	10225
50402	6217	6217	5566	6903	5011	7552	4692	7955	4424	8313
50500	8962	8963	8178	9783	7501	10553	7111	11028	6780	11449
50600	1398	1398	1099	1733	860	2066	731	2278	628	2472
50700	6852	6853	6168	7572	5583	8252	5247	8672	4963	9046
50800	6898	6899	6212	7621	5624	8302	5287	8724	5002	9099
50900	3544	3544	3057	4067	2649	4569	2419	4883	2228	5164
51000	5937	5938	5302	6609	4760	7244	4450	7638	4189	7989
51100	4381	4382	3838	4961	3379	5513	3119	5858	2901	6166
51200	7972	7973	7233	8748	6598	9477	6232	9927	5923	10326
51300	9245	9245	8447	10078	7760	10860	7362	11341	7026	11768
51400	7737	7738	7009	8501	6384	9220	6024	9664	5720	10058
51500	5330	5331	4729	5968	4219	6572	3927	6948	3682	7283
51601	4837	4837	4265	5445	3781	6023	3505	6383	3274	6704
51602	4505	4506	3954	5093	3488	5652	3224	6001	3002	6313
51701	5711	5711	5088	6370	4558	6994	4254	7381	3999	7727
51702	4438	4439	3891	5021	3429	5577	3167	5924	2947	6233
51802	5522	5522	4909	6170	4389	6784	4091	7166	3841	7506
51803	6816	6817	6134	7534	5550	8212	5215	8631	4932	9004
51804	3236	3236	2771	3736	2384	4217	2166	4519	1985	4790
51905	8786	8787	8009	9599	7340	10362	6954	10833	6627	11250
51912	2674	2674	2253	3130	1905	3572	1711	3850	1550	4101
51913	5324	5325	4724	5961	4213	6566	3922	6941	3677	7276
51914	4525	4526	3973	5114	3506	5675	3241	6024	3019	6336
51915	7400	7400	6688	8147	6078	8851	5727	9287	5431	9673
51916	4563	4564	4009	5154	3540	5717	3273	6068	3050	6381
51917	4375	4376	3832	4954	3374	5506	3114	5851	2896	6158
51918	5507	5507	4895	6154	4375	6768	4078	7149	3829	7489
51921	4095	4095	3570	4656	3128	5191	2878	5526	2669	5825
51922	5217	5218	4623	5848	4118	6447	3830	6819	3588	7151
51923	4674	4674	4112	5271	3637	5841	3366	6195	3140	6512
51924	5984	5985	5346	6658	4802	7296	4491	7692	4229	8044
51925	7238	7238	6534	7977	5931	8674	5585	9105	5292	9488
51926	4881	4881	4306	5491	3820	6072	3542	6433	3310	6756
51927	6543	6543	5875	7247	5304	7912	4976	8323	4700	8690
51928	4085	4085	3561	4645	3120	5180	2870	5514	2661	5813
52003	7441	7441	6727	8191	6115	8896	5763	9333	5466	9720
52004	6265	6265	5611	6954	5054	7605	4734	8009	4465	8368
52005	5626	5626	5008	6280	4482	6900	4181	7285	3928	7628
52006	4299	4299	3761	4873	3307	5421	3050	5763	2834	6068
52007	4541	4542	3988	5131	3520	5693	3254	6043	3032	6355
52104	4293	4293	3755	4867	3302	5414	3045	5756	2829	6061
52105	2014	2014	1652	2413	1356	2803	1193	3050	1060	3273
52107	4018	4018	3498	4573	3061	5104	2813	5436	2607	5733
52108	6153	6154	5506	6837	4954	7483	4638	7883	4371	8240
52112	2861	2861	2425	3332	2064	3788	1861	4074	1694	4332
52113	3092	3093	2639	3582	2261	4054	2049	4350	1873	4616
52114	5353	5353	4750	5991	4238	6597	3946	6973	3700	7309
52115	6744	6745	6066	7459	5485	8133	5152	8550	4871	8921
52118	6902	6903	6216	7625	5628	8306	5290	8728	5006	9103
52203	6556	6556	5887	7261	5316	7926	4988	8338	4711	8705
52204	5208	5209	4614	5838	4110	6437	3822	6808	3581	7140
52206	4501	4502	3950	5088	3485	5648	3220	5996	2999	6308
52207	5748	5748	5123	6409	4591	7035	4286	7424	4030	7770
52208	4134	4134	3607	4697	3162	5235	2911	5571	2700	5871
52209	2550	2551	2140	2997	1801	3429	1613	3702	1457	3948
52301	5140	5141	4550	5766	4050	6361	3764	6731	3524	7060
52302	3857	3858	3349	4402	2921	4924	2679	5249	2478	5541
52401	5261	5262	4664	5895	4157	6496	3868	6869	3625	7202
52402	3521	3521	3036	4042	2629	4542	2400	4856	2210	5136
52502	6217	6217	5566	6903	5011	7552	4692	7955	4424	8313
52503	6854	6855	6170	7574	5585	8254	5248	8674	4965	9048
52504	3340	3340	2868	3848	2473	4336	2251	4642	2067	4917
52603	3083	3084	2630	3572	2253	4043	2041	4339	1866	4605
52604	5278	5279	4680	5913	4172	6514	3882	6889	3639	7222
52605	6126	6127	5481	6808	4930	7453	4614	7853	4348	8209
52606	5653	5653	5033	6309	4506	6930	4204	7315	3951	7659
52607	6291	6291	5636	6981	5077	7634	4757	8039	4487	8399
52701	1656	1656	1328	2019	1065	2376	921	2604	804	2811
52705	8082	8082	7337	8862	6697	9596	6329	10049	6017	10451
52706	5136	5137	4546	5762	4046	6356	3760	6726	3521	7056
52707	4678	4678	4116	5276	3640	5845	3370	6200	3143	6516
52708	5267	5268	4670	5901	4162	6502	3873	6876	3630	7209
52709	3356	3356	2882	3865	2487	4354	2264	4661	2079	4936
52803	5113	5114	4525	5738	4026	6331	3741	6700	3502	7029
52804	7499	7499	6783	8251	6168	8960	5814	9398	5516	9787
52805	4839	4839	4267	5447	3783	6025	3507	6385	3275	6706
52806	7009	7010	6317	7738	5725	8424	5384	8849	5097	9226
52903	4377	4378	3834	4956	3376	5509	3115	5853	2898	6161
52904	6007	6008	5368	6683	4823	7322	4511	7718	4248	8071
52905	3987	3987	3469	4540	3034	5069	2787	5400	2582	5696
52906	5919	5920	5285	6590	4744	7224	4434	7618	4174	7969
53101	3755	3756	3254	4293	2832	4808	2594	5130	2396	5419
53102	4977	4977	4397	5593	3905	6179	3624	6544	3389	6869
53201	4171	4171	3641	4737	3195	5277	2942	5614	2730	5916
53202	5243	5244	4647	5875	4141	6476	3852	6849	3610	7181
53301	6737	6738	6059	7451	5479	8125	5146	8542	4865	8913
53302	5775	5775	5148	6438	4615	7065	4310	7454	4053	7801
53400	5539	5539	4926	6188	4404	6803	4106	7186	3855	7526
53504	6972	6973	6282	7699	5691	8383	5352	8807	5065	9184
53505	5283	5284	4685	5918	4177	6520	3887	6894	3643	7228
53506	5814	5814	5185	6479	4650	7108	4344	7499	4086	7846
53507	5059	5059	4474	5680	3978	6271	3695	6638	3457	6965
53508	3380	3380	2905	3891	2508	4382	2284	4690	2098	4965
53509	3920	3920	3407	4469	2975	4994	2731	5322	2528	5615
990100	0	0	0	19	0	66	0	109	0	154
53602	6788	6789	6107	7505	5525	8181	5191	8600	4908	8972
53603	4285	4285	3748	4858	3295	5405	3038	5746	2823	6051
53604	4273	4273	3737	4845	3284	5392	3028	5733	2813	6037
53700	3717	3718	3218	4252	2799	4765	2563	5086	2366	5373
53801	4213	4213	3680	4781	3232	5324	2977	5663	2764	5966
53802	5863	5863	5232	6531	4694	7162	4386	7554	4127	7903
53803	5860	5860	5229	6527	4691	7159	4383	7551	4124	7900
60200	911	910	673	1184	489	1462	393	1642	318	1807
60300	4242	4242	3708	4812	3257	5357	3002	5697	2788	6000
60400	4783	4783	4214	5387	3733	5962	3459	6321	3229	6640
60500	4258	4258	3723	4829	3271	5375	3015	5715	2801	6019
60600	6139	6140	5493	6822	4941	7467	4625	7868	4359	8224
60700	5952	5953	5316	6625	4774	7261	4463	7655	4202	8007
60800	5730	5730	5106	6390	4575	7015	4271	7403	4015	7749
60903	3320	3320	2849	3826	2456	4313	2235	4619	2051	4893
60904	5453	5453	4844	6097	4327	6708	4032	7087	3784	7426
60905	6547	6547	5879	7251	5308	7916	4980	8328	4704	8694
60906	2274	2274	1887	2696	1570	3107	1394	3367	1250	3602
61001	4513	4514	3962	5101	3495	5661	3230	6010	3009	6322
61002	4521	4522	3969	5110	3502	5670	3237	6020	3015	6332
61100	6467	6467	5803	7167	5236	7828	4910	8238	4636	8602
61200	5573	5573	4958	6224	4434	6841	4135	7224	3884	7566
61300	4936	4936	4358	5550	3868	6133	3589	6497	3355	6821
61400	2969	2969	2525	3449	2156	3912	1949	4203	1777	4465
61500	5325	5326	4725	5962	4214	6567	3923	6942	3678	7277
61601	2235	2235	1852	2654	1538	3062	1364	3320	1221	3553
61602	831	831	605	1094	432	1361	342	1535	272	1694
61700	4845	4845	4273	5453	3788	6032	3512	6392	3280	6713
61800	2871	2871	2434	3343	2072	3800	1869	4086	1702	4344
61900	2049	2050	1683	2451	1385	2844	1220	3093	1085	3318
62000	4399	4400	3855	4980	3395	5533	3134	5879	2916	6187
62300	5233	5234	4638	5865	4132	6464	3844	6837	3601	7169
62400	5902	5903	5269	6572	4729	7206	4420	7599	4160	7949
62500	7545	7545	6826	8300	6210	9010	5855	9449	5555	9839
62600	3252	3252	2786	3753	2397	4236	2179	4538	1997	4810
62801	6154	6155	5507	6838	4955	7484	4638	7885	4372	8241
62802	4092	4092	3567	4652	3126	5188	2875	5522	2666	5821
62900	7576	7576	6856	8332	6238	9044	5882	9484	5582	9875
63000	3156	3157	2698	3651	2316	4127	2101	4426	1923	4694
63100	4385	4386	3842	4965	3383	5518	3122	5862	2904	6170
63200	5235	5236	4640	5867	4134	6467	3845	6839	3603	7172
63300	6940	6941	6252	7665	5662	8348	5324	8771	5038	9147
63400	8128	8128	7381	8910	6739	9646	6369	10100	6056	10503
63501	4377	4378	3834	4956	3376	5509	3115	5853	2898	6161
63502	5154	5155	4563	5781	4062	6376	3776	6747	3536	7077
70100	3607	3607	3116	4134	2704	4640	2472	4957	2278	5240
70203	5743	5743	5118	6404	4586	7030	4282	7418	4026	7764
70204	3570	3570	3081	4095	2672	4598	2441	4913	2249	5196
70205	3568	3568	3079	4093	2670	4596	2439	4911	2247	5193
70206	4445	4446	3898	5029	3436	5585	3173	5932	2953	6242
70207	4875	4875	4301	5485	3814	6065	3537	6426	3305	6749
70307	4973	4973	4393	5589	3901	6175	3621	6539	3386	6864
70308	5017	5017	4434	5636	3940	6224	3659	6590	3422	6916
70309	6583	6583	5913	7289	5340	7956	5011	8369	4734	8736
70310	5590	5590	4974	6242	4450	6860	4150	7244	3898	7586
70311	5084	5084	4497	5707	4000	6298	3716	6666	3478	6995
70312	5319	5320	4719	5956	4209	6560	3918	6935	3673	7270
70313	8009	8009	7268	8785	6631	9516	6264	9967	5954	10367
70314	3483	3483	3000	4001	2597	4499	2369	4811	2180	5090
70315	6354	6354	5696	7048	5134	7704	4812	8110	4540	8471
70316	4735	4735	4169	5336	3691	5909	3418	6265	3190	6584
70401	2177	2177	1799	2590	1490	2994	1318	3249	1178	3479
70403	3247	3247	2781	3748	2393	4230	2175	4532	1993	4804
70404	4437	4438	3890	5020	3429	5576	3166	5922	2947	6232
70703	6162	6163	5515	6846	4962	7493	4645	7894	4379	8250
71100	2779	2779	2350	3244	1994	3693	1795	3976	1631	4231
71205	5297	5298	4698	5933	4189	6536	3899	6910	3655	7244
71206	8203	8203	7453	8989	6808	9728	6436	10184	6121	10588
71207	6104	6105	5460	6785	4910	7429	4595	7828	4330	8183
71208	8053	8053	7309	8832	6671	9564	6303	10016	5992	10418
71209	5040	5040	4456	5660	3961	6249	3678	6616	3441	6943
71210	6041	6042	5400	6719	4853	7359	4540	7756	4277	8110
71304	7626	7627	6903	8385	6283	9099	5926	9540	5625	9932
71305	4082	4082	3558	4642	3117	5177	2867	5511	2658	5809
71306	7315	7315	6607	8058	6001	8758	5652	9191	5358	9576
71307	5725	5725	5101	6385	4570	7010	4267	7397	4011	7743
71309	4004	4004	3485	4558	3049	5089	2802	5420	2595	5716
71310	5314	5315	4714	5951	4204	6555	3913	6930	3669	7264
71403	4623	4623	4064	5217	3592	5783	3323	6136	3098	6451
71406	7994	7994	7253	8770	6617	9500	6251	9950	5941	10350
71407	6494	6494	5828	7195	5260	7858	4934	8268	4659	8633
71408	4294	4294	3756	4868	3303	5415	3045	5757	2830	6062
71409	4727	4727	4162	5328	3683	5900	3411	6256	3183	6574
71410	6323	6323	5666	7015	5106	7669	4785	8075	4514	8436
71411	4944	4944	4366	5558	3876	6142	3596	6506	3362	6830
71503	5535	5535	4922	6184	4400	6799	4103	7181	3852	7521
71504	4415	4416	3870	4997	3409	5551	3148	5897	2929	6206
71505	5580	5580	4964	6231	4441	6849	4141	7232	3890	7574
71506	5428	5428	4821	6070	4305	6680	4010	7059	3763	7396
71601	4724	4724	4159	5325	3681	5897	3409	6253	3181	6571
71602	7158	7158	6458	7893	5859	8586	5514	9015	5223	9396
71703	3382	3382	2907	3893	2509	4384	2286	4692	2100	4968
71704	4317	4317	3778	4892	3323	5441	3065	5784	2849	6089
71705	3734	3735	3234	4271	2814	4784	2577	5106	2379	5393
71706	2010	2010	1648	2409	1353	2798	1190	3045	1057	3268
71707	2896	2896	2458	3370	2093	3828	1890	4116	1721	4375
71803	5780	5780	5153	6443	4619	7070	4314	7460	4057	7807
71805	3546	3546	3059	4069	2651	4571	2421	4885	2230	5167
71806	4499	4500	3948	5086	3483	5646	3219	5994	2997	6306
71807	3717	3718	3218	4252	2799	4765	2563	5086	2366	5373
71808	3748	3749	3247	4286	2826	4800	2589	5122	2391	5410
71901	5562	5562	4947	6212	4425	6829	4126	7212	3875	7553
71902	6295	6295	5640	6986	5081	7638	4760	8043	4490	8403
72000	5066	5066	4480	5688	3984	6278	3701	6646	3463	6973
72105	4812	4812	4241	5418	3759	5995	3484	6354	3253	6674
72106	6676	6676	6001	7387	5424	8058	5093	8474	4813	8843
72107	4981	4981	4400	5598	3908	6184	3628	6548	3393	6874
72108	5754	5754	5129	6415	4596	7042	4292	7430	4035	7777
72109	3954	3954	3438	4505	3005	5032	2760	5362	2555	5656
72111	2836	2836	2402	3305	2042	3759	1841	4045	1675	4301
72112	5069	5069	4483	5691	3986	6282	3703	6649	3465	6977
72305	6549	6549	5881	7253	5309	7918	4982	8330	4705	8697
72307	4834	4834	4262	5441	3778	6020	3502	6379	3271	6700
72308	7517	7517	6800	8270	6184	8980	5830	9418	5531	9807
72309	6835	6836	6152	7554	5568	8233	5232	8653	4948	9026
72310	4275	4275	3739	4848	3286	5394	3029	5735	2815	6040
72311	4482	4483	3933	5068	3468	5627	3204	5975	2983	6285
72312	6581	6581	5911	7287	5338	7954	5010	8366	4732	8734
72313	3987	3987	3469	4540	3034	5069	2787	5400	2582	5696
72405	4622	4622	4063	5216	3591	5782	3322	6135	3097	6450
72406	6063	6064	5421	6742	4873	7384	4559	7781	4295	8136
72407	5098	5099	4511	5722	4012	6314	3728	6682	3489	7011
72408	6519	6519	5852	7222	5282	7885	4955	8296	4680	8662
72409	2829	2829	2396	3298	2036	3751	1835	4036	1669	4292
72410	3930	3930	3416	4479	2984	5005	2740	5334	2536	5627
72503	4633	4633	4073	5228	3600	5795	3331	6148	3106	6463
72504	4334	4334	3794	4910	3338	5460	3079	5803	2863	6110
72505	8428	8428	7667	9225	7013	9973	6636	10434	6316	10844
72506	4296	4296	3758	4870	3305	5418	3047	5759	2832	6064
72507	3332	3332	2860	3839	2466	4327	2244	4633	2060	4907
72601	5615	5615	4997	6268	4472	6888	4172	7272	3919	7615
72602	4856	4856	4283	5465	3798	6044	3521	6405	3289	6726
72603	6458	6458	5794	7157	5227	7818	4902	8227	4628	8592
72800	13511	13512	12544	14515	11703	15450	11214	16023	10797	16530
72901	13	13	0	61	0	135	0	193	0	252
72903	38	38	4	108	0	203	0	273	0	342
900202	0	0	0	19	0	66	0	109	0	154
72906	15	15	0	65	0	141	0	201	0	261
990002	151	151	65	274	18	414	4	513	0	607
73001	6140	6141	5494	6823	4942	7469	4626	7869	4360	8225
73005	5604	5604	4987	6257	4462	6875	4162	7260	3910	7602
73006	3917	3917	3404	4465	2973	4990	2729	5318	2525	5612
73108	7659	7660	6935	8419	6313	9135	5956	9577	5653	9969
73110	4772	4772	4204	5376	3723	5950	3450	6308	3220	6627
73111	4711	4711	4147	5311	3669	5882	3398	6238	3170	6555
73113	6456	6456	5792	7155	5226	7816	4901	8225	4626	8589
73114	5592	5592	4976	6244	4451	6862	4152	7246	3900	7588
73115	4553	4554	3999	5144	3531	5706	3264	6057	3041	6370
73116	3311	3311	2841	3817	2448	4303	2227	4608	2044	4882
73117	3917	3917	3404	4465	2973	4990	2729	5318	2525	5612
73118	4652	4652	4091	5248	3617	5816	3348	6170	3122	6486
73119	3377	3377	2902	3888	2505	4378	2281	4686	2096	4962
73120	3827	3828	3321	4370	2895	4890	2654	5214	2454	5505
73121	5282	5283	4684	5917	4176	6519	3886	6893	3642	7227
73122	4747	4747	4180	5349	3701	5922	3428	6279	3200	6598
73123	5442	5442	4834	6085	4317	6696	4022	7075	3775	7413
73124	2810	2810	2378	3277	2020	3729	1820	4013	1655	4269
73125	9621	9622	8807	10471	8105	11267	7699	11757	7354	12192
73126	3518	3518	3033	4039	2627	4539	2398	4852	2207	5133
73200	7027	7028	6334	7756	5741	8444	5400	8869	5112	9247
73301	5607	5607	4990	6260	4465	6879	4165	7263	3912	7605
73302	4721	4721	4156	5321	3678	5893	3406	6249	3178	6567
73404	8797	8798	8020	9611	7350	10374	6964	10845	6636	11262
73405	4016	4016	3496	4571	3059	5102	2812	5434	2605	5730
73406	5270	5271	4673	5904	4165	6506	3875	6879	3632	7213
73407	3830	3831	3324	4373	2898	4893	2657	5218	2456	5509
73408	5339	5340	4738	5977	4227	6582	3935	6958	3690	7294
73500	8529	8529	7764	9330	7105	10083	6725	10547	6404	10959
80101	3881	3881	3370	4427	2941	4950	2699	5276	2496	5569
80102	5804	5804	5176	6468	4641	7097	4335	7487	4077	7835
80200	4715	4715	4150	5315	3673	5886	3401	6242	3173	6560
80300	3455	3455	2974	3971	2572	4467	2346	4778	2157	5056
80400	5087	5087	4500	5710	4002	6302	3719	6670	3480	6998
80500	4369	4370	3827	4948	3369	5500	3109	5844	2891	6151
80600	6270	6270	5616	6959	5058	7611	4738	8015	4469	8374
80700	6355	6355	5697	7049	5135	7705	4812	8111	4541	8473
80800	2024	2025	1661	2424	1364	2815	1200	3062	1067	3286
80900	6174	6174	5525	6858	4972	7505	4655	7906	4388	8263
81000	7185	7185	6484	7922	5883	8616	5538	9045	5246	9427
81100	3022	3022	2574	3506	2201	3973	1992	4267	1819	4530
81200	3109	3110	2654	3600	2275	4073	2063	4370	1886	4636
81400	62	62	13	147	0	255	0	333	0	409
90101	6698	6698	6022	7410	5444	8082	5112	8498	4832	8868
90102	7785	7786	7055	8552	6428	9273	6067	9718	5761	10113
90201	5123	5124	4534	5748	4034	6342	3749	6711	3510	7040
90202	5430	5430	4823	6073	4307	6682	4012	7061	3765	7399
90300	3647	3647	3153	4177	2739	4686	2505	5004	2310	5288
90400	5545	5545	4931	6194	4409	6810	4111	7192	3860	7533
90501	5161	5162	4570	5789	4068	6384	3782	6755	3542	7085
90502	5102	5103	4514	5726	4016	6319	3731	6687	3493	7016
90700	6342	6342	5684	7035	5123	7690	4801	8096	4530	8458
90800	5019	5019	4436	5638	3942	6226	3660	6592	3424	6918
90900	7332	7332	6624	8076	6017	8777	5667	9210	5372	9595
91000	7972	7973	7233	8748	6598	9477	6232	9927	5923	10326
91100	5391	5391	4786	6031	4272	6639	3979	7017	3732	7353
91201	5704	5704	5081	6362	4552	6986	4248	7374	3994	7718
91203	8792	8793	8015	9606	7346	10369	6959	10839	6632	11257
91204	4997	4997	4416	5615	3923	6201	3642	6567	3406	6892
91301	4661	4661	4100	5258	3625	5826	3355	6180	3129	6496
91302	7369	7369	6659	8115	6050	8818	5700	9252	5404	9638
91400	3680	3680	3184	4213	2767	4723	2532	5042	2336	5328
91500	4951	4951	4372	5566	3882	6150	3602	6514	3368	6838
91600	8466	8466	7704	9264	7048	10014	6669	10477	6349	10887
91700	10666	10667	9808	11560	9066	12396	8636	12910	8271	13365
91800	4532	4533	3979	5121	3512	5683	3247	6032	3024	6345
91900	7251	7251	6547	7991	5943	8688	5596	9119	5303	9503
92000	5848	5848	5218	6515	4680	7146	4373	7537	4114	7886
92100	7123	7123	6425	7856	5827	8548	5484	8976	5193	9356
92200	10482	10482	9632	11368	8897	12197	8471	12707	8109	13159
92300	7724	7725	6997	8488	6372	9206	6013	9650	5709	10044
92400	7800	7801	7069	8567	6442	9289	6080	9735	5774	10130
92500	8597	8598	7829	9401	7167	10157	6786	10622	6463	11036
92600	6713	6714	6036	7426	5457	8099	5125	8515	4845	8886
92701	4833	4833	4261	5440	3777	6018	3502	6378	3271	6699
92704	3698	3699	3200	4232	2783	4743	2547	5063	2351	5350
92801	5432	5432	4825	6075	4309	6685	4014	7063	3766	7401
92802	4578	4579	4023	5170	3553	5734	3286	6085	3062	6399
92803	2950	2950	2507	3429	2139	3890	1933	4181	1763	4441
92901	5898	5899	5265	6568	4725	7201	4416	7594	4156	7944
92902	5498	5498	4887	6145	4367	6758	4071	7139	3821	7478
940000	3849	3850	3341	4394	2914	4915	2673	5240	2471	5532
940001	12442	12442	11514	13406	10709	14305	10241	14856	9843	15344
940002	10350	10350	9505	11231	8775	12055	8352	12562	7993	13011
940003	6640	6640	5967	7349	5391	8019	5061	8433	4783	8802
940004	7172	7172	6471	7908	5872	8602	5527	9031	5235	9412
940005	5954	5955	5318	6627	4775	7263	4465	7658	4203	8009
940006	2431	2431	2031	2867	1701	3291	1518	3558	1367	3799
940007	3473	3473	2991	3991	2588	4488	2361	4799	2172	5078
940008	6121	6122	5476	6803	4925	7448	4610	7847	4344	8203
940009	3119	3120	2664	3611	2284	4085	2071	4382	1894	4649
940010	5568	5568	4953	6219	4430	6836	4131	7219	3880	7560
940011	4754	4754	4187	5356	3707	5930	3434	6287	3205	6606
940100	6503	6503	5837	7205	5268	7868	4942	8278	4666	8644
