tract10_id mean median lower_50 upper_50 lower_80 upper_80 lower_90 upper_90 lower_95 upper_95
100	2905	2905	2371	3493	1937	4068	1698	4434	1503	4764
200	1464	1465	1093	1889	805	2319	654	2596	536	2851
300	747	747	490	1059	305	1385	215	1602	149	1803
401	2364	2364	1885	2896	1500	3423	1291	3758	1122	4063
402	1893	1893	1467	2372	1130	2850	950	3158	805	3437
500	307	307	152	516	58	751	23	912	6	1065
600	6608	6608	5789	7480	5098	8313	4706	8832	4378	9295
700	1791	1791	1378	2258	1052	2725	878	3026	740	3300
800	318	318	160	531	63	769	27	932	7	1086
900	251	252	114	443	36	663	10	815	1	960
1000	999	999	697	1355	472	1722	358	1962	272	2184
1100	598	598	371	880	212	1180	139	1380	87	1567
1200	6806	6807	5975	7692	5273	8535	4874	9061	4540	9531
1300	3376	3376	2798	4007	2325	4622	2062	5011	1847	5362
1400	742	742	486	1053	301	1378	212	1594	147	1795
1500	238	238	104	425	31	640	7	790	0	933
1600	1180	1180	850	1564	599	1957	469	2213	370	2448
1701	1669	1669	1271	2121	959	2574	793	2867	662	3133
1702	993	993	692	1348	468	1714	354	1954	269	2175
1800	688	688	442	988	267	1304	183	1514	123	1710
1900	5381	5381	4645	6171	4028	6929	3680	7403	3391	7828
2000	837	838	563	1166	363	1507	264	1733	191	1942
2100	1078	1078	763	1446	526	1825	406	2072	314	2300
2200	535	536	322	803	176	1091	109	1284	64	1464
2400	708	708	458	1012	280	1332	194	1545	132	1742
2500	819	819	548	1144	351	1483	254	1706	182	1913
2600	1453	1453	1084	1877	797	2305	647	2582	529	2835
2700	1424	1424	1058	1843	775	2267	627	2542	511	2794
2800	1124	1124	802	1500	559	1884	434	2136	339	2367
2900	954	954	660	1303	441	1663	331	1899	249	2117
3000	1173	1173	844	1556	593	1948	465	2203	366	2437
3100	690	690	444	990	268	1307	184	1517	124	1713
3200	2935	2936	2399	3526	1962	4104	1721	4471	1525	4803
3300	1606	1606	1216	2050	911	2496	750	2784	622	3047
3400	842	842	567	1170	366	1513	266	1739	193	1948
3500	1403	1403	1041	1820	760	2242	614	2515	499	2765
3600	2987	2987	2445	3583	2004	4165	1761	4535	1563	4869
3800	825	825	553	1151	355	1491	257	1715	185	1923
3900	500	501	295	760	156	1040	94	1229	53	1406
4000	572	572	350	847	197	1142	126	1339	77	1523
4100	6637	6637	5817	7512	5124	8345	4731	8865	4401	9330
4200	2130	2130	1677	2637	1315	3141	1120	3462	963	3755
4301	2966	2966	2426	3559	1987	4140	1745	4509	1547	4842
4302	976	976	678	1328	456	1691	344	1929	260	2149
4400	2006	2007	1567	2499	1218	2990	1031	3304	880	3590
4500	488	488	285	745	149	1023	88	1210	49	1385
4600	826	826	554	1152	356	1492	258	1717	185	1924
4700	10982	10983	9919	12099	9008	13152	8484	13803	8041	14381
4800	3198	3198	2636	3813	2177	4413	1924	4794	1716	5137
4900	5871	5872	5101	6695	4454	7484	4088	7977	3782	8418
5000	3356	3357	2781	3986	2309	4600	2047	4988	1833	5338
5100	1698	1699	1297	2154	981	2611	814	2905	681	3174
5200	3319	3319	2747	3945	2278	4556	2018	4942	1805	5290
5301	6137	6137	5349	6979	4686	7783	4310	8286	3996	8735
5302	29796	29797	28027	31619	26481	33306	25576	34337	24803	35246
5400	4955	4955	4249	5714	3661	6444	3329	6902	3054	7313
5600	1178	1178	848	1562	597	1954	468	2210	369	2445
5700	1765	1765	1355	2229	1032	2693	860	2991	723	3264
5801	5669	5670	4913	6480	4278	7256	3920	7741	3621	8176
5802	5045	5045	4333	5810	3738	6547	3403	7008	3125	7422
5900	3994	3994	3363	4678	2842	5341	2551	5758	2311	6134
6000	3849	3850	3231	4522	2720	5174	2436	5585	2201	5955
6100	5228	5229	4503	6008	3896	6756	3554	7224	3270	7644
6200	1023	1023	717	1382	488	1753	372	1995	284	2219
6300	2170	2170	1712	2681	1347	3189	1149	3513	990	3808
6400	483	483	281	739	146	1015	86	1201	47	1376
6500	939	939	647	1285	431	1642	322	1877	241	2094
6600	8782	8782	7834	9784	7027	10732	6565	11321	6176	11845
6700	8238	8238	7321	9209	6541	10130	6096	10702	5721	11212
6800	2124	2124	1672	2631	1311	3133	1116	3455	959	3747
6900	733	733	478	1042	295	1366	207	1581	143	1780
7000	2134	2135	1681	2642	1319	3145	1123	3468	966	3760
7100	13951	13951	12749	15206	11713	16384	11114	17109	10607	17752
7200	32686	32687	30832	34594	29209	36358	28259	37435	27446	38383
7300	30861	30862	29061	32716	27485	34432	26564	35480	25776	36403
7401	1053	1054	743	1418	509	1793	391	2038	300	2264
7402	1643	1644	1249	2092	940	2543	776	2833	646	3098
7500	7009	7010	6165	7907	5452	8762	5046	9295	4705	9770
7600	3146	3146	2590	3756	2135	4353	1884	4730	1678	5071
7700	1141	1141	817	1520	571	1907	445	2159	348	2392
7800	1615	1615	1224	2060	918	2507	756	2796	628	3059
7900	2149	2149	1693	2658	1330	3163	1133	3486	975	3779
8001	11847	11847	10742	13006	9793	14096	9246	14770	8783	15368
8002	7052	7053	6206	7953	5490	8811	5082	9345	4741	9821
8100	71108	71109	68361	73909	65933	76478	64502	78036	63270	79402
8200	25054	25055	23434	26728	22022	28281	21198	29232	20495	30071
8300	9095	9096	8130	10114	7307	11078	6836	11676	6439	12209
8400	6419	6420	5613	7280	4933	8101	4547	8613	4224	9071
8500	18414	18415	17029	19853	15829	21195	15131	22018	14538	22747
8600	6041	6041	5259	6876	4602	7675	4229	8174	3919	8620
8700	3966	3967	3338	4649	2819	5309	2529	5726	2290	6100
8800	557	557	339	830	188	1122	119	1317	72	1500
8900	2060	2060	1615	2559	1260	3055	1069	3373	916	3662
9000	6500	6500	5688	7366	5004	8192	4615	8707	4290	9167
9100	3334	3335	2761	3962	2290	4574	2030	4961	1816	5310
9200	5867	5868	5097	6691	4451	7479	4084	7972	3779	8413
9300	48384	48385	46123	50699	44133	52831	42963	54127	41959	55266
9400	7900	7901	7003	8852	6241	9755	5806	10317	5440	10817
9500	3267	3268	2700	3889	2235	4495	1978	4879	1767	5225
9600	1994	1994	1557	2486	1209	2975	1022	3288	872	3574
9701	1129	1129	806	1505	562	1891	437	2143	341	2374
9702	708	708	458	1012	280	1332	194	1545	132	1742
9800	2139	2140	1685	2648	1323	3152	1127	3474	969	3767
9900	8177	8178	7264	9145	6487	10063	6044	10633	5671	11141
10001	5089	5089	4374	5858	3776	6597	3440	7060	3160	7476
10002	1054	1055	744	1419	510	1794	391	2039	301	2265
10100	2247	2247	1781	2767	1407	3282	1205	3611	1042	3909
10200	730	730	476	1038	293	1362	205	1576	141	1776
10300	2554	2555	2056	3107	1653	3651	1433	3998	1254	4312
10401	777	777	514	1094	324	1426	231	1645	163	1849
10402	638	639	403	928	237	1236	158	1441	103	1631
10500	4424	4425	3759	5143	3207	5837	2897	6273	2641	6665
10600	1488	1488	1114	1916	823	2348	670	2628	550	2883
10701	665	665	424	960	253	1273	172	1481	114	1674
10702	541	541	326	810	179	1098	112	1292	66	1473
10800	2559	2560	2060	3113	1657	3657	1437	4004	1258	4318
10900	19936	19937	18495	21432	17242	22826	16514	23681	15894	24436
11001	1061	1062	750	1427	515	1803	396	2049	305	2276
11002	1042	1042	733	1405	502	1778	384	2022	294	2247
11101	694	694	447	995	271	1312	186	1523	126	1719
11102	1166	1166	838	1548	588	1938	460	2193	362	2427
11200	7845	7845	6950	8793	6191	9694	5758	10253	5394	10753
11300	2564	2565	2065	3118	1661	3663	1440	4011	1261	4325
11401	478	478	277	732	143	1008	84	1193	45	1368
11402	1524	1525	1145	1958	850	2394	695	2676	572	2934
11500	730	730	476	1038	293	1362	205	1576	141	1776
11600	1063	1063	750	1429	516	1805	396	2051	305	2277
11700	3119	3119	2565	3727	2112	4320	1862	4697	1658	5037
11800	1853	1853	1432	2328	1100	2802	922	3106	780	3384
11900	416	416	231	655	110	916	59	1094	28	1261
12000	319	319	160	532	64	770	27	934	8	1088
12100	223	223	95	406	26	616	5	763	0	904
20100	743	743	487	1054	302	1380	212	1596	147	1796
20200	1782	1782	1370	2248	1045	2714	872	3014	734	3287
20300	2940	2941	2403	3532	1966	4110	1725	4477	1529	4809
20401	1260	1260	917	1656	656	2059	520	2321	415	2562
20402	878	879	597	1214	390	1562	287	1792	211	2004
20500	1667	1667	1269	2119	957	2572	792	2864	661	3131
20600	523	523	312	788	169	1073	104	1264	60	1444
20700	3111	3111	2557	3718	2106	4311	1856	4687	1652	5026
20800	636	636	401	926	235	1233	157	1438	102	1628
20900	3799	3799	3185	4467	2678	5115	2396	5524	2163	5892
21000	1987	1987	1550	2478	1203	2966	1017	3279	867	3564
21100	2608	2608	2104	3166	1696	3715	1473	4065	1292	4381
21300	994	994	693	1349	468	1715	355	1955	269	2176
21400	1214	1214	878	1603	623	2000	491	2259	389	2496
21500	644	644	407	934	240	1243	161	1448	105	1640
21600	1528	1529	1149	1962	853	2399	697	2682	575	2940
21700	2589	2589	2087	3145	1681	3692	1459	4041	1278	4356
21802	9422	9422	8439	10458	7600	11438	7119	12046	6714	12586
21803	3561	3561	2967	4209	2479	4838	2208	5236	1985	5595
21804	1728	1728	1323	2187	1004	2647	834	2944	699	3214
21903	9052	9052	8089	10069	7268	11031	6798	11627	6403	12158
21904	2975	2975	2434	3569	1994	4151	1752	4520	1554	4853
21905	1042	1042	733	1405	502	1778	384	2022	294	2247
21906	4253	4253	3601	4958	3061	5640	2759	6068	2509	6454
22001	1223	1223	886	1614	629	2012	496	2271	394	2509
22003	1466	1467	1095	1892	807	2321	656	2599	537	2853
22005	4857	4857	4159	5609	3577	6332	3249	6786	2977	7193
22006	924	925	635	1268	421	1623	314	1857	234	2073
22101	1142	1142	818	1521	572	1908	446	2161	349	2393
22102	802	802	534	1123	340	1459	244	1681	174	1887
22201	864	864	585	1197	381	1543	279	1771	204	1982
22202	1672	1672	1274	2124	961	2578	795	2871	664	3138
22203	957	957	662	1306	443	1667	333	1903	250	2122
22300	553	553	335	825	186	1116	117	1311	70	1493
22400	4233	4234	3584	4937	3045	5617	2743	6045	2494	6430
22500	9447	9447	8463	10485	7623	11466	7141	12074	6736	12615
22603	1916	1916	1488	2398	1148	2879	966	3188	821	3469
22604	2941	2942	2404	3533	1967	4111	1726	4479	1530	4811
22605	6049	6049	5267	6885	4609	7684	4236	8184	3925	8630
22606	892	892	608	1229	399	1580	295	1811	217	2024
22701	6259	6259	5463	7109	4792	7921	4412	8427	4094	8880
22702	1089	1089	773	1459	534	1839	413	2088	320	2316
22703	823	823	552	1149	354	1488	256	1712	184	1920
22801	3413	3413	2832	4048	2356	4666	2092	5057	1875	5409
22802	2686	2686	2174	3252	1759	3809	1532	4162	1347	4482
22803	58847	58849	56351	61398	54149	63741	52852	65164	51738	66414
22901	619	619	387	905	225	1208	149	1411	95	1600
22902	689	689	443	989	268	1305	184	1516	124	1711
23000	2761	2761	2241	3335	1820	3898	1589	4256	1400	4579
23100	258	258	118	452	38	673	11	826	1	972
23201	1372	1372	1013	1784	737	2202	593	2473	480	2721
23202	2725	2725	2209	3295	1790	3854	1561	4210	1374	4532
23300	1555	1555	1172	1992	873	2432	715	2717	591	2976
23401	12258	12259	11134	13437	10167	14545	9610	15229	9138	15836
23403	8219	8219	7303	9189	6524	10109	6079	10680	5705	11190
23404	438	439	248	683	122	950	68	1131	34	1301
23500	552	552	335	823	185	1114	117	1309	70	1491
23601	12503	12504	11367	13693	10390	14811	9826	15501	9349	16114
23603	3020	3021	2476	3619	2032	4205	1787	4576	1587	4911
23604	1312	1312	962	1715	693	2125	553	2392	445	2636
23700	31869	31870	30039	33753	28437	35496	27500	36560	26698	37497
23801	7003	7004	6160	7901	5446	8755	5040	9288	4701	9763
23803	13033	13034	11873	14248	10874	15388	10297	16091	9809	16715
23804	40173	40174	38115	42285	36308	44234	35248	45421	34339	46465
23900	800	800	532	1121	338	1456	243	1678	173	1884
24000	6047	6047	5265	6883	4607	7682	4235	8181	3923	8628
24100	1050	1050	740	1414	507	1789	389	2034	299	2259
24200	715	716	464	1021	284	1342	198	1555	135	1753
24300	5653	5654	4898	6463	4264	7238	3906	7722	3608	8156
24400	1202	1203	869	1590	615	1986	483	2243	382	2480
24500	1051	1051	741	1416	508	1790	389	2035	299	2261
24601	805	805	537	1127	342	1463	246	1686	175	1891
24602	914	914	627	1256	414	1610	308	1843	228	2058
24701	621	621	389	907	226	1211	150	1414	96	1603
24702	1716	1716	1312	2174	994	2632	826	2928	692	3197
24800	11152	11153	10081	12278	9162	13338	8633	13993	8187	14575
24901	665	665	424	960	253	1273	172	1481	114	1674
24902	283	283	135	485	48	713	17	870	3	1020
24903	575	575	352	851	198	1146	127	1344	78	1528
25001	1011	1012	708	1369	480	1738	365	1979	278	2202
25003	1328	1328	976	1734	705	2146	564	2414	454	2659
25005	1567	1567	1182	2006	882	2448	724	2733	598	2993
25006	374	374	200	603	89	854	44	1026	18	1188
25101	1612	1612	1221	2057	916	2503	754	2792	626	3055
25102	1327	1327	975	1733	704	2145	563	2412	454	2657
25200	1155	1156	829	1536	581	1925	454	2179	356	2412
25301	7497	7498	6623	8425	5883	9307	5461	9855	5107	10345
25302	15171	15171	13916	16479	12833	17704	12206	18457	11674	19125
25400	2215	2216	1753	2732	1383	3244	1182	3571	1020	3868
25500	615	615	384	900	222	1203	147	1405	94	1593
25601	1583	1584	1197	2024	894	2468	735	2754	609	3016
25602	892	892	608	1229	399	1580	295	1811	217	2024
25701	1027	1027	720	1387	491	1758	375	2001	286	2225
25702	132	132	40	279	3	458	0	585	0	709
25803	658	658	418	952	249	1263	168	1470	111	1663
25804	496	496	292	755	154	1034	92	1223	51	1399
25805	730	730	476	1038	293	1362	205	1576	141	1776
25806	4189	4189	3543	4889	3007	5566	2707	5992	2460	6375
26001	1035	1035	727	1397	497	1769	380	2012	291	2237
26002	1461	1462	1091	1886	803	2315	652	2592	534	2846
26100	1175	1175	845	1558	595	1950	466	2206	367	2440
26200	56497	56498	54051	58996	51895	61294	50626	62689	49536	63915
26300	10638	10638	9592	11738	8696	12775	8182	13416	7747	13986
26400	4411	4412	3747	5129	3196	5822	2887	6258	2631	6649
26500	1026	1026	720	1386	490	1757	374	1999	286	2223
26600	857	857	579	1189	376	1533	275	1761	200	1971
26700	630	630	396	918	232	1224	154	1428	100	1618
26801	966	967	670	1317	450	1679	339	1916	255	2136
26802	948	948	655	1295	437	1655	328	1890	245	2108
27000	347	347	180	568	77	813	35	981	12	1140
27100	1053	1054	743	1418	509	1793	391	2038	300	2264
27200	7626	7627	6745	8562	5997	9450	5571	10003	5213	10496
27300	1597	1597	1208	2039	904	2484	744	2772	617	3034
27400	2240	2240	1775	2759	1402	3273	1200	3602	1037	3900
27500	1452	1452	1083	1876	796	2303	646	2580	528	2834
27600	814	814	544	1138	348	1476	251	1699	180	1906
27701	2857	2858	2328	3440	1898	4012	1662	4375	1469	4703
27702	887	887	604	1223	396	1573	292	1803	215	2016
27800	284	284	136	486	48	715	17	872	3	1022
27900	7858	7858	6963	8807	6203	9708	5769	10268	5405	10768
28000	1935	1935	1505	2420	1163	2903	980	3213	833	3495
28100	1950	1951	1518	2437	1175	2921	991	3232	843	3515
28200	1671	1671	1273	2123	960	2577	795	2869	663	3136
28300	6617	6617	5798	7490	5106	8323	4714	8842	4385	9306
28402	16755	16756	15436	18129	14294	19412	13631	20201	13069	20899
28403	3173	3174	2614	3786	2157	4385	1905	4764	1698	5106
28500	2396	2396	1914	2932	1526	3462	1315	3799	1144	4105
28600	1218	1218	882	1608	625	2005	493	2264	391	2502
28700	620	620	388	906	225	1210	149	1413	96	1602
28801	3565	3565	2971	4213	2482	4843	2211	5241	1988	5600
28802	7455	7455	6584	8380	5845	9260	5425	9807	5072	10295
28901	2089	2089	1640	2591	1283	3090	1090	3409	935	3700
28902	1568	1568	1183	2007	883	2449	724	2734	599	2995
29001	900	900	615	1239	405	1591	300	1822	221	2036
29003	1594	1594	1205	2036	902	2481	742	2768	615	3030
29004	2633	2634	2127	3194	1716	3746	1492	4097	1310	4414
29101	939	939	647	1285	431	1642	322	1877	241	2094
29102	829	829	557	1156	358	1496	259	1721	187	1929
29203	4617	4618	3937	5351	3372	6059	3054	6503	2791	6901
29204	1998	1998	1560	2490	1212	2980	1025	3294	875	3579
29205	1718	1718	1314	2176	996	2635	827	2930	693	3200
29206	44566	44567	42397	46789	40490	48838	39370	50084	38409	51180
29303	2013	2014	1574	2507	1224	2998	1036	3313	885	3599
29304	487	487	284	744	148	1021	88	1208	48	1383
29305	589	589	364	869	207	1167	134	1366	84	1552
29306	1246	1246	906	1641	646	2042	511	2303	407	2543
29307	629	629	395	917	231	1223	154	1427	99	1617
29403	789	789	524	1109	332	1443	237	1663	168	1868
29405	427	427	239	669	116	933	64	1112	31	1281
29406	407	407	224	644	106	904	56	1081	26	1247
29407	1301	1302	953	1704	686	2112	547	2378	439	2621
29408	261	261	120	456	39	678	12	832	1	978
29502	1260	1260	917	1656	656	2059	520	2321	415	2562
29503	3671	3672	3068	4329	2571	4967	2295	5370	2067	5733
29504	1511	1511	1134	1943	840	2378	686	2659	564	2916
29601	1289	1289	943	1690	677	2097	539	2361	432	2604
29602	313	313	156	524	61	760	25	923	7	1077
29700	7351	7351	6486	8270	5753	9144	5336	9688	4986	10173
29801	1829	1829	1411	2300	1081	2772	904	3075	764	3351
29802	873	873	593	1208	387	1555	284	1784	208	1996
29901	584	584	360	862	204	1159	132	1358	82	1544
29902	3566	3566	2972	4214	2483	4844	2212	5242	1988	5601
30003	2112	2112	1661	2617	1301	3118	1107	3439	951	3731
30004	561	561	342	835	191	1127	121	1323	73	1507
30005	823	823	552	1149	354	1488	256	1712	184	1920
30006	3939	3940	3313	4619	2796	5278	2507	5693	2269	6066
30100	1014	1015	710	1373	482	1742	367	1984	280	2207
30201	878	879	597	1214	390	1562	287	1792	211	2004
30202	2764	2764	2244	3338	1822	3901	1591	4259	1403	4583
30304	3348	3349	2773	3977	2302	4590	2041	4978	1827	5327
30305	871	871	591	1205	385	1553	283	1781	207	1993
30306	772	772	510	1088	320	1419	228	1638	160	1841
30308	901	901	616	1240	405	1592	300	1824	222	2038
30309	2506	2506	2012	3053	1614	3593	1396	3937	1220	4248
30310	1686	1686	1286	2140	972	2596	805	2889	673	3157
30311	755	756	497	1068	310	1397	219	1614	153	1816
30312	823	823	552	1149	354	1488	256	1712	184	1920
30313	9235	9236	8263	10262	7433	11233	6957	11835	6557	12371
30314	5873	5874	5103	6698	4456	7486	4089	7979	3784	8420
30401	4092	4092	3453	4784	2925	5454	2630	5876	2386	6255
30403	408	409	225	646	107	906	57	1082	26	1248
30404	513	513	304	775	163	1058	99	1248	57	1426
30501	16783	16784	15463	18158	14320	19442	13657	20232	13093	20931
30503	3239	3239	2674	3858	2212	4462	1956	4844	1746	5189
30504	1606	1606	1216	2050	911	2496	750	2784	622	3047
30600	3111	3111	2557	3718	2106	4311	1856	4687	1652	5026
30700	1989	1989	1552	2480	1205	2969	1018	3282	869	3567
30801	11269	11270	10192	12400	9268	13466	8736	14124	8287	14709
30802	554	554	336	826	186	1117	118	1312	71	1495
30901	2315	2315	1841	2843	1461	3364	1255	3697	1088	3999
30902	1087	1087	771	1457	533	1837	411	2085	318	2313
31000	686	686	440	985	266	1301	182	1511	122	1706
31100	2422	2423	1938	2962	1547	3493	1334	3832	1162	4140
31202	1487	1487	1113	1915	822	2347	669	2626	549	2882
31204	964	965	668	1315	448	1676	337	1913	254	2132
31205	998	998	697	1354	471	1721	357	1961	271	2182
31206	1352	1352	997	1762	723	2177	580	2446	469	2693
31301	630	630	396	918	232	1224	154	1428	100	1618
31302	1313	1313	963	1716	694	2127	554	2393	445	2637
31400	4501	4502	3830	5226	3272	5925	2960	6365	2701	6759
31501	370	370	197	597	87	848	43	1019	17	1181
31502	1514	1514	1136	1946	843	2381	688	2663	566	2920
31601	734	734	479	1043	296	1367	207	1582	143	1782
31603	1732	1732	1326	2192	1007	2653	837	2949	702	3220
31604	589	589	364	869	207	1167	134	1366	84	1552
31605	657	657	417	951	248	1261	167	1468	110	1661
31703	1154	1155	828	1535	580	1924	453	2178	355	2411
31704	1198	1199	865	1585	612	1980	481	2238	380	2474
31705	654	654	415	947	246	1257	166	1464	109	1656
31706	3319	3319	2747	3945	2278	4556	2018	4942	1805	5290
31800	1071	1071	757	1438	521	1815	401	2062	310	2289
31903	1123	1123	801	1498	558	1883	433	2134	338	2365
31904	951	951	657	1299	439	1659	329	1895	247	2113
31906	467	467	270	719	138	993	80	1177	42	1350
31907	539	539	324	807	177	1095	111	1288	65	1469
31908	1182	1182	851	1567	600	1959	471	2215	371	2451
31909	550	550	333	821	184	1111	116	1306	69	1488
32002	469	470	271	722	139	996	81	1180	43	1354
32003	1407	1408	1044	1825	763	2247	616	2520	501	2771
32005	1224	1224	887	1615	630	2013	497	2273	394	2511
32006	617	617	386	902	223	1206	148	1408	94	1597
32007	943	943	651	1289	434	1648	325	1883	243	2100
32008	258	258	118	452	38	673	11	826	1	972
32010	1543	1543	1161	1978	864	2417	707	2700	583	2960
32011	755	756	497	1068	310	1397	219	1614	153	1816
32102	633	633	399	922	233	1229	156	1433	101	1623
32103	14869	14870	13627	16164	12556	17377	11935	18124	11409	18786
32104	2269	2270	1801	2792	1425	3309	1221	3639	1057	3939
32203	1095	1095	778	1467	539	1847	416	2096	323	2325
32207	974	974	676	1325	454	1688	343	1926	259	2146
32208	15862	15863	14579	17200	13470	18450	12827	19220	12282	19901
32210	3732	3732	3123	4394	2622	5037	2343	5443	2113	5808
32211	1021	1021	715	1380	487	1750	371	1992	283	2216
32212	945	945	652	1292	435	1650	326	1886	244	2104
32213	404	404	222	640	104	900	55	1076	25	1241
32214	1763	1764	1354	2227	1031	2692	859	2990	722	3262
32215	451	451	257	699	129	968	73	1151	37	1322
32307	1273	1273	929	1671	665	2076	528	2339	422	2581
32309	18090	18091	16718	19516	15529	20847	14838	21664	14251	22387
32311	782	782	518	1100	327	1433	233	1653	165	1857
32313	12479	12479	11344	13668	10368	14785	9805	15475	9329	16086
32315	770	770	508	1086	319	1416	227	1635	159	1838
32316	652	652	413	944	245	1254	165	1461	108	1653
32317	878	879	597	1214	390	1562	287	1792	211	2004
32318	905	905	619	1245	408	1598	303	1829	224	2044
32319	10862	10863	9805	11974	8899	13021	8379	13668	7939	14244
32320	1438	1438	1070	1859	786	2285	637	2561	520	2814
32321	1282	1282	937	1681	672	2088	534	2352	428	2594
32322	324	324	164	539	66	778	28	942	8	1098
32323	1270	1270	926	1667	663	2072	526	2335	421	2576
32324	1018	1018	713	1376	485	1746	369	1988	281	2211
32325	719	719	467	1024	286	1346	199	1560	136	1758
32326	914	914	627	1256	414	1610	308	1843	228	2058
32327	656	656	417	949	247	1260	167	1467	110	1659
32328	1034	1034	726	1395	496	1767	379	2011	290	2235
32329	1702	1703	1300	2159	984	2616	816	2911	683	3179
32401	1721	1721	1316	2179	998	2639	829	2934	695	3204
32402	965	966	669	1316	449	1677	338	1915	254	2134
32500	1199	1200	866	1587	612	1982	481	2239	381	2476
32601	1054	1055	744	1419	510	1794	391	2039	301	2265
32602	1762	1763	1353	2226	1030	2690	858	2989	721	3261
32702	897	897	612	1235	402	1587	298	1818	220	2031
32703	1776	1776	1364	2241	1040	2707	867	3006	730	3279
32704	3925	3925	3300	4604	2784	5261	2496	5676	2259	6049
32800	632	632	398	921	233	1227	155	1431	100	1622
40100	7226	7226	6369	8137	5643	9004	5230	9544	4883	10026
40200	1757	1758	1348	2221	1026	2684	855	2982	718	3254
40300	1160	1160	832	1541	584	1931	456	2185	358	2418
40400	1671	1671	1273	2123	960	2577	795	2869	663	3136
40500	945	945	652	1292	435	1650	326	1886	244	2104
40700	11381	11381	10298	12518	9369	13588	8835	14249	8383	14836
40800	8404	8405	7477	9385	6689	10314	6239	10891	5860	11406
40900	373	373	199	601	89	853	44	1024	18	1186
41000	5052	5052	4339	5818	3744	6555	3409	7016	3131	7430
41100	2965	2965	2425	3558	1986	4139	1744	4507	1546	4840
41201	163	163	57	323	8	513	0	648	0	778
41202	2487	2488	1996	3033	1599	3571	1383	3914	1208	4225
41301	2762	2762	2242	3336	1821	3899	1589	4257	1401	4580
41303	3633	3633	3033	4287	2539	4922	2264	5323	2038	5685
41304	32179	32180	30340	34072	28730	35824	27788	36892	26982	37834
41400	2200	2201	1739	2715	1371	3225	1171	3552	1010	3848
41500	474	474	274	727	141	1002	82	1187	44	1361
41601	1037	1037	729	1399	498	1771	381	2015	292	2240
41605	957	957	662	1306	443	1667	333	1903	250	2122
41606	851	851	574	1181	372	1525	272	1752	197	1962
41607	240	240	106	428	31	644	8	794	0	937
41608	689	689	443	989	268	1305	184	1516	124	1711
41701	2567	2568	2067	3122	1663	3667	1443	4014	1264	4329
41703	773	773	511	1089	321	1420	228	1639	161	1843
41704	3743	3743	3134	4406	2631	5050	2351	5457	2121	5822
41805	6535	6536	5721	7403	5035	8231	4645	8748	4319	9209
41806	1798	1798	1384	2266	1057	2734	883	3035	744	3309
41808	1126	1126	804	1502	560	1887	435	2138	340	2369
41809	244	244	109	434	33	651	9	802	0	945
41810	493	493	289	751	152	1030	91	1218	50	1394
41811	2925	2925	2390	3515	1954	4092	1714	4459	1518	4790
41812	911	911	624	1252	412	1606	306	1838	227	2053
41901	7730	7730	6842	8672	6089	9566	5660	10122	5299	10618
41903	3733	3733	3124	4395	2623	5039	2343	5444	2114	5810
41904	2041	2041	1598	2538	1245	3032	1055	3348	903	3636
41905	2049	2049	1605	2547	1252	3042	1061	3359	909	3647
42001	1247	1247	907	1642	647	2043	512	2305	408	2544
42003	319	319	160	532	64	770	27	934	8	1088
42004	912	912	625	1253	413	1607	307	1840	227	2055
42005	3264	3265	2697	3886	2232	4492	1975	4875	1765	5221
42006	4532	4533	3859	5260	3299	5961	2985	6402	2725	6798
50101	213	213	88	391	22	599	4	744	0	882
50102	894	894	610	1232	400	1583	296	1813	218	2027
50200	917	918	629	1259	416	1614	310	1847	230	2062
50300	781	781	517	1099	326	1431	233	1651	164	1855
50401	1790	1790	1377	2257	1051	2724	877	3025	739	3298
50402	4168	4168	3523	4866	2989	5542	2690	5967	2444	6349
50500	5324	5325	4592	6110	3979	6865	3634	7337	3346	7760
50600	169	170	61	332	10	525	0	661	0	792
50700	1975	1975	1540	2464	1194	2951	1008	3264	859	3548
50800	1454	1454	1085	1878	798	2306	647	2583	529	2836
50900	2210	2211	1748	2727	1379	3238	1178	3565	1017	3861
51000	6090	6091	5305	6929	4645	7731	4271	8232	3958	8680
51100	1721	1721	1316	2179	998	2639	829	2934	695	3204
51200	609	609	379	892	219	1194	144	1396	91	1584
51300	1211	1211	876	1600	620	1996	489	2254	387	2492
51400	9958	9959	8947	11023	8083	12029	7587	12652	7169	13205
51500	5180	5180	4458	5956	3855	6701	3514	7167	3232	7586
51601	1632	1633	1239	2080	931	2529	768	2819	639	3083
51602	1327	1327	975	1733	704	2145	563	2412	454	2657
51701	3486	3486	2899	4127	2416	4751	2149	5145	1929	5501
51702	4185	4185	3539	4885	3004	5562	2704	5987	2457	6370
51802	7519	7520	6644	8448	5902	9331	5480	9881	5125	10371
51803	1054	1055	744	1419	510	1794	391	2039	301	2265
51804	1069	1069	756	1436	520	1813	400	2059	309	2286
51905	3963	3964	3336	4645	2816	5306	2527	5722	2288	6096
51912	3255	3256	2689	3876	2225	4481	1968	4864	1758	5210
51913	464	464	267	715	136	988	78	1172	41	1345
51914	534	535	321	802	175	1089	109	1282	64	1462
51915	1007	1008	704	1365	478	1733	363	1974	276	2196
51916	1173	1173	844	1556	593	1948	465	2203	366	2437
51917	403	403	221	639	104	898	55	1074	25	1239
51918	1746	1746	1339	2208	1018	2670	847	2968	711	3239
51921	709	709	459	1013	280	1334	194	1546	132	1744
51922	1865	1865	1443	2341	1109	2817	930	3122	788	3400
51923	1775	1775	1363	2240	1039	2705	867	3005	729	3278
51924	1040	1040	732	1403	500	1775	383	2019	293	2244
51925	11718	11719	10619	12871	9675	13956	9132	14626	8672	15221
51926	1840	1840	1421	2313	1089	2786	912	3089	771	3366
51927	714	715	463	1020	284	1341	197	1554	135	1752
51928	2103	2103	1653	2607	1294	3107	1100	3428	944	3719
52003	344	344	178	564	75	809	34	976	12	1134
52004	1464	1465	1093	1889	805	2319	654	2596	536	2851
52005	781	781	517	1099	326	1431	233	1651	164	1855
52006	395	395	215	629	100	886	52	1060	23	1225
52007	1313	1313	963	1716	694	2127	554	2393	445	2637
52104	803	803	535	1124	340	1461	245	1683	174	1888
52105	1014	1015	710	1373	482	1742	367	1984	280	2207
52107	1081	1081	766	1450	529	1829	408	2076	315	2304
52108	2361	2361	1882	2893	1498	3419	1289	3755	1120	4059
52112	685	685	440	984	265	1300	182	1510	122	1705
52113	345	345	179	565	76	810	35	978	12	1136
52114	545	545	329	815	181	1104	113	1298	67	1479
52115	813	813	543	1137	347	1474	250	1697	179	1904
52118	962	963	667	1312	447	1673	336	1911	253	2129
52203	2705	2706	2191	3273	1775	3831	1546	4186	1361	4507
52204	2545	2545	2047	3097	1645	3640	1426	3986	1248	4300
52206	543	543	327	812	180	1101	113	1295	67	1476
52207	538	538	323	806	177	1094	110	1287	65	1468
52208	2596	2596	2093	3153	1686	3701	1464	4050	1283	4366
52209	3133	3133	2578	3742	2124	4337	1873	4714	1669	5055
52301	549	549	332	820	183	1110	115	1304	69	1486
52302	785	785	521	1104	329	1437	235	1657	166	1862
52401	2726	2726	2210	3296	1791	3856	1562	4211	1375	4533
52402	2870	2871	2340	3455	1909	4028	1672	4391	1479	4720
52502	1543	1543	1161	1978	864	2417	707	2700	583	2960
52503	1027	1027	720	1387	491	1758	375	2001	286	2225
52504	726	726	473	1033	291	1356	203	1570	140	1769
52603	331	331	169	547	69	788	30	953	9	1109
52604	1954	1954	1521	2440	1177	2925	993	3236	845	3519
52605	1610	1610	1220	2054	914	2501	753	2789	625	3052
52606	610	610	380	894	219	1195	144	1397	92	1585
52607	684	684	439	983	264	1298	181	1508	121	1703
52701	303	303	149	511	56	744	22	905	5	1057
52705	387	387	209	618	96	873	49	1047	21	1210
52706	786	786	522	1105	330	1438	236	1659	167	1863
52707	171	171	62	333	10	526	0	663	0	794
52708	331	331	169	547	69	788	30	953	9	1109
52709	214	214	89	393	22	600	4	746	0	885
52803	7092	7092	6243	7995	5524	8855	5116	9390	4773	9868
52804	1635	1636	1242	2083	934	2533	770	2823	641	3087
52805	1974	1974	1539	2463	1193	2950	1007	3262	859	3546
52806	402	402	221	638	103	896	54	1072	24	1238
52903	4079	4079	3441	4770	2914	5439	2619	5860	2376	6239
52904	789	789	524	1109	332	1443	237	1663	168	1868
52905	2304	2304	1832	2830	1453	3350	1247	3683	1081	3984
52906	508	508	300	769	160	1051	97	1240	55	1418
53101	386	386	208	617	95	872	48	1045	20	1208
53102	1974	1974	1539	2463	1193	2950	1007	3262	859	3546
53201	675	676	432	973	259	1287	177	1496	118	1690
53202	451	451	257	699	129	968	73	1151	37	1322
53301	3763	3764	3152	4428	2648	5074	2367	5481	2136	5847
53302	944	944	651	1291	434	1649	325	1885	243	2102
53400	1185	1185	854	1570	602	1963	472	2220	373	2455
53504	3147	3147	2590	3758	2136	4354	1884	4732	1679	5073
53505	372	372	199	600	88	851	44	1023	17	1184
53506	531	531	319	798	173	1085	107	1277	63	1457
53507	1796	1796	1382	2264	1056	2732	882	3032	743	3307
53508	1591	1591	1203	2033	900	2477	739	2764	613	3026
53509	4242	4243	3592	4947	3052	5628	2751	6056	2501	6441
990100	0	0	0	35	0	112	0	179	0	250
53602	895	895	611	1233	401	1584	297	1815	219	2028
53603	499	499	294	759	155	1039	93	1227	52	1404
53604	1146	1146	821	1526	575	1913	448	2166	351	2399
53700	889	889	606	1226	397	1576	293	1806	216	2019
53801	475	475	275	728	142	1003	83	1188	44	1362
53802	1512	1512	1135	1944	841	2379	686	2660	565	2917
53803	915	915	628	1257	415	1611	309	1844	229	2059
60200	14907	14908	13664	16204	12591	17419	11970	18166	11443	18829
60300	1149	1150	824	1529	577	1917	450	2171	353	2404
60400	643	643	406	933	239	1241	160	1447	105	1638
60500	1682	1682	1283	2136	969	2591	802	2884	670	3151
60600	1458	1458	1088	1883	801	2311	650	2588	532	2842
60700	2237	2237	1772	2756	1399	3270	1198	3598	1035	3896
60800	1100	1101	782	1472	542	1854	420	2103	326	2332
60903	556	556	338	828	188	1120	119	1315	72	1498
60904	1455	1455	1085	1879	799	2307	648	2584	530	2838
60905	1675	1675	1276	2128	964	2582	797	2875	666	3142
60906	1716	1716	1312	2174	994	2632	826	2928	692	3197
61001	648	648	410	939	242	1249	163	1454	107	1646
61002	4050	4051	3415	4739	2890	5406	2596	5826	2354	6204
61100	5831	5831	5064	6652	4419	7438	4054	7930	3750	8369
61200	1345	1345	991	1754	718	2168	575	2437	465	2683
61300	1693	1694	1292	2148	977	2605	810	2899	677	3167
61400	8237	8237	7320	9208	6540	10129	6095	10701	5720	11211
61500	8463	8463	7533	9447	6741	10379	6289	10958	5909	11474
61601	15221	15222	13964	16531	12879	17758	12251	18513	11718	19181
61602	5523	5524	4777	6323	4151	7090	3798	7570	3504	8000
61700	4480	4480	3811	5203	3254	5901	2942	6339	2684	6733
61800	837	838	563	1166	363	1507	264	1733	191	1942
61900	1882	1883	1458	2361	1122	2838	942	3144	799	3424
62000	841	841	566	1169	365	1511	266	1737	192	1946
62300	460	460	264	710	134	982	77	1165	40	1338
62400	1101	1102	783	1474	543	1855	420	2105	326	2334
62500	1234	1234	896	1627	637	2026	504	2286	400	2525
62600	21748	21749	20241	23309	18930	24762	18167	25651	17516	26438
62801	2453	2453	1965	2995	1571	3530	1357	3871	1184	4180
62802	1013	1014	709	1372	482	1741	367	1982	279	2205
62900	2000	2001	1562	2493	1214	2982	1026	3296	876	3582
63000	2709	2710	2195	3278	1778	3836	1549	4191	1364	4513
63100	1466	1467	1095	1892	807	2321	656	2599	537	2853
63200	924	925	635	1268	421	1623	314	1857	234	2073
63300	1649	1649	1253	2098	944	2549	779	2840	649	3105
63400	1897	1897	1471	2377	1133	2855	952	3163	808	3443
63501	1506	1506	1129	1937	837	2371	682	2652	561	2909
63502	603	604	375	886	215	1187	141	1388	89	1575
70100	1072	1072	758	1439	522	1817	402	2063	310	2291
70203	492	492	288	750	151	1028	90	1216	50	1392
70204	221	221	93	403	25	613	5	759	0	899
70205	762	762	502	1076	314	1405	222	1623	156	1825
70206	318	318	160	531	63	769	27	932	7	1086
70207	2770	2770	2250	3345	1827	3909	1596	4267	1407	4591
70307	515	515	306	778	164	1061	100	1252	57	1430
70308	904	904	618	1244	407	1596	302	1828	223	2042
70309	1963	1963	1529	2451	1184	2936	999	3248	851	3531
70310	1872	1872	1449	2349	1114	2825	935	3131	792	3410
70311	602	603	374	885	215	1185	141	1386	89	1574
70312	1063	1063	750	1429	516	1805	396	2051	305	2277
70313	1325	1325	973	1730	703	2142	562	2409	453	2654
70314	344	344	178	564	75	809	34	976	12	1134
70315	662	662	421	957	251	1268	170	1476	112	1669
70316	514	514	305	777	163	1060	100	1250	57	1428
70401	803	803	535	1124	340	1461	245	1683	174	1888
70403	934	934	643	1279	427	1636	319	1870	238	2087
70404	700	700	452	1002	275	1321	190	1532	128	1729
70703	2502	2502	2008	3049	1610	3588	1393	3932	1217	4243
71100	616	616	385	901	223	1204	147	1407	94	1595
71205	695	695	448	996	271	1314	187	1525	126	1721
71206	4043	4044	3409	4732	2884	5398	2591	5818	2349	6195
71207	3840	3840	3222	4512	2713	5163	2428	5574	2194	5943
71208	1472	1473	1100	1899	812	2329	660	2607	541	2862
71209	517	517	307	780	165	1064	101	1255	58	1433
71210	755	756	497	1068	310	1397	219	1614	153	1816
71304	1828	1828	1410	2299	1080	2770	904	3073	763	3349
71305	2283	2284	1813	2808	1436	3326	1232	3657	1067	3958
71306	1036	1036	728	1398	497	1770	380	2014	291	2238
71307	1116	1116	795	1490	553	1874	429	2124	334	2355
71309	843	843	568	1172	366	1514	267	1740	193	1949
71310	616	616	385	901	223	1204	147	1407	94	1595
71403	1074	1074	760	1442	524	1819	403	2066	311	2294
71406	2915	2915	2380	3504	1945	4080	1706	4446	1511	4777
71407	854	854	577	1185	374	1529	273	1756	199	1966
71408	1256	1257	915	1652	653	2055	518	2317	413	2557
71409	589	589	364	869	207	1167	134	1366	84	1552
71410	1536	1536	1155	1970	859	2408	702	2691	579	2950
71411	779	779	516	1096	325	1429	232	1648	164	1852
71503	2716	2717	2201	3286	1784	3845	1555	4200	1369	4522
71504	2527	2527	2031	3077	1631	3619	1412	3964	1235	4276
71505	1070	1070	756	1437	521	1814	401	2061	309	2288
71506	309	309	153	519	59	754	24	916	6	1069
71601	1255	1256	914	1651	653	2054	517	2316	412	2556
71602	2678	2678	2167	3243	1753	3799	1526	4152	1341	4472
71703	1072	1072	758	1439	522	1817	402	2063	310	2291
71704	847	847	571	1176	369	1520	269	1746	195	1956
71705	1218	1218	882	1608	625	2005	493	2264	391	2502
71706	948	948	655	1295	437	1655	328	1890	245	2108
71707	1098	1098	781	1470	541	1851	418	2100	325	2329
71803	2604	2604	2100	3162	1693	3711	1470	4060	1289	4376
71805	1904	1904	1477	2385	1139	2864	958	3172	813	3452
71806	1049	1049	739	1413	507	1787	388	2032	298	2258
71807	10360	10361	9328	11446	8445	12470	7938	13104	7510	13668
71808	1550	1550	1167	1986	869	2426	712	2710	588	2969
71901	5454	5455	4713	6250	4092	7012	3741	7490	3449	7917
71902	1355	1356	999	1765	725	2181	582	2451	471	2698
72000	1266	1266	923	1663	660	2067	524	2329	418	2570
72105	2773	2774	2252	3348	1830	3912	1598	4271	1409	4595
72106	1797	1797	1383	2265	1057	2733	882	3034	744	3308
72107	1215	1215	879	1604	623	2001	491	2260	389	2498
72108	584	584	360	862	204	1159	132	1358	82	1544
72109	855	855	578	1186	375	1531	274	1758	199	1968
72111	295	295	144	501	53	733	20	892	4	1044
72112	463	463	266	714	135	987	78	1170	41	1343
72305	1496	1496	1121	1925	829	2358	675	2638	555	2895
72307	695	695	448	996	271	1314	187	1525	126	1721
72308	1312	1312	962	1715	693	2125	553	2392	445	2636
72309	622	622	390	908	227	1213	150	1416	96	1605
72310	1883	1884	1459	2362	1123	2839	943	3146	799	3425
72311	3290	3290	2720	3913	2253	4521	1995	4906	1784	5253
72312	1197	1197	864	1584	611	1979	480	2236	379	2473
72313	536	537	323	805	176	1092	110	1285	65	1466
72405	513	513	304	775	163	1058	99	1248	57	1426
72406	1166	1166	838	1548	588	1938	460	2193	362	2427
72407	2163	2163	1706	2674	1341	3180	1144	3504	985	3798
72408	4350	4350	3691	5063	3143	5751	2837	6184	2583	6573
72409	308	308	152	517	59	752	24	914	6	1067
72410	299	300	146	506	55	739	21	900	5	1052
72503	574	574	351	850	198	1145	127	1342	78	1527
72504	2054	2054	1610	2553	1256	3048	1065	3365	912	3654
72505	4299	4299	3644	5008	3100	5693	2796	6124	2545	6511
72506	273	273	128	472	44	698	15	854	2	1002
72507	3041	3041	2494	3641	2048	4229	1802	4601	1601	4937
72601	728	728	474	1035	292	1359	204	1573	140	1772
72602	952	952	658	1300	440	1660	330	1896	248	2114
72603	1624	1624	1232	2070	925	2519	762	2808	634	3072
72800	3767	3768	3156	4433	2651	5079	2371	5486	2139	5853
72901	2847	2847	2319	3429	1890	4000	1654	4362	1462	4690
72903	2461	2461	1972	3004	1578	3540	1363	3881	1189	4190
900202	0	0	0	35	0	112	0	179	0	250
72906	14630	14631	13399	15916	12337	17120	11722	17861	11201	18518
990002	7	7	0	62	0	158	0	237	0	317
73001	1126	1126	804	1502	560	1887	435	2138	340	2369
73005	439	440	248	685	123	952	68	1132	34	1302
73006	683	683	438	981	264	1297	181	1507	121	1702
73108	2220	2220	1757	2737	1386	3249	1185	3576	1023	3873
73110	748	748	491	1060	305	1387	215	1603	150	1804
73111	806	806	537	1128	342	1465	246	1687	176	1893
73113	909	909	623	1250	411	1603	305	1835	226	2050
73114	365	365	193	591	85	840	41	1011	16	1171
73115	424	424	237	665	115	929	62	1107	30	1275
73116	290	290	140	494	51	724	19	883	4	1034
73117	698	698	450	1000	273	1318	189	1529	128	1726
73118	583	583	359	861	203	1158	131	1357	81	1542
73119	582	582	358	860	203	1156	131	1355	81	1540
73120	1003	1003	701	1360	475	1727	360	1968	274	2190
73121	2294	2294	1822	2819	1444	3338	1239	3670	1074	3971
73122	1924	1924	1495	2407	1155	2889	972	3198	826	3480
73123	667	667	426	963	254	1276	173	1484	115	1677
73124	751	752	493	1064	307	1391	217	1608	151	1809
73125	1102	1103	784	1475	544	1857	421	2106	327	2335
73126	372	372	199	600	88	851	44	1023	17	1184
73200	1740	1740	1333	2201	1013	2663	843	2960	707	3231
73301	9796	9797	8794	10853	7937	11851	7445	12469	7031	13019
73302	1771	1771	1360	2235	1036	2700	864	2999	727	3272
73404	2723	2723	2207	3292	1789	3852	1559	4208	1373	4530
73405	3578	3578	2983	4227	2493	4859	2221	5257	1997	5616
73406	3062	3062	2513	3665	2066	4254	1819	4627	1617	4964
73407	4625	4626	3945	5360	3378	6068	3061	6512	2797	6911
73408	1164	1164	836	1546	587	1936	459	2190	361	2424
73500	1657	1657	1260	2107	950	2559	785	2851	654	3117
80101	315	315	157	527	62	764	26	926	7	1081
80102	1709	1709	1306	2166	989	2624	821	2919	687	3188
80200	2270	2271	1802	2793	1426	3310	1222	3640	1058	3940
80300	4048	4049	3414	4737	2888	5404	2595	5824	2353	6202
80400	986	986	686	1340	463	1704	350	1944	265	2164
80500	3292	3292	2722	3916	2255	4524	1997	4909	1785	5256
80600	1535	1535	1154	1969	858	2407	701	2690	578	2948
80700	1139	1139	815	1517	570	1904	444	2157	347	2389
80800	475	475	275	728	142	1003	83	1188	44	1362
80900	3877	3878	3257	4552	2744	5206	2458	5619	2223	5990
81000	1718	1718	1314	2176	996	2635	827	2930	693	3200
81100	2331	2331	1856	2860	1474	3384	1267	3717	1099	4020
81200	662	662	421	957	251	1268	170	1476	112	1669
81400	13050	13051	11889	14266	10889	15407	10312	16110	9824	16734
90101	1445	1445	1077	1867	791	2294	641	2571	524	2824
90102	2153	2153	1697	2662	1333	3168	1136	3491	978	3785
90201	1795	1795	1381	2263	1055	2730	881	3031	742	3305
90202	1135	1135	812	1513	567	1899	441	2151	345	2383
90300	4190	4190	3544	4890	3008	5567	2708	5994	2461	6377
90400	1180	1180	850	1564	599	1957	469	2213	370	2448
90501	4270	4270	3617	4977	3076	5659	2773	6089	2522	6475
90502	2156	2156	1700	2666	1335	3171	1138	3495	980	3789
90700	1169	1169	840	1551	591	1942	462	2197	363	2432
90800	1395	1395	1034	1811	754	2231	608	2504	494	2754
90900	5732	5732	4971	6547	4333	7327	3972	7814	3671	8251
91000	1258	1259	917	1655	655	2058	519	2320	414	2560
91100	2405	2405	1922	2942	1533	3473	1322	3811	1151	4117
91201	8694	8695	7751	9691	6948	10636	6489	11221	6103	11743
91203	669	669	427	965	255	1278	174	1487	115	1680
91204	1847	1847	1427	2321	1095	2794	917	3098	776	3375
91301	543	543	327	812	180	1101	113	1295	67	1476
91302	1168	1168	839	1550	590	1941	462	2196	363	2430
91400	267	267	124	464	42	688	13	843	1	990
91500	593	593	367	874	209	1172	136	1372	85	1559
91600	1674	1674	1275	2127	963	2581	797	2873	665	3140
91700	736	736	481	1045	297	1370	209	1585	144	1785
91800	1670	1670	1272	2122	960	2576	794	2868	663	3135
91900	1112	1112	792	1485	550	1868	426	2119	332	2349
92000	539	539	324	807	177	1095	111	1288	65	1469
92100	3644	3644	3043	4299	2548	4935	2273	5337	2047	5698
92200	2920	2920	2385	3509	1949	4086	1710	4452	1514	4783
92300	3157	3157	2600	3769	2144	4366	1892	4744	1686	5085
92400	1274	1274	930	1672	666	2077	529	2340	423	2582
92500	2464	2464	1975	3007	1580	3543	1365	3885	1191	4194
92600	681	681	436	979	262	1294	180	1504	120	1698
92701	645	645	408	936	240	1244	161	1450	105	1641
92704	565	565	345	840	193	1133	123	1330	75	1513
92801	1248	1248	908	1643	647	2045	513	2306	408	2546
92802	469	470	271	722	139	996	81	1180	43	1354
92803	197	197	78	370	17	572	2	714	0	850
92901	543	543	327	812	180	1101	113	1295	67	1476
92902	790	790	525	1110	332	1444	238	1665	169	1869
940000	213	213	88	391	22	599	4	744	0	882
940001	6921	6922	6083	7814	5374	8664	4971	9194	4634	9667
940002	13042	13043	11881	14257	10882	15398	10305	16101	9817	16725
940003	2803	2803	2279	3380	1854	3947	1620	4307	1430	4633
940004	1433	1433	1066	1854	782	2279	633	2554	517	2806
940005	764	764	503	1078	315	1408	223	1626	157	1828
940006	639	640	403	930	237	1237	159	1442	103	1633
940007	2596	2596	2093	3153	1686	3701	1464	4050	1283	4366
940008	494	494	290	753	152	1031	91	1219	51	1395
940009	1820	1821	1404	2291	1075	2762	899	3064	759	3340
940010	2926	2927	2391	3516	1954	4093	1714	4460	1519	4791
940011	450	450	256	697	128	967	73	1149	37	1320
940100	1866	1866	1444	2343	1110	2818	931	3123	788	3402
