tract10_id mean median lower_50 upper_50 lower_80 upper_80 lower_90 upper_90 lower_95 upper_95
100	7160	7160	6071	8338	5168	9476	4662	10191	4244	10834
200	8336	8337	7158	9604	6174	10822	5620	11586	5159	12271
300	2790	2789	2127	3542	1607	4296	1331	4782	1112	5226
401	5296	5297	4367	6316	3606	7311	3186	7941	2841	8510
402	4761	4761	3881	5730	3166	6679	2773	7282	2453	7827
500	4228	4228	3402	5144	2735	6045	2370	6619	2075	7139
600	8544	8545	7351	9827	6353	11059	5791	11831	5324	12523
700	4982	4983	4082	5972	3347	6941	2943	7555	2612	8110
800	2840	2839	2171	3598	1645	4358	1366	4848	1144	5294
900	2360	2360	1754	3055	1285	3759	1040	4214	847	4631
1000	2091	2091	1524	2749	1089	3418	864	3852	690	4252
1100	2675	2674	2027	3412	1520	4153	1252	4631	1040	5068
1200	8242	8242	7071	9503	6093	10715	5543	11475	5085	12156
1300	4505	4506	3651	5449	2959	6376	2579	6965	2271	7499
1400	5526	5526	4575	6566	3795	7580	3364	8221	3010	8800
1500	2751	2750	2093	3498	1578	4248	1304	4731	1087	5172
1600	4540	4541	3683	5488	2987	6418	2606	7009	2295	7544
1701	3657	3657	2892	4512	2280	5359	1948	5900	1681	6391
1702	4404	4405	3560	5338	2877	6256	2503	6839	2199	7368
1800	4655	4655	3786	5613	3080	6553	2692	7151	2377	7691
1900	5125	5126	4211	6129	3465	7110	3053	7731	2716	8292
2000	3814	3814	3032	4686	2404	5549	2063	6099	1788	6599
2100	4230	4230	3404	5146	2736	6048	2372	6622	2076	7142
2200	6129	6130	5126	7223	4299	8284	3838	8954	3460	9558
2400	3852	3852	3066	4729	2434	5594	2091	6147	1814	6649
2500	2747	2746	2090	3493	1575	4243	1301	4726	1085	5167
2600	5136	5137	4221	6141	3474	7123	3062	7745	2724	8306
2700	5577	5577	4621	6622	3838	7640	3404	8284	3048	8864
2800	4813	4813	3928	5787	3209	6741	2813	7346	2490	7894
2900	4586	4586	3723	5537	3024	6471	2640	7065	2328	7602
3000	6031	6032	5036	7116	4216	8170	3761	8836	3386	9435
3100	6601	6602	5558	7734	4695	8831	4213	9522	3816	10144
3200	8511	8512	7320	9791	6325	11021	5764	11792	5297	12483
3300	6806	6807	5746	7956	4868	9068	4378	9769	3973	10398
3400	3746	3746	2971	4611	2350	5466	2013	6013	1742	6509
3500	4256	4257	3427	5175	2757	6079	2391	6654	2095	7176
3600	6104	6105	5103	7196	4278	8255	3819	8924	3441	9526
3800	2096	2096	1528	2755	1093	3424	867	3859	692	4259
3900	2960	2960	2276	3734	1737	4507	1449	5004	1220	5458
4000	3059	3059	2363	3845	1813	4629	1519	5133	1284	5592
4100	8294	8294	7119	9558	6138	10774	5585	11536	5126	12220
4200	8126	8126	6963	9378	5993	10582	5447	11338	4994	12015
4301	3108	3108	2406	3900	1851	4689	1554	5197	1316	5659
4302	1551	1551	1069	2124	711	2716	531	3105	397	3464
4400	5862	5863	4882	6932	4075	7973	3627	8631	3260	9223
4500	2505	2505	1880	3220	1393	3941	1137	4407	935	4834
4600	3329	3328	2601	4146	2022	4959	1711	5481	1461	5955
4700	7104	7104	6020	8277	5120	9411	4617	10124	4200	10765
4800	4893	4893	4001	5875	3274	6836	2874	7445	2548	7996
4900	7083	7083	6000	8255	5102	9387	4600	10099	4184	10739
5000	3781	3781	3003	4650	2378	5509	2039	6057	1766	6555
5100	3842	3842	3057	4718	2427	5582	2084	6135	1808	6636
5200	6665	6666	5616	7803	4749	8905	4265	9599	3865	10224
5301	5722	5723	4754	6780	3958	7810	3517	8460	3155	9047
5302	407	407	181	722	55	1082	15	1332	0	1571
5400	5351	5351	4416	6375	3651	7374	3227	8007	2881	8578
5600	7400	7401	6293	8597	5372	9752	4856	10477	4429	11129
5700	6929	6930	5859	8089	4972	9210	4477	9916	4067	10550
5801	5375	5375	4437	6401	3670	7403	3246	8037	2899	8609
5802	5371	5371	4434	6397	3667	7398	3243	8032	2896	8604
5900	6144	6145	5139	7239	4311	8302	3850	8972	3471	9576
6000	5670	5670	4706	6723	3915	7749	3477	8397	3117	8981
6100	5708	5708	4741	6765	3947	7793	3506	8443	3145	9029
6200	4201	4201	3378	5114	2713	6013	2350	6585	2056	7104
6300	6411	6411	5383	7528	4535	8611	4062	9294	3672	9908
6400	3410	3409	2673	4237	2085	5058	1769	5584	1515	6063
6500	5300	5301	4370	6320	3609	7316	3189	7946	2844	8515
6600	4903	4903	4010	5886	3283	6847	2882	7458	2555	8009
6700	8682	8683	7479	9975	6472	11216	5905	11993	5433	12690
6800	3183	3183	2473	3984	1909	4782	1607	5294	1365	5760
6900	4408	4409	3564	5342	2880	6260	2506	6844	2202	7373
7000	9011	9011	7784	10327	6756	11589	6176	12379	5693	13086
7100	3833	3833	3049	4708	2419	5571	2077	6123	1801	6624
7200	11501	11502	10109	12982	8933	14393	8264	15272	7704	16056
7300	9999	10000	8705	11384	7616	12707	6999	13533	6484	14273
7401	5383	5383	4445	6410	3677	7412	3252	8046	2905	8619
7402	6306	6306	5287	7414	4446	8489	3978	9167	3592	9777
7500	7526	7527	6409	8733	5480	9896	4958	10627	4527	11284
7600	3824	3824	3041	4698	2412	5561	2071	6112	1795	6612
7700	4846	4846	3958	5823	3236	6780	2838	7387	2514	7936
7800	6085	6086	5085	7175	4262	8233	3804	8901	3427	9502
7900	6212	6212	5201	7312	4367	8380	3903	9053	3521	9660
8001	8202	8202	7034	9460	6058	10669	5510	11428	5054	12108
8002	3905	3904	3112	4786	2476	5657	2130	6213	1850	6717
8100	7864	7865	6721	9097	5769	10284	5234	11029	4790	11697
8200	7345	7345	6242	8538	5325	9688	4812	10412	4386	11062
8300	5220	5221	4297	6233	3543	7222	3127	7848	2786	8413
8400	6992	6993	5917	8157	5026	9283	4527	9991	4115	10628
8500	6604	6605	5560	7737	4697	8835	4216	9526	3818	10148
8600	3699	3699	2929	4559	2313	5409	1979	5953	1710	6447
8700	4204	4204	3380	5117	2715	6016	2352	6589	2058	7108
8800	3676	3676	2909	4533	2295	5382	1962	5924	1694	6417
8900	5137	5138	4222	6142	3475	7124	3062	7746	2725	8308
9000	3099	3099	2398	3890	1844	4678	1547	5185	1310	5646
9100	2853	2852	2182	3613	1655	4374	1375	4865	1152	5312
9200	2745	2744	2088	3491	1573	4240	1300	4723	1084	5164
9300	3592	3592	2834	4440	2228	5280	1901	5817	1637	6305
9400	6079	6080	5080	7169	4257	8226	3799	8894	3422	9495
9500	6555	6556	5515	7684	4656	8778	4177	9467	3781	10087
9600	6233	6233	5220	7335	4385	8404	3920	9079	3537	9686
9701	6383	6383	5358	7498	4511	8578	4039	9260	3651	9873
9702	5718	5719	4750	6776	3955	7805	3514	8455	3152	9042
9800	6959	6960	5887	8122	4998	9245	4501	9952	4090	10587
9900	7090	7090	6007	8262	5108	9395	4605	10107	4190	10748
10001	3866	3866	3079	4744	2446	5611	2102	6165	1824	6667
10002	4474	4475	3623	5415	2934	6339	2556	6927	2249	7458
10100	6662	6663	5614	7800	4746	8902	4262	9596	3863	10220
10200	5265	5266	4338	6282	3580	7275	3161	7903	2819	8470
10300	6133	6134	5129	7227	4302	8289	3842	8959	3463	9563
10401	5047	5048	4140	6043	3401	7018	2993	7635	2660	8193
10402	4727	4727	3851	5692	3139	6639	2747	7240	2428	7783
10500	6700	6701	5649	7841	4778	8946	4293	9641	3892	10267
10600	8447	8448	7261	9723	6269	10949	5711	11717	5247	12405
10701	3250	3249	2531	4058	1960	4863	1654	5379	1409	5849
10702	2758	2757	2099	3506	1583	4256	1309	4740	1092	5182
10800	5157	5158	4240	6164	3491	7147	3078	7770	2740	8333
10900	1478	1478	1008	2038	661	2619	489	3001	360	3354
11001	3816	3816	3034	4689	2406	5551	2065	6102	1790	6601
11002	4060	4059	3251	4958	2600	5844	2245	6408	1958	6920
11101	4690	4690	3817	5652	3108	6595	2719	7194	2402	7736
11102	4433	4434	3586	5370	2900	6290	2525	6876	2219	7405
11200	3819	3819	3037	4692	2408	5555	2067	6105	1792	6605
11300	6790	6791	5731	7939	4855	9050	4365	9749	3960	10378
11401	4374	4375	3533	5305	2853	6220	2480	6802	2178	7329
11402	4435	4436	3588	5372	2902	6293	2526	6878	2221	7408
11500	4565	4566	3705	5515	3007	6447	2625	7040	2313	7576
11600	7217	7217	6124	8399	5216	9541	4708	10259	4288	10904
11700	6139	6140	5135	7234	4307	8296	3846	8966	3467	9570
11800	7615	7616	6491	8829	5556	9998	5031	10733	4596	11393
11900	7458	7459	6346	8659	5422	9818	4903	10546	4474	11200
12000	3770	3770	2993	4638	2369	5495	2031	6043	1758	6541
12100	3120	3120	2417	3913	1860	4704	1562	5212	1324	5675
20100	3924	3923	3129	4807	2491	5680	2144	6237	1863	6742
20200	6043	6044	5047	7129	4226	8184	3770	8850	3395	9450
20300	9038	9038	7809	10356	6780	11620	6198	12410	5715	13119
20401	6499	6499	5464	7623	4609	8713	4132	9400	3739	10017
20402	7294	7294	6195	8482	5282	9630	4770	10351	4347	10999
20500	11539	11540	10145	13022	8966	14435	8296	15315	7735	16101
20600	4921	4921	4026	5905	3297	6869	2896	7480	2568	8032
20700	6218	6218	5206	7318	4372	8387	3908	9061	3526	9667
20800	5557	5557	4603	6600	3821	7616	3388	8259	3033	8839
20900	8888	8889	7671	10196	6651	11450	6075	12236	5596	12939
21000	10826	10827	9477	12265	8340	13637	7694	14493	7153	15257
21100	7578	7579	6457	8789	5524	9956	5001	10689	4567	11347
21300	4695	4695	3822	5657	3112	6601	2723	7200	2405	7742
21400	4978	4979	4078	5968	3344	6936	2940	7550	2610	8105
21500	5767	5768	4795	6829	3996	7862	3553	8515	3189	9104
21600	6910	6911	5842	8069	4956	9188	4461	9893	4052	10527
21700	12949	12950	11470	14518	10214	16008	9498	16934	8897	17760
21802	7621	7622	6497	8835	5561	10005	5036	10740	4601	11400
21803	5759	5760	4787	6820	3989	7853	3546	8505	3183	9094
21804	5197	5198	4277	6208	3524	7194	3109	7820	2769	8384
21903	7356	7356	6252	8549	5335	9701	4821	10425	4395	11075
21904	6389	6389	5363	7504	4516	8585	4044	9267	3655	9881
21905	5918	5919	4933	6993	4122	8038	3672	8699	3301	9293
21906	5733	5734	4764	6792	3968	7822	3526	8474	3163	9061
22001	5457	5457	4512	6491	3738	7499	3310	8137	2959	8713
22003	5953	5954	4965	7031	4151	8079	3699	8741	3328	9337
22005	5012	5013	4109	6005	3372	6976	2966	7592	2634	8148
22006	4086	4085	3275	4987	2621	5875	2264	6441	1976	6954
22101	6822	6823	5761	7973	4882	9087	4390	9788	3985	10418
22102	9315	9316	8067	10652	7020	11934	6428	12735	5935	13453
22201	4947	4947	4050	5934	3319	6899	2916	7512	2587	8065
22202	9029	9029	7801	10346	6772	11609	6191	12400	5707	13108
22203	7084	7084	6001	8256	5103	9388	4601	10100	4185	10740
22300	5262	5263	4336	6279	3578	7271	3159	7899	2816	8467
22400	9921	9922	8632	11300	7548	12619	6934	13443	6422	14180
22500	8595	8596	7398	9882	6397	11117	5833	11891	5364	12585
22603	6197	6197	5187	7296	4355	8362	3892	9035	3510	9641
22604	5771	5772	4798	6833	3999	7867	3556	8520	3192	9109
22605	7745	7746	6611	8969	5667	10148	5137	10888	4697	11552
22606	7039	7040	5961	8208	5066	9337	4565	10048	4151	10686
22701	3378	3377	2644	4201	2060	5019	1746	5543	1494	6020
22702	4067	4066	3258	4966	2605	5852	2250	6417	1962	6929
22703	2907	2907	2230	3674	1696	4441	1412	4935	1186	5386
22801	8380	8381	7199	9651	6212	10872	5656	11638	5194	12324
22802	5688	5688	4723	6743	3930	7770	3491	8419	3130	9004
22803	5941	5942	4954	7018	4141	8065	3690	8726	3319	9322
22901	3590	3590	2832	4437	2227	5277	1899	5815	1636	6303
22902	7441	7442	6330	8641	5407	9799	4889	10526	4461	11179
23000	5889	5890	4906	6962	4098	8005	3649	8663	3280	9257
23100	4147	4147	3329	5054	2670	5948	2310	6518	2018	7034
23201	6341	6341	5319	7452	4476	8530	4006	9209	3619	9821
23202	4900	4900	4007	5882	3280	6844	2880	7454	2553	8005
23300	6749	6750	5694	7894	4820	9002	4332	9700	3929	10328
23401	4511	4512	3657	5456	2964	6383	2584	6973	2275	7506
23403	4446	4447	3598	5384	2911	6306	2535	6892	2229	7422
23404	3894	3893	3103	4774	2467	5644	2122	6199	1843	6703
23500	3962	3961	3163	4849	2521	5726	2172	6285	1890	6792
23601	4464	4465	3614	5404	2926	6327	2548	6914	2241	7446
23603	5861	5862	4881	6931	4074	7972	3627	8629	3259	9222
23604	6468	6468	5436	7590	4583	8677	4107	9362	3715	9979
23700	5532	5532	4580	6573	3800	7587	3369	8229	3014	8807
23801	3395	3394	2659	4220	2074	5040	1758	5565	1505	6043
23803	7778	7779	6642	9004	5695	10185	5164	10927	4723	11592
23804	10731	10732	9389	12163	8256	13530	7613	14383	7076	15144
23900	7809	7810	6671	9038	5722	10221	5189	10963	4747	11630
24000	8690	8691	7487	9984	6479	11225	5911	12003	5439	12700
24100	5064	5065	4156	6062	3415	7038	3006	7656	2672	8215
24200	3578	3578	2822	4424	2217	5263	1891	5799	1628	6287
24300	8308	8308	7132	9573	6150	10790	5597	11553	5137	12237
24400	2142	2141	1567	2806	1126	3482	896	3920	719	4323
24500	5734	5735	4765	6793	3968	7824	3527	8475	3164	9062
24601	5129	5130	4215	6133	3468	7114	3056	7736	2719	8297
24602	4046	4045	3239	4942	2589	5827	2234	6391	1948	6902
24701	4536	4537	3679	5483	2984	6413	2603	7004	2293	7539
24702	10165	10165	8859	11560	7760	12893	7137	13726	6617	14470
24800	6935	6936	5865	8096	4977	9217	4481	9923	4071	10558
24901	5924	5925	4938	7000	4127	8045	3676	8706	3306	9301
24902	4232	4232	3406	5148	2738	6050	2373	6624	2078	7145
24903	7601	7602	6478	8814	5544	9982	5019	10716	4585	11376
25001	6000	6001	5008	7083	4190	8134	3736	8798	3363	9396
25003	7904	7905	6758	9140	5803	10330	5266	11076	4821	11746
25005	5378	5378	4440	6405	3673	7406	3248	8040	2901	8612
25006	7039	7040	5961	8208	5066	9337	4565	10048	4151	10686
25101	8234	8234	7063	9494	6086	10706	5536	11465	5079	12147
25102	9511	9512	8250	10862	7190	12156	6592	12964	6092	13688
25200	9809	9810	8528	11181	7450	12492	6840	13312	6331	14045
25301	6488	6488	5454	7612	4599	8700	4123	9386	3730	10004
25302	4359	4360	3520	5288	2841	6202	2469	6783	2167	7310
25400	7458	7459	6346	8659	5422	9818	4903	10546	4474	11200
25500	5368	5368	4431	6394	3665	7394	3241	8028	2894	8600
25601	5331	5332	4398	6354	3635	7352	3213	7984	2867	8554
25602	7552	7553	6433	8761	5502	9926	4980	10658	4547	11315
25701	7421	7422	6312	8620	5390	9776	4873	10502	4445	11155
25702	4341	4342	3504	5268	2826	6180	2455	6761	2154	7286
25803	5213	5214	4291	6225	3537	7213	3121	7839	2781	8404
25804	4528	4529	3672	5475	2977	6403	2597	6994	2287	7528
25805	5825	5826	4848	6892	4044	7930	3598	8586	3232	9176
25806	6427	6427	5398	7545	4548	8629	4074	9313	3684	9928
26001	6609	6610	5565	7743	4702	8840	4220	9532	3822	10154
26002	8292	8292	7117	9556	6136	10772	5584	11534	5125	12217
26100	11021	11022	9660	12472	8511	13856	7858	14718	7312	15489
26200	8429	8430	7244	9703	6254	10928	5696	11695	5233	12383
26300	2624	2624	1983	3355	1482	4091	1218	4565	1009	4999
26400	7264	7264	6167	8450	5256	9595	4746	10315	4324	10962
26500	6351	6351	5328	7463	4484	8541	4014	9221	3626	9833
26600	2898	2898	2222	3664	1690	4430	1406	4924	1181	5374
26700	6402	6402	5375	7518	4527	8600	4054	9283	3665	9897
26801	5422	5422	4480	6453	3709	7458	3283	8094	2933	8668
26802	5888	5889	4905	6961	4097	8003	3648	8662	3279	9256
27000	5330	5331	4397	6353	3634	7351	3212	7983	2866	8553
27100	4292	4293	3459	5214	2786	6122	2418	6699	2120	7223
27200	3442	3441	2701	4272	2110	5097	1792	5625	1536	6106
27300	6666	6667	5617	7804	4750	8906	4265	9601	3866	10225
27400	6403	6403	5376	7519	4528	8602	4055	9284	3666	9898
27500	5120	5121	4207	6123	3461	7104	3049	7725	2713	8286
27600	4259	4260	3430	5178	2760	6082	2394	6658	2097	7180
27701	5891	5892	4908	6964	4099	8007	3650	8666	3281	9259
27702	5337	5338	4404	6361	3640	7359	3217	7991	2872	8562
27800	4046	4045	3239	4942	2589	5827	2234	6391	1948	6902
27900	7806	7807	6668	9035	5719	10217	5186	10960	4745	11626
28000	3684	3684	2916	4542	2301	5391	1968	5934	1700	6427
28100	2772	2771	2111	3522	1594	4274	1318	4759	1101	5201
28200	6115	6116	5113	7208	4287	8268	3827	8937	3449	9540
28300	6681	6682	5631	7821	4762	8924	4277	9619	3877	10243
28402	5557	5557	4603	6600	3821	7616	3388	8259	3033	8839
28403	5195	5196	4275	6206	3523	7192	3107	7817	2767	8381
28500	5651	5651	4689	6703	3899	7726	3462	8374	3103	8957
28600	7554	7555	6435	8763	5504	9928	4981	10661	4548	11318
28700	6083	6084	5084	7173	4260	8231	3802	8899	3425	9500
28801	2843	2842	2174	3602	1648	4362	1368	4852	1146	5298
28802	7570	7571	6450	8780	5517	9947	4994	10680	4561	11338
28901	4067	4066	3258	4966	2605	5852	2250	6417	1962	6929
28902	6571	6572	5530	7702	4670	8796	4189	9486	3793	10107
29001	4776	4776	3895	5746	3179	6697	2785	7301	2464	7846
29003	6229	6229	5216	7330	4382	8400	3917	9074	3534	9681
29004	3493	3492	2746	4329	2150	5159	1829	5691	1570	6174
29101	3048	3048	2354	3832	1805	4616	1511	5119	1277	5577
29102	4630	4630	3763	5586	3060	6524	2673	7119	2359	7658
29203	3132	3132	2428	3927	1870	4719	1571	5228	1332	5691
29204	10821	10822	9473	12259	8335	13631	7689	14487	7149	15251
29205	5326	5327	4394	6349	3631	7346	3209	7978	2863	8548
29206	4101	4101	3288	5003	2633	5893	2275	6460	1986	6974
29303	7845	7846	6704	9077	5753	10262	5218	11006	4775	11674
29304	8280	8280	7106	9543	6126	10758	5574	11520	5115	12203
29305	6720	6721	5667	7863	4795	8969	4309	9665	3907	10292
29306	4952	4953	4054	5939	3323	6905	2920	7518	2591	8072
29307	5116	5117	4203	6119	3457	7099	3046	7720	2710	8281
29403	7241	7241	6146	8425	5237	9569	4727	10288	4306	10934
29405	6950	6951	5879	8112	4990	9235	4493	9941	4083	10576
29406	6172	6172	5164	7269	4334	8333	3872	9005	3491	9610
29407	5047	5048	4140	6043	3401	7018	2993	7635	2660	8193
29408	4635	4635	3768	5591	3064	6530	2677	7126	2363	7665
29502	8926	8927	7706	10237	6683	11493	6106	12280	5626	12985
29503	8183	8183	7016	9439	6042	10647	5494	11405	5039	12085
29504	6427	6427	5398	7545	4548	8629	4074	9313	3684	9928
29601	8833	8834	7619	10137	6603	11388	6029	12171	5552	12873
29602	8310	8310	7134	9576	6151	10792	5598	11555	5139	12239
29700	8865	8866	7649	10171	6631	11424	6056	12209	5578	12911
29801	9072	9072	7841	10392	6809	11658	6227	12450	5742	13160
29802	10601	10602	9267	12025	8142	13384	7504	14232	6970	14990
29901	7136	7136	6049	8312	5147	9448	4643	10162	4225	10804
29902	8623	8624	7424	9912	6421	11149	5856	11924	5386	12619
30003	8189	8189	7022	9446	6047	10654	5499	11412	5044	12092
30004	8073	8073	6914	9321	5947	10522	5404	11275	4953	11951
30005	5753	5754	4782	6814	3984	7846	3542	8498	3178	9086
30006	4581	4582	3720	5533	3020	6466	2637	7060	2325	7597
30100	9117	9117	7883	10440	6848	11709	6264	12503	5777	13214
30201	6148	6149	5143	7244	4314	8306	3853	8977	3474	9581
30202	6936	6937	5866	8097	4978	9218	4482	9924	4072	10559
30304	5341	5342	4407	6365	3643	7364	3220	7996	2874	8567
30305	6056	6057	5059	7144	4237	8199	3781	8866	3405	9466
30306	6610	6611	5566	7744	4702	8842	4221	9533	3823	10155
30308	6741	6742	5686	7886	4813	8993	4325	9691	3923	10318
30309	6091	6092	5091	7182	4267	8240	3808	8908	3431	9510
30310	6619	6620	5574	7754	4710	8852	4228	9544	3830	10167
30311	4912	4912	4018	5895	3290	6858	2889	7469	2562	8020
30312	5795	5796	4820	6859	4019	7895	3575	8549	3210	9139
30313	4327	4328	3491	5253	2815	6164	2445	6743	2145	7268
30314	4115	4115	3301	5019	2644	5910	2286	6478	1996	6992
30401	12832	12833	11360	14394	10110	15877	9398	16800	8800	17623
30403	5908	5909	4924	6983	4114	8027	3664	8686	3294	9281
30404	9022	9022	7794	10339	6766	11601	6185	12392	5702	13100
30501	2046	2046	1485	2697	1057	3360	835	3791	664	4187
30503	5073	5074	4164	6072	3422	7048	3013	7667	2679	8226
30504	4960	4961	4062	5948	3329	6915	2926	7528	2596	8082
30600	5714	5715	4746	6771	3952	7800	3511	8451	3149	9037
30700	3823	3823	3040	4696	2411	5559	2070	6111	1795	6611
30801	6213	6213	5202	7313	4368	8381	3904	9055	3522	9661
30802	4130	4130	3314	5035	2656	5928	2297	6496	2006	7012
30901	3891	3890	3100	4771	2465	5640	2119	6195	1841	6699
30902	6020	6021	5026	7104	4207	8157	3752	8822	3378	9421
31000	5143	5144	4228	6149	3480	7131	3067	7753	2730	8315
31100	7457	7458	6345	8658	5421	9817	4902	10545	4473	11199
31202	6925	6926	5856	8085	4969	9206	4473	9911	4064	10545
31204	7895	7896	6750	9130	5796	10319	5259	11065	4814	11735
31205	10962	10963	9605	12409	8459	13790	7808	14650	7264	15419
31206	5757	5758	4786	6818	3988	7850	3545	8503	3181	9091
31301	5294	5295	4365	6314	3604	7309	3184	7939	2840	8507
31302	5628	5628	4668	6677	3880	7699	3444	8346	3086	8928
31400	7095	7095	6011	8268	5112	9401	4609	10113	4194	10754
31501	4934	4934	4038	5920	3308	6884	2906	7496	2578	8049
31502	6447	6447	5416	7567	4565	8653	4090	9337	3699	9953
31601	5306	5307	4376	6327	3614	7323	3193	7953	2849	8522
31603	12394	12394	10947	13929	9722	15389	9023	16298	8437	17108
31604	6011	6012	5018	7095	4200	8147	3745	8811	3371	9410
31605	6011	6012	5018	7095	4200	8147	3745	8811	3371	9410
31703	9551	9552	8287	10905	7225	12201	6625	13011	6124	13736
31704	7976	7977	6825	9218	5865	10412	5325	11161	4878	11834
31705	4152	4152	3334	5060	2674	5954	2314	6524	2022	7040
31706	5234	5235	4310	6248	3555	7238	3137	7865	2796	8431
31800	7003	7004	5927	8169	5035	9296	4536	10005	4124	10642
31903	8948	8949	7726	10260	6702	11518	6125	12306	5644	13012
31904	4708	4708	3834	5671	3123	6616	2733	7216	2415	7759
31906	5766	5767	4794	6828	3995	7861	3552	8514	3188	9102
31907	8078	8078	6919	9326	5952	10527	5408	11281	4957	11957
31908	4197	4197	3374	5109	2710	6008	2347	6580	2053	7099
31909	4322	4323	3486	5248	2811	6158	2441	6737	2141	7262
32002	4757	4757	3878	5725	3163	6674	2770	7277	2450	7822
32003	6832	6833	5770	7984	4890	9098	4399	9800	3992	10430
32005	7788	7789	6651	9015	5704	10197	5172	10939	4731	11604
32006	5322	5323	4390	6344	3627	7342	3206	7973	2860	8543
32007	4729	4729	3853	5695	3140	6641	2749	7242	2430	7786
32008	5288	5289	4359	6307	3599	7302	3179	7931	2836	8500
32010	5398	5398	4458	6426	3689	7430	3264	8065	2916	8638
32011	4714	4714	3839	5678	3128	6623	2737	7224	2419	7767
32102	6203	6203	5193	7302	4360	8369	3896	9043	3515	9649
32103	5170	5171	4252	6178	3502	7163	3088	7786	2749	8350
32104	8173	8173	7007	9428	6033	10636	5486	11393	5031	12072
32203	11435	11436	10047	12912	8875	14319	8208	15195	7650	15978
32207	4641	4641	3773	5598	3069	6537	2682	7133	2367	7673
32208	9991	9992	8698	11375	7609	12698	6992	13524	6478	14263
32210	13857	13858	12325	15478	11022	17015	10278	17970	9652	18820
32211	5458	5458	4513	6492	3739	7500	3311	8138	2960	8714
32212	8643	8644	7443	9933	6439	11172	5873	11948	5402	12643
32213	4873	4873	3983	5853	3258	6812	2859	7420	2534	7971
32214	7131	7131	6044	8306	5143	9442	4639	10156	4221	10798
32215	8722	8723	7516	10018	6507	11262	5938	12040	5464	12738
32307	7261	7261	6164	8447	5254	9592	4744	10312	4322	10958
32309	6120	6121	5117	7213	4291	8274	3831	8943	3453	9546
32311	6863	6864	5799	8018	4916	9134	4423	9837	4016	10469
32313	5948	5949	4960	7026	4147	8073	3695	8735	3324	9331
32315	6797	6798	5738	7946	4861	9058	4370	9758	3966	10387
32316	6879	6880	5813	8035	4930	9153	4436	9856	4028	10488
32317	6577	6578	5536	7708	4675	8803	4194	9494	3798	10114
32318	6378	6378	5353	7492	4507	8573	4035	9254	3647	9867
32319	7776	7777	6640	9002	5694	10183	5162	10924	4721	11590
32320	6292	6292	5274	7399	4435	8473	3967	9150	3582	9760
32321	7959	7960	6809	9199	5850	10393	5311	11141	4864	11813
32322	4989	4990	4088	5980	3353	6949	2948	7564	2617	8119
32323	6157	6158	5151	7253	4322	8317	3861	8988	3481	9593
32324	5847	5848	4868	6916	4063	7956	3616	8612	3248	9204
32325	6826	6827	5765	7978	4885	9091	4394	9793	3988	10423
32326	4146	4146	3328	5053	2669	5947	2309	6516	2018	7033
32327	4873	4873	3983	5853	3258	6812	2859	7420	2534	7971
32328	3634	3634	2872	4486	2262	5331	1931	5871	1666	6361
32329	8524	8525	7332	9805	6336	11036	5774	11807	5308	12499
32401	7269	7269	6172	8455	5260	9601	4750	10321	4328	10968
32402	7789	7790	6652	9016	5705	10198	5173	10940	4731	11605
32500	8096	8096	6935	9346	5967	10548	5423	11302	4971	11979
32601	3555	3555	2801	4398	2199	5235	1874	5770	1612	6256
32602	11832	11833	10420	13334	9225	14763	8545	15653	7975	16447
32702	8212	8212	7043	9470	6067	10680	5518	11439	5062	12120
32703	2545	2545	1914	3266	1423	3992	1164	4461	960	4889
32704	9300	9301	8053	10636	7007	11917	6416	12717	5923	13434
32800	5692	5692	4726	6747	3933	7774	3494	8424	3133	9009
40100	4904	4904	4011	5887	3283	6849	2883	7459	2556	8010
40200	5647	5647	4685	6698	3896	7722	3459	8369	3100	8952
40300	3288	3287	2564	4100	1990	4909	1681	5428	1434	5900
40400	7454	7455	6342	8655	5418	9814	4900	10542	4471	11195
40500	2690	2689	2040	3429	1531	4172	1262	4651	1049	5088
40700	7440	7441	6330	8640	5406	9798	4889	10525	4460	11178
40800	5137	5138	4222	6142	3475	7124	3062	7746	2725	8308
40900	4907	4907	4014	5890	3286	6852	2885	7462	2558	8014
41000	8683	8684	7480	9976	6473	11217	5906	11995	5433	12691
41100	5784	5785	4810	6847	4010	7882	3566	8536	3201	9125
41201	4036	4035	3230	4931	2581	5815	2227	6378	1941	6889
41202	6809	6810	5749	7959	4871	9072	4380	9772	3975	10402
41301	6715	6716	5662	7858	4791	8963	4305	9659	3903	10286
41303	5554	5554	4600	6597	3819	7613	3386	8255	3031	8835
41304	3380	3379	2646	4203	2062	5022	1747	5546	1495	6023
41400	6881	6882	5815	8037	4932	9155	4438	9858	4030	10491
41500	2096	2096	1528	2755	1093	3424	867	3859	692	4259
41601	7431	7432	6321	8630	5399	9787	4881	10514	4453	11167
41605	6480	6480	5447	7603	4593	8691	4117	9377	3724	9994
41606	7198	7198	6106	8379	5200	9519	4693	10236	4273	10881
41607	4208	4208	3384	5122	2719	6021	2355	6594	2061	7113
41608	6929	6930	5859	8089	4972	9210	4477	9916	4067	10550
41701	6902	6903	5834	8060	4949	9179	4455	9884	4046	10517
41703	7135	7135	6048	8311	5146	9447	4642	10161	4224	10803
41704	5213	5214	4291	6225	3537	7213	3121	7839	2781	8404
41805	6801	6802	5742	7951	4864	9063	4374	9763	3969	10392
41806	10176	10176	8869	11572	7770	12905	7147	13738	6626	14483
41808	4952	4953	4054	5939	3323	6905	2920	7518	2591	8072
41809	6837	6838	5775	7990	4894	9104	4403	9806	3996	10437
41810	6213	6213	5202	7313	4368	8381	3904	9055	3522	9661
41811	9592	9593	8325	10949	7261	12247	6659	13059	6157	13785
41812	11559	11560	10164	13044	8984	14458	8313	15338	7751	16125
41901	9856	9857	8571	11231	7491	12546	6880	13367	6369	14102
41903	7695	7696	6565	8915	5624	10090	5096	10828	4658	11491
41904	5206	5207	4285	6218	3532	7205	3116	7831	2776	8395
41905	6530	6531	5492	7657	4635	8749	4157	9437	3762	10056
42001	6109	6110	5107	7201	4282	8261	3823	8930	3445	9533
42003	4284	4285	3452	5206	2780	6112	2412	6689	2114	7212
42004	5958	5959	4969	7037	4155	8085	3703	8747	3331	9343
42005	5971	5972	4981	7051	4166	8100	3713	8763	3341	9360
42006	4619	4619	3753	5574	3051	6510	2665	7106	2351	7644
50101	3564	3564	2809	4408	2206	5246	1880	5781	1618	6268
50102	5570	5570	4615	6614	3832	7632	3398	8275	3043	8855
50200	5132	5133	4218	6137	3471	7118	3058	7740	2721	8301
50300	6349	6349	5326	7461	4482	8539	4012	9219	3625	9831
50401	8171	8171	7005	9426	6032	10634	5484	11391	5030	12070
50402	6745	6746	5690	7890	4817	8998	4329	9695	3926	10323
50500	9744	9745	8467	11111	7393	12419	6786	13236	6279	13968
50600	1444	1444	980	1998	639	2573	469	2952	343	3303
50700	7208	7208	6115	8390	5209	9531	4701	10248	4281	10893
50800	7409	7410	6301	8607	5380	9762	4863	10488	4436	11140
50900	3559	3559	2805	4403	2202	5240	1877	5775	1615	6261
51000	7816	7817	6677	9045	5728	10229	5195	10972	4752	11638
51100	4472	4473	3622	5413	2932	6337	2554	6924	2247	7456
51200	9496	9497	8236	10846	7177	12139	6579	12947	6080	13670
51300	11201	11201	9828	12663	8669	14057	8010	14925	7458	15701
51400	8103	8103	6942	9353	5973	10556	5429	11310	4976	11987
51500	5696	5696	4730	6752	3937	7779	3497	8429	3136	9014
51601	5529	5529	4578	6569	3798	7583	3366	8225	3012	8804
51602	4787	4787	3905	5758	3188	6710	2793	7314	2472	7860
51701	5864	5865	4883	6935	4077	7975	3629	8633	3261	9225
51702	4657	4657	3787	5615	3082	6556	2694	7153	2378	7693
51802	6076	6077	5077	7165	4254	8223	3796	8890	3420	9491
51803	7738	7739	6605	8961	5661	10139	5131	10879	4692	11543
51804	3160	3160	2452	3958	1891	4753	1590	5264	1350	5729
51905	10561	10562	9229	11982	8107	13339	7470	14185	6938	14942
51912	2961	2961	2277	3735	1738	4508	1450	5006	1221	5459
51913	6418	6418	5390	7536	4541	8619	4067	9302	3677	9917
51914	5129	5130	4215	6133	3468	7114	3056	7736	2719	8297
51915	7988	7988	6835	9229	5874	10425	5334	11174	4886	11847
51916	5182	5183	4263	6191	3512	7177	3097	7801	2758	8365
51917	4649	4649	3780	5607	3075	6546	2688	7143	2373	7683
51918	6231	6231	5218	7333	4383	8402	3918	9076	3536	9684
51921	4914	4914	4020	5898	3292	6860	2890	7471	2563	8023
51922	5920	5921	4935	6996	4124	8041	3673	8701	3303	9296
51923	4923	4923	4028	5908	3299	6871	2897	7482	2570	8035
51924	6141	6142	5137	7236	4309	8298	3848	8969	3469	9573
51925	9010	9010	7783	10326	6755	11588	6175	12378	5692	13085
51926	5498	5498	4549	6536	3772	7547	3342	8187	2989	8764
51927	7940	7941	6792	9179	5834	10371	5296	11119	4849	11790
51928	4138	4138	3321	5044	2662	5937	2303	6506	2012	7022
52003	9606	9607	8338	10964	7273	12263	6671	13075	6168	13802
52004	6530	6531	5492	7657	4635	8749	4157	9437	3762	10056
52005	6089	6090	5089	7179	4265	8238	3807	8906	3430	9507
52006	4284	4285	3452	5206	2780	6112	2412	6689	2114	7212
52007	4625	4625	3759	5580	3055	6518	2670	7113	2355	7652
52104	5858	5859	4878	6928	4072	7968	3624	8626	3257	9218
52105	2136	2135	1561	2799	1121	3474	893	3912	715	4314
52107	5084	5085	4174	6084	3431	7061	3021	7681	2687	8240
52108	6616	6617	5571	7750	4707	8849	4225	9540	3828	10163
52112	3279	3278	2557	4090	1983	4898	1675	5416	1428	5888
52113	3615	3615	2855	4465	2247	5308	1918	5846	1653	6336
52114	5491	5491	4543	6528	3766	7539	3337	8179	2984	8756
52115	6856	6857	5792	8010	4911	9126	4418	9829	4011	10460
52118	7551	7552	6432	8760	5501	9925	4979	10657	4546	11314
52203	9945	9946	8655	11326	7569	12646	6954	13471	6441	14208
52204	5455	5455	4510	6489	3737	7497	3308	8135	2958	8710
52206	5409	5409	4468	6438	3699	7443	3273	8078	2924	8652
52207	6393	6393	5367	7508	4519	8590	4047	9272	3658	9886
52208	4521	4522	3666	5467	2972	6395	2591	6985	2282	7519
52209	2557	2557	1925	3279	1432	4007	1172	4476	967	4906
52301	6037	6038	5042	7123	4221	8177	3766	8843	3391	9442
52302	4298	4299	3465	5221	2791	6129	2423	6707	2124	7230
52401	5409	5409	4468	6438	3699	7443	3273	8078	2924	8652
52402	3498	3497	2751	4335	2154	5165	1832	5697	1574	6180
52502	10229	10229	8919	11628	7816	12965	7191	13800	6669	14546
52503	8576	8577	7381	9861	6381	11095	5817	11869	5349	12562
52504	5345	5346	4411	6370	3646	7369	3224	8001	2877	8572
52603	3827	3827	3044	4701	2415	5564	2073	6116	1797	6616
52604	6322	6322	5302	7431	4460	8508	3991	9186	3604	9797
52605	7019	7020	5942	8186	5049	9314	4549	10024	4136	10661
52606	6989	6990	5915	8154	5023	9280	4525	9988	4113	10624
52607	7342	7342	6239	8534	5323	9685	4809	10408	4384	11058
52701	3050	3050	2355	3835	1806	4618	1513	5122	1279	5580
52705	12771	12772	11302	14329	10056	15810	9345	16730	8749	17551
52706	6003	6004	5010	7086	4193	8138	3739	8802	3365	9400
52707	7515	7516	6399	8721	5470	9884	4950	10614	4518	11270
52708	5456	5456	4511	6490	3737	7498	3309	8136	2958	8711
52709	4134	4134	3318	5040	2659	5933	2300	6501	2009	7017
52803	5260	5261	4334	6277	3576	7269	3158	7897	2815	8464
52804	9888	9889	8601	11265	7519	12582	6906	13404	6395	14140
52805	5756	5757	4785	6817	3987	7849	3544	8502	3181	9090
52806	7609	7610	6486	8822	5551	9992	5026	10726	4591	11385
52903	4570	4571	3710	5521	3012	6453	2629	7046	2317	7582
52904	6721	6722	5668	7864	4796	8970	4309	9667	3908	10293
52905	4457	4458	3608	5396	2920	6319	2543	6906	2236	7436
52906	6533	6534	5495	7660	4637	8752	4159	9441	3764	10060
53101	4412	4413	3567	5347	2883	6265	2509	6849	2205	7378
53102	5566	5566	4611	6610	3829	7627	3395	8270	3040	8850
53201	4920	4920	4025	5904	3296	6867	2895	7479	2568	8031
53202	5670	5670	4706	6723	3915	7749	3477	8397	3117	8981
53301	8039	8039	6883	9284	5918	10483	5376	11235	4926	11909
53302	7139	7139	6052	8315	5150	9451	4645	10166	4227	10808
53400	6942	6943	5871	8103	4983	9225	4487	9932	4077	10566
53504	8442	8443	7256	9717	6265	10943	5707	11711	5243	12399
53505	6650	6651	5603	7787	4736	8888	4253	9581	3853	10205
53506	6999	7000	5924	8165	5032	9291	4533	10000	4120	10637
53507	6413	6413	5385	7530	4536	8613	4063	9296	3673	9911
53508	3515	3515	2766	4354	2168	5186	1845	5719	1585	6203
53509	4319	4320	3484	5244	2808	6154	2439	6733	2139	7258
990100	0	0	0	46	0	164	0	270	0	383
53602	9209	9209	7968	10539	6928	11813	6340	12611	5851	13325
53603	5432	5432	4489	6464	3718	7470	3291	8106	2941	8681
53604	5424	5424	4482	6455	3711	7460	3284	8097	2935	8671
53700	5499	5499	4550	6537	3773	7548	3343	8188	2990	8766
53801	5653	5653	4691	6705	3901	7729	3463	8376	3104	8960
53802	8529	8530	7337	9811	6340	11042	5779	11813	5312	12505
53803	7360	7360	6256	8554	5338	9706	4824	10430	4398	11080
60200	913	913	553	1362	306	1844	192	2166	115	2468
60300	4706	4706	3832	5669	3121	6614	2731	7214	2413	7756
60400	4810	4810	3926	5784	3206	6737	2811	7343	2488	7890
60500	4345	4346	3507	5273	2829	6185	2458	6766	2157	7291
60600	7109	7109	6024	8283	5124	9417	4621	10130	4204	10771
60700	7521	7522	6404	8727	5475	9891	4954	10621	4523	11277
60800	5812	5813	4836	6878	4033	7915	3588	8570	3222	9160
60903	3555	3555	2801	4398	2199	5235	1874	5770	1612	6256
60904	5535	5535	4583	6576	3803	7591	3371	8232	3017	8811
60905	6684	6685	5634	7824	4765	8927	4280	9622	3879	10247
60906	2321	2321	1721	3011	1257	3709	1014	4162	824	4576
61001	4725	4725	3849	5690	3137	6636	2746	7237	2427	7781
61002	4664	4664	3794	5623	3087	6564	2699	7162	2383	7702
61100	6613	6614	5569	7747	4705	8845	4223	9537	3825	10159
61200	6807	6808	5747	7957	4869	9069	4378	9770	3973	10399
61300	6133	6134	5129	7227	4302	8289	3842	8959	3463	9563
61400	4710	4710	3835	5674	3125	6619	2734	7219	2416	7761
61500	6391	6391	5365	7506	4518	8588	4046	9270	3657	9883
61601	2157	2156	1579	2823	1136	3501	906	3941	727	4344
61602	852	853	506	1288	271	1758	165	2073	95	2369
61700	5472	5472	4526	6507	3751	7517	3322	8155	2970	8731
61800	2833	2832	2165	3591	1640	4350	1361	4839	1139	5285
61900	2091	2091	1524	2749	1089	3418	864	3852	690	4252
62000	4444	4445	3596	5382	2909	6303	2533	6889	2227	7420
62300	5564	5564	4610	6608	3827	7625	3394	8268	3038	8848
62400	5916	5917	4931	6991	4120	8036	3670	8696	3300	9291
62500	7479	7480	6366	8682	5440	9842	4920	10571	4490	11226
62600	4636	4636	3769	5592	3064	6531	2678	7127	2363	7666
62801	6224	6224	5212	7325	4377	8394	3913	9068	3530	9675
62802	4125	4125	3310	5030	2652	5922	2293	6490	2003	7005
62900	10907	10908	9553	12351	8411	13728	7762	14586	7219	15354
63000	3173	3173	2464	3973	1901	4769	1600	5281	1359	5746
63100	4422	4423	3576	5358	2891	6277	2516	6862	2212	7391
63200	5368	5368	4431	6394	3665	7394	3241	8028	2894	8600
63300	7229	7229	6135	8412	5226	9555	4718	10273	4297	10919
63400	8424	8425	7240	9698	6250	10922	5692	11690	5229	12377
63501	4463	4464	3613	5403	2925	6326	2547	6913	2241	7444
63502	5309	5310	4378	6330	3617	7326	3196	7957	2851	8526
70100	4606	4606	3741	5559	3040	6495	2655	7090	2342	7628
70203	12507	12507	11054	14049	9822	15515	9120	16427	8531	17241
70204	3689	3689	2921	4548	2305	5397	1972	5941	1703	6434
70205	3938	3937	3142	4823	2502	5697	2154	6255	1873	6760
70206	5916	5917	4931	6991	4120	8036	3670	8696	3300	9291
70207	6014	6015	5020	7098	4202	8150	3747	8815	3373	9414
70307	5235	5236	4311	6249	3556	7239	3138	7866	2797	8432
70308	6305	6305	5286	7413	4445	8488	3977	9166	3592	9776
70309	8272	8272	7099	9535	6119	10749	5567	11510	5109	12193
70310	7085	7085	6002	8257	5104	9389	4601	10101	4186	10742
70311	5211	5212	4289	6223	3536	7211	3120	7837	2779	8402
70312	6835	6836	5773	7987	4893	9102	4401	9803	3995	10434
70313	10856	10857	9506	12297	8366	13671	7719	14527	7178	15293
70314	4440	4441	3593	5378	2906	6299	2530	6884	2224	7414
70315	8450	8451	7264	9726	6272	10952	5713	11720	5249	12409
70316	5819	5820	4842	6886	4039	7923	3594	8578	3228	9169
70401	2529	2529	1901	3248	1411	3971	1153	4439	950	4867
70403	3421	3420	2682	4249	2094	5072	1777	5599	1522	6078
70404	4933	4933	4037	5919	3307	6883	2905	7495	2577	8047
70703	6768	6769	5711	7915	4836	9024	4347	9723	3943	10351
71100	2953	2953	2270	3726	1732	4498	1444	4995	1216	5448
71205	6497	6497	5462	7621	4607	8711	4130	9397	3737	10015
71206	11825	11826	10413	13326	9219	14755	8539	15645	7969	16439
71207	7455	7456	6343	8656	5419	9815	4901	10543	4472	11197
71208	9473	9474	8214	10821	7157	12113	6560	12920	6062	13642
71209	5136	5137	4221	6141	3474	7123	3062	7745	2724	8306
71210	8598	8599	7401	9885	6400	11121	5835	11895	5366	12588
71304	9581	9582	8315	10937	7251	12235	6650	13046	6148	13772
71305	4556	4557	3697	5505	3000	6437	2618	7029	2307	7564
71306	10642	10643	9305	12069	8178	13430	7538	14279	7004	15039
71307	8208	8208	7039	9466	6064	10676	5515	11435	5059	12115
71309	5931	5932	4945	7008	4133	8054	3682	8714	3311	9310
71310	8575	8576	7380	9860	6380	11094	5816	11867	5348	12560
71403	5314	5315	4383	6336	3621	7332	3200	7963	2855	8533
71406	14697	14698	13119	16366	11773	17945	11003	18925	10355	19798
71407	7337	7337	6234	8529	5318	9679	4805	10402	4380	11052
71408	5273	5274	4346	6291	3587	7284	3168	7913	2825	8481
71409	5286	5287	4357	6305	3598	7299	3178	7929	2834	8497
71410	9397	9398	8143	10740	7091	12026	6497	12831	6001	13551
71411	7316	7316	6215	8506	5301	9655	4788	10377	4364	11026
71503	6388	6388	5362	7503	4515	8584	4043	9266	3654	9879
71504	4505	4506	3651	5449	2959	6376	2579	6965	2271	7499
71505	6585	6586	5543	7717	4681	8813	4201	9503	3804	10124
71506	6229	6229	5216	7330	4382	8400	3917	9074	3534	9681
71601	6033	6034	5038	7119	4218	8173	3762	8838	3388	9437
71602	8547	8548	7354	9830	6356	11062	5793	11835	5326	12527
71703	3692	3692	2923	4551	2307	5401	1974	5944	1705	6438
71704	4418	4419	3573	5353	2888	6272	2513	6857	2209	7386
71705	4347	4348	3509	5275	2831	6188	2460	6768	2159	7294
71706	2033	2033	1474	2682	1047	3343	827	3773	656	4169
71707	2901	2901	2224	3667	1692	4434	1408	4928	1183	5378
71803	6049	6050	5052	7136	4231	8191	3775	8857	3400	9457
71805	3470	3469	2726	4304	2132	5131	1812	5661	1555	6143
71806	4396	4397	3553	5329	2870	6246	2497	6829	2193	7358
71807	3702	3702	2932	4562	2315	5413	1981	5957	1712	6451
71808	3644	3644	2880	4498	2269	5343	1939	5883	1672	6374
71901	5926	5927	4940	7002	4129	8048	3678	8708	3307	9303
71902	6492	6492	5458	7616	4603	8705	4126	9391	3733	10009
72000	5251	5252	4326	6267	3569	7258	3151	7886	2808	8453
72105	4937	4937	4041	5923	3310	6888	2908	7500	2580	8052
72106	6888	6889	5822	8045	4938	9163	4444	9867	4035	10500
72107	5380	5380	4442	6407	3674	7409	3250	8043	2902	8615
72108	6138	6139	5134	7233	4306	8295	3846	8965	3466	9569
72109	4705	4705	3831	5668	3121	6613	2731	7213	2413	7755
72111	3066	3066	2369	3853	1819	4638	1524	5142	1289	5602
72112	5284	5285	4356	6303	3596	7297	3176	7926	2833	8495
72305	6638	6639	5592	7774	4726	8874	4243	9567	3844	10190
72307	4838	4838	3951	5814	3229	6770	2832	7377	2508	7926
72308	8461	8462	7274	9738	6281	10964	5723	11733	5258	12422
72309	7292	7292	6193	8480	5280	9627	4769	10349	4345	10996
72310	4501	4502	3648	5445	2956	6371	2576	6960	2268	7493
72311	4842	4842	3955	5819	3233	6775	2835	7382	2511	7931
72312	7214	7214	6121	8396	5214	9538	4706	10256	4285	10900
72313	4639	4639	3771	5596	3067	6534	2680	7131	2365	7670
72405	5159	5160	4242	6166	3493	7150	3079	7773	2741	8336
72406	6938	6939	5868	8099	4980	9221	4484	9927	4074	10561
72407	5678	5678	4714	6732	3922	7758	3483	8407	3123	8992
72408	7091	7091	6008	8263	5109	9396	4606	10109	4190	10749
72409	3093	3093	2393	3883	1840	4671	1543	5177	1306	5638
72410	4704	4704	3830	5667	3120	6611	2730	7211	2412	7754
72503	5360	5360	4424	6385	3658	7385	3234	8018	2888	8590
72504	5520	5520	4570	6560	3791	7573	3359	8214	3006	8792
72505	12094	12095	10666	13612	9457	15056	8768	15954	8191	16756
72506	5371	5371	4434	6397	3667	7398	3243	8032	2896	8604
72507	4308	4309	3474	5232	2799	6141	2430	6719	2131	7243
72601	7037	7038	5959	8206	5064	9335	4563	10045	4150	10684
72602	7572	7573	6451	8782	5519	9949	4996	10682	4562	11340
72603	11135	11136	9767	12594	8611	13984	7955	14850	7405	15624
72800	14051	14052	12508	15683	11195	17230	10445	18191	9814	19046
72901	13	13	0	105	0	265	0	396	0	530
72903	51	51	0	192	0	396	0	552	0	709
900202	0	0	0	46	0	164	0	270	0	383
72906	15	15	0	111	0	274	0	407	0	543
990002	160	160	36	375	0	645	0	841	0	1033
73001	7365	7365	6260	8559	5342	9711	4828	10436	4402	11086
73005	6265	6265	5249	7370	4412	8441	3945	9117	3561	9726
73006	6382	6382	5357	7497	4510	8577	4039	9259	3650	9872
73108	10799	10800	9452	12236	8316	13606	7671	14461	7131	15225
73110	6041	6042	5045	7127	4225	8182	3769	8848	3394	9447
73111	5376	5376	4438	6402	3671	7404	3247	8038	2899	8610
73113	8687	8688	7484	9980	6477	11222	5909	11999	5437	12696
73114	5619	5619	4660	6668	3873	7689	3437	8335	3079	8917
73115	4456	4457	3607	5395	2919	6318	2542	6904	2236	7435
73116	3870	3870	3082	4749	2449	5616	2105	6170	1827	6672
73117	4539	4540	3682	5487	2986	6417	2605	7008	2295	7542
73118	5264	5265	4337	6281	3579	7273	3161	7902	2818	8469
73119	4467	4468	3617	5407	2928	6331	2550	6918	2244	7449
73120	5128	5129	4214	6132	3467	7113	3055	7735	2719	8296
73121	5635	5635	4674	6685	3886	7708	3449	8354	3091	8937
73122	6201	6201	5191	7300	4358	8367	3895	9040	3513	9646
73123	7692	7693	6562	8912	5622	10087	5094	10825	4656	11487
73124	3407	3406	2670	4233	2083	5055	1767	5581	1513	6059
73125	12122	12123	10693	13642	9482	15087	8792	15986	8214	16789
73126	3524	3524	2774	4364	2175	5197	1851	5730	1591	6215
73200	11973	11974	10553	13484	9350	14921	8665	15815	8091	16614
73301	6518	6518	5481	7644	4625	8735	4147	9423	3753	10041
73302	5309	5310	4378	6330	3617	7326	3196	7957	2851	8526
73404	10499	10500	9171	11916	8053	13269	7418	14114	6888	14868
73405	5061	5062	4153	6059	3412	7034	3004	7652	2670	8211
73406	5815	5816	4839	6881	4036	7918	3590	8573	3225	9164
73407	3959	3958	3161	4846	2519	5722	2170	6281	1888	6788
73408	5892	5893	4909	6965	4100	8008	3651	8667	3282	9261
73500	10349	10350	9031	11756	7921	13100	7292	13939	6766	14690
80101	5176	5177	4258	6185	3507	7170	3092	7794	2754	8357
80102	6634	6635	5588	7770	4723	8869	4240	9562	3841	10185
80200	5476	5476	4529	6512	3754	7521	3325	8160	2973	8737
80300	3806	3806	3025	4678	2398	5539	2058	6089	1783	6588
80400	6071	6072	5073	7160	4250	8217	3792	8884	3416	9485
80500	4416	4417	3571	5351	2887	6270	2512	6854	2207	7383
80600	6500	6500	5465	7625	4610	8714	4133	9401	3739	10019
80700	8078	8078	6919	9326	5952	10527	5408	11281	4957	11957
80800	1961	1961	1413	2599	996	3250	781	3675	616	4065
80900	9633	9634	8363	10993	7297	12294	6693	13107	6190	13835
81000	7650	7651	6524	8866	5586	10039	5059	10775	4623	11435
81100	3208	3208	2495	4012	1929	4812	1625	5326	1382	5793
81200	3144	3144	2438	3940	1879	4734	1579	5243	1340	5707
81400	58	58	1	206	0	415	0	575	0	735
90101	8304	8304	7128	9569	6146	10785	5593	11548	5134	12232
90102	10773	10774	9428	12208	8293	13577	7649	14431	7110	15194
90201	6630	6631	5584	7765	4719	8865	4237	9557	3838	10180
90202	7430	7431	6320	8629	5398	9786	4881	10513	4452	11166
90300	3580	3580	2824	4426	2219	5265	1892	5802	1629	6289
90400	7843	7844	6702	9074	5751	10260	5217	11004	4774	11671
90501	6312	6312	5292	7421	4451	8496	3983	9174	3597	9785
90502	7571	7572	6451	8781	5518	9948	4995	10681	4562	11339
90700	7467	7468	6354	8669	5429	9829	4911	10557	4481	11211
90800	6001	6002	5009	7084	4191	8135	3737	8799	3364	9397
90900	7824	7825	6684	9054	5735	10238	5201	10981	4759	11648
91000	9581	9582	8315	10937	7251	12235	6650	13046	6148	13772
91100	6308	6308	5289	7416	4448	8491	3980	9169	3594	9780
91201	7784	7785	6647	9011	5700	10192	5169	10934	4728	11599
91203	10236	10236	8925	11636	7822	12973	7197	13808	6675	14555
91204	6433	6433	5403	7552	4553	8636	4079	9320	3689	9935
91301	5582	5582	4626	6627	3842	7646	3408	8290	3051	8870
91302	10727	10728	9385	12159	8253	13526	7610	14378	7073	15140
91400	4569	4570	3709	5520	3011	6452	2628	7045	2316	7581
91500	6519	6519	5482	7645	4626	8736	4148	9424	3754	10042
91600	10283	10283	8969	11686	7863	13026	7236	13863	6713	14611
91700	13240	13241	11744	14826	10473	16331	9748	17267	9138	18100
91800	6119	6120	5117	7212	4290	8273	3830	8942	3452	9545
91900	10422	10423	9099	11834	7985	13183	7353	14024	6825	14777
92000	8099	8099	6938	9349	5970	10551	5425	11306	4973	11982
92100	10053	10053	8755	11440	7662	12767	7044	13595	6527	14336
92200	12170	12171	10738	13693	9524	15141	8833	16042	8253	16846
92300	12021	12022	10598	13535	9392	14974	8706	15870	8131	16670
92400	9570	9571	8305	10925	7242	12222	6641	13033	6140	13759
92500	11253	11253	9877	12718	8714	14115	8054	14985	7501	15763
92600	7186	7186	6095	8366	5190	9505	4683	10222	4264	10866
92701	5758	5759	4787	6819	3988	7852	3546	8504	3182	9092
92704	4523	4524	3667	5469	2973	6397	2593	6988	2283	7522
92801	8857	8858	7642	10163	6624	11415	6049	12199	5571	12902
92802	5318	5319	4387	6340	3624	7337	3203	7968	2858	8538
92803	3587	3587	2830	4434	2224	5274	1897	5811	1634	6299
92901	7462	7463	6350	8664	5425	9823	4907	10551	4477	11205
92902	6584	6585	5542	7716	4680	8811	4200	9502	3803	10123
940000	4382	4383	3540	5314	2859	6229	2486	6812	2183	7339
940001	19876	19877	18033	21809	16449	23627	15537	24749	14765	25746
940002	15196	15197	13590	16892	12220	18496	11435	19490	10774	20376
940003	7007	7008	5931	8173	5039	9300	4539	10009	4127	10647
940004	7599	7600	6476	8811	5542	9980	5018	10714	4583	11373
940005	6159	6160	5153	7255	4324	8319	3862	8991	3482	9595
940006	3092	3092	2392	3882	1839	4670	1542	5176	1306	5637
940007	3784	3784	3005	4653	2380	5512	2041	6061	1768	6559
940008	6397	6397	5370	7513	4523	8595	4051	9277	3661	9891
940009	3334	3333	2605	4152	2026	4965	1714	5487	1464	5961
940010	7075	7075	5993	8246	5095	9378	4593	10089	4178	10729
940011	5068	5069	4160	6066	3418	7042	3009	7661	2675	8220
940100	7671	7672	6543	8889	5604	10063	5076	10800	4639	11461
