tract10_id mean median lower_50 upper_50 lower_80 upper_80 lower_90 upper_90 lower_95 upper_95
100	3348	3349	2681	4090	2143	4821	1850	5287	1613	5710
200	1466	1467	1037	1970	714	2486	550	2824	424	3135
300	818	818	507	1203	290	1614	189	1888	119	2144
401	2446	2446	1881	3085	1435	3724	1198	4135	1008	4510
402	2306	2306	1758	2927	1329	3551	1100	3952	919	4319
500	309	309	132	560	36	849	7	1051	0	1244
600	6925	6926	5949	7976	5134	8985	4674	9617	4293	10185
700	1866	1866	1377	2429	1000	3000	804	3370	650	3709
800	318	318	138	572	39	865	9	1068	0	1263
900	251	252	95	482	18	752	1	943	0	1126
1000	1027	1027	674	1454	419	1902	296	2199	206	2474
1100	595	595	335	929	165	1294	91	1540	45	1772
1200	6666	6667	5709	7697	4911	8689	4462	9312	4089	9870
1300	3605	3606	2911	4373	2350	5129	2043	5609	1793	6044
1400	759	759	460	1131	255	1530	161	1797	97	2047
1500	247	247	93	476	17	745	1	935	0	1117
1600	1205	1206	820	1665	536	2143	395	2457	290	2748
1701	1673	1673	1212	2208	860	2753	679	3108	538	3434
1702	961	962	621	1376	378	1813	261	2103	177	2372
1800	831	832	517	1219	298	1632	196	1908	124	2165
1900	5520	5521	4653	6462	3935	7373	3534	7947	3203	8463
2000	846	846	529	1237	307	1652	203	1930	130	2188
2100	1322	1322	916	1801	614	2297	463	2622	348	2922
2200	530	530	287	848	131	1197	67	1435	28	1659
2400	729	729	437	1095	238	1487	148	1751	86	1998
2500	830	830	517	1218	297	1631	195	1907	124	2164
2600	1527	1528	1089	2040	757	2566	587	2909	457	3224
2700	1361	1362	949	1848	642	2349	486	2678	369	2981
2800	1145	1145	770	1594	496	2062	361	2371	261	2656
2900	972	972	629	1388	384	1827	266	2118	181	2388
3000	1178	1178	797	1633	518	2106	379	2418	276	2706
3100	707	707	421	1068	226	1456	138	1718	79	1962
3200	3038	3038	2404	3746	1896	4447	1621	4895	1400	5302
3300	1647	1647	1190	2178	841	2719	662	3072	523	3396
3400	795	796	489	1176	277	1582	178	1854	110	2107
3500	1405	1406	986	1899	672	2407	512	2739	392	3046
3600	3137	3137	2492	3856	1975	4567	1694	5021	1467	5433
3800	820	820	508	1206	291	1617	190	1891	120	2147
3900	507	507	270	818	120	1161	59	1396	23	1617
4000	577	577	321	906	155	1266	84	1510	40	1740
4100	7724	7724	6691	8831	5824	9891	5334	10554	4926	11148
4200	2082	2082	1563	2674	1160	3271	947	3657	780	4010
4301	2911	2911	2291	3605	1796	4293	1529	4734	1314	5134
4302	869	869	547	1265	321	1685	214	1965	139	2226
4400	2078	2079	1560	2671	1157	3267	945	3653	778	4006
4500	483	483	252	787	108	1125	51	1356	18	1574
4600	836	837	521	1226	301	1640	198	1916	126	2174
4700	12178	12179	10871	13558	9758	14865	9121	15676	8585	16398
4800	3224	3224	2570	3952	2044	4672	1758	5131	1527	5547
4900	5773	5774	4885	6736	4149	7665	3737	8251	3397	8776
5000	3348	3349	2681	4090	2143	4821	1850	5287	1613	5710
5100	1665	1665	1205	2199	855	2743	674	3097	534	3423
5200	3856	3857	3137	4649	2553	5427	2232	5921	1971	6368
5301	7883	7884	6839	9001	5963	10071	5467	10740	5053	11339
5302	30402	30403	28316	32562	26502	34571	25444	35801	24543	36888
5400	5200	5201	4359	6115	3665	7002	3279	7562	2961	8066
5600	1121	1121	750	1565	480	2029	347	2335	249	2619
5700	1939	1940	1440	2513	1054	3092	852	3468	694	3811
5801	5766	5767	4879	6728	4143	7657	3732	8242	3392	8768
5802	5619	5619	4743	6569	4018	7487	3613	8066	3279	8586
5900	4254	4254	3497	5085	2878	5896	2537	6411	2258	6876
6000	3881	3881	3159	4676	2573	5456	2251	5951	1989	6399
6100	5218	5219	4376	6135	3681	7024	3293	7584	2974	8089
6200	1032	1032	678	1460	422	1909	298	2206	208	2482
6300	2083	2083	1564	2675	1160	3272	948	3658	780	4011
6400	487	487	255	793	110	1131	52	1363	19	1581
6500	940	940	604	1350	364	1783	250	2071	168	2338
6600	8649	8650	7554	9818	6631	10935	6107	11631	5670	12254
6700	9134	9135	8008	10335	7057	11480	6517	12193	6064	12831
6800	1986	1986	1481	2566	1089	3151	883	3530	722	3877
6900	739	739	445	1107	244	1502	152	1767	90	2015
7000	2046	2046	1532	2634	1133	3226	923	3610	758	3960
7100	14325	14326	12905	15819	11689	17228	10991	18100	10401	18875
7200	46129	46130	43551	48781	41293	51233	39971	52728	38839	54045
7300	40541	40543	38127	43030	36016	45334	34782	46742	33727	47982
7401	1048	1048	691	1479	433	1931	307	2230	215	2508
7402	1700	1701	1235	2240	880	2788	696	3146	554	3473
7500	7926	7927	6880	9047	6000	10120	5503	10791	5088	11391
7600	3120	3120	2477	3837	1961	4546	1681	4999	1456	5410
7700	1053	1054	695	1486	436	1938	310	2238	218	2515
7800	1636	1637	1181	2166	834	2706	655	3058	518	3382
7900	2528	2528	1953	3177	1498	3825	1255	4242	1061	4621
8001	11527	11527	10257	12871	9176	14145	8559	14936	8039	15641
8002	7981	7981	6930	9106	6048	10182	5548	10855	5132	11457
8100	81227	81229	77794	84734	74766	87955	72983	89912	71451	91629
8200	27198	27199	25227	29243	23516	31148	22521	32317	21673	33349
8300	9087	9088	7964	10285	7015	11427	6477	12139	6026	12775
8400	6761	6762	5797	7799	4992	8797	4540	9424	4164	9985
8500	21778	21779	20019	23612	18497	25327	17616	26382	16867	27316
8600	6025	6025	5117	7007	4363	7955	3940	8550	3590	9086
8700	4063	4063	3324	4876	2722	5671	2390	6176	2120	6632
8800	572	572	318	900	152	1259	82	1502	39	1731
8900	2047	2047	1533	2635	1134	3228	924	3611	759	3962
9000	6979	6979	5999	8033	5180	9046	4718	9680	4335	10249
9100	4541	4541	3757	5398	3115	6234	2760	6762	2468	7239
9200	8466	8466	7382	9623	6470	10728	5953	11419	5522	12036
9300	52946	52948	50182	55785	47756	58404	46333	60000	45114	61405
9400	8039	8040	6985	9168	6098	10248	5597	10923	5179	11527
9500	3945	3946	3218	4747	2626	5532	2300	6031	2035	6482
9600	1972	1972	1468	2549	1078	3133	874	3511	713	3857
9701	1137	1137	764	1585	491	2051	356	2359	257	2644
9702	742	742	448	1111	246	1506	154	1772	91	2020
9800	2055	2055	1540	2644	1140	3238	929	3622	764	3973
9900	8686	8687	7589	9858	6664	10977	6139	11675	5700	12299
10001	5242	5243	4398	6161	3701	7052	3313	7613	2993	8119
10002	1055	1056	697	1488	438	1941	311	2241	219	2519
10100	2324	2324	1774	2948	1342	3573	1113	3976	931	4344
10200	736	736	443	1103	242	1498	151	1762	89	2010
10300	2596	2596	2013	3253	1551	3909	1303	4330	1106	4713
10401	787	787	483	1166	272	1570	174	1841	107	2094
10402	672	672	394	1025	206	1406	123	1663	68	1903
10500	5107	5108	4274	6014	3587	6895	3205	7450	2891	7950
10600	1468	1469	1039	1972	716	2489	551	2827	425	3138
10701	664	664	387	1015	202	1394	119	1650	65	1890
10702	551	551	302	874	142	1228	74	1469	33	1695
10800	2671	2671	2079	3337	1609	4001	1357	4426	1155	4814
10900	20951	20952	19226	22751	17736	24434	16873	25471	16141	26388
11001	1071	1071	709	1506	447	1962	319	2263	226	2542
11002	1037	1037	682	1466	426	1916	301	2214	210	2490
11101	707	707	421	1068	226	1456	138	1718	79	1962
11102	1198	1199	814	1657	531	2133	391	2447	286	2737
11200	8582	8583	7492	9747	6573	10860	6052	11554	5616	12175
11300	2917	2917	2297	3612	1801	4301	1534	4742	1318	5142
11401	523	523	282	839	128	1186	64	1423	27	1646
11402	1542	1542	1101	2057	767	2584	596	2928	465	3245
11500	743	743	448	1112	246	1508	154	1773	91	2021
11600	1117	1117	747	1561	477	2024	345	2330	247	2613
11700	3504	3505	2821	4262	2268	5008	1967	5483	1722	5913
11800	1894	1894	1401	2460	1021	3034	822	3406	666	3747
11900	429	429	214	718	84	1042	34	1265	9	1476
12000	334	334	148	593	45	890	12	1097	0	1294
12100	221	221	77	439	11	699	0	883	0	1061
20100	753	754	456	1125	252	1522	159	1789	95	2038
20200	1912	1912	1417	2481	1034	3057	834	3431	677	3773
20300	2881	2881	2264	3571	1773	4256	1507	4695	1294	5094
20401	1206	1207	821	1666	537	2144	395	2459	290	2749
20402	900	900	572	1302	340	1728	230	2011	151	2275
20500	1541	1541	1100	2056	766	2583	595	2927	464	3243
20600	545	545	298	866	139	1219	72	1458	32	1684
20700	3703	3703	2999	4480	2428	5244	2116	5730	1862	6170
20800	676	677	397	1030	208	1412	125	1669	69	1910
20900	3665	3665	2965	4439	2398	5200	2088	5684	1835	6121
21000	1771	1771	1295	2320	931	2878	741	3241	594	3573
21100	2596	2596	2013	3253	1551	3909	1303	4330	1106	4713
21300	983	983	638	1402	391	1842	272	2134	186	2406
21400	1237	1237	846	1702	557	2185	413	2502	305	2795
21500	667	667	390	1019	203	1399	121	1655	66	1895
21600	1461	1462	1033	1964	711	2480	547	2817	421	3128
21700	2566	2567	1987	3220	1528	3873	1282	4292	1086	4673
21802	9669	9670	8509	10903	7528	12078	6969	12810	6502	13463
21803	4036	4037	3300	4847	2700	5640	2370	6144	2101	6598
21804	2125	2125	1601	2723	1192	3326	977	3715	807	4070
21903	9230	9231	8098	10437	7141	11587	6597	12304	6142	12944
21904	3068	3068	2431	3779	1920	4483	1643	4933	1421	5342
21905	1080	1080	717	1517	453	1974	324	2276	230	2556
21906	4242	4243	3487	5072	2869	5883	2529	6397	2250	6861
22001	1249	1250	856	1717	565	2201	420	2520	311	2814
22003	1499	1499	1065	2007	737	2529	570	2869	442	3183
22005	5459	5459	4596	6395	3883	7302	3485	7873	3156	8387
22006	1036	1036	681	1465	425	1915	301	2212	210	2489
22101	1309	1310	906	1787	606	2281	455	2605	342	2904
22102	863	863	542	1258	317	1677	211	1956	136	2216
22201	899	899	571	1301	339	1727	229	2010	151	2274
22202	1715	1715	1248	2256	890	2807	705	3165	562	3494
22203	993	993	646	1414	398	1856	278	2149	191	2422
22300	588	588	330	920	161	1283	88	1529	43	1760
22400	4496	4497	3717	5349	3078	6181	2725	6708	2436	7183
22500	11392	11393	10129	12728	9056	13995	8443	14782	7927	15483
22603	2000	2001	1493	2582	1099	3169	893	3549	730	3897
22604	2989	2989	2360	3692	1858	4388	1586	4833	1367	5238
22605	6579	6580	5629	7604	4836	8590	4391	9209	4021	9764
22606	897	897	569	1299	338	1724	228	2007	150	2270
22701	6648	6649	5692	7678	4895	8669	4447	9290	4075	9848
22702	1139	1139	765	1587	492	2054	357	2362	258	2647
22703	835	836	521	1224	300	1638	198	1914	126	2172
22801	4011	4011	3277	4819	2679	5610	2351	6112	2082	6566
22802	2812	2812	2203	3494	1719	4173	1457	4607	1248	5002
22803	61097	61098	58125	64143	55511	66950	53976	68658	52660	70160
22901	629	629	361	972	183	1343	105	1595	55	1830
22902	717	718	428	1081	232	1471	142	1734	83	1979
23000	3103	3104	2462	3819	1948	4526	1669	4978	1445	5389
23100	274	274	110	513	25	792	3	987	0	1174
23201	1278	1278	880	1750	585	2239	437	2560	326	2857
23202	3064	3064	2427	3775	1917	4479	1641	4928	1418	5337
23300	1558	1558	1115	2076	779	2605	606	2951	474	3269
23401	13085	13086	11730	14515	10572	15866	9909	16703	9349	17448
23403	8376	8376	7299	9527	6392	10627	5878	11314	5449	11929
23404	439	440	221	732	88	1058	37	1283	11	1495
23500	556	556	306	880	144	1236	76	1477	35	1704
23601	12893	12894	11548	14313	10400	15654	9742	16486	9187	17226
23603	2898	2898	2280	3590	1786	4277	1520	4717	1306	5117
23604	1397	1397	979	1889	666	2396	508	2728	387	3034
23700	35425	35427	33171	37754	31204	39914	30056	41236	29076	42401
23801	7269	7270	6268	8344	5430	9376	4958	10022	4564	10601
23803	14355	14356	12933	15851	11716	17261	11017	18134	10427	18909
23804	50206	50207	47515	52971	45155	55524	43772	57081	42587	58451
23900	809	809	500	1192	285	1601	185	1874	115	2129
24000	6173	6173	5254	7167	4489	8125	4060	8727	3705	9268
24100	1111	1111	742	1553	473	2015	341	2321	244	2603
24200	731	731	439	1097	239	1490	148	1754	87	2001
24300	6041	6041	5132	7024	4376	7973	3953	8570	3603	9105
24400	1213	1213	826	1674	541	2152	399	2467	293	2759
24500	1096	1096	730	1536	464	1996	333	2300	237	2582
24601	814	814	504	1198	288	1608	187	1882	117	2137
24602	962	963	622	1377	378	1814	262	2104	177	2374
24701	691	691	408	1048	216	1433	131	1692	74	1934
24702	2125	2125	1601	2723	1192	3326	977	3715	807	4070
24800	10492	10493	9282	11776	8256	12996	7670	13754	7179	14431
24901	685	685	403	1040	213	1424	128	1682	72	1924
24902	296	296	124	543	32	828	6	1028	0	1219
24903	611	611	347	949	173	1316	97	1565	49	1799
25001	1048	1048	691	1479	433	1931	307	2230	215	2508
25003	1367	1367	954	1854	645	2356	489	2685	371	2988
25005	1638	1639	1183	2168	836	2709	657	3061	519	3385
25006	396	396	191	675	69	990	26	1207	5	1414
25101	2469	2469	1901	3111	1453	3753	1214	4165	1023	4541
25102	1369	1369	955	1856	646	2358	490	2688	372	2991
25200	1260	1260	865	1729	572	2215	426	2534	316	2829
25301	8284	8285	7213	9429	6312	10524	5802	11208	5375	11819
25302	16710	16711	15173	18321	13853	19835	13091	20770	12447	21599
25400	2663	2663	2072	3328	1603	3991	1351	4416	1149	4803
25500	665	665	388	1016	202	1396	120	1652	65	1891
25601	1627	1627	1173	2155	828	2694	650	3046	513	3368
25602	1032	1032	678	1460	422	1909	298	2206	208	2482
25701	1354	1355	943	1839	637	2340	482	2668	365	2970
25702	155	155	40	343	1	576	0	745	0	908
25803	664	664	387	1015	202	1394	119	1650	65	1890
25804	499	500	264	808	116	1150	56	1384	22	1604
25805	768	768	467	1142	260	1543	165	1811	100	2062
25806	4250	4250	3493	5080	2875	5892	2534	6406	2255	6870
26001	1122	1122	751	1567	481	2031	348	2337	249	2621
26002	1600	1600	1150	2124	808	2659	632	3008	497	3329
26100	1219	1219	831	1681	545	2160	402	2476	296	2768
26200	61004	61006	58035	64049	55423	66853	53890	68560	52574	70061
26300	11513	11513	10243	12856	9164	14129	8547	14920	8028	15624
26400	4626	4627	3835	5492	3186	6334	2827	6867	2532	7347
26500	1049	1049	692	1481	434	1933	308	2232	216	2509
26600	850	850	532	1242	309	1658	205	1936	131	2195
26700	692	692	409	1049	217	1434	131	1693	74	1936
26801	1009	1010	660	1433	408	1878	286	2173	198	2447
26802	1012	1013	662	1437	410	1883	288	2178	199	2452
27000	362	362	167	630	56	936	17	1147	2	1348
27100	1099	1100	733	1540	466	2000	335	2304	239	2586
27200	8109	8109	7050	9242	6159	10326	5655	11004	5234	11610
27300	1676	1676	1215	2212	863	2757	681	3112	540	3439
27400	2350	2351	1797	2978	1362	3606	1131	4011	948	4380
27500	1513	1513	1077	2024	747	2547	578	2889	449	3204
27600	888	888	562	1287	332	1711	223	1993	146	2256
27701	3025	3026	2393	3732	1887	4432	1612	4880	1392	5286
27702	930	930	595	1338	358	1769	245	2056	164	2322
27800	294	294	122	540	31	825	5	1024	0	1215
27900	8344	8344	7269	9493	6364	10591	5851	11277	5423	11890
28000	2533	2533	1957	3183	1502	3831	1259	4248	1065	4628
28100	2040	2040	1527	2627	1129	3219	919	3602	754	3952
28200	1726	1726	1257	2269	898	2821	713	3180	569	3510
28300	19064	19065	17420	20782	16003	22393	15184	23385	14490	24265
28402	19339	19340	17683	21070	16256	22691	15430	23690	14730	24576
28403	3388	3388	2716	4134	2175	4869	1880	5337	1641	5762
28500	2618	2618	2032	3278	1568	3936	1319	4358	1120	4743
28600	1256	1257	862	1725	570	2210	424	2530	315	2825
28700	649	649	376	996	193	1372	113	1626	60	1864
28801	4170	4170	3421	4993	2809	5798	2472	6308	2197	6769
28802	7136	7137	6145	8202	5315	9225	4848	9865	4459	10440
28901	2269	2270	1726	2886	1301	3505	1075	3905	896	4269
28902	1639	1640	1184	2169	836	2710	657	3062	519	3386
29001	916	917	585	1322	350	1751	238	2036	158	2301
29003	1725	1725	1256	2268	898	2820	712	3179	568	3508
29004	2973	2973	2346	3674	1845	4368	1574	4813	1356	5216
29101	1303	1304	901	1780	602	2273	452	2596	339	2895
29102	856	856	537	1249	313	1667	208	1945	134	2205
29203	6891	6892	5918	7939	5104	8946	4646	9577	4266	10143
29204	2193	2193	1660	2800	1243	3411	1023	3805	849	4164
29205	1738	1738	1268	2283	907	2837	720	3197	576	3527
29206	47552	47553	44934	50243	42640	52731	41296	54248	40146	55584
29303	2139	2140	1613	2740	1203	3343	986	3734	815	4090
29304	555	555	305	879	144	1234	76	1475	34	1702
29305	629	629	361	972	183	1343	105	1595	55	1830
29306	1351	1352	941	1836	635	2336	480	2663	363	2966
29307	683	683	402	1038	212	1421	127	1679	71	1921
29403	840	840	524	1229	303	1644	200	1921	127	2178
29405	468	469	242	769	101	1103	46	1332	16	1548
29406	462	462	238	761	99	1094	44	1321	14	1537
29407	1318	1318	913	1797	612	2291	460	2616	346	2916
29408	267	267	105	503	23	779	2	973	0	1159
29502	1307	1308	904	1785	605	2278	454	2602	341	2901
29503	3995	3995	3262	4801	2666	5591	2338	6092	2071	6545
29504	1553	1553	1110	2070	775	2599	603	2944	471	3261
29601	1612	1612	1160	2138	817	2675	640	3025	504	3346
29602	341	341	153	603	48	902	13	1110	1	1308
29700	7969	7969	6919	9093	6037	10168	5538	10840	5122	11442
29801	1962	1962	1460	2538	1071	3120	867	3498	707	3843
29802	934	934	599	1343	361	1775	247	2062	165	2329
29901	668	668	391	1020	204	1400	121	1656	66	1897
29902	4018	4018	3283	4827	2685	5619	2356	6121	2087	6575
30003	2237	2237	1698	2850	1276	3465	1053	3862	876	4224
30004	588	588	330	920	161	1283	88	1529	43	1760
30005	855	855	536	1248	312	1665	207	1944	133	2203
30006	4463	4463	3686	5313	3051	6142	2699	6667	2411	7141
30100	1092	1092	727	1532	461	1991	331	2294	236	2575
30201	906	906	577	1310	343	1736	233	2021	154	2285
30202	2733	2733	2133	3406	1657	4076	1401	4506	1195	4896
30304	3564	3564	2874	4328	2316	5079	2011	5557	1764	5990
30305	967	968	626	1383	382	1821	264	2112	180	2382
30306	814	814	504	1198	288	1608	187	1882	117	2137
30308	915	915	584	1321	349	1749	237	2034	158	2300
30309	2526	2526	1951	3175	1497	3823	1254	4239	1060	4618
30310	1746	1746	1275	2292	913	2847	726	3208	580	3539
30311	776	776	474	1152	265	1554	169	1824	103	2075
30312	830	830	517	1218	297	1631	195	1907	124	2164
30313	9693	9694	8532	10929	7549	12105	6990	12838	6521	13492
30314	5824	5824	4932	6790	4192	7724	3778	8311	3436	8839
30401	4928	4929	4111	5820	3438	6687	3064	7234	2757	7727
30403	434	434	218	725	86	1050	36	1274	10	1485
30404	590	590	331	923	162	1286	89	1532	43	1763
30501	19810	19811	18133	21560	16687	23200	15850	24210	15141	25105
30503	3405	3405	2732	4153	2189	4889	1893	5359	1653	5784
30504	1648	1648	1190	2179	842	2721	663	3074	524	3398
30600	3470	3470	2790	4224	2241	4967	1941	5440	1698	5868
30700	2015	2016	1506	2599	1111	3188	903	3569	740	3918
30801	12467	12467	11144	13863	10017	15184	9371	16003	8827	16732
30802	599	599	338	934	167	1300	93	1547	46	1779
30901	2387	2387	1829	3019	1390	3651	1156	4058	971	4430
30902	1250	1251	857	1718	566	2202	421	2521	312	2815
31000	749	749	453	1120	250	1517	157	1783	94	2032
31100	2743	2743	2142	3417	1665	4088	1408	4519	1202	4910
31202	1524	1525	1086	2037	755	2562	585	2904	456	3220
31204	993	993	646	1414	398	1856	278	2149	191	2422
31205	1113	1113	744	1556	475	2018	342	2324	245	2607
31206	1483	1483	1051	1989	726	2507	560	2847	433	3159
31301	681	681	400	1035	211	1418	126	1676	70	1917
31302	1376	1376	961	1864	651	2368	495	2698	376	3002
31400	4859	4859	4047	5744	3380	6605	3009	7149	2705	7640
31501	389	389	186	666	66	979	24	1195	4	1400
31502	1671	1671	1210	2206	859	2751	677	3105	537	3431
31601	816	816	505	1201	289	1611	188	1885	118	2140
31603	1954	1954	1452	2529	1065	3110	861	3487	702	3831
31604	730	730	438	1096	239	1489	148	1753	87	1999
31605	1436	1436	1012	1934	693	2446	531	2782	408	3090
31703	1356	1357	945	1842	638	2342	483	2671	366	2973
31704	1421	1421	999	1916	682	2427	522	2760	400	3068
31705	728	728	436	1093	237	1486	147	1749	86	1996
31706	3387	3387	2715	4132	2174	4867	1879	5336	1640	5760
31800	1211	1211	824	1671	539	2149	398	2464	292	2755
31903	1181	1181	800	1636	520	2110	381	2422	278	2711
31904	988	988	642	1408	394	1849	275	2142	189	2414
31906	515	515	276	828	124	1174	61	1409	25	1631
31907	576	576	321	905	154	1265	84	1509	40	1738
31908	1241	1241	849	1707	560	2190	415	2508	307	2802
31909	564	564	312	891	148	1248	79	1490	37	1719
32002	482	482	252	786	108	1124	50	1354	18	1572
32003	1484	1484	1052	1990	726	2509	560	2848	433	3161
32005	1278	1278	880	1750	585	2239	437	2560	326	2857
32006	652	652	378	1000	195	1376	114	1630	61	1869
32007	958	958	618	1372	376	1808	259	2098	176	2367
32008	288	288	118	532	29	814	4	1012	0	1202
32010	1826	1826	1342	2383	971	2948	777	3315	626	3651
32011	1094	1094	729	1534	463	1993	332	2297	237	2578
32102	656	656	381	1005	197	1382	116	1637	63	1876
32103	17949	17950	16355	19618	14983	21183	14191	22149	13520	23005
32104	2340	2341	1788	2966	1355	3594	1124	3998	941	4366
32203	1192	1192	809	1650	527	2125	387	2438	283	2728
32207	984	984	639	1403	392	1843	273	2136	187	2407
32208	22317	22318	20535	24173	18994	25907	18101	26974	17342	27918
32210	4335	4336	3571	5174	2946	5993	2600	6511	2318	6980
32211	1068	1068	707	1502	445	1958	318	2259	224	2538
32212	983	983	638	1402	391	1842	272	2134	186	2406
32213	433	433	217	724	85	1049	36	1272	10	1483
32214	1844	1844	1358	2404	984	2971	789	3340	637	3677
32215	483	483	252	787	108	1125	51	1356	18	1574
32307	1304	1305	902	1781	603	2274	452	2597	339	2896
32309	21399	21400	19656	23217	18148	24918	17275	25964	16534	26891
32311	833	834	519	1222	299	1635	197	1911	125	2169
32313	13349	13350	11979	14793	10809	16156	10138	17001	9572	17752
32315	796	797	490	1177	277	1583	179	1855	111	2109
32316	659	659	383	1009	199	1387	117	1642	64	1881
32317	860	860	540	1254	315	1672	210	1951	135	2211
32318	971	971	628	1387	384	1825	266	2116	181	2387
32319	11056	11056	9813	12373	8757	13622	8153	14399	7647	15091
32320	1498	1498	1064	2006	736	2527	569	2868	441	3181
32321	1291	1291	891	1766	594	2256	444	2579	332	2876
32322	329	329	145	586	43	882	11	1087	0	1283
32323	1318	1318	913	1797	612	2291	460	2616	346	2916
32324	1459	1460	1031	1961	709	2477	545	2814	420	3125
32325	748	748	452	1118	249	1515	156	1781	93	2030
32326	919	920	587	1326	352	1755	239	2040	159	2306
32327	686	686	404	1042	214	1425	129	1684	72	1926
32328	1069	1069	708	1504	446	1959	318	2260	225	2539
32329	2362	2362	1807	2990	1371	3620	1139	4025	955	4395
32401	1791	1791	1313	2343	946	2904	755	3268	606	3602
32402	1014	1015	664	1439	411	1885	289	2181	200	2455
32500	1290	1290	890	1764	593	2255	444	2577	332	2875
32601	1186	1186	804	1642	523	2117	384	2429	280	2718
32602	1870	1871	1381	2434	1003	3005	806	3375	653	3714
32702	986	986	641	1405	393	1846	274	2139	188	2411
32703	2127	2127	1603	2726	1194	3328	978	3717	808	4073
32704	5410	5411	4552	6343	3842	7246	3446	7815	3120	8327
32800	723	723	432	1087	234	1478	145	1741	84	1988
40100	7621	7622	6595	8721	5735	9775	5249	10434	4844	11025
40200	2207	2208	1672	2816	1254	3428	1033	3823	858	4184
40300	1285	1285	886	1758	589	2248	441	2570	329	2867
40400	2006	2007	1498	2589	1104	3177	897	3557	734	3905
40500	1220	1220	832	1682	545	2162	403	2477	297	2769
40700	14427	14428	13002	15927	11782	17340	11081	18215	10489	18993
40800	9279	9280	8144	10489	7184	11642	6639	12361	6183	13003
40900	394	394	189	673	69	987	25	1204	5	1410
41000	5564	5565	4693	6510	3972	7424	3570	8000	3237	8518
41100	3274	3274	2614	4007	2083	4731	1795	5193	1561	5612
41201	172	172	49	368	2	609	0	781	0	949
41202	2721	2721	2123	3393	1647	4061	1392	4490	1187	4880
41301	2967	2967	2341	3667	1840	4361	1570	4805	1352	5208
41303	3695	3696	2992	4473	2423	5236	2111	5721	1857	6161
41304	32551	32552	30391	34784	28510	36859	27413	38129	26477	39250
41400	2214	2215	1679	2824	1259	3437	1037	3833	862	4194
41500	618	618	352	958	177	1327	100	1577	51	1811
41601	1371	1371	957	1858	648	2361	492	2691	373	2994
41605	1000	1000	652	1422	402	1866	281	2160	194	2433
41606	870	870	548	1266	322	1687	215	1967	139	2228
41607	244	244	91	471	16	739	1	929	0	1110
41608	747	747	452	1117	249	1514	156	1780	93	2028
41701	2604	2604	2020	3262	1557	3919	1309	4340	1111	4724
41703	1008	1009	659	1432	407	1877	286	2172	198	2446
41704	3873	3874	3153	4668	2567	5447	2246	5942	1984	6390
41805	7227	7227	6229	8299	5394	9328	4923	9972	4531	10549
41806	1930	1930	1432	2502	1047	3081	846	3455	688	3799
41808	1172	1172	792	1626	514	2098	376	2409	273	2697
41809	235	235	85	458	14	723	0	910	0	1090
41810	509	509	271	820	121	1164	59	1399	24	1620
41811	2995	2995	2366	3698	1863	4395	1590	4841	1371	5246
41812	1171	1171	791	1624	513	2096	375	2407	273	2695
41901	7896	7897	6851	9015	5974	10086	5478	10756	5064	11355
41903	3868	3869	3148	4663	2563	5441	2242	5936	1980	6383
41904	2169	2169	1639	2773	1225	3380	1006	3772	834	4131
41905	3445	3445	2767	4196	2220	4936	1922	5408	1680	5835
42001	1298	1298	897	1774	598	2266	449	2589	336	2887
42003	336	336	150	596	46	894	12	1101	0	1298
42004	945	945	608	1356	368	1790	253	2078	170	2346
42005	3841	3841	3124	4633	2541	5409	2221	5902	1960	6348
42006	4918	4919	4102	5809	3429	6675	3056	7222	2749	7714
50101	232	232	83	454	13	717	0	904	0	1083
50102	940	940	604	1350	364	1783	250	2071	168	2338
50200	950	950	612	1362	371	1797	255	2086	172	2354
50300	816	816	505	1201	289	1611	188	1885	118	2140
50401	1955	1955	1453	2530	1065	3111	862	3488	703	3833
50402	4886	4886	4072	5774	3402	6637	3031	7182	2725	7674
50500	5430	5431	4570	6364	3859	7269	3462	7839	3135	8352
50600	217	217	75	433	10	691	0	875	0	1051
50700	2134	2135	1609	2734	1199	3337	983	3727	812	4083
50800	1495	1495	1061	2003	734	2523	567	2864	440	3177
50900	2462	2462	1895	3103	1448	3744	1209	4156	1019	4532
51000	7739	7740	6705	8847	5837	9908	5347	10572	4938	11166
51100	2994	2994	2365	3697	1862	4394	1590	4840	1370	5244
51200	678	679	398	1033	210	1415	125	1673	70	1914
51300	1806	1806	1326	2361	957	2923	765	3289	615	3624
51400	12726	12727	11390	14137	10250	15470	9596	16297	9046	17033
51500	5718	5718	4834	6676	4102	7601	3693	8184	3354	8708
51601	1738	1738	1268	2283	907	2837	720	3197	576	3527
51602	1351	1352	941	1836	635	2336	480	2663	363	2966
51701	3529	3529	2842	4289	2288	5037	1985	5513	1739	5945
51702	5181	5181	4342	6094	3649	6980	3264	7539	2946	8042
51802	8301	8302	7229	9448	6327	10543	5816	11228	5389	11840
51803	1074	1074	712	1510	449	1966	321	2267	227	2547
51804	1445	1445	1019	1945	699	2458	537	2794	413	3104
51905	4270	4270	3511	5102	2892	5916	2550	6431	2270	6896
51912	3760	3761	3051	4544	2475	5313	2160	5802	1903	6244
51913	507	507	270	818	120	1161	59	1396	23	1617
51914	557	557	307	882	145	1237	77	1479	35	1706
51915	1118	1118	748	1562	478	2025	345	2331	247	2614
51916	1198	1199	814	1657	531	2133	391	2447	286	2737
51917	424	424	210	712	81	1034	33	1256	8	1466
51918	1759	1760	1286	2307	923	2864	734	3226	588	3558
51921	813	813	503	1197	287	1606	187	1880	117	2135
51922	2114	2114	1591	2711	1184	3312	969	3700	800	4055
51923	2379	2379	1822	3010	1384	3641	1151	4048	966	4419
51924	1041	1041	685	1471	428	1921	303	2220	212	2497
51925	12642	12642	11310	14048	10174	15377	9523	16201	8975	16935
51926	1892	1892	1399	2458	1019	3032	820	3404	665	3744
51927	751	752	455	1122	251	1519	158	1786	94	2035
51928	2487	2488	1917	3132	1467	3775	1227	4189	1035	4566
52003	384	384	182	659	64	971	22	1186	4	1390
52004	1578	1579	1132	2099	793	2631	619	2979	485	3298
52005	808	808	499	1191	284	1599	184	1872	115	2127
52006	421	421	208	708	80	1029	32	1251	8	1460
52007	1446	1446	1020	1946	700	2460	537	2796	413	3105
52104	863	863	542	1258	317	1677	211	1956	136	2216
52105	1264	1264	868	1733	575	2220	428	2540	319	2835
52107	1002	1002	654	1425	404	1869	283	2163	195	2436
52108	2542	2542	1965	3193	1509	3843	1265	4260	1071	4640
52112	733	733	440	1100	240	1493	149	1757	88	2004
52113	363	363	168	632	56	937	18	1149	2	1350
52114	580	580	324	910	156	1271	85	1515	41	1745
52115	868	868	547	1264	320	1684	214	1964	138	2225
52118	1133	1133	760	1580	488	2046	354	2353	255	2638
52203	2939	2940	2316	3636	1819	4328	1550	4770	1333	5172
52204	3208	3208	2555	3934	2031	4652	1746	5110	1516	5526
52206	593	593	334	927	163	1291	90	1537	44	1769
52207	563	563	311	889	148	1246	79	1489	36	1717
52208	3043	3043	2408	3751	1900	4453	1625	4901	1403	5309
52209	3343	3344	2676	4084	2139	4815	1847	5281	1610	5703
52301	580	580	324	910	156	1271	85	1515	41	1745
52302	779	779	476	1156	267	1559	171	1828	104	2080
52401	2786	2787	2181	3466	1699	4142	1439	4575	1231	4968
52402	2887	2887	2270	3578	1777	4264	1512	4703	1298	5102
52502	1582	1583	1135	2104	796	2637	622	2984	488	3304
52503	1120	1120	749	1564	479	2028	346	2334	248	2618
52504	774	774	472	1150	264	1551	168	1821	102	2072
52603	357	357	164	624	53	927	16	1138	1	1338
52604	1996	1996	1489	2577	1096	3164	890	3544	728	3891
52605	1935	1936	1437	2508	1051	3087	849	3462	691	3806
52606	941	941	604	1351	365	1784	250	2072	168	2340
52607	696	696	412	1054	219	1440	133	1700	75	1943
52701	313	313	135	565	37	856	8	1059	0	1252
52705	490	490	258	797	112	1136	53	1368	20	1587
52706	849	849	531	1240	308	1657	204	1934	131	2193
52707	219	219	76	436	10	695	0	879	0	1056
52708	366	366	170	636	57	942	18	1155	2	1356
52709	217	217	75	433	10	691	0	875	0	1051
52803	9680	9681	8520	10915	7538	12091	6979	12823	6511	13476
52804	1863	1863	1375	2426	998	2996	802	3366	648	3704
52805	2015	2016	1506	2599	1111	3188	903	3569	740	3918
52806	443	443	224	736	90	1063	38	1288	11	1501
52903	4544	4544	3760	5401	3118	6237	2762	6766	2471	7243
52904	827	827	514	1214	296	1627	194	1902	122	2159
52905	2359	2359	1804	2987	1369	3616	1137	4021	953	4391
52906	535	536	291	854	134	1205	69	1443	30	1668
53101	431	431	215	721	85	1046	35	1268	9	1480
53102	2264	2265	1722	2881	1297	3499	1072	3898	893	4262
53201	692	692	409	1049	217	1434	131	1693	74	1936
53202	478	478	249	781	106	1117	49	1347	17	1565
53301	4238	4239	3483	5068	2866	5879	2525	6392	2247	6856
53302	1103	1104	736	1545	469	2006	337	2310	241	2593
53400	1258	1259	864	1727	571	2213	425	2533	316	2828
53504	3331	3332	2666	4071	2130	4801	1838	5266	1601	5688
53505	409	410	200	693	75	1012	29	1231	6	1439
53506	558	558	308	883	145	1239	77	1480	35	1708
53507	2516	2516	1942	3163	1489	3810	1247	4226	1054	4605
53508	1769	1769	1294	2318	929	2876	740	3238	593	3571
53509	5064	5064	4234	5967	3551	6844	3171	7398	2858	7896
990100	0	0	0	46	0	150	0	241	0	338
53602	1245	1245	853	1712	563	2196	418	2514	309	2808
53603	525	525	283	841	129	1189	65	1426	27	1650
53604	1221	1221	832	1683	546	2163	404	2479	297	2771
53700	1603	1603	1152	2127	810	2663	634	3012	499	3333
53801	585	585	328	916	159	1278	87	1524	42	1754
53802	1609	1609	1158	2134	815	2671	638	3021	502	3342
53803	1000	1000	652	1422	402	1866	281	2160	194	2433
60200	17534	17535	15959	19183	14604	20732	13822	21687	13160	22535
60300	1664	1664	1204	2197	854	2742	673	3096	533	3421
60400	674	675	395	1028	207	1409	124	1666	68	1907
60500	1720	1720	1252	2262	894	2813	709	3172	565	3501
60600	1603	1603	1152	2127	810	2663	634	3012	499	3333
60700	2182	2182	1650	2788	1235	3397	1015	3790	842	4149
60800	1126	1126	754	1571	483	2036	350	2343	251	2627
60903	551	551	302	874	142	1228	74	1469	33	1695
60904	1577	1578	1131	2098	792	2630	618	2977	485	3297
60905	1716	1716	1248	2257	891	2808	706	3166	563	3495
60906	1744	1744	1273	2290	912	2844	724	3205	579	3536
61001	666	666	389	1017	203	1397	120	1653	66	1893
61002	4216	4217	3463	5044	2848	5852	2508	6365	2231	6828
61100	5849	5850	4955	6817	4213	7753	3798	8341	3455	8870
61200	1360	1361	948	1847	641	2348	486	2676	368	2979
61300	1714	1714	1247	2255	890	2805	705	3164	562	3492
61400	8647	8648	7552	9816	6629	10932	6106	11629	5668	12252
61500	8780	8780	7676	9958	6746	11082	6218	11783	5776	12410
61601	18177	18178	16572	19855	15191	21430	14393	22401	13717	23262
61602	7375	7376	6367	8458	5522	9496	5045	10146	4648	10728
61700	5405	5405	4547	6337	3838	7240	3442	7809	3116	8321
61800	904	904	575	1307	342	1734	232	2017	153	2282
61900	1914	1914	1418	2484	1035	3060	835	3434	679	3776
62000	901	901	573	1303	340	1729	230	2013	152	2277
62300	476	476	247	778	105	1114	48	1344	17	1561
62400	1165	1165	786	1617	509	2088	372	2399	270	2686
62500	1274	1274	876	1745	582	2233	434	2554	324	2850
62600	23879	23880	22035	25797	20437	27588	19510	28689	18722	29662
62801	2515	2515	1941	3162	1488	3809	1246	4225	1053	4603
62802	1082	1082	719	1519	455	1977	326	2279	231	2560
62900	2124	2124	1600	2722	1192	3324	976	3713	806	4069
63000	2838	2838	2227	3524	1739	4205	1476	4641	1265	5037
63100	1493	1493	1060	2000	733	2521	566	2861	438	3174
63200	940	940	604	1350	364	1783	250	2071	168	2338
63300	1791	1791	1313	2343	946	2904	755	3268	606	3602
63400	2050	2050	1536	2638	1136	3232	926	3615	761	3966
63501	1534	1534	1094	2047	761	2574	591	2917	461	3233
63502	617	617	352	956	176	1325	100	1575	51	1809
70100	1221	1221	832	1683	546	2163	404	2479	297	2771
70203	1458	1458	1030	1960	708	2476	545	2813	420	3123
70204	234	234	85	457	14	721	0	908	0	1088
70205	820	820	508	1206	291	1617	190	1891	120	2147
70206	368	368	172	639	58	946	19	1158	2	1360
70207	2895	2895	2277	3587	1784	4274	1517	4713	1303	5113
70307	533	534	289	852	133	1202	68	1440	29	1664
70308	963	964	623	1378	379	1815	262	2106	178	2375
70309	1967	1967	1464	2544	1074	3127	870	3504	710	3850
70310	2239	2239	1700	2852	1278	3468	1054	3865	877	4227
70311	624	624	357	965	180	1336	103	1586	53	1822
70312	1855	1855	1368	2416	992	2985	796	3355	644	3693
70313	1470	1471	1041	1974	717	2492	552	2830	426	3141
70314	371	371	174	643	59	951	19	1164	2	1366
70315	711	712	424	1073	228	1462	140	1724	80	1969
70316	546	546	298	867	139	1220	72	1460	32	1686
70401	845	845	528	1236	306	1651	202	1928	129	2187
70403	958	958	618	1372	376	1808	259	2098	176	2367
70404	577	577	321	906	155	1266	84	1510	40	1740
70703	2707	2708	2111	3378	1637	4045	1383	4473	1179	4863
71100	657	657	382	1006	198	1384	116	1639	63	1877
71205	731	731	439	1097	239	1490	148	1754	87	2001
71206	4516	4517	3735	5372	3095	6205	2741	6733	2451	7209
71207	4051	4052	3314	4863	2712	5658	2382	6162	2111	6618
71208	1511	1511	1075	2022	746	2545	577	2886	448	3201
71209	520	520	279	835	126	1181	63	1418	26	1641
71210	1422	1422	1000	1918	683	2428	522	2762	400	3070
71304	1935	1936	1437	2508	1051	3087	849	3462	691	3806
71305	2468	2468	1900	3110	1452	3751	1213	4164	1023	4540
71306	1279	1279	881	1751	585	2240	437	2561	326	2858
71307	1200	1201	816	1659	533	2136	392	2450	287	2740
71309	1278	1278	880	1750	585	2239	437	2560	326	2857
71310	782	782	479	1160	269	1563	172	1833	105	2085
71403	1115	1115	745	1558	476	2021	344	2327	246	2610
71406	4830	4831	4021	5714	3356	6572	2987	7115	2683	7604
71407	941	941	604	1351	365	1784	250	2072	168	2340
71408	1327	1327	920	1807	618	2303	466	2629	351	2930
71409	620	620	354	960	178	1330	101	1580	52	1815
71410	1657	1657	1198	2189	849	2732	668	3086	529	3411
71411	807	807	498	1190	283	1598	184	1871	115	2125
71503	2922	2923	2301	3617	1805	4307	1537	4748	1322	5149
71504	2654	2654	2064	3318	1596	3979	1344	4404	1143	4790
71505	1104	1105	737	1546	469	2007	338	2312	241	2594
71506	334	334	148	593	45	890	12	1097	0	1294
71601	1336	1336	928	1818	624	2316	471	2642	355	2943
71602	2762	2762	2159	3439	1680	4112	1422	4543	1215	4936
71703	1084	1084	720	1522	456	1980	327	2282	232	2563
71704	873	874	551	1270	323	1691	216	1971	140	2233
71705	1400	1400	982	1893	668	2400	509	2732	389	3038
71706	998	998	651	1420	401	1863	280	2157	193	2430
71707	1128	1128	756	1574	485	2039	351	2346	252	2630
71803	2652	2652	2062	3316	1594	3977	1343	4401	1142	4788
71805	1950	1951	1450	2525	1062	3106	859	3483	700	3827
71806	1054	1055	696	1487	437	1940	311	2239	218	2517
71807	10487	10488	9277	11771	8251	12990	7666	13749	7175	14425
71808	1678	1678	1216	2214	864	2760	682	3115	541	3441
71901	5669	5670	4790	6623	4061	7546	3654	8126	3317	8648
71902	1375	1375	960	1863	651	2366	494	2696	375	3000
72000	1395	1395	977	1887	665	2393	506	2725	386	3031
72105	2785	2786	2180	3465	1698	4140	1438	4573	1230	4967
72106	1848	1848	1362	2408	987	2976	792	3345	639	3683
72107	1312	1312	908	1789	607	2283	456	2608	343	2907
72108	609	609	345	946	172	1313	96	1562	49	1795
72109	921	922	589	1328	353	1758	240	2043	160	2309
72111	315	315	136	568	38	860	8	1063	0	1257
72112	509	509	271	820	121	1164	59	1399	24	1620
72305	1504	1504	1069	2013	741	2535	573	2876	444	3190
72307	736	736	443	1103	242	1498	151	1762	89	2010
72308	1588	1588	1140	2110	799	2643	625	2991	490	3311
72309	695	695	411	1053	219	1439	133	1698	75	1941
72310	1994	1994	1488	2575	1095	3161	888	3541	727	3888
72311	4230	4231	3476	5059	2859	5869	2519	6382	2241	6846
72312	1222	1222	833	1684	547	2164	404	2480	298	2772
72313	523	523	282	839	128	1186	64	1423	27	1646
72405	556	556	306	880	144	1236	76	1477	35	1704
72406	1205	1206	820	1665	536	2143	395	2457	290	2748
72407	2187	2187	1655	2793	1239	3403	1019	3796	845	4156
72408	4990	4991	4167	5887	3489	6758	3113	7308	2803	7804
72409	319	319	139	574	40	866	9	1070	0	1265
72410	311	311	133	563	37	853	8	1055	0	1248
72503	614	614	349	952	174	1321	98	1570	50	1804
72504	2371	2371	1815	3001	1378	3631	1145	4037	960	4408
72505	4422	4423	3650	5269	3017	6095	2668	6618	2382	7090
72506	296	296	124	543	32	828	6	1028	0	1219
72507	3108	3109	2467	3824	1952	4532	1673	4985	1448	5395
72601	829	829	516	1217	297	1629	195	1905	123	2162
72602	1079	1079	716	1516	453	1973	324	2275	229	2555
72603	2294	2294	1748	2914	1319	3536	1092	3936	912	4302
72800	4464	4464	3687	5314	3052	6144	2700	6668	2412	7142
72901	3279	3279	2619	4013	2088	4737	1799	5200	1565	5619
72903	3108	3109	2467	3824	1952	4532	1673	4985	1448	5395
900202	0	0	0	46	0	150	0	241	0	338
72906	15280	15281	13812	16822	12554	18274	11830	19172	11218	19969
990002	7	7	0	77	0	203	0	308	0	416
73001	1417	1418	996	1913	680	2423	520	2756	398	3064
73005	456	456	233	753	96	1084	42	1311	13	1525
73006	728	728	436	1093	237	1486	147	1749	86	1996
73108	2349	2350	1796	2977	1362	3605	1130	4009	947	4379
73110	903	903	574	1306	342	1732	231	2016	153	2280
73111	1133	1133	760	1580	488	2046	354	2353	255	2638
73113	956	956	617	1370	375	1806	258	2095	175	2364
73114	394	394	189	673	69	987	25	1204	5	1410
73115	446	446	226	740	91	1068	39	1293	12	1506
73116	307	307	131	557	35	846	7	1047	0	1240
73117	976	976	632	1393	387	1832	268	2124	183	2395
73118	607	607	344	943	171	1310	96	1558	48	1792
73119	653	653	379	1001	195	1378	114	1632	62	1871
73120	1097	1097	731	1538	465	1998	334	2302	238	2583
73121	2333	2334	1782	2958	1349	3585	1119	3988	937	4356
73122	2179	2179	1648	2784	1233	3393	1013	3786	840	4145
73123	683	683	402	1038	212	1421	127	1679	71	1921
73124	866	866	545	1262	319	1681	213	1961	138	2221
73125	1705	1705	1239	2244	883	2794	699	3151	556	3479
73126	388	388	185	664	66	977	23	1193	4	1398
73200	2166	2166	1636	2769	1223	3376	1004	3768	832	4126
73301	10290	10290	9092	11562	8076	12771	7497	13523	7012	14194
73302	1800	1800	1321	2354	952	2916	761	3281	611	3615
73404	3057	3057	2421	3767	1911	4470	1635	4919	1413	5327
73405	3985	3985	3253	4790	2658	5579	2330	6080	2063	6532
73406	3222	3222	2568	3950	2042	4669	1757	5128	1526	5544
73407	5258	5258	4412	6177	3714	7069	3325	7632	3004	8138
73408	1210	1210	823	1670	539	2148	397	2463	292	2754
73500	1691	1692	1228	2229	874	2777	690	3133	549	3460
80101	351	352	160	617	51	919	15	1129	1	1328
80102	1801	1801	1321	2355	953	2917	761	3282	612	3617
80200	2310	2310	1762	2932	1332	3556	1103	3958	922	4324
80300	4065	4065	3325	4878	2723	5674	2392	6178	2121	6635
80400	1074	1074	712	1510	449	1966	321	2267	227	2547
80500	4158	4158	3410	4980	2799	5783	2463	6293	2188	6753
80600	1696	1697	1232	2235	877	2783	694	3140	552	3468
80700	1192	1192	809	1650	527	2125	387	2438	283	2728
80800	562	562	311	888	147	1245	79	1487	36	1715
80900	4573	4573	3787	5433	3142	6271	2785	6802	2492	7280
81000	1817	1818	1335	2373	965	2938	772	3304	622	3640
81100	2525	2525	1950	3174	1496	3821	1253	4238	1059	4617
81200	931	931	596	1339	359	1770	245	2057	164	2324
81400	13223	13224	11860	14660	10696	16018	10029	16859	9466	17607
90101	1634	1635	1179	2164	833	2704	654	3055	517	3379
90102	2407	2408	1847	3042	1406	3676	1171	4085	984	4457
90201	1914	1914	1418	2484	1035	3060	835	3434	679	3776
90202	1412	1413	992	1907	677	2416	517	2749	395	3056
90300	4407	4408	3636	5252	3005	6077	2656	6599	2370	7070
90400	1230	1230	840	1694	552	2175	409	2492	302	2785
90501	4301	4301	3540	5137	2917	5952	2574	6469	2293	6936
90502	2265	2266	1723	2882	1298	3500	1072	3899	894	4263
90700	1277	1277	879	1749	584	2238	436	2559	325	2855
90800	1534	1534	1094	2047	761	2574	591	2917	461	3233
90900	6146	6146	5228	7137	4466	8094	4038	8694	3684	9234
91000	1494	1494	1060	2001	733	2522	567	2862	439	3175
91100	2469	2469	1901	3111	1453	3753	1214	4165	1023	4541
91201	9059	9060	7937	10255	6990	11395	6453	12106	6003	12741
91203	726	726	435	1091	236	1483	146	1746	85	1993
91204	2182	2182	1650	2788	1235	3397	1015	3790	842	4149
91301	587	587	329	919	160	1281	88	1527	43	1758
91302	1712	1712	1245	2252	888	2803	703	3161	560	3489
91400	312	312	134	564	37	854	8	1057	0	1250
91500	673	674	394	1026	207	1408	123	1664	68	1905
91600	1740	1740	1269	2285	909	2839	722	3199	577	3530
91700	854	854	535	1247	312	1664	207	1942	133	2202
91800	1671	1671	1210	2206	859	2751	677	3105	537	3431
91900	1222	1222	833	1684	547	2164	404	2480	298	2772
92000	572	572	318	900	152	1259	82	1502	39	1731
92100	4222	4223	3468	5050	2853	5860	2513	6373	2235	6836
92200	2993	2993	2364	3696	1861	4393	1589	4838	1370	5243
92300	3513	3514	2829	4272	2276	5019	1973	5494	1728	5925
92400	1345	1345	936	1829	630	2328	476	2655	360	2957
92500	2595	2595	2012	3252	1550	3907	1302	4328	1105	4711
92600	725	725	434	1089	236	1481	146	1745	85	1991
92701	695	695	411	1053	219	1439	133	1698	75	1941
92704	621	621	355	961	178	1331	101	1581	52	1816
92801	1401	1401	983	1894	669	2401	510	2733	389	3040
92802	509	509	271	820	121	1164	59	1399	24	1620
92803	216	216	74	432	10	690	0	873	0	1049
92901	791	792	486	1171	274	1576	176	1847	109	2100
92902	845	845	528	1236	306	1651	202	1928	129	2187
940000	245	245	92	473	17	741	1	931	0	1113
940001	7139	7140	6148	8205	5318	9228	4850	9869	4461	10443
940002	13734	13735	12345	15198	11156	16580	10474	17435	9899	18196
940003	2850	2851	2237	3537	1749	4219	1485	4656	1274	5053
940004	1551	1551	1108	2067	774	2596	602	2941	470	3258
940005	835	836	521	1224	300	1638	198	1914	126	2172
940006	671	671	393	1024	206	1405	122	1661	67	1902
940007	2641	2642	2053	3304	1586	3965	1336	4388	1135	4774
940008	521	521	280	836	127	1183	64	1419	26	1642
940009	2429	2429	1866	3066	1422	3703	1185	4113	997	4486
940010	3072	3072	2434	3784	1923	4488	1646	4939	1423	5347
940011	471	472	244	773	103	1108	47	1337	16	1553
940100	1918	1918	1422	2488	1038	3065	838	3439	681	3782
