tract10_id mean median lower_50 upper_50 lower_80 upper_80 lower_90 upper_90 lower_95 upper_95
100	3080	3080	2484	3741	2002	4390	1738	4804	1524	5178
200	1480	1480	1076	1947	768	2423	608	2733	484	3017
300	773	773	490	1120	290	1487	196	1732	129	1959
401	2227	2227	1724	2793	1327	3358	1114	3721	944	4051
402	2022	2022	1545	2563	1170	3105	970	3454	812	3773
500	310	310	143	541	47	804	14	987	1	1160
600	6679	6680	5786	7637	5036	8554	4613	9128	4260	9641
700	1791	1791	1344	2302	996	2817	813	3151	669	3455
800	320	320	150	555	51	821	17	1005	2	1180
900	257	257	107	470	28	717	5	890	0	1055
1000	1019	1019	689	1412	448	1821	328	2091	239	2340
1100	598	598	353	907	188	1240	113	1465	64	1675
1200	6781	6782	5881	7746	5125	8669	4697	9247	4341	9763
1300	3395	3395	2767	4087	2257	4765	1976	5195	1748	5584
1400	758	758	478	1101	281	1466	188	1709	122	1935
1500	242	242	98	450	23	693	3	862	0	1025
1600	1189	1189	831	1612	563	2047	427	2332	325	2595
1701	1667	1667	1237	2161	904	2661	730	2985	594	3282
1702	991	991	667	1379	429	1784	312	2051	226	2298
1800	794	795	507	1146	304	1517	207	1764	137	1993
1900	5443	5444	4640	6311	3971	7147	3596	7672	3285	8144
2000	846	846	548	1207	336	1587	233	1840	159	2074
2100	1321	1321	941	1764	654	2219	508	2515	395	2788
2200	529	529	301	822	150	1140	85	1356	43	1558
2400	726	726	453	1063	262	1421	172	1661	110	1884
2500	822	822	529	1179	321	1555	221	1805	149	2037
2600	1468	1469	1067	1934	760	2409	601	2718	478	3001
2700	1410	1411	1017	1868	718	2334	564	2638	445	2918
2800	1124	1124	776	1535	518	1961	389	2241	291	2499
2900	965	966	646	1349	413	1750	298	2014	213	2259
3000	1174	1174	818	1594	552	2027	418	2311	317	2573
3100	696	696	429	1027	244	1379	158	1615	98	1836
3200	2969	2969	2384	3618	1912	4257	1654	4665	1446	5034
3300	1626	1626	1202	2115	874	2610	703	2931	569	3225
3400	842	842	545	1202	333	1582	231	1834	157	2068
3500	1403	1403	1011	1859	713	2325	559	2629	441	2908
3600	3055	3055	2461	3713	1981	4360	1719	4772	1506	5146
3800	817	817	525	1173	318	1548	218	1797	147	2029
3900	505	505	282	791	137	1104	75	1316	36	1515
4000	579	579	338	883	177	1212	105	1434	58	1642
4100	7259	7260	6326	8256	5541	9209	5096	9803	4725	10335
4200	2068	2069	1585	2615	1205	3163	1003	3515	842	3837
4301	2982	2982	2396	3632	1922	4273	1664	4681	1455	5051
4302	873	873	571	1240	353	1625	248	1880	171	2117
4400	2076	2077	1593	2624	1212	3173	1008	3526	847	3848
4500	480	480	264	760	124	1067	65	1276	30	1472
4600	826	826	533	1184	323	1561	223	1811	151	2044
4700	11313	11314	10141	12550	9140	13718	8566	14442	8082	15086
4800	3190	3191	2583	3862	2091	4522	1821	4941	1602	5321
4900	5791	5791	4961	6684	4269	7544	3879	8083	3556	8567
5000	3340	3341	2718	4027	2212	4700	1935	5128	1708	5514
5100	1682	1682	1250	2179	915	2681	740	3006	603	3304
5200	3600	3601	2953	4312	2425	5007	2134	5449	1896	5847
5301	6555	6556	5671	7504	4929	8414	4510	8982	4161	9492
5302	30164	30165	28230	32163	26542	34018	25558	35152	24717	36154
5400	4995	4996	4227	5827	3590	6632	3234	7138	2939	7593
5600	1126	1126	778	1538	520	1964	390	2243	292	2502
5700	1840	1840	1386	2357	1032	2879	846	3215	699	3523
5801	5696	5696	4873	6582	4187	7436	3802	7971	3482	8452
5802	5349	5350	4553	6210	3891	7039	3520	7561	3212	8029
5900	4081	4081	3389	4836	2822	5571	2507	6036	2248	6455
6000	3881	3881	3207	4618	2656	5337	2351	5792	2101	6203
6100	5216	5217	4430	6066	3778	6886	3412	7402	3109	7865
6200	1026	1026	695	1420	452	1831	332	2101	242	2351
6300	2098	2098	1611	2648	1228	3199	1023	3554	861	3877
6400	485	485	268	766	127	1075	67	1284	31	1481
6500	943	943	627	1323	398	1720	285	1982	203	2225
6600	8945	8946	7906	10048	7025	11096	6523	11748	6102	12330
6700	8665	8666	7643	9751	6777	10784	6284	11427	5871	12001
6800	1991	1991	1518	2528	1147	3067	949	3414	793	3731
6900	725	725	452	1062	261	1420	172	1659	109	1882
7000	2090	2090	1604	2639	1222	3189	1018	3543	856	3866
7100	14229	14230	12911	15612	11778	16912	11125	17715	10573	18428
7200	42477	42478	40175	44843	38157	47028	36975	48361	35962	49534
7300	35959	35960	33844	38139	31994	40156	30912	41388	29987	42474
7401	1052	1053	717	1452	470	1866	347	2139	255	2391
7402	1683	1683	1251	2180	916	2682	741	3007	603	3305
7500	7501	7502	6552	8514	5753	9481	5299	10084	4921	10624
7600	3152	3152	2548	3820	2060	4476	1792	4894	1575	5271
7700	1081	1081	741	1485	489	1904	364	2180	269	2434
7800	1618	1618	1195	2106	868	2600	698	2920	565	3213
7900	2386	2386	1865	2971	1451	3553	1227	3926	1049	4265
8001	11751	11752	10556	13011	9534	14200	8948	14936	8453	15591
8002	7633	7634	6676	8654	5869	9629	5411	10237	5028	10781
8100	75869	75870	72782	79020	70057	81912	68451	83668	67071	85209
8200	26991	26992	25163	28884	23571	30643	22644	31720	21853	32671
8300	9093	9094	8045	10205	7157	11261	6650	11918	6225	12504
8400	6547	6548	5663	7496	4922	8404	4503	8973	4154	9482
8500	19397	19398	17852	21006	16515	22510	15740	23435	15082	24253
8600	6011	6011	5165	6920	4458	7795	4060	8343	3729	8834
8700	4141	4142	3445	4902	2872	5642	2555	6110	2294	6531
8800	562	562	326	863	168	1188	98	1408	53	1614
8900	2054	2054	1573	2599	1194	3145	993	3497	833	3817
9000	6747	6747	5849	7709	5095	8630	4669	9207	4314	9722
9100	3471	3471	2836	4170	2319	4855	2034	5289	1802	5682
9200	7216	7216	6286	8210	5503	9160	5060	9753	4690	10284
9300	50510	50511	47997	53087	45789	55462	44493	56909	43381	58180
9400	7930	7931	6954	8971	6130	9963	5661	10581	5269	11133
9500	3569	3569	2925	4278	2399	4970	2110	5410	1873	5807
9600	1936	1937	1470	2467	1105	2999	912	3342	758	3656
9701	1138	1138	788	1552	528	1980	397	2261	298	2520
9702	724	724	451	1060	261	1418	171	1657	109	1880
9800	2037	2037	1558	2580	1181	3124	981	3474	822	3794
9900	8486	8486	7475	9561	6619	10584	6132	11221	5724	11790
10001	5204	5205	4419	6053	3767	6872	3402	7388	3100	7850
10002	1056	1057	720	1456	473	1872	349	2145	257	2398
10100	2285	2285	1775	2858	1372	3429	1155	3796	982	4129
10200	734	734	459	1073	267	1433	176	1673	113	1897
10300	2566	2567	2025	3172	1592	3773	1358	4157	1170	4505
10401	786	786	501	1136	299	1505	202	1752	134	1980
10402	658	658	400	980	222	1326	140	1557	84	1773
10500	4803	4804	4050	5620	3427	6411	3080	6908	2792	7356
10600	1467	1468	1066	1933	759	2408	600	2716	477	3000
10701	672	672	411	998	230	1346	147	1579	90	1797
10702	548	548	315	845	160	1167	92	1385	48	1589
10800	2636	2637	2087	3250	1647	3857	1409	4245	1217	4598
10900	20549	20550	18958	22205	17580	23750	16780	24700	16101	25540
11001	1072	1072	733	1474	483	1892	358	2167	265	2421
11002	1072	1072	733	1474	483	1892	358	2167	265	2421
11101	698	698	431	1029	245	1382	159	1619	99	1839
11102	1181	1181	824	1602	557	2036	422	2321	321	2583
11200	8040	8041	7057	9088	6226	10086	5754	10708	5359	11264
11300	2680	2680	2126	3298	1682	3910	1441	4301	1247	4655
11401	503	504	281	790	136	1102	74	1314	36	1513
11402	1525	1526	1115	2000	801	2482	637	2795	511	3082
11500	737	737	462	1076	269	1437	178	1678	114	1902
11600	1090	1090	748	1496	495	1916	369	2193	274	2448
11700	3207	3207	2598	3880	2104	4541	1833	4962	1613	5342
11800	1881	1882	1422	2405	1064	2931	874	3270	724	3581
11900	423	423	222	688	96	981	46	1182	17	1371
12000	328	328	155	564	54	833	18	1018	3	1194
12100	220	220	84	420	17	655	1	820	0	979
20100	750	751	472	1093	277	1456	184	1698	119	1923
20200	1880	1881	1421	2403	1063	2929	873	3269	724	3579
20300	3030	3030	2438	3685	1961	4330	1700	4741	1488	5113
20401	1276	1276	903	1712	623	2160	480	2453	371	2723
20402	887	887	582	1256	362	1643	255	1900	177	2138
20500	1574	1575	1157	2056	836	2544	669	2861	539	3152
20600	535	536	305	830	153	1149	87	1365	45	1568
20700	3237	3237	2625	3913	2128	4577	1856	4999	1635	5381
20800	659	659	400	982	222	1327	141	1559	85	1775
20900	3935	3936	3257	4677	2701	5401	2393	5859	2141	6271
21000	1937	1938	1471	2468	1106	3000	912	3344	759	3657
21100	2624	2625	2076	3236	1638	3842	1400	4230	1209	4582
21300	1000	1000	674	1390	435	1797	317	2065	230	2312
21400	1231	1231	866	1660	592	2102	453	2391	347	2657
21500	650	650	393	970	217	1314	136	1545	81	1760
21600	1514	1514	1106	1987	793	2467	630	2780	504	3066
21700	2593	2593	2048	3201	1613	3804	1377	4190	1187	4540
21802	9604	9604	8526	10746	7611	11829	7088	12502	6648	13101
21803	3913	3913	3237	4653	2682	5375	2376	5831	2124	6243
21804	1949	1950	1482	2481	1115	3015	921	3360	767	3674
21903	9220	9221	8165	10339	7269	11402	6758	12063	6330	12653
21904	3045	3045	2452	3702	1973	4348	1711	4760	1499	5132
21905	1059	1060	723	1460	475	1876	351	2149	259	2402
21906	4370	4370	3653	5150	3063	5908	2735	6386	2464	6817
22001	1234	1234	868	1664	594	2106	454	2395	348	2662
22003	1477	1477	1074	1944	765	2419	606	2729	482	3013
22005	5021	5022	4251	5856	3612	6662	3255	7169	2959	7625
22006	1023	1023	693	1417	450	1827	330	2097	241	2347
22101	1229	1229	864	1658	590	2099	451	2388	346	2654
22102	826	826	533	1184	323	1561	223	1811	151	2044
22201	884	884	579	1252	360	1639	253	1895	176	2133
22202	1698	1699	1264	2197	927	2701	751	3028	613	3326
22203	981	981	658	1367	423	1771	306	2037	221	2283
22300	570	571	332	873	172	1200	101	1421	55	1628
22400	4470	4470	3745	5259	3147	6024	2814	6507	2540	6942
22500	10130	10131	9023	11302	8080	12412	7541	13101	7088	13715
22603	1966	1966	1496	2500	1127	3036	932	3381	777	3696
22604	2957	2957	2373	3604	1902	4243	1645	4649	1437	5018
22605	6204	6205	5344	7128	4625	8015	4219	8571	3882	9069
22606	899	899	591	1270	369	1660	261	1918	183	2157
22701	6575	6576	5689	7526	4946	8436	4526	9006	4177	9516
22702	1125	1125	777	1537	519	1962	389	2242	292	2500
22703	829	829	535	1187	325	1565	225	1815	152	2048
22801	3414	3415	2785	4108	2272	4787	1991	5219	1761	5609
22802	2685	2685	2130	3304	1686	3916	1444	4307	1250	4662
22803	61346	61348	58574	64183	56132	66793	54696	68379	53463	69772
22901	623	623	372	938	202	1276	124	1503	72	1716
22902	704	704	436	1037	249	1391	162	1628	101	1849
23000	3065	3065	2470	3724	1989	4372	1726	4785	1513	5159
23100	267	267	114	484	31	735	6	909	0	1076
23201	1252	1253	884	1685	607	2130	466	2421	358	2689
23202	2993	2993	2406	3645	1931	4286	1673	4695	1463	5065
23300	1552	1552	1138	2030	820	2516	654	2831	526	3120
23401	12843	12844	11592	14158	10520	15398	9903	16164	9383	16845
23403	8346	8346	7343	9412	6495	10427	6013	11060	5609	11624
23404	436	436	232	705	103	1002	50	1204	20	1395
23500	559	559	323	859	166	1184	97	1403	52	1609
23601	12627	12627	11386	13931	10324	15161	9713	15921	9198	16597
23603	2920	2920	2340	3564	1873	4199	1618	4604	1412	4970
23604	1349	1349	965	1797	675	2256	525	2555	411	2830
23700	33402	33403	31364	35503	29584	37451	28544	38641	27655	39690
23801	7211	7211	6281	8204	5499	9154	5056	9747	4686	10278
23803	13813	13813	12514	15176	11399	16458	10757	17250	10214	17953
23804	42095	42096	39804	44450	37795	46626	36618	47953	35611	49121
23900	798	798	510	1149	306	1521	208	1768	139	1998
24000	6156	6156	5299	7076	4583	7960	4179	8514	3844	9010
24100	1071	1071	732	1473	482	1891	358	2165	264	2419
24200	727	727	454	1064	262	1423	173	1662	110	1885
24300	5759	5760	4932	6651	4242	7508	3854	8046	3532	8529
24400	1211	1211	849	1637	578	2075	440	2362	336	2627
24500	1071	1071	732	1473	482	1891	358	2165	264	2419
24601	812	812	521	1167	314	1541	216	1790	145	2021
24602	943	943	627	1323	398	1720	285	1982	203	2225
24701	684	684	420	1012	237	1362	152	1597	94	1815
24702	2095	2095	1609	2645	1226	3195	1021	3550	859	3873
24800	10930	10930	9778	12146	8796	13296	8233	14008	7759	14643
24901	676	677	414	1003	232	1352	149	1586	91	1804
24902	288	288	128	512	39	769	10	947	0	1118
24903	592	592	349	900	184	1232	111	1455	62	1664
25001	1026	1026	695	1420	452	1831	332	2101	242	2351
25003	1343	1343	960	1790	670	2248	522	2546	407	2821
25005	1610	1610	1188	2096	862	2589	692	2909	560	3202
25006	380	381	192	633	76	916	32	1110	9	1294
25101	2252	2252	1747	2821	1347	3389	1132	3754	961	4085
25102	1338	1338	956	1784	667	2241	518	2539	405	2813
25200	1199	1200	839	1624	570	2060	433	2347	330	2611
25301	7916	7917	6941	8956	6117	9947	5649	10565	5258	11117
25302	15600	15601	14218	17046	13028	18404	12341	19241	11759	19983
25400	2470	2470	1939	3065	1516	3656	1288	4034	1105	4377
25500	654	654	396	975	219	1320	138	1551	83	1767
25601	1602	1602	1181	2087	856	2579	687	2898	555	3190
25602	899	899	591	1270	369	1660	261	1918	183	2157
25701	1120	1120	773	1531	515	1956	386	2235	289	2492
25702	141	141	39	307	1	512	0	660	0	803
25803	660	660	401	983	223	1329	141	1560	85	1777
25804	493	493	274	777	131	1087	70	1297	33	1495
25805	752	753	474	1095	278	1458	185	1701	120	1926
25806	4209	4209	3507	4976	2929	5721	2608	6192	2344	6616
26001	1100	1101	757	1508	502	1930	375	2207	279	2463
26002	1484	1484	1080	1952	771	2428	610	2738	486	3023
26100	1188	1188	830	1610	562	2046	427	2331	324	2594
26200	58595	58596	55886	61368	53501	63920	52099	65472	50896	66835
26300	11041	11041	9883	12262	8895	13418	8329	14134	7852	14771
26400	4547	4547	3815	5342	3211	6114	2875	6600	2598	7038
26500	1029	1029	698	1424	454	1835	334	2106	244	2356
26600	837	838	542	1197	330	1576	229	1828	156	2061
26700	676	677	414	1003	232	1352	149	1586	91	1804
26801	971	971	650	1355	416	1757	301	2022	216	2267
26802	985	985	662	1372	425	1776	309	2042	223	2289
27000	356	356	174	601	66	877	25	1067	6	1247
27100	1072	1072	733	1474	483	1892	358	2167	265	2421
27200	7765	7766	6799	8795	5985	9777	5522	10390	5135	10937
27300	1642	1643	1216	2133	886	2630	714	2953	579	3248
27400	2261	2261	1755	2832	1354	3400	1138	3765	967	4098
27500	1485	1485	1080	1953	771	2430	611	2740	487	3024
27600	882	882	577	1250	358	1636	252	1892	175	2130
27701	2890	2890	2313	3530	1849	4162	1596	4565	1391	4931
27702	896	896	589	1267	367	1656	260	1913	181	2152
27800	287	287	127	511	38	767	10	946	0	1116
27900	8206	8206	7212	9263	6372	10271	5894	10898	5494	11459
28000	2257	2257	1751	2827	1350	3395	1136	3760	964	4092
28100	2037	2037	1558	2580	1181	3124	981	3474	822	3794
28200	1708	1708	1272	2208	934	2713	757	3040	618	3339
28300	10479	10479	9352	11670	8392	12798	7842	13497	7379	14120
28402	17924	17925	16440	19472	15159	20921	14417	21813	13787	22603
28403	3259	3260	2645	3938	2146	4604	1873	5027	1651	5410
28500	2542	2542	2003	3145	1573	3743	1340	4126	1153	4473
28600	1236	1236	870	1666	595	2108	456	2398	350	2665
28700	634	634	381	952	208	1292	129	1521	76	1734
28801	3573	3573	2928	4282	2402	4975	2113	5415	1876	5812
28802	7380	7381	6439	8385	5647	9345	5198	9944	4823	10480
28901	2169	2169	1674	2728	1282	3287	1073	3646	907	3973
28902	1603	1603	1182	2088	857	2580	688	2899	556	3192
29001	904	904	596	1277	373	1667	264	1925	185	2165
29003	1660	1660	1231	2153	899	2652	725	2976	589	3272
29004	2868	2869	2294	3507	1832	4137	1580	4539	1376	4903
29101	1303	1304	927	1744	642	2196	497	2491	386	2763
29102	837	838	542	1197	330	1576	229	1828	156	2061
29203	5301	5301	4509	6158	3850	6984	3481	7503	3175	7969
29204	2027	2027	1549	2568	1174	3111	974	3461	815	3780
29205	1724	1724	1286	2226	946	2733	768	3061	628	3362
29206	46197	46199	43795	48663	41687	50939	40451	52325	39392	53545
29303	2131	2132	1641	2686	1254	3241	1047	3597	882	3922
29304	522	522	295	813	146	1130	82	1344	41	1545
29305	611	611	363	923	195	1258	119	1484	68	1695
29306	1282	1282	909	1719	627	2168	484	2462	374	2732
29307	667	667	407	992	227	1339	144	1571	88	1789
29403	814	814	523	1169	316	1544	217	1793	146	2024
29405	452	452	243	725	110	1025	55	1230	23	1423
29406	444	444	237	714	106	1013	53	1216	21	1408
29407	1307	1308	930	1749	645	2201	499	2497	388	2769
29408	265	265	113	481	30	731	6	905	0	1072
29502	1275	1275	903	1711	622	2159	479	2452	370	2721
29503	3772	3773	3109	4500	2566	5210	2267	5660	2021	6065
29504	1540	1540	1127	2016	811	2500	647	2814	519	3103
29601	1488	1488	1083	1957	773	2434	613	2744	489	3029
29602	324	324	152	560	53	828	18	1013	2	1188
29700	7646	7647	6688	8668	5880	9644	5422	10252	5038	10796
29801	1939	1940	1473	2470	1107	3003	914	3346	760	3660
29802	889	889	583	1258	363	1646	256	1903	178	2141
29901	634	634	381	952	208	1292	129	1521	76	1734
29902	3904	3904	3228	4643	2675	5364	2369	5820	2118	6232
30003	2220	2220	1718	2785	1321	3349	1109	3712	939	4042
30004	573	573	334	876	173	1203	102	1424	56	1631
30005	838	839	543	1198	331	1577	229	1829	156	2063
30006	4108	4108	3414	4866	2844	5603	2528	6069	2269	6489
30100	1063	1063	725	1464	477	1880	353	2154	260	2407
30201	892	892	586	1262	365	1650	258	1907	180	2146
30202	2695	2696	2139	3315	1694	3928	1452	4320	1257	4675
30304	3474	3474	2839	4173	2321	4858	2037	5293	1804	5685
30305	934	934	620	1312	392	1707	280	1969	199	2211
30306	787	787	502	1137	299	1507	203	1753	134	1982
30308	911	911	601	1285	377	1677	268	1936	188	2176
30309	2519	2519	1983	3119	1554	3715	1323	4096	1137	4442
30310	1709	1709	1273	2209	935	2714	758	3041	619	3341
30311	774	774	491	1121	291	1488	196	1733	129	1961
30312	824	824	531	1181	322	1558	222	1808	150	2040
30313	9658	9659	8577	10803	7659	11889	7134	12564	6694	13165
30314	5814	5814	4982	6709	4289	7571	3898	8111	3574	8595
30401	4233	4234	3529	5002	2949	5749	2627	6221	2362	6647
30403	419	419	219	683	94	975	44	1175	16	1364
30404	540	540	309	835	155	1155	89	1372	46	1575
30501	17974	17974	16488	19524	15204	20975	14461	21868	13831	22659
30503	3250	3251	2637	3928	2139	4593	1866	5016	1644	5398
30504	1612	1612	1189	2099	864	2592	694	2912	561	3205
30600	3245	3246	2632	3922	2135	4587	1862	5009	1641	5392
30700	2003	2004	1529	2542	1156	3082	958	3430	801	3748
30801	11662	11662	10471	12916	9453	14101	8869	14835	8377	15488
30802	577	577	337	881	176	1209	104	1431	57	1638
30901	2328	2328	1814	2907	1406	3482	1186	3852	1011	4188
30902	1182	1182	825	1603	558	2038	423	2322	321	2585
31000	714	715	444	1049	255	1405	167	1643	105	1865
31100	2567	2568	2026	3173	1593	3774	1359	4158	1170	4507
31202	1495	1495	1089	1965	779	2443	618	2754	493	3039
31204	978	978	656	1364	421	1766	305	2032	219	2278
31205	1053	1054	718	1453	471	1868	348	2141	256	2393
31206	1415	1416	1021	1874	722	2341	567	2645	448	2925
31301	648	648	392	968	216	1311	135	1541	81	1757
31302	1340	1340	958	1787	668	2244	520	2542	406	2816
31400	4657	4657	3916	5461	3304	6241	2963	6732	2681	7174
31501	367	367	182	616	70	895	29	1087	7	1269
31502	1640	1641	1214	2131	885	2628	712	2950	578	3245
31601	763	763	482	1107	284	1473	191	1716	124	1943
31603	1862	1862	1406	2383	1049	2907	861	3245	712	3554
31604	670	670	409	995	229	1343	146	1576	89	1794
31605	934	934	620	1312	392	1707	280	1969	199	2211
31703	1318	1318	939	1761	652	2215	506	2511	394	2784
31704	1242	1242	875	1673	599	2116	459	2406	353	2674
31705	722	722	449	1058	259	1416	170	1654	108	1877
31706	3345	3346	2722	4032	2216	4706	1938	5134	1712	5521
31800	1153	1154	801	1570	538	2000	406	2282	306	2543
31903	1142	1142	792	1557	531	1985	399	2266	300	2526
31904	977	977	655	1363	420	1765	304	2031	219	2277
31906	493	493	274	777	131	1087	70	1297	33	1495
31907	560	560	324	860	167	1185	97	1405	52	1610
31908	1236	1236	870	1666	595	2108	456	2398	350	2665
31909	554	554	320	853	163	1176	95	1395	50	1600
32002	466	466	254	743	117	1047	61	1254	26	1448
32003	1430	1430	1034	1890	732	2359	576	2665	456	2946
32005	1249	1250	881	1682	604	2126	464	2416	357	2684
32006	631	631	379	948	206	1288	128	1516	75	1729
32007	935	935	621	1313	393	1708	281	1970	199	2212
32008	271	271	117	490	33	741	7	917	0	1085
32010	1601	1601	1180	2086	855	2578	686	2897	554	3189
32011	853	853	554	1216	340	1597	237	1850	162	2085
32102	645	645	389	964	214	1307	134	1537	80	1751
32103	16251	16252	14840	17727	13624	19111	12921	19964	12325	20720
32104	2315	2315	1802	2892	1395	3466	1177	3835	1002	4170
32203	1162	1162	808	1580	544	2011	411	2294	310	2555
32207	979	979	657	1365	421	1768	305	2034	220	2280
32208	18663	18664	17148	20242	15839	21719	15080	22627	14436	23432
32210	4119	4120	3424	4878	2854	5616	2537	6083	2277	6503
32211	1056	1057	720	1456	473	1872	349	2145	257	2398
32212	960	960	641	1343	409	1743	295	2007	211	2252
32213	412	412	214	673	91	964	42	1163	15	1350
32214	1812	1813	1362	2326	1012	2844	827	3179	682	3485
32215	458	458	248	732	113	1034	58	1240	24	1434
32307	1301	1302	925	1742	641	2193	496	2489	385	2760
32309	19175	19176	17639	20775	16310	22271	15540	23190	14887	24005
32311	809	809	519	1163	313	1537	214	1785	143	2016
32313	12834	12835	11583	14149	10512	15388	9895	16154	9375	16835
32315	761	761	480	1105	283	1470	190	1713	124	1940
32316	656	656	398	978	221	1323	139	1554	84	1770
32317	872	872	570	1239	352	1624	247	1879	171	2116
32318	928	928	615	1304	388	1699	277	1960	196	2201
32319	11005	11006	9849	12225	8863	13379	8298	14094	7822	14730
32320	1475	1475	1072	1941	764	2417	605	2726	481	3010
32321	1285	1285	911	1723	629	2172	486	2466	376	2736
32322	324	324	152	560	53	828	18	1013	2	1188
32323	1288	1288	914	1727	631	2176	487	2470	377	2741
32324	1267	1267	896	1702	617	2148	474	2440	366	2709
32325	733	733	458	1071	266	1431	176	1671	113	1895
32326	905	905	596	1278	373	1668	265	1927	186	2167
32327	670	670	409	995	229	1343	146	1576	89	1794
32328	1040	1040	707	1437	462	1850	340	2122	249	2373
32329	2077	2078	1593	2626	1212	3174	1009	3527	848	3849
32401	1742	1742	1302	2247	960	2756	780	3086	639	3387
32402	983	983	660	1370	424	1773	308	2040	222	2286
32500	1227	1227	862	1656	589	2096	450	2385	345	2651
32601	1102	1103	758	1510	504	1933	376	2210	280	2467
32602	1809	1810	1360	2323	1010	2840	825	3175	680	3481
32702	948	948	631	1329	401	1726	288	1989	205	2233
32703	1949	1950	1482	2481	1115	3015	921	3360	767	3674
32704	4345	4345	3630	5123	3042	5879	2715	6356	2445	6786
32800	665	665	405	989	226	1336	143	1568	87	1785
40100	7446	7446	6501	8455	5704	9418	5253	10020	4876	10558
40200	1836	1836	1383	2353	1029	2874	843	3210	696	3517
40300	1197	1198	838	1621	568	2058	432	2344	329	2608
40400	1662	1662	1232	2155	900	2655	727	2979	591	3275
40500	1087	1087	746	1492	493	1912	367	2189	273	2444
40700	12512	12513	11277	13811	10220	15035	9613	15792	9100	16466
40800	9035	9035	7990	10143	7105	11196	6600	11851	6176	12435
40900	385	385	195	639	78	922	34	1117	10	1301
41000	5185	5185	4402	6032	3751	6850	3387	7365	3085	7827
41100	3204	3204	2595	3877	2101	4538	1831	4958	1611	5338
41201	167	167	53	346	5	562	0	716	0	864
41202	2654	2654	2102	3269	1661	3878	1421	4267	1229	4621
41301	2781	2782	2216	3411	1762	4032	1515	4429	1316	4789
41303	3669	3670	3015	4387	2481	5089	2187	5533	1946	5934
41304	32203	32204	30203	34267	28457	36181	27437	37351	26566	38383
41400	2207	2208	1707	2771	1312	3334	1100	3696	932	4025
41500	490	490	271	773	129	1082	69	1292	32	1490
41601	1178	1178	821	1599	555	2032	421	2317	319	2579
41605	980	980	657	1366	422	1769	306	2035	220	2281
41606	860	860	560	1224	345	1607	241	1861	165	2097
41607	239	239	96	446	22	687	3	857	0	1019
41608	719	719	447	1054	257	1411	169	1650	107	1872
41701	2578	2578	2035	3185	1601	3786	1366	4171	1177	4520
41703	781	781	497	1130	295	1498	200	1744	132	1972
41704	3842	3842	3172	4576	2624	5292	2321	5745	2072	6154
41805	6971	6971	6057	7948	5290	8883	4855	9468	4493	9991
41806	1824	1825	1373	2340	1021	2860	835	3195	689	3502
41808	1144	1144	793	1559	532	1988	401	2269	302	2529
41809	246	246	101	456	24	700	4	870	0	1034
41810	494	494	275	778	132	1088	71	1299	33	1497
41811	2958	2958	2374	3605	1903	4244	1646	4651	1438	5019
41812	1065	1065	727	1466	478	1883	354	2157	261	2410
41901	7784	7785	6817	8815	6001	9799	5538	10412	5150	10960
41903	3614	3614	2965	4326	2436	5023	2144	5465	1905	5864
41904	2092	2092	1606	2642	1223	3192	1019	3546	857	3868
41905	2737	2737	2176	3361	1727	3978	1482	4373	1285	4730
42001	1268	1268	897	1703	617	2150	475	2442	366	2711
42003	326	327	154	563	53	831	18	1016	3	1192
42004	930	930	616	1307	389	1702	278	1963	197	2204
42005	3418	3419	2788	4112	2276	4792	1994	5224	1764	5614
42006	4638	4638	3898	5441	3288	6219	2947	6709	2666	7151
50101	218	218	83	417	16	651	1	816	0	975
50102	905	905	596	1278	373	1668	265	1927	186	2167
50200	933	933	619	1311	391	1706	280	1967	198	2209
50300	796	797	509	1148	305	1520	208	1767	138	1997
50401	1829	1829	1376	2345	1024	2865	838	3200	692	3507
50402	4402	4403	3683	5185	3090	5946	2760	6426	2489	6858
50500	5376	5376	4578	6238	3914	7069	3541	7592	3233	8061
50600	190	190	66	377	9	602	0	761	0	914
50700	2071	2072	1588	2619	1208	3167	1005	3519	844	3841
50800	1486	1486	1081	1954	772	2431	612	2741	488	3026
50900	2221	2221	1719	2786	1322	3351	1110	3713	940	4043
51000	6808	6809	5906	7775	5148	8700	4720	9278	4363	9796
51100	2187	2187	1690	2749	1296	3309	1086	3670	918	3998
51200	650	650	393	970	217	1314	136	1545	81	1760
51300	1524	1525	1114	1999	800	2480	637	2794	510	3081
51400	11227	11227	10059	12459	9062	13623	8491	14344	8009	14986
51500	5252	5252	4463	6104	3808	6927	3441	7444	3137	7909
51601	1699	1700	1265	2198	928	2702	751	3029	613	3328
51602	1333	1333	952	1778	663	2234	515	2532	402	2806
51701	3507	3508	2869	4210	2349	4898	2062	5334	1828	5728
51702	4183	4183	3483	4947	2907	5690	2587	6160	2324	6583
51802	7992	7992	7012	9036	6184	10032	5713	10652	5320	11206
51803	1054	1055	719	1454	471	1869	348	2142	256	2394
51804	1187	1187	829	1609	561	2044	426	2330	324	2592
51905	4159	4159	3460	4921	2887	5662	2568	6131	2306	6553
51912	3326	3326	2705	4011	2201	4683	1924	5110	1698	5496
51913	482	482	265	762	125	1070	66	1279	30	1476
51914	546	546	313	842	159	1164	91	1382	48	1586
51915	1089	1089	747	1495	495	1915	368	2191	274	2447
51916	1193	1193	834	1616	566	2052	430	2338	327	2602
51917	410	411	213	672	90	962	42	1161	14	1349
51918	1749	1750	1308	2255	965	2765	785	3095	643	3397
51921	730	730	456	1068	264	1427	174	1667	111	1890
51922	2003	2004	1529	2542	1156	3082	958	3430	801	3748
51923	1931	1931	1466	2461	1101	2993	908	3336	755	3649
51924	1041	1041	708	1438	462	1851	341	2123	250	2374
51925	12183	12184	10965	13465	9923	14674	9325	15423	8820	16088
51926	1848	1848	1393	2367	1039	2889	851	3226	704	3534
51927	733	733	458	1071	266	1431	176	1671	113	1895
51928	2231	2231	1728	2798	1330	3363	1117	3726	947	4057
52003	361	361	178	608	68	885	27	1076	6	1257
52004	1489	1489	1084	1958	774	2435	614	2745	489	3030
52005	792	793	506	1143	302	1514	206	1761	137	1990
52006	407	408	211	668	89	958	41	1156	14	1343
52007	1404	1404	1012	1861	714	2327	560	2630	441	2909
52104	826	826	533	1184	323	1561	223	1811	151	2044
52105	1131	1131	782	1544	523	1970	393	2251	295	2509
52107	1090	1090	748	1496	495	1916	369	2193	274	2448
52108	2461	2461	1931	3055	1509	3644	1281	4022	1099	4365
52112	705	705	437	1038	249	1392	162	1629	102	1851
52113	346	346	168	589	62	862	23	1051	5	1230
52114	562	562	326	863	168	1188	98	1408	53	1614
52115	844	844	547	1205	334	1584	232	1837	158	2071
52118	986	986	662	1373	426	1777	309	2044	223	2291
52203	2813	2813	2244	3445	1787	4070	1539	4468	1338	4830
52204	2794	2795	2228	3425	1773	4048	1525	4445	1325	4806
52206	563	563	327	864	168	1190	98	1410	53	1616
52207	536	537	306	831	154	1151	87	1367	45	1570
52208	2822	2822	2252	3455	1794	4081	1545	4480	1344	4842
52209	3200	3200	2591	3872	2098	4533	1828	4953	1608	5333
52301	562	562	326	863	168	1188	98	1408	53	1614
52302	778	778	494	1126	294	1494	198	1739	131	1967
52401	2765	2765	2202	3393	1749	4013	1503	4408	1305	4767
52402	2879	2879	2303	3518	1840	4149	1587	4551	1383	4916
52502	1558	1558	1143	2037	824	2523	658	2839	529	3129
52503	1082	1082	742	1486	490	1906	364	2181	270	2436
52504	741	741	465	1081	271	1443	180	1684	116	1908
52603	346	346	168	589	62	862	23	1051	5	1230
52604	1973	1973	1502	2508	1133	3045	937	3390	781	3706
52605	1733	1733	1294	2236	953	2745	774	3074	633	3375
52606	701	701	433	1033	247	1387	160	1623	100	1844
52607	690	690	424	1019	240	1371	155	1606	96	1825
52701	303	303	138	532	44	793	13	974	1	1146
52705	436	436	232	705	103	1002	50	1204	20	1395
52706	803	803	514	1155	309	1528	211	1776	141	2006
52707	197	197	70	388	11	615	0	775	0	930
52708	339	339	163	579	59	851	21	1038	4	1216
52709	211	211	78	407	14	639	0	802	0	959
52803	8251	8251	7254	9312	6412	10322	5933	10951	5531	11513
52804	1707	1707	1271	2206	933	2711	756	3038	617	3338
52805	1985	1985	1513	2522	1142	3060	945	3406	789	3723
52806	428	428	226	694	99	989	47	1190	18	1380
52903	4206	4206	3504	4972	2926	5718	2605	6188	2342	6612
52904	807	807	517	1160	311	1534	213	1782	143	2013
52905	2323	2323	1809	2901	1402	3476	1182	3845	1007	4181
52906	520	520	294	810	145	1127	81	1341	40	1542
53101	398	398	204	656	84	943	38	1140	12	1326
53102	2060	2060	1578	2606	1199	3153	997	3505	837	3826
53201	673	674	412	999	231	1348	147	1581	90	1799
53202	461	461	250	736	115	1039	59	1245	25	1439
53301	4118	4119	3424	4877	2853	5615	2536	6081	2276	6502
53302	1020	1020	690	1413	448	1823	328	2092	239	2342
53400	1236	1236	870	1666	595	2108	456	2398	350	2665
53504	3266	3267	2651	3946	2152	4612	1878	5036	1656	5419
53505	383	383	193	636	77	919	33	1114	10	1297
53506	535	536	305	830	153	1149	87	1365	45	1568
53507	2069	2070	1586	2616	1206	3164	1004	3517	843	3838
53508	1655	1655	1226	2147	895	2646	722	2969	586	3265
53509	4576	4576	3842	5374	3236	6147	2898	6635	2620	7074
990100	0	0	0	40	0	131	0	210	0	294
53602	1047	1047	713	1446	467	1859	344	2132	253	2384
53603	497	497	277	782	133	1093	72	1304	34	1503
53604	1180	1180	823	1601	556	2035	422	2320	320	2582
53700	1058	1059	722	1459	474	1874	351	2148	258	2401
53801	520	520	294	810	145	1127	81	1341	40	1542
53802	1549	1549	1135	2027	818	2512	653	2827	524	3116
53803	967	968	647	1352	414	1753	299	2017	214	2263
60200	15911	15911	14514	17371	13312	18741	12617	19586	12029	20335
60300	1413	1414	1020	1871	720	2338	566	2643	447	2922
60400	666	666	406	990	226	1337	144	1570	87	1787
60500	1681	1681	1249	2177	915	2679	739	3004	602	3302
60600	1542	1542	1129	2018	812	2503	648	2817	520	3106
60700	2233	2233	1730	2800	1332	3365	1118	3729	948	4059
60800	1099	1099	756	1507	502	1929	374	2206	279	2462
60903	541	541	309	836	156	1157	89	1374	46	1577
60904	1573	1574	1156	2054	835	2543	668	2860	538	3150
60905	1687	1687	1254	2184	919	2687	743	3013	606	3311
60906	1729	1729	1290	2232	950	2740	771	3068	631	3369
61001	651	651	394	972	218	1316	137	1546	82	1762
61002	4146	4147	3449	4908	2876	5648	2558	6116	2297	6538
61100	5842	5843	5009	6740	4313	7603	3922	8144	3597	8630
61200	1358	1359	973	1808	681	2267	531	2567	416	2843
61300	1703	1704	1268	2203	931	2708	754	3034	616	3333
61400	8598	8598	7580	9680	6718	10709	6227	11350	5816	11921
61500	8735	8735	7708	9825	6839	10862	6344	11507	5928	12083
61601	16312	16313	14898	17790	13679	19176	12975	20030	12378	20788
61602	6172	6172	5314	7094	4597	7978	4193	8533	3856	9030
61700	4987	4987	4219	5819	3583	6623	3227	7128	2933	7583
61800	854	854	555	1217	341	1599	237	1852	163	2087
61900	1885	1886	1426	2409	1067	2936	877	3276	727	3586
62000	856	856	557	1219	342	1601	239	1855	164	2090
62300	467	467	255	744	118	1048	61	1255	27	1450
62400	1127	1127	779	1539	520	1965	390	2245	293	2503
62500	1244	1244	877	1676	601	2119	461	2409	354	2677
62600	22551	22552	20882	24283	19435	25898	18594	26890	17878	27766
62801	2466	2466	1936	3060	1513	3651	1285	4029	1102	4372
62802	1040	1040	707	1437	462	1850	340	2122	249	2373
62900	2070	2071	1587	2618	1207	3165	1004	3518	843	3839
63000	2760	2760	2197	3387	1745	4006	1500	4402	1301	4761
63100	1491	1491	1086	1960	776	2438	615	2748	491	3033
63200	927	927	614	1303	387	1697	276	1958	195	2200
63300	1751	1752	1309	2257	966	2768	786	3098	644	3400
63400	1990	1990	1517	2527	1146	3066	949	3413	792	3730
63501	1522	1523	1113	1996	798	2478	635	2791	509	3078
63502	600	600	355	910	189	1243	114	1468	65	1678
70100	1146	1146	795	1562	533	1991	402	2272	303	2532
70203	836	837	541	1196	330	1575	228	1826	155	2060
70204	229	230	90	433	19	671	2	839	0	999
70205	788	788	502	1138	300	1508	203	1755	135	1984
70206	346	346	168	589	62	862	23	1051	5	1230
70207	2827	2827	2257	3461	1798	4087	1549	4486	1347	4848
70307	522	522	295	813	146	1130	82	1344	41	1545
70308	914	914	604	1289	379	1681	270	1940	190	2181
70309	1972	1972	1501	2507	1132	3043	936	3389	781	3705
70310	2098	2098	1611	2648	1228	3199	1023	3554	861	3877
70311	607	607	360	917	192	1252	117	1478	67	1688
70312	1503	1503	1096	1974	784	2453	623	2765	498	3050
70313	1344	1344	961	1791	671	2249	522	2548	408	2822
70314	361	361	178	608	68	885	27	1076	6	1257
70315	683	683	419	1010	236	1361	152	1595	93	1814
70316	529	529	301	822	150	1140	85	1356	43	1558
70401	840	840	543	1200	332	1579	230	1831	157	2064
70403	942	942	626	1321	397	1718	285	1980	202	2223
70404	720	720	448	1055	258	1413	169	1651	107	1874
70703	2620	2620	2073	3232	1634	3838	1397	4225	1206	4577
71100	623	623	372	938	202	1276	124	1503	72	1716
71205	705	705	437	1038	249	1392	162	1629	102	1851
71206	4277	4277	3568	5049	2985	5800	2661	6274	2395	6701
71207	3913	3913	3237	4653	2682	5375	2376	5831	2124	6243
71208	1492	1492	1087	1961	776	2439	616	2749	491	3035
71209	514	514	289	803	142	1117	78	1331	39	1531
71210	1058	1059	722	1459	474	1874	351	2148	258	2401
71304	1853	1853	1398	2372	1042	2895	855	3233	707	3541
71305	2385	2385	1864	2970	1450	3552	1227	3925	1048	4264
71306	1201	1202	841	1626	571	2063	435	2350	331	2614
71307	1128	1128	780	1540	521	1966	391	2246	293	2505
71309	1001	1001	675	1392	436	1798	318	2066	230	2314
71310	693	693	427	1023	242	1375	157	1611	97	1831
71403	1033	1033	701	1429	457	1840	336	2111	246	2362
71406	3320	3320	2700	4005	2196	4676	1919	5102	1694	5488
71407	894	894	587	1264	366	1653	259	1910	180	2149
71408	1286	1286	912	1724	630	2174	486	2467	376	2738
71409	612	612	364	924	195	1260	119	1486	68	1697
71410	1605	1605	1183	2090	858	2583	689	2902	557	3195
71411	789	789	503	1139	300	1510	204	1756	135	1985
71503	2740	2740	2179	3365	1729	3982	1485	4376	1287	4734
71504	2581	2581	2037	3188	1603	3790	1368	4175	1179	4524
71505	1089	1089	747	1495	495	1915	368	2191	274	2447
71506	326	327	154	563	53	831	18	1016	3	1192
71601	1287	1287	913	1725	631	2175	487	2469	377	2739
71602	2696	2697	2140	3316	1695	3929	1453	4321	1258	4677
71703	1071	1071	732	1473	482	1891	358	2165	264	2419
71704	864	864	563	1229	347	1613	243	1867	167	2103
71705	1227	1227	862	1656	589	2096	450	2385	345	2651
71706	953	953	636	1335	405	1733	291	1997	208	2241
71707	1097	1097	754	1504	500	1926	373	2203	278	2459
71803	2625	2626	2077	3237	1638	3844	1401	4231	1209	4583
71805	1914	1914	1451	2441	1088	2971	896	3313	745	3625
71806	1053	1054	718	1453	471	1868	348	2141	256	2393
71807	10419	10420	9296	11607	8338	12732	7791	13430	7330	14051
71808	1607	1607	1185	2093	860	2585	690	2905	558	3198
71901	5530	5531	4720	6404	4046	7246	3667	7775	3353	8250
71902	1360	1361	975	1810	682	2270	532	2570	417	2846
72000	1299	1300	923	1739	639	2191	494	2486	384	2757
72105	2791	2792	2225	3422	1770	4044	1523	4442	1323	4802
72106	1822	1823	1371	2338	1020	2857	834	3192	688	3499
72107	1262	1262	891	1696	613	2142	471	2433	363	2702
72108	591	591	348	898	184	1230	110	1453	62	1663
72109	893	893	586	1263	366	1652	258	1909	180	2148
72111	309	309	142	540	46	803	14	985	1	1158
72112	485	485	268	766	127	1075	67	1284	31	1481
72305	1492	1492	1087	1961	776	2439	616	2749	491	3035
72307	709	709	440	1043	252	1398	164	1636	103	1857
72308	1457	1457	1057	1922	751	2395	594	2702	471	2985
72309	680	680	416	1007	234	1356	150	1590	92	1809
72310	1966	1966	1496	2500	1127	3036	932	3381	777	3696
72311	3954	3955	3274	4698	2717	5423	2408	5882	2155	6296
72312	1216	1216	853	1643	581	2082	443	2369	339	2635
72313	528	528	300	821	149	1139	84	1354	43	1556
72405	527	527	299	819	149	1137	84	1352	42	1554
72406	1170	1170	815	1589	549	2022	416	2305	315	2567
72407	2171	2171	1675	2730	1284	3289	1075	3649	908	3976
72408	4654	4654	3913	5458	3301	6238	2960	6729	2679	7171
72409	303	303	138	532	44	793	13	974	1	1146
72410	303	303	138	532	44	793	13	974	1	1146
72503	597	597	353	906	187	1239	113	1463	64	1673
72504	2300	2300	1789	2875	1383	3448	1166	3815	992	4150
72505	4379	4379	3662	5160	3071	5919	2742	6397	2471	6829
72506	272	272	118	491	33	743	7	919	0	1087
72507	3095	3096	2497	3757	2014	4408	1749	4823	1535	5198
72601	796	797	509	1148	305	1520	208	1767	138	1997
72602	1047	1047	713	1446	467	1859	344	2132	253	2384
72603	1889	1889	1428	2413	1069	2940	879	3280	729	3590
72800	4334	4335	3621	5112	3033	5867	2707	6344	2438	6773
72901	3220	3220	2609	3894	2114	4557	1843	4978	1623	5359
72903	2735	2735	2175	3359	1725	3976	1481	4370	1284	4727
900202	0	0	0	40	0	131	0	210	0	294
72906	15024	15024	13668	16444	12502	17777	11829	18600	11259	19330
990002	7	7	0	70	0	181	0	272	0	367
73001	1321	1321	941	1764	654	2219	508	2515	395	2788
73005	433	433	230	701	101	997	49	1199	19	1390
73006	694	694	428	1024	243	1377	157	1612	98	1832
73108	2342	2343	1826	2922	1417	3500	1196	3870	1020	4207
73110	782	782	498	1131	296	1500	200	1745	132	1974
73111	1066	1066	728	1467	479	1884	355	2158	262	2411
73113	917	918	606	1292	381	1685	271	1945	191	2186
73114	375	375	188	627	74	908	31	1101	8	1284
73115	429	429	227	696	99	991	48	1192	18	1382
73116	296	296	133	523	42	783	12	963	1	1134
73117	790	791	504	1141	301	1511	205	1758	136	1987
73118	588	588	345	895	182	1226	109	1449	61	1657
73119	630	630	378	946	206	1286	128	1514	75	1728
73120	1064	1064	726	1465	477	1881	353	2155	261	2408
73121	2310	2310	1798	2886	1391	3460	1173	3828	998	4163
73122	1954	1954	1485	2486	1118	3021	923	3365	769	3680
73123	670	670	409	995	229	1343	146	1576	89	1794
73124	817	817	525	1173	318	1548	218	1797	147	2029
73125	1326	1326	946	1770	658	2225	511	2522	398	2796
73126	379	380	191	632	76	914	32	1108	9	1292
73200	1952	1952	1483	2484	1117	3018	922	3363	768	3677
73301	9974	9975	8876	11137	7941	12240	7406	12924	6957	13534
73302	1794	1794	1346	2306	998	2821	815	3155	670	3460
73404	2823	2823	2253	3457	1795	4082	1546	4481	1345	4843
73405	3767	3768	3104	4494	2562	5204	2263	5653	2017	6059
73406	3146	3146	2543	3813	2055	4469	1787	4886	1570	5264
73407	4918	4919	4156	5745	3525	6543	3172	7046	2880	7498
73408	1198	1199	838	1622	569	2059	433	2345	330	2609
73500	1651	1651	1223	2143	892	2641	719	2964	584	3259
80101	333	333	158	571	56	841	20	1027	3	1204
80102	1776	1776	1331	2285	985	2798	802	3130	659	3434
80200	2286	2286	1776	2859	1372	3430	1156	3797	983	4131
80300	4064	4064	3374	4817	2807	5551	2493	6015	2236	6433
80400	1048	1048	714	1447	467	1861	345	2133	253	2385
80500	3704	3704	3046	4425	2510	5129	2213	5575	1971	5978
80600	1612	1612	1189	2099	864	2592	694	2912	561	3205
80700	1177	1177	820	1597	554	2031	420	2315	318	2577
80800	494	494	275	778	132	1088	71	1299	33	1497
80900	4105	4105	3412	4863	2842	5600	2526	6065	2267	6485
81000	1756	1757	1314	2263	970	2774	789	3105	648	3407
81100	2416	2417	1892	3005	1474	3590	1249	3965	1069	4306
81200	858	858	558	1222	343	1604	240	1858	165	2093
81400	13170	13171	11903	14501	10816	15755	10191	16531	9663	17219
90101	1487	1487	1082	1955	773	2432	612	2743	488	3027
90102	2305	2305	1793	2880	1387	3454	1169	3822	995	4156
90201	1817	1818	1367	2332	1016	2851	831	3186	685	3492
90202	1324	1324	944	1768	657	2223	509	2519	397	2793
90300	4290	4290	3580	5064	2996	5815	2671	6290	2404	6717
90400	1193	1193	834	1616	566	2052	430	2338	327	2602
90501	4286	4286	3577	5059	2993	5811	2668	6285	2401	6712
90502	2209	2210	1709	2774	1314	3337	1102	3699	933	4028
90700	1210	1210	848	1635	577	2074	440	2361	335	2626
90800	1466	1467	1065	1932	758	2406	599	2715	477	2998
90900	5863	5864	5028	6762	4331	7627	3939	8169	3613	8655
91000	1348	1348	964	1796	674	2254	525	2553	410	2828
91100	2430	2430	1903	3020	1485	3606	1259	3982	1078	4323
91201	8825	8826	7794	9921	6919	10963	6421	11611	6003	12189
91203	704	704	436	1037	249	1391	162	1628	101	1849
91204	2031	2031	1553	2573	1177	3116	977	3466	818	3785
91301	566	567	329	868	170	1194	100	1415	54	1621
91302	1387	1387	997	1841	701	2304	549	2606	432	2884
91400	285	285	126	508	37	764	9	942	0	1111
91500	639	640	385	958	211	1299	132	1529	78	1743
91600	1705	1705	1269	2204	932	2709	755	3036	616	3335
91700	791	792	505	1142	302	1513	205	1759	136	1989
91800	1667	1667	1237	2161	904	2661	730	2985	594	3282
91900	1168	1168	813	1587	548	2019	415	2302	314	2564
92000	547	547	314	844	159	1166	92	1383	48	1588
92100	4024	4024	3338	4774	2775	5505	2463	5967	2207	6384
92200	2958	2958	2374	3605	1903	4244	1646	4651	1438	5019
92300	3330	3331	2709	4016	2204	4688	1927	5115	1701	5501
92400	1317	1317	938	1760	652	2213	505	2510	393	2782
92500	2533	2533	1995	3135	1566	3732	1334	4114	1147	4461
92600	697	697	430	1028	245	1381	158	1617	99	1837
92701	671	671	410	997	229	1345	146	1578	89	1795
92704	594	594	350	902	185	1235	112	1458	63	1668
92801	1349	1349	965	1797	675	2256	525	2555	411	2830
92802	485	485	268	766	127	1075	67	1284	31	1481
92803	204	204	74	398	12	628	0	790	0	946
92901	654	654	396	975	219	1320	138	1551	83	1767
92902	800	800	511	1152	307	1524	209	1771	140	2002
940000	228	228	89	432	19	669	2	837	0	997
940001	7081	7081	6160	8066	5386	9007	4947	9596	4581	10122
940002	13617	13617	12327	14970	11221	16244	10584	17031	10046	17730
940003	2817	2817	2248	3450	1790	4075	1542	4474	1340	4835
940004	1470	1471	1068	1937	761	2412	602	2720	479	3004
940005	784	784	499	1133	297	1503	201	1748	133	1977
940006	657	657	399	979	221	1324	140	1556	84	1772
940007	2617	2617	2070	3228	1632	3834	1395	4221	1204	4572
940008	508	508	285	795	139	1108	76	1321	37	1520
940009	2039	2039	1560	2582	1183	3126	982	3477	823	3797
940010	2960	2960	2376	3608	1905	4246	1648	4653	1439	5022
940011	458	458	248	732	113	1034	58	1240	24	1434
940100	1885	1886	1426	2409	1067	2936	877	3276	727	3586
