city_id mean median lower_50 upper_50 lower_80 upper_80 lower_90 upper_90 lower_95 upper_95
1	1245	1246	983	1539	773	1829	660	2015	569	2184
2	8666	8666	7949	9414	7329	10115	6970	10546	6666	10928
3	32524	32525	31120	33959	29881	35278	29153	36079	28527	36783
4	12261	12262	11405	13148	10660	13974	10227	14480	9857	14927
5	136	136	60	243	17	366	4	452	0	534
6	66930	66931	64909	68982	63115	70857	62054	71990	61139	72983
7	5344	5345	4784	5935	4307	6494	4033	6841	3802	7149
8	9872	9872	9105	10669	8441	11414	8056	11872	7728	12277
9	8861	8861	8135	9617	7508	10325	7145	10761	6837	11147
10	21743	21744	20598	22919	19593	24005	19004	24667	18499	25249
11	2967	2968	2554	3412	2208	3838	2013	4106	1851	4345
12	2120	2120	1773	2498	1487	2864	1328	3096	1197	3304
13	23579	23580	22386	24804	21338	25933	20723	26621	20196	27225
14	373	373	237	541	140	718	95	837	62	947
15	824	824	614	1066	450	1309	365	1467	298	1612
16	1183	1183	927	1469	724	1753	614	1935	526	2101
17	6784	6784	6151	7448	5607	8072	5294	8458	5029	8800
18	743	743	544	973	391	1207	312	1359	250	1498
19	14497	14498	13565	15461	12752	16355	12277	16902	11872	17384
20	2892	2892	2484	3331	2143	3753	1952	4017	1792	4254
21	2711	2711	2317	3136	1988	3546	1803	3803	1650	4034
22	1120	1120	872	1399	675	1677	569	1855	485	2017
23	4992	4992	4451	5563	3991	6105	3727	6441	3506	6740
24	20634	20634	19519	21780	18541	22839	17968	23485	17477	24053
25	6311	6312	5701	6952	5179	7556	4878	7929	4624	8261
26	58301	58300	56415	60217	54744	61969	53756	63030	52905	63958
27	41442	41443	39855	43061	38452	44544	37625	45444	36914	46233
28	4142	4142	3651	4664	3235	5161	2998	5470	2800	5746
29	3019	3020	2602	3467	2253	3897	2056	4167	1893	4408
30	4979	4979	4439	5550	3979	6090	3716	6426	3495	6725
31	1105	1105	858	1382	663	1658	558	1835	475	1996
32	1753	1753	1439	2098	1182	2435	1041	2649	925	2842
33	286	286	168	434	89	595	53	703	30	804
34	110	110	43	208	9	323	1	403	0	481
35	15559	15560	14593	16557	13749	17482	13256	18047	12835	18546
36	13112	13113	12226	14029	11455	14881	11005	15403	10622	15864
37	56727	56728	54868	58618	53220	60347	52246	61394	51407	62310
38	57030	57029	55165	58925	53512	60659	52536	61708	51694	62627
39	42485	42486	40878	44123	39457	45625	38619	46536	37898	47334
40	47967	47968	46259	49707	44746	51300	43854	52266	43085	53112
41	6309	6310	5699	6950	5177	7554	4876	7927	4622	8258
42	13706	13706	12800	14643	12010	15514	11550	16046	11157	16517
43	27824	27825	26527	29153	25385	30376	24713	31120	24137	31774
44	16818	16818	15812	17854	14933	18814	14419	19400	13980	19917
45	8959	8959	8229	9719	7599	10431	7233	10869	6923	11256
46	30502	30503	29143	31892	27945	33171	27240	33948	26635	34631
47	1348	1348	1075	1653	855	1953	735	2145	639	2319
48	9959	9959	9188	10760	8521	11508	8134	11967	7805	12374
49	8343	8343	7639	9077	7032	9765	6681	10189	6383	10564
50	776	777	573	1011	415	1249	334	1404	270	1545
51	6841	6842	6206	7508	5660	8135	5345	8522	5079	8866
52	14848	14848	13904	15823	13081	16727	12600	17280	12190	17768
53	8807	8808	8084	9562	7459	10267	7097	10702	6790	11087
54	5408	5409	4845	6003	4364	6565	4088	6913	3856	7223
55	3085	3086	2664	3538	2310	3972	2111	4244	1945	4488
56	3000	3000	2584	3447	2236	3875	2040	4144	1877	4385
57	2482	2482	2105	2889	1792	3283	1617	3531	1472	3753
58	3162	3162	2735	3620	2376	4059	2174	4334	2006	4580
59	72992	72994	70881	75135	69006	77091	67896	78273	66939	79308
60	9851	9851	9085	10647	8421	11391	8037	11849	7710	12253
61	6667	6668	6040	7326	5502	7945	5192	8328	4929	8668
62	21274	21275	20141	22438	19148	23512	18565	24167	18066	24744
63	27709	27709	26414	29035	25274	30255	24604	30998	24029	31650
64	46865	46866	45176	48584	43682	50160	42800	51114	42040	51951
65	417	418	272	594	168	779	117	902	81	1016
66	552	552	383	753	257	960	193	1096	145	1221
67	20631	20631	19516	21777	18538	22836	17965	23481	17474	24050
68	12531	12532	11666	13428	10912	14262	10474	14773	10100	15225
69	338165	338168	333603	342759	329520	346922	327090	349425	324985	351607
70	38514	38515	36984	40074	35633	41506	34837	42375	34153	43137
71	14552	14552	13618	15517	12803	16413	12327	16960	11921	17444
72	301	301	180	453	97	616	60	726	35	829
73	5457	5457	4891	6054	4408	6618	4130	6968	3897	7279
74	60755	60754	58830	62711	57123	64499	56114	65581	55244	66528
75	3842	3842	3369	4345	2970	4825	2743	5124	2554	5391
76	366	366	231	532	136	708	91	826	59	935
77	3013	3013	2597	3461	2248	3890	2051	4160	1888	4401
78	3165	3165	2737	3623	2379	4062	2177	4337	2008	4583
79	2224	2224	1868	2610	1574	2985	1410	3221	1275	3434
80	5299	5299	4741	5887	4266	6444	3993	6789	3764	7096
81	96178	96179	93752	98634	91593	100874	90314	102225	89210	103407
82	11329	11329	10507	12182	9792	12978	9377	13465	9024	13896
83	15275	15276	14318	16264	13482	17180	12994	17741	12577	18235
84	311	311	188	466	103	631	65	742	38	846
85	8147	8147	7452	8873	6852	9553	6505	9972	6212	10344
86	562	562	391	764	263	972	199	1109	150	1235
87	489	489	330	678	214	875	156	1005	114	1126
88	64081	64079	62103	66089	60349	67924	59311	69034	58417	70006
89	40498	40499	38929	42098	37543	43565	36726	44455	36023	45235
90	110547	110548	107945	113179	105628	115577	104254	117024	103067	118288
91	95105	95107	92693	97548	90547	99775	89275	101120	88177	102295
92	3571	3572	3116	4057	2733	4521	2516	4811	2334	5070
93	8044	8044	7353	8765	6758	9441	6413	9858	6122	10227
94	2926	2926	2515	3367	2172	3791	1979	4057	1819	4295
95	55	55	12	129	0	222	0	290	0	356
