city_id mean median lower_50 upper_50 lower_80 upper_80 lower_90 upper_90 lower_95 upper_95
1	3443	3443	2571	4442	1895	5451	1539	6103	1260	6700
2	20489	20491	18271	22835	16382	25056	15301	26435	14391	27662
3	78769	78771	74358	83307	70494	87503	68232	90063	66296	92317
4	30372	30373	27657	33214	25321	35882	23972	37528	22830	38988
5	361	362	122	728	15	1167	0	1479	0	1780
6	150770	150774	144643	157024	139234	162766	136047	166250	133307	169308
7	11138	11139	9519	12884	8169	14565	7411	15620	6783	16567
8	26164	26166	23649	28807	21492	31295	20251	32833	19203	34200
9	21231	21232	18971	23618	17045	25876	15942	27276	15014	28523
10	48689	48691	45234	52270	42232	55605	40485	57649	38997	59455
11	8235	8235	6851	9745	5714	11214	5083	12142	4565	12978
12	5112	5112	4035	6315	3175	7508	2709	8270	2335	8963
13	57077	57079	53332	60950	50068	64546	48164	66747	46539	68690
14	920	920	500	1467	230	2069	118	2478	51	2863
15	2249	2248	1556	3068	1041	3915	783	4471	588	4984
16	3362	3361	2501	4350	1834	5348	1485	5995	1211	6587
17	19048	19050	16912	21312	15096	23460	14059	24794	13188	25984
18	1663	1662	1076	2376	657	3128	455	3627	310	4090
19	34929	34930	32013	37972	29495	40821	28038	42576	26802	44130
20	7224	7225	5933	8643	4878	10029	4297	10908	3821	11702
21	7473	7474	6159	8915	5083	10322	4489	11214	4003	12018
22	2831	2830	2046	3743	1448	4673	1140	5278	902	5835
23	13112	13113	11350	15002	9872	16812	9037	17944	8341	18958
24	48357	48359	44915	51927	41923	55250	40183	57288	38700	59089
25	15032	15033	13141	17051	11547	18977	10642	20179	9886	21253
26	123996	123999	118446	129674	113556	134896	110679	138070	108210	140857
27	100166	100169	95184	105275	90805	109986	88235	112853	86032	115375
28	9585	9586	8088	11210	6848	12781	6156	13771	5584	14661
29	7513	7514	6195	8958	5116	10369	4520	11262	4032	12068
30	10663	10664	9080	12373	7764	14022	7025	15057	6413	15987
31	2702	2701	1937	3594	1356	4506	1058	5102	829	5649
32	4196	4197	3227	5293	2463	6389	2055	7094	1731	7737
33	782	782	400	1291	164	1859	73	2248	23	2616
34	285	285	80	618	3	1027	0	1320	0	1606
35	36052	36053	33088	39142	30528	42035	29045	43814	27787	45391
36	30478	30479	27758	33325	25417	35997	24066	37646	22922	39108
37	142167	142170	136219	148242	130971	153822	127881	157210	125225	160183
38	149856	149860	143748	156092	138356	161816	135179	165290	132448	168339
39	99410	99413	94447	104500	90086	109193	87526	112051	85331	114563
40	119603	119606	114153	125181	109354	130312	106531	133432	104109	136173
41	16529	16530	14543	18642	12863	20654	11907	21907	11106	23026
42	35542	35544	32600	38611	30059	41484	28588	43252	27340	44819
43	65077	65079	61074	69208	57577	73037	55534	75377	53789	77440
44	38705	38707	35632	41906	32974	44896	31432	46735	30122	48363
45	24619	24621	22181	27184	20094	29603	18895	31100	17883	32430
46	75254	75256	70944	79691	67171	83796	64963	86301	63074	88508
47	3792	3791	2873	4837	2155	5887	1775	6565	1474	7183
48	25777	25779	23281	28401	21142	30872	19911	32400	18872	33757
49	20141	20143	17942	22468	16071	24671	15000	26039	14100	27258
50	1811	1810	1196	2552	751	3329	534	3844	375	4320
51	17827	17828	15761	20019	14010	22102	13012	23397	12174	24553
52	31825	31827	29045	34733	26649	37461	25265	39142	24093	40633
53	22231	22233	19918	24672	17943	26979	16810	28408	15857	29680
54	13853	13854	12040	15793	10516	17649	9654	18809	8934	19846
55	7946	7947	6589	9431	5475	10877	4857	11791	4351	12616
56	7407	7408	6098	8843	5029	10244	4438	11132	3955	11934
57	6713	6714	5471	8083	4460	9426	3905	10278	3452	11049
58	8229	8230	6847	9739	5710	11208	5079	12136	4561	12972
59	185278	185282	178479	192204	172465	198551	168916	202397	165862	205769
60	21223	21224	18964	23609	17038	25867	15935	27267	15007	28513
61	13954	13955	12135	15901	10604	17763	9738	18927	9016	19968
62	51196	51198	47653	54867	44570	58282	42775	60375	41245	62223
63	64111	64113	60138	68211	56668	72013	54641	74337	52910	76386
64	110428	110431	105194	115790	100589	120727	97882	123731	95561	126371
65	1078	1078	618	1665	313	2303	179	2734	93	3138
66	1213	1213	721	1832	387	2498	237	2945	136	3365
67	57258	57260	53506	61136	50236	64738	48329	66942	46702	68888
68	28971	28973	26321	31749	24043	34358	22730	35969	21618	37399
69	680448	680455	667360	693663	655682	705673	648744	712908	642745	719225
70	75140	75143	70834	79574	67064	83676	64857	86179	62970	88385
71	33404	33406	30554	36381	28095	39172	26674	40890	25469	42414
72	657	658	312	1130	110	1664	38	2033	6	2383
73	12752	12753	11015	14616	9560	16403	8738	17522	8054	18524
74	153249	153252	147071	159554	141616	165341	138402	168852	135639	171934
75	11256	11257	9629	13012	8271	14701	7508	15761	6875	16712
76	864	864	459	1396	203	1984	99	2385	39	2764
77	7000	7001	5730	8397	4694	9765	4124	10632	3659	11416
78	7626	7627	6297	9082	5210	10502	4608	11401	4115	12212
79	5434	5435	4322	6673	3430	7897	2945	8679	2554	9388
80	12096	12097	10406	13913	8993	15659	8197	16752	7535	17732
81	216383	216387	209030	223862	202517	230707	198669	234852	195356	238484
82	25507	25509	23025	28117	20898	30576	19674	32097	18641	33448
83	36966	36967	33964	40094	31369	43021	29866	44821	28590	46416
84	795	795	409	1308	170	1879	77	2269	25	2639
85	17992	17993	15917	20194	14157	22286	13153	23586	12311	24747
86	1583	1583	1012	2281	607	3019	414	3509	276	3965
87	1308	1308	795	1949	442	2634	280	3093	169	3522
88	164377	164381	157977	170905	152321	176892	148987	180524	146120	183709
89	96184	96187	91303	101192	87016	105811	84500	108624	82344	111098
90	275810	275814	267500	284246	260126	291953	255763	296613	252001	300693
91	233712	233708	226068	241483	219293	248591	215288	252892	211839	256660
92	8877	8878	7438	10443	6252	11962	5591	12920	5047	13782
93	20720	20721	18489	23079	16588	25311	15500	26697	14584	27930
94	7110	7111	5829	8518	4785	9895	4209	10768	3739	11556
95	148	148	17	405	0	745	0	998	0	1248
