city_id mean median lower_50 upper_50 lower_80 upper_80 lower_90 upper_90 lower_95 upper_95
1	3321	3321	2574	4163	1983	5002	1666	5540	1414	6031
2	19379	19380	17508	21344	15905	23196	14982	24340	14203	25357
3	74315	74317	70606	78119	67348	81625	65435	83760	63795	85638
4	28566	28568	26285	30943	24312	33164	23168	34530	22196	35739
5	321	322	122	616	23	962	1	1206	0	1441
6	144685	144688	139491	149973	134895	154817	132182	157753	129847	160325
7	7591	7592	6438	8839	5481	10044	4945	10802	4502	11483
8	24553	24554	22441	26759	20621	28828	19569	30102	18677	31232
9	20036	20037	18133	22034	16501	23914	15561	25076	14766	26108
10	46816	46817	43882	49844	41321	52653	39825	54371	38548	55885
11	7860	7860	6686	9129	5709	10353	5162	11122	4709	11813
12	4578	4579	3693	5558	2978	6521	2586	7135	2269	7690
13	55983	55985	52770	59291	49958	62351	48313	64218	46905	65863
14	823	823	475	1265	243	1745	141	2069	75	2373
15	2117	2117	1530	2798	1083	3493	853	3945	675	4361
16	3213	3213	2479	4041	1900	4868	1590	5400	1343	5885
17	18258	18259	16444	20168	14891	21968	13999	23083	13246	24073
18	1528	1528	1037	2114	676	2723	497	3125	363	3496
19	33668	33670	31187	36244	29035	38645	27783	40118	26718	41421
20	6855	6855	5762	8043	4858	9194	4354	9920	3939	10573
21	6966	6966	5863	8163	4952	9323	4443	10054	4023	10711
22	2697	2698	2029	3461	1509	4229	1234	4726	1018	5180
23	12094	12095	10626	13656	9385	15145	8680	16072	8089	16901
24	47222	47224	44275	50264	41703	53084	40200	54808	38917	56329
25	13958	13959	12378	15633	11036	17223	10269	18211	9626	19092
26	116643	116645	111984	121396	107870	125758	105446	128405	103361	130727
27	96829	96831	92589	101164	88852	105149	86652	107571	84764	109697
28	9353	9353	8068	10733	6992	12057	6385	12886	5880	13629
29	7310	7311	6179	8535	5242	9720	4719	10466	4286	11136
30	9377	9378	8090	10759	7013	12084	6405	12914	5899	13658
31	2525	2525	1880	3265	1381	4012	1118	4496	913	4939
32	3808	3809	3005	4706	2364	5596	2016	6165	1737	6682
33	736	736	410	1158	197	1618	107	1931	50	2225
34	259	259	84	528	9	851	0	1082	0	1304
35	34524	34525	32011	37131	29829	39561	28561	41051	27481	42369
36	28438	28439	26162	30809	24193	33025	23052	34388	22083	35595
37	136848	136851	131799	141993	127332	146707	124697	149565	122429	152070
38	141393	141396	136260	146622	131718	151412	129037	154315	126730	156859
39	96973	96976	92730	101312	88990	105300	86789	107723	84899	109851
40	111676	111678	107119	116328	103096	120598	100726	123190	98689	125465
41	16054	16055	14356	17847	12907	19543	12078	20595	11379	21531
42	32829	32830	30380	35373	28255	37745	27021	39201	25971	40489
43	63824	63826	60391	67352	57380	70611	55615	72598	54104	74347
44	37617	37618	34992	40337	32709	42867	31380	44418	30248	45788
45	23330	23331	21273	25482	19502	27501	18478	28746	17612	29851
46	70377	70379	66769	74080	63601	77496	61743	79576	60150	81407
47	3665	3666	2879	4547	2251	5422	1913	5983	1641	6492
48	25319	25320	23174	27558	21323	29657	20253	30949	19345	32095
49	19315	19316	17448	21278	15847	23126	14926	24269	14149	25284
50	1435	1436	961	2005	615	2599	444	2991	319	3354
51	16635	16636	14906	18460	13429	20184	12583	21253	11869	22204
52	29594	29595	27271	32012	25260	34270	24094	35659	23103	36887
53	21766	21767	19781	23846	18074	25801	17090	27007	16257	28078
54	13025	13026	11500	14645	10208	16185	9471	17143	8854	17998
55	7671	7672	6512	8925	5549	10136	5010	10897	4563	11581
56	6992	6993	5887	8192	4974	9353	4464	10085	4043	10743
57	6798	6799	5710	7982	4811	9129	4309	9852	3896	10503
58	7697	7698	6536	8954	5571	10166	5031	10929	4584	11613
59	174465	174468	168757	180268	163698	185575	160708	188787	158132	191600
60	19609	19610	17727	21586	16113	23447	15185	24598	14400	25620
61	12085	12085	10617	13647	9377	15135	8672	16062	8082	16890
62	48021	48022	45049	51088	42454	53931	40938	55669	39643	57201
63	61618	61620	58246	65086	55289	68290	53557	70244	52075	71965
64	105601	105603	101171	110126	97262	114282	94961	116806	92983	119021
65	942	942	566	1412	309	1917	193	2255	113	2572
66	999	999	611	1482	343	1998	219	2344	134	2666
67	53866	53868	50716	57112	47960	60115	46348	61950	44969	63566
68	28158	28159	25893	30517	23935	32723	22800	34080	21836	35282
69	666551	666557	655350	677848	645343	688103	639392	694275	634244	699661
70	67816	67818	64275	71451	61168	74807	59345	76851	57784	78650
71	29917	29919	27582	32348	25559	34618	24386	36013	23389	37248
72	462	462	213	805	70	1196	22	1466	2	1724
73	11577	11578	10142	13107	8931	14566	8243	15476	7668	16289
74	141783	141786	136643	147019	132094	151815	129409	154722	127099	157270
75	10792	10792	9408	12270	8243	13683	7582	14566	7031	15355
76	704	705	386	1117	181	1571	95	1879	42	2169
77	6660	6661	5583	7832	4694	8969	4199	9686	3792	10331
78	7227	7228	6103	8446	5172	9625	4652	10367	4223	11034
79	4954	4955	4032	5971	3282	6969	2871	7602	2536	8175
80	11224	11224	9811	12731	8621	14169	7945	15067	7381	15869
81	210456	210459	204182	216824	198614	222641	195319	226158	192478	229236
82	23688	23689	21615	25856	19829	27890	18797	29143	17923	30255
83	35608	35609	33055	38255	30838	40721	29548	42233	28449	43569
84	690	690	375	1099	174	1549	89	1855	39	2143
85	16320	16321	14608	18128	13146	19837	12309	20897	11604	21840
86	1499	1499	1013	2079	656	2684	480	3082	349	3451
87	1254	1254	813	1789	498	2352	346	2726	236	3073
88	155052	155055	149674	160525	144912	165535	142099	168570	139678	171229
89	86433	86435	82430	90531	78906	94304	76834	96597	75056	98613
90	248943	248947	242116	255865	236049	262181	232455	265996	229355	269334
91	222286	222289	215837	228830	210111	234804	206721	238415	203799	241576
92	8210	8210	7009	9505	6008	10754	5447	11537	4981	12241
93	19492	19493	17616	21463	16008	23320	15082	24467	14300	25487
94	6724	6724	5641	7901	4748	9042	4250	9762	3840	10410
95	144	144	26	358	0	631	0	831	0	1027
