city_id mean median lower_50 upper_50 lower_80 upper_80 lower_90 upper_90 lower_95 upper_95
1	2465	2466	1840	3182	1355	3905	1100	4374	900	4802
2	20558	20560	18667	22542	17041	24406	16104	25557	15311	26578
3	61396	61398	58093	64790	55197	67925	53500	69836	52046	71518
4	11480	11481	10078	12974	8893	14397	8220	15284	7656	16076
5	46	46	0	183	0	384	0	540	0	697
6	219961	219965	213669	226345	208081	232172	204773	235694	201920	238775
7	4457	4458	3601	5405	2907	6337	2528	6930	2220	7466
8	7225	7225	6122	8419	5207	9573	4694	10298	4271	10950
9	16924	16925	15211	18727	13747	20430	12907	21484	12198	22421
10	46246	46248	43386	49198	40888	51934	39429	53607	38183	55082
11	1021	1022	635	1499	365	2007	240	2347	152	2663
12	3076	3077	2372	3871	1817	4666	1520	5176	1283	5641
13	23800	23801	21761	25931	20003	27928	18986	29158	18125	30248
14	97	97	9	275	0	514	0	692	0	869
15	1082	1082	683	1572	402	2092	269	2438	176	2761
16	1007	1007	624	1481	357	1987	232	2324	146	2639
17	6701	6702	5641	7853	4764	8969	4275	9672	3871	10304
18	1856	1856	1319	2484	914	3127	707	3548	549	3935
19	11201	11201	9816	12676	8647	14084	7984	14961	7428	15745
20	5419	5420	4470	6460	3694	7475	3264	8118	2913	8698
21	2208	2209	1619	2889	1166	3580	931	4029	748	4441
22	1443	1443	975	2002	632	2584	462	2967	336	3322
23	3649	3649	2878	4511	2262	5365	1929	5912	1661	6408
24	21649	21651	19707	23683	18035	25593	17071	26771	16254	27817
25	7980	7981	6819	9233	5851	10440	5307	11197	4856	11876
26	141780	141783	136737	146914	132274	151615	129639	154464	127371	156961
27	45528	45530	42691	48457	40213	51173	38766	52834	37530	54298
28	17457	17458	15717	19288	14228	21015	13373	22084	12651	23034
29	1605	1605	1109	2192	741	2799	556	3197	417	3565
30	11607	11608	10197	13109	9005	14539	8327	15430	7760	16226
31	609	609	321	988	140	1408	67	1694	25	1965
32	2416	2416	1797	3126	1318	3843	1067	4308	870	4733
33	109	110	14	297	0	543	0	726	0	907
34	133	133	23	334	0	593	0	784	0	971
35	62890	62892	59547	66324	56614	69495	54895	71428	53422	73129
36	5174	5175	4248	6192	3492	7187	3075	7817	2734	8387
37	111001	111003	106544	115549	102609	119723	100290	122255	98296	124478
38	30399	30400	28089	32801	26086	35042	24923	36418	23934	37636
39	68376	68378	64888	71955	61825	75257	60028	77268	58488	79036
40	24988	24990	22898	27170	21093	29213	20049	30471	19163	31586
41	2839	2839	2164	3604	1635	4372	1354	4867	1131	5318
42	7714	7715	6573	8946	5623	10135	5090	10881	4649	11551
43	35716	35717	33208	38315	31027	40735	29758	42217	28676	43528
44	51564	51566	48542	54679	45897	57561	44351	59322	43028	60873
45	6901	6902	5824	8069	4932	9199	4434	9911	4023	10551
46	25855	25857	23728	28074	21891	30150	20827	31428	19923	32559
47	799	799	462	1226	238	1689	139	2002	74	2295
48	10655	10656	9306	12095	8169	13471	7524	14329	6985	15097
49	8728	8729	7511	10036	6494	11293	5920	12080	5443	12785
50	238	238	75	492	7	799	0	1018	0	1230
51	14149	14150	12587	15802	11259	17369	10500	18342	9861	19209
52	20768	20769	18866	22761	17231	24634	16289	25790	15491	26816
53	14254	14255	12687	15913	11353	17486	10590	18462	9949	19331
54	2804	2804	2134	3565	1609	4329	1330	4821	1109	5270
55	1173	1173	756	1682	458	2218	316	2574	213	2905
56	9973	9974	8669	11368	7573	12703	6953	13537	6435	14283
57	1711	1711	1198	2316	813	2938	619	3346	472	3722
58	1784	1785	1259	2401	864	3034	664	3449	511	3830
59	31455	31456	29104	33897	27065	36175	25880	37573	24872	38809
60	9383	9384	8120	10738	7060	12036	6462	12848	5963	13575
61	8139	8140	6965	9404	5987	10621	5437	11384	4980	12070
62	30962	30963	28630	33385	26608	35646	25433	37034	24434	38262
63	134478	134481	129568	139479	125225	144061	122661	146838	120455	149273
64	87708	87710	83751	91755	80266	95479	78217	97742	76457	99730
65	521	521	258	875	100	1272	40	1544	10	1803
66	325	325	127	614	27	952	2	1190	0	1418
67	9726	9727	8439	11105	7358	12424	6747	13249	6237	13988
68	42248	42250	39517	45072	37134	47692	35744	49296	34558	50711
69	729633	729639	718136	741221	707859	751736	701747	758062	696456	763581
70	24757	24759	22677	26929	20881	28963	19842	30216	18961	31326
71	15440	15440	13806	17164	12413	18796	11615	19807	10943	20708
72	205	205	57	444	2	737	0	948	0	1153
73	8531	8532	7329	9825	6324	11068	5758	11848	5288	12546
74	27260	27261	25075	29537	23185	31665	22089	32974	21159	34133
75	3936	3937	3134	4830	2490	5713	2140	6276	1857	6788
76	149	149	29	359	0	626	0	822	0	1013
77	4903	4903	4002	5895	3269	6866	2866	7483	2538	8040
78	1384	1384	927	1932	593	2504	429	2882	308	3231
79	1871	1872	1333	2502	925	3147	717	3569	558	3957
80	11236	11237	9849	12714	8679	14123	8013	15002	7457	15787
81	190200	190203	184352	196139	179164	201566	176095	204848	173450	207722
82	97202	97205	93035	101461	89360	105375	87196	107751	85338	109838
83	10924	10925	9557	12382	8404	13773	7750	14641	7203	15416
84	259	259	87	522	11	837	0	1061	0	1277
85	18614	18615	16816	20503	15275	22283	14388	23383	13639	24361
86	167	167	38	387	0	663	0	864	0	1060
87	182	182	46	411	0	694	0	899	0	1099
88	27673	27674	25470	29966	23565	32110	22461	33428	21522	34595
89	14974	14975	13366	16673	11996	18282	11212	19279	10552	20168
90	99298	99300	95086	103602	91370	107556	89182	109957	87303	112066
91	56024	56025	52871	59268	50109	62268	48493	64098	47109	65710
92	896	897	538	1347	292	1830	181	2155	106	2459
93	18729	18730	16926	20624	15379	22409	14490	23512	13738	24493
94	3498	3498	2744	4343	2144	5182	1820	5719	1560	6208
95	2460	2460	1835	3176	1351	3899	1097	4367	897	4795
