city_id mean median lower_50 upper_50 lower_80 upper_80 lower_90 upper_90 lower_95 upper_95
1	2208	2209	1719	2759	1330	3308	1121	3660	955	3981
2	13816	13817	12545	15148	11453	16400	10823	17173	10291	17859
3	50485	50487	48028	53004	45868	55325	44599	56737	43510	57979
4	9921	9922	8849	11055	7936	12128	7413	12794	6974	13387
5	47	47	2	153	0	302	0	414	0	527
6	169957	169960	165423	174553	161392	178744	159004	181276	156943	183490
7	1904	1904	1451	2417	1096	2932	907	3264	758	3567
8	6424	6425	5568	7343	4848	8222	4442	8772	4103	9264
9	15267	15268	13930	16666	12778	17979	12112	18787	11548	19505
10	37633	37634	35515	39811	33661	41826	32575	43055	31646	44138
11	919	919	614	1285	391	1667	282	1920	202	2153
12	2863	2864	2302	3487	1848	4100	1600	4491	1400	4845
13	19409	19409	17897	20982	16587	22451	15828	23354	15182	24153
14	85	85	13	217	0	389	0	516	0	640
15	812	812	527	1159	323	1523	225	1765	154	1989
16	901	901	599	1264	380	1643	272	1894	194	2126
17	5995	5996	5169	6883	4477	7736	4086	8269	3762	8748
18	928	928	621	1296	398	1680	288	1933	206	2168
19	8838	8839	7828	9910	6970	10927	6481	11560	6070	12124
20	4668	4668	3942	5455	3341	6216	3005	6696	2727	7127
21	2071	2071	1598	2606	1224	3140	1024	3483	865	3795
22	1184	1184	833	1595	570	2018	437	2295	335	2550
23	2638	2638	2100	3238	1668	3830	1433	4208	1244	4551
24	18510	18511	17034	20047	15758	21484	15017	22367	14389	23150
25	7029	7030	6132	7988	5376	8904	4947	9476	4589	9988
26	105873	105875	102301	109507	99136	112832	97266	114845	95656	116608
27	40395	40396	38200	42651	36276	44736	35149	46006	34183	47125
28	16325	16326	14941	17770	13747	19124	13056	19958	12470	20698
29	1565	1565	1157	2033	843	2508	679	2815	550	3097
30	11049	11050	9916	12244	8948	13372	8393	14071	7924	14693
31	560	560	329	853	173	1169	103	1382	57	1581
32	1696	1697	1271	2183	940	2674	766	2991	629	3282
33	113	113	26	261	0	447	0	582	0	714
34	127	127	33	282	1	475	0	613	0	749
35	37652	37653	35534	39831	33679	41846	32593	43075	31664	44158
36	6102	6103	5268	6998	4569	7857	4175	8395	3847	8877
37	88180	88182	84922	91499	82041	94540	80341	96383	78878	98000
38	26653	26654	24876	28491	23328	30199	22425	31245	21656	32168
39	52044	52045	49548	54600	47353	56955	46064	58388	44958	59648
40	21296	21297	19711	22942	18336	24478	17537	25420	16857	26254
41	2751	2752	2201	3363	1758	3966	1517	4351	1322	4699
42	6326	6326	5476	7237	4763	8110	4360	8656	4024	9145
43	33025	33026	31043	35068	29311	36960	28298	38116	27433	39135
44	35937	35938	33868	38066	32058	40037	30999	41240	30092	42299
45	4954	4954	4205	5764	3583	6546	3235	7037	2947	7479
46	19471	19472	17957	21047	16645	22519	15884	23423	15238	24223
47	770	770	493	1108	297	1465	203	1702	136	1923
48	9806	9806	8740	10933	7832	12000	7313	12663	6877	13253
49	6527	6528	5663	7453	4938	8338	4527	8892	4185	9388
50	211	211	81	403	16	628	1	787	0	939
51	11217	11217	10075	12420	9099	13556	8538	14260	8066	14886
52	11733	11734	10564	12963	9564	14123	8989	14841	8505	15479
53	12112	12113	10924	13361	9907	14539	9322	15267	8828	15914
54	2636	2636	2098	3235	1666	3827	1432	4205	1242	4548
55	1116	1116	776	1516	523	1929	396	2200	299	2450
56	4428	4428	3721	5195	3138	5939	2813	6407	2544	6829
57	1557	1558	1151	2025	838	2499	674	2806	546	3087
58	1563	1563	1155	2031	841	2505	677	2813	549	3094
59	26023	26024	24267	27840	22739	29529	21848	30563	21088	31476
60	8641	8641	7642	9701	6795	10708	6312	11334	5907	11893
61	7581	7581	6647	8575	5859	9524	5411	10115	5037	10643
62	26243	26244	24480	28067	22944	29763	22050	30801	21286	31718
63	105813	105815	102242	109445	99078	112769	97209	114782	95599	116545
64	74853	74854	71854	77913	69206	80721	67645	82425	66303	83920
65	471	472	262	742	125	1039	67	1240	32	1430
66	304	304	142	528	48	781	15	957	2	1124
67	9241	9242	8207	10336	7329	11375	6827	12020	6405	12595
68	35520	35522	33464	37638	31665	39597	30612	40794	29712	41848
69	642025	642030	633183	650928	625273	658998	620564	663851	616486	668082
70	21988	21989	20377	23660	18978	25219	18165	26176	17473	27021
71	12809	12810	11587	14093	10538	15302	9934	16049	9424	16712
72	191	191	69	375	11	593	0	747	0	896
73	7029	7030	6132	7988	5376	8904	4947	9476	4589	9988
74	23344	23345	21683	25066	20239	26670	19399	27653	18684	28522
75	3033	3033	2454	3674	1985	4303	1728	4703	1519	5065
76	128	128	33	284	1	477	0	616	0	751
77	4152	4153	3470	4897	2907	5619	2594	6075	2337	6486
78	1294	1294	926	1723	648	2162	505	2448	395	2712
79	1603	1603	1190	2077	871	2556	704	2867	573	3151
80	9987	9988	8911	11125	7995	12201	7470	12869	7029	13464
81	139833	139835	135723	144005	132074	147814	129915	150116	128053	152132
82	58871	58872	56215	61588	53875	64088	52499	65607	51318	66942
83	9606	9606	8551	10722	7654	11779	7141	12435	6709	13020
84	241	241	100	444	25	679	4	843	0	1001
85	17743	17743	16298	19248	15050	20657	14327	21523	13713	22290
86	155	155	48	324	4	528	0	674	0	816
87	160	160	51	331	4	537	0	684	0	826
88	24594	24595	22888	26361	21404	28005	20540	29012	19804	29902
89	13599	13600	12339	14921	11256	16164	10632	16932	10104	17613
90	70630	70631	67718	73603	65147	76333	63633	77991	62332	79445
91	44763	44764	42451	47136	40421	49326	39231	50660	38210	51834
92	795	796	514	1138	313	1500	216	1740	147	1963
93	17211	17212	15789	18694	14561	20082	13850	20937	13246	21694
94	2944	2944	2374	3575	1913	4196	1661	4592	1456	4950
95	2068	2068	1595	2602	1222	3136	1022	3479	863	3791
