city_id mean median lower_50 upper_50 lower_80 upper_80 lower_90 upper_90 lower_95 upper_95
1	2188	2188	1739	2688	1378	3183	1183	3499	1025	3786
2	12813	12813	11689	13987	10722	15090	10163	15769	9689	16371
3	48066	48067	45866	50318	43929	52389	42790	53649	41813	54755
4	9592	9593	8624	10612	7796	11575	7320	12171	6919	12701
5	48	48	4	145	0	276	0	374	0	472
6	164290	164293	160202	168431	156563	172204	154406	174481	152544	176472
7	1496	1496	1129	1914	842	2335	691	2606	572	2855
8	5752	5752	5008	6547	4382	7308	4027	7783	3731	8208
9	14685	14686	13481	15941	12440	17116	11838	17840	11326	18480
10	36051	36052	34149	38004	32481	39807	31503	40906	30665	41873
11	901	901	622	1231	415	1573	311	1797	233	2005
12	2809	2809	2297	3373	1880	3925	1650	4275	1462	4591
13	18560	18561	17203	19969	16025	21281	15340	22087	14757	22799
14	82	82	16	199	0	349	0	459	0	566
15	808	808	545	1122	353	1450	257	1665	187	1865
16	879	879	604	1205	400	1544	298	1766	222	1972
17	5851	5851	5100	6653	4468	7420	4110	7898	3811	8326
18	779	779	521	1088	333	1410	241	1623	173	1820
19	8517	8517	7606	9479	6829	10390	6385	10955	6010	11458
20	3904	3905	3296	4564	2792	5203	2510	5605	2278	5966
21	2045	2045	1612	2530	1266	3010	1078	3318	928	3598
22	1156	1156	836	1527	593	1905	467	2151	370	2377
23	2553	2553	2066	3091	1671	3621	1455	3957	1279	4262
24	18044	18045	16706	19434	15546	20729	14871	21524	14297	22227
25	6733	6734	5926	7592	5243	8409	4855	8919	4529	9373
26	101805	101807	98592	105070	95743	108054	94058	109860	92605	111441
27	39455	39456	37465	41497	35716	43380	34690	44527	33810	45536
28	15642	15643	14398	16937	13322	18148	12698	18892	12168	19551
29	1570	1571	1194	1998	899	2428	742	2705	619	2958
30	10815	10816	9785	11897	8902	12915	8393	13544	7964	14103
31	551	552	339	816	191	1098	123	1286	76	1462
32	1530	1530	1159	1953	868	2378	715	2652	593	2902
33	112	112	30	246	1	410	0	528	0	643
34	118	118	34	254	1	421	0	540	0	657
35	33388	33389	31559	35269	29956	37006	29016	38066	28212	38999
36	6017	6017	5255	6830	4613	7607	4249	8091	3945	8524
37	84073	84075	81155	87042	78572	89760	77046	91407	75732	92849
38	26026	26027	24415	27690	23007	29232	22185	30175	21482	31006
39	50116	50117	47869	52414	45890	54528	44726	55813	43726	56941
40	20496	20496	19068	21975	17827	23351	17104	24194	16488	24939
41	2723	2723	2219	3278	1809	3822	1584	4168	1400	4481
42	6080	6081	5314	6897	4669	7678	4303	8164	3996	8599
43	32677	32678	30868	34538	29283	36258	28354	37307	27559	38230
44	34116	34117	32267	36017	30645	37772	29695	38843	28882	39785
45	4749	4750	4075	5475	3513	6172	3196	6609	2933	7001
46	18207	18208	16863	19603	15697	20904	15019	21702	14442	22408
47	760	760	506	1065	321	1384	230	1595	164	1791
48	9640	9641	8669	10663	7839	11627	7362	12225	6960	12756
49	6353	6354	5570	7188	4909	7984	4533	8480	4218	8924
50	208	207	87	380	23	579	4	718	0	851
51	10580	10581	9562	11650	8689	12658	8186	13280	7762	13834
52	10118	10119	9123	11165	8271	12152	7781	12762	7367	13305
53	11815	11816	10738	12944	9811	14005	9277	14660	8825	15241
54	2566	2566	2078	3106	1682	3636	1465	3974	1289	4279
55	1104	1105	793	1468	556	1839	435	2081	341	2303
56	4001	4002	3385	4669	2874	5315	2588	5721	2352	6086
57	1530	1530	1159	1953	868	2378	715	2652	593	2902
58	1468	1469	1105	1883	822	2301	673	2571	555	2817
59	24669	24670	23100	26289	21732	27792	20933	28711	20251	29522
60	8429	8430	7523	9387	6751	10294	6309	10856	5937	11357
61	7375	7375	6529	8272	5811	9124	5401	9654	5058	10127
62	25161	25162	23577	26797	22194	28315	21387	29243	20697	30061
63	101428	101429	98220	104686	95376	107665	93694	109467	92245	111046
64	71962	71963	69264	74711	66879	77230	65472	78758	64262	80097
65	434	434	248	671	125	928	71	1103	37	1266
66	300	300	150	502	59	728	24	883	7	1029
67	8949	8950	8015	9936	7217	10868	6760	11445	6375	11960
68	34124	34125	32274	36025	30653	37781	29703	38852	28889	39794
69	608093	608098	600203	616035	593141	623231	588936	627557	585294	631328
70	21608	21609	20141	23126	18865	24537	18121	25401	17487	26164
71	12411	12412	11306	13568	10355	14654	9806	15323	9341	15917
72	191	191	76	357	17	550	2	686	0	816
73	6980	6980	6157	7853	5461	8685	5064	9202	4732	9663
74	22832	22833	21324	24392	20010	25840	19244	26727	18590	27510
75	2834	2834	2319	3400	1900	3954	1669	4305	1480	4623
76	111	111	30	244	1	407	0	525	0	640
77	3793	3793	3193	4443	2697	5074	2421	5471	2193	5828
78	1226	1226	896	1607	643	1994	512	2246	410	2477
79	1581	1581	1203	2010	907	2441	750	2719	625	2972
80	9917	9918	8932	10954	8089	11932	7605	12537	7196	13074
81	133999	134001	130309	137741	127029	141154	125087	143217	123412	145021
82	52763	52765	50457	55121	48425	57288	47228	58605	46201	59761
83	8648	8648	7729	9617	6947	10535	6498	11104	6121	11610
84	236	236	106	418	33	626	9	770	0	908
85	17274	17274	15965	18634	14831	19902	14172	20682	13612	21371
86	160	160	58	315	9	498	0	627	0	752
87	164	164	60	319	10	504	0	634	0	759
88	23547	23548	22015	25131	20680	26601	19900	27500	19236	28294
89	12988	12989	11857	14171	10882	15280	10319	15963	9842	16570
90	66601	66603	64007	69247	61715	71674	60364	73145	59202	74437
91	43023	43024	40943	45155	39114	47118	38040	48313	37119	49363
92	775	776	519	1084	331	1406	239	1618	171	1815
93	16517	16518	15238	17847	14131	19090	13488	19853	12942	20528
94	2812	2812	2300	3376	1882	3928	1652	4279	1465	4595
95	2100	2100	1660	2591	1309	3077	1118	3388	965	3670
