city_id mean median lower_50 upper_50 lower_80 upper_80 lower_90 upper_90 lower_95 upper_95
1	3246	3246	2577	3992	2041	4729	1750	5200	1516	5628
2	18684	18685	17026	20419	15599	22047	14775	23051	14077	23942
3	69517	69518	66283	72827	63437	75875	61763	77728	60328	79357
4	26851	26852	24856	28923	23125	30855	22119	32041	21263	33089
5	328	328	141	591	40	894	9	1105	0	1306
6	139639	139641	135040	144315	130964	148593	128555	151182	126480	153449
7	7252	7253	6234	8348	5383	9400	4903	10060	4505	10651
8	21463	21464	19683	23319	18146	25057	17256	26127	16501	27075
9	19103	19104	17426	20857	15982	22502	15148	23517	14441	24416
10	44989	44991	42395	47660	40125	50131	38797	51640	37661	52969
11	7483	7484	6448	8596	5582	9663	5094	10332	4687	10931
12	4250	4251	3480	5098	2852	5927	2506	6453	2223	6929
13	54655	54656	51792	57595	49279	60308	47806	61962	46544	63417
14	772	772	466	1156	256	1567	160	1843	95	2101
15	2039	2040	1517	2638	1113	3244	901	3636	735	3994
16	3222	3222	2556	3965	2022	4700	1732	5169	1499	5596
17	18009	18010	16382	19713	14983	21314	14175	22301	13492	23177
18	1435	1436	1004	1944	681	2468	517	2812	394	3128
19	32834	32835	30623	35121	28699	37247	27577	38549	26620	39698
20	6504	6504	5541	7543	4740	8545	4291	9174	3919	9739
21	6596	6597	5627	7643	4820	8651	4367	9285	3991	9853
22	2703	2703	2096	3386	1615	4068	1358	4506	1152	4904
23	11233	11233	9956	12587	8872	13872	8253	14671	7734	15383
24	46467	46469	43831	49181	41522	51691	40170	53223	39014	54572
25	13174	13175	11788	14637	10606	16020	9928	16878	9358	17641
26	111345	111347	107242	115525	103613	119355	101472	121676	99629	123712
27	93802	93804	90039	97641	86716	101165	84758	103303	83075	105179
28	9181	9182	8031	10409	7060	11581	6510	12312	6049	12965
29	7266	7266	6246	8362	5394	9415	4914	10075	4515	10667
30	8660	8661	7544	9854	6604	10994	6072	11707	5628	12344
31	2388	2388	1820	3033	1374	3680	1138	4096	950	4477
32	3653	3654	2942	4442	2367	5218	2052	5712	1798	6160
33	736	736	438	1111	235	1515	144	1787	83	2041
34	260	260	98	498	19	779	1	977	0	1167
35	33407	33408	31177	35714	29235	37858	28103	39170	27137	40328
36	26752	26753	24761	28821	23033	30749	22029	31933	21175	32980
37	129880	129882	125446	134391	121518	138520	119198	141020	117200	143211
38	135438	135441	130910	140044	126897	144258	124526	146810	122483	149045
39	94540	94543	90763	98395	87427	101932	85461	104079	83770	105962
40	106330	106333	102322	110416	98778	114161	96687	116432	94889	118423
41	15811	15812	14289	17410	12984	18917	12234	19847	11599	20675
42	30686	30687	28550	32898	26693	34957	25611	36218	24690	37333
43	62713	62714	59643	65859	56945	68759	55360	70524	54001	72075
44	36910	36911	34564	39333	32517	41581	31323	42956	30303	44169
45	22296	22297	20481	24187	18913	25957	18004	27046	17233	28010
46	65478	65480	62341	68692	59581	71653	57960	73454	56569	75038
47	3630	3630	2921	4416	2348	5190	2035	5683	1781	6130
48	25187	25188	23256	27195	21583	29070	20611	30221	19785	31240
49	18984	18985	17313	20733	15874	22374	15042	23385	14338	24282
50	1207	1207	814	1676	526	2165	384	2487	279	2786
51	15530	15531	14022	17115	12729	18608	11986	19532	11358	20352
52	27526	27527	25505	29623	23751	31578	22732	32778	21864	33838
53	21561	21562	19777	23422	18237	25164	17345	26236	16588	27185
54	12237	12237	10902	13648	9766	14985	9117	15815	8570	16554
55	7511	7511	6474	8625	5606	9694	5116	10364	4709	10964
56	6656	6657	5682	7707	4871	8720	4415	9355	4037	9926
57	6259	6260	5316	7280	4532	8265	4093	8884	3730	9440
58	7243	7244	6226	8338	5375	9390	4896	10049	4498	10640
59	166740	166743	161711	171846	157247	176511	154607	179332	152330	181801
60	18279	18280	16639	19995	15229	21607	14415	22601	13725	23483
61	10954	10954	9693	12291	8624	13562	8014	14351	7502	15056
62	44732	44734	42146	47396	39882	49860	38558	51365	37426	52690
63	59211	59213	56230	62270	53610	65090	52073	66807	50756	68318
64	100729	100731	96829	104707	93382	108355	91350	110567	89602	112508
65	922	922	584	1337	345	1777	232	2071	152	2343
66	874	874	545	1279	316	1710	208	1998	133	2266
67	50650	50651	47895	53481	45480	56097	44065	57692	42854	59097
68	27139	27140	25133	29222	23392	31164	22381	32356	21520	33409
69	649007	649012	639047	659044	630143	668149	624846	673626	620261	678404
70	63355	63356	60269	66517	57557	69431	55963	71204	54597	72763
71	26002	26003	24039	28042	22337	29944	21349	31113	20508	32146
72	405	405	194	693	69	1018	25	1243	4	1456
73	10886	10887	9630	12220	8564	13486	7957	14274	7447	14977
74	134160	134162	129653	138744	125659	142939	123300	145478	121268	147703
75	10720	10721	9474	12044	8417	13301	7815	14084	7309	14782
76	646	646	369	999	185	1384	105	1644	54	1888
77	6457	6458	5498	7493	4701	8492	4254	9119	3883	9683
78	7009	7010	6009	8087	5174	9123	4704	9773	4314	10356
79	4709	4709	3895	5599	3229	6466	2860	7015	2558	7510
80	10529	10529	9294	11841	8247	13088	7651	13864	7151	14557
81	206558	206561	200956	212237	195977	217418	193028	220547	190483	223285
82	22543	22544	20718	24445	19141	26224	18227	27318	17450	28287
83	34515	34516	32247	36859	30271	39036	29119	40368	28136	41544
84	583	583	322	921	152	1291	81	1543	37	1779
85	14808	14809	13337	16357	12077	17818	11353	18722	10743	19525
86	1482	1483	1043	1999	713	2530	546	2877	418	3197
87	1241	1242	843	1717	549	2212	404	2537	295	2838
88	145869	145872	141168	150648	137000	155017	134535	157662	132412	159977
89	74582	74584	71231	78010	68279	81163	66543	83079	65052	84762
90	222968	222971	217146	228867	211969	234245	208901	237493	206254	240333
91	210139	210142	204489	215867	199465	221091	196490	224247	193922	227007
92	7559	7560	6519	8677	5647	9749	5156	10420	4747	11022
93	18546	18547	16894	20275	15473	21897	14652	22898	13957	23786
94	6433	6433	5476	7467	4680	8464	4234	9090	3864	9653
95	149	149	36	339	0	576	0	747	0	914
