city_id mean median lower_50 upper_50 lower_80 upper_80 lower_90 upper_90 lower_95 upper_95
1	2338	2339	1797	2952	1370	3565	1142	3959	961	4319
2	15329	15330	13886	16843	12648	18268	11935	19148	11332	19930
3	54058	54060	51317	56871	48910	59464	47497	61044	46287	62433
4	10485	10485	9297	11743	8289	12937	7714	13680	7231	14341
5	47	47	1	164	0	331	0	459	0	586
6	181730	181733	176675	186857	172184	191535	169524	194361	167230	196834
7	2492	2492	1931	3124	1488	3754	1250	4158	1060	4527
8	7043	7044	6077	8081	5267	9077	4811	9701	4431	10259
9	15636	15637	14178	17165	12927	18603	12205	19491	11595	20279
10	39043	39044	36719	41438	34687	43657	33499	45011	32484	46206
11	946	946	614	1349	377	1773	262	2054	179	2315
12	2931	2932	2320	3614	1831	4289	1566	4721	1353	5113
13	20081	20081	18424	21808	16993	23426	16165	24421	15462	25302
14	86	86	11	232	0	425	0	568	0	709
15	845	845	533	1228	314	1633	210	1904	137	2156
16	939	939	608	1340	372	1763	258	2043	176	2304
17	6228	6228	5321	7206	4565	8148	4141	8739	3789	9269
18	1428	1429	1013	1915	699	2415	540	2742	418	3042
19	9401	9401	8278	10594	7329	11730	6788	12437	6335	13069
20	4995	4995	4186	5874	3519	6728	3148	7266	2842	7750
21	2113	2114	1600	2698	1199	3286	986	3665	819	4011
22	1268	1268	878	1729	589	2205	443	2518	333	2806
23	2947	2947	2334	3631	1843	4308	1578	4740	1363	5133
24	19513	19514	17880	21216	16471	22812	15656	23794	14964	24664
25	7281	7281	6297	8335	5473	9346	5007	9978	4619	10545
26	111759	111761	107803	115787	104300	119476	102233	121710	100453	123669
27	41789	41790	39384	44266	37278	46558	36046	47956	34992	49189
28	16537	16538	15037	18109	13747	19585	13003	20496	12373	21304
29	1576	1576	1138	2086	804	2606	632	2945	499	3256
30	11127	11127	9903	12422	8861	13649	8266	14412	7765	15091
31	573	573	323	894	158	1245	88	1482	43	1705
32	1885	1885	1402	2439	1028	2999	832	3362	679	3694
33	112	112	21	274	0	481	0	632	0	780
34	130	130	30	302	0	518	0	675	0	828
35	43148	43149	40703	45664	38562	47991	37309	49411	36237	50662
36	6134	6135	5234	7105	4485	8040	4065	8628	3716	9155
37	92461	92463	88865	96128	85688	99491	83815	101531	82204	103320
38	27626	27627	25677	29647	23983	31528	22996	32680	22156	33699
39	54067	54069	51326	56880	48919	59474	47506	61053	46295	62443
40	22300	22301	20552	24119	19039	25818	18162	26862	17416	27787
41	2806	2806	2209	3474	1732	4137	1475	4561	1268	4947
42	6643	6644	5706	7652	4922	8622	4481	9230	4115	9775
43	33624	33625	31469	35849	29590	37914	28494	39177	27558	40292
44	39235	39236	36905	41636	34868	43859	33676	45217	32658	46414
45	5500	5500	4650	6421	3945	7312	3552	7872	3226	8376
46	21291	21292	19584	23069	18108	24731	17252	25754	16526	26659
47	775	776	478	1144	272	1536	176	1799	110	2044
48	10138	10138	8971	11376	7981	12552	7417	13283	6943	13935
49	7031	7032	6066	8068	5257	9063	4801	9686	4421	10244
50	224	224	81	438	13	692	0	871	0	1044
51	12112	12113	10833	13462	9743	14739	9118	15530	8592	16235
52	13848	13849	12479	15289	11306	16648	10632	17489	10064	18236
53	13111	13112	11779	14514	10641	15839	9987	16659	9437	17388
54	2713	2714	2127	3371	1660	4024	1408	4443	1206	4823
55	1131	1132	765	1569	497	2023	364	2323	265	2601
56	5629	5630	4769	6561	4055	7461	3656	8027	3326	8536
57	1422	1422	1008	1908	695	2407	536	2733	414	3033
58	1574	1574	1136	2083	802	2603	630	2942	498	3253
59	27685	27686	25733	29707	24037	31590	23050	32744	22209	33764
60	8955	8955	7860	10121	6936	11231	6410	11924	5970	12542
61	7731	7732	6717	8817	5864	9856	5382	10505	4980	11086
62	27527	27529	25582	29544	23891	31422	22906	32573	22068	33590
63	109000	109002	105093	112978	101636	116622	99594	118830	97838	120765
64	77803	77805	74508	81170	71601	84263	69890	86141	68419	87790
65	475	475	250	770	109	1098	52	1321	20	1532
66	302	302	130	545	36	825	8	1020	0	1206
67	9381	9382	8260	10574	7312	11708	6772	12415	6320	13046
68	37224	37225	34955	39563	32973	41731	31815	43056	30826	44224
69	672340	672345	662583	682167	653858	691079	648665	696438	644170	701112
70	21763	21764	20037	23560	18543	25240	17677	26272	16942	27186
71	13456	13457	12107	14877	10952	16218	10289	17048	9730	17786
72	199	199	66	403	8	648	0	822	0	991
73	7078	7079	6109	8118	5297	9116	4839	9741	4458	10301
74	24087	24088	22269	25976	20693	27738	19778	28820	19000	29777
75	3122	3123	2491	3825	1983	4519	1707	4962	1484	5364
76	130	130	30	302	0	518	0	675	0	828
77	4297	4297	3550	5115	2938	5913	2599	6418	2322	6874
78	1327	1328	928	1798	629	2283	478	2601	364	2894
79	1652	1652	1202	2173	858	2703	680	3048	542	3364
80	10278	10278	9103	11524	8105	12707	7536	13443	7059	14099
81	147629	147632	143077	152253	139037	156479	136648	159035	134589	161272
82	70269	70270	67139	73470	64381	76414	62759	78203	61366	79774
83	10079	10079	8915	11313	7929	12486	7366	13215	6894	13866
84	250	250	97	475	20	738	2	923	0	1101
85	17651	17652	16100	19273	14764	20795	13993	21733	13339	22565
86	160	160	45	347	2	576	0	740	0	900
87	164	164	47	353	2	584	0	750	0	911
88	25403	25404	23536	27342	21915	29150	20972	30259	20170	31239
89	14130	14131	12746	15585	11561	16956	10879	17805	10304	18559
90	76414	76416	73148	79751	70269	82817	68573	84679	67117	86314
91	47463	47465	44897	50101	42648	52537	41329	54022	40200	55330
92	824	824	517	1202	301	1604	200	1872	129	2122
93	17775	17776	16219	19403	14878	20930	14103	21871	13447	22706
94	3032	3032	2410	3725	1911	4411	1640	4848	1421	5245
95	2051	2052	1546	2628	1152	3208	944	3583	780	3926
