city_id mean median lower_50 upper_50 lower_80 upper_80 lower_90 upper_90 lower_95 upper_95
1	1237	1237	990	1512	791	1783	682	1956	595	2112
2	7602	7602	6969	8263	6422	8881	6105	9262	5837	9599
3	29234	29235	27979	30517	26873	31695	26221	32411	25661	33040
4	11351	11352	10574	12156	9898	12904	9505	13362	9169	13766
5	135	135	63	235	21	348	7	427	1	502
6	60935	60934	59117	62780	57503	64466	56548	65485	55725	66377
7	2753	2753	2377	3156	2062	3542	1885	3784	1737	4001
8	8767	8767	8086	9476	7496	10137	7154	10544	6863	10904
9	8218	8219	7559	8905	6990	9547	6659	9941	6379	10291
10	20590	20590	19539	21668	18616	22663	18074	23269	17610	23802
11	2760	2760	2384	3163	2069	3550	1891	3793	1743	4010
12	1844	1844	1539	2176	1288	2499	1148	2703	1034	2887
13	22732	22733	21627	23865	20656	24908	20085	25543	19596	26102
14	307	307	191	451	110	604	72	706	45	801
15	763	763	572	982	423	1202	345	1345	283	1475
16	1173	1174	933	1441	740	1706	635	1875	551	2029
17	6341	6341	5764	6945	5267	7513	4981	7864	4739	8175
18	641	641	467	842	333	1047	264	1181	211	1303
19	13898	13897	13036	14786	12285	15610	11845	16113	11470	16557
20	2720	2720	2347	3121	2034	3505	1858	3746	1711	3962
21	2448	2448	2095	2829	1800	3196	1634	3426	1497	3632
22	1062	1062	834	1318	652	1572	554	1734	475	1882
23	4599	4600	4110	5117	3693	5606	3454	5909	3253	6179
24	19920	19921	18887	20981	17979	21960	17447	22557	16991	23082
25	5550	5550	5011	6117	4549	6650	4283	6981	4059	7274
26	50517	50518	48863	52199	47397	53737	46531	54668	45784	55483
27	38538	38539	37095	40008	35819	41356	35066	42173	34419	42890
28	4007	4007	3551	4490	3164	4949	2943	5235	2758	5489
29	3005	3005	2612	3426	2282	3828	2095	4079	1939	4304
30	4099	4100	3638	4588	3246	5052	3022	5340	2834	5597
31	997	998	777	1246	602	1493	508	1651	432	1795
32	1480	1481	1209	1780	987	2073	866	2259	767	2427
33	286	286	174	425	97	574	62	674	37	767
34	110	110	46	201	12	307	2	381	0	452
35	14493	14493	13614	15400	12845	16241	12396	16754	12012	17207
36	11020	11021	10255	11813	9589	12551	9202	13002	8872	13402
37	53238	53239	51540	54964	50034	56542	49144	57497	48376	58333
38	50999	51000	49337	52689	47864	54234	46993	55169	46243	55988
39	40799	40800	39314	42312	38000	43698	37225	44538	36558	45274
40	41981	41982	40474	43515	39141	44920	38354	45772	37676	46518
41	6181	6181	5611	6778	5122	7339	4840	7686	4601	7993
42	11816	11817	11023	12637	10333	13399	9930	13866	9587	14278
43	27207	27208	25997	28445	24930	29583	24303	30275	23764	30882
44	15847	15846	14926	16794	14121	17672	13650	18207	13247	18679
45	8202	8203	7544	8888	6975	9529	6645	9924	6364	10273
46	26097	26098	24912	27310	23869	28426	23255	29104	22728	29699
47	1342	1342	1084	1628	875	1908	761	2087	668	2249
48	9881	9881	9157	10632	8529	11332	8163	11762	7852	12142
49	7817	7818	7175	8487	6620	9114	6299	9500	6026	9841
50	574	574	410	766	286	962	222	1090	174	1207
51	6153	6154	5585	6749	5097	7309	4815	7655	4577	7962
52	12924	12923	12094	13781	11370	14577	10948	15063	10587	15493
53	8584	8584	7910	9285	7327	9941	6989	10343	6701	10700
54	4957	4958	4449	5494	4014	6000	3765	6314	3555	6593
55	3014	3014	2621	3435	2290	3838	2102	4090	1946	4315
56	2720	2720	2347	3121	2034	3505	1858	3746	1711	3962
57	2456	2456	2102	2838	1807	3205	1641	3435	1503	3642
58	2948	2948	2559	3365	2232	3764	2047	4013	1893	4236
59	64137	64136	62271	66030	60615	67758	59634	68803	58789	69717
60	8428	8428	7760	9122	7183	9772	6848	10171	6563	10525
61	5211	5211	4689	5760	4242	6278	3986	6599	3770	6885
62	19183	19184	18169	20225	17280	21186	16758	21772	16311	22288
63	25738	25739	24562	26943	23525	28051	22916	28724	22393	29316
64	43191	43192	41663	44747	40310	46172	39511	47035	38824	47792
65	365	365	237	521	145	684	101	793	69	894
66	445	445	302	615	197	792	145	908	106	1016
67	18521	18521	17525	19544	16651	20490	16139	21066	15701	21573
68	11542	11542	10758	12353	10076	13107	9679	13569	9340	13976
69	325322	325325	321104	329568	317328	333416	315079	335729	313132	337745
70	28553	28554	27313	29821	26220	30986	25577	31694	25024	32316
71	12097	12097	11294	12927	10595	13698	10188	14170	9840	14586
72	200	200	109	318	50	449	26	537	11	621
73	4652	4652	4160	5172	3740	5664	3499	5969	3297	6240
74	51268	51269	49602	52962	48125	54511	47252	55449	46499	56270
75	3606	3606	3174	4065	2809	4503	2601	4775	2427	5018
76	286	286	174	425	97	574	62	674	37	767
77	2730	2730	2356	3132	2043	3517	1866	3758	1719	3974
78	2989	2989	2597	3408	2267	3810	2081	4060	1926	4285
79	1823	1823	1520	2154	1271	2475	1132	2678	1018	2861
80	4727	4728	4231	5251	3807	5747	3565	6054	3360	6327
81	87950	87951	85763	90164	83817	92182	82664	93400	81668	94465
82	9798	9798	9077	10546	8452	11244	8088	11672	7779	12050
83	14496	14496	13617	15403	12848	16244	12399	16758	12015	17210
84	250	250	146	381	77	522	46	618	25	707
85	6756	6757	6160	7380	5647	7965	5350	8326	5099	8646
86	554	554	393	743	272	936	210	1062	163	1179
87	489	489	338	666	227	850	170	971	128	1082
88	57817	57816	56046	59615	54475	61258	53546	62251	52745	63121
89	33845	33845	32493	35224	31300	36489	30596	37257	29992	37930
90	90959	90960	88734	93210	86755	95262	85581	96500	84568	97582
91	84814	84815	82667	86989	80756	88971	79624	90168	78647	91214
92	3168	3168	2764	3599	2424	4011	2231	4269	2070	4499
93	7467	7468	6840	8122	6298	8736	5985	9114	5719	9448
94	2793	2794	2415	3199	2098	3588	1919	3832	1769	4050
95	65	65	19	139	1	229	0	293	0	356
