city_id mean median lower_50 upper_50 lower_80 upper_80 lower_90 upper_90 lower_95 upper_95
1	1242	1243	965	1554	746	1865	628	2064	534	2246
2	10580	10580	9738	11456	9010	12275	8588	12779	8230	13225
3	36336	36336	34761	37945	33373	39424	32556	40323	31854	41112
4	12488	12489	11572	13439	10777	14325	10315	14869	9922	15349
5	132	132	53	245	13	377	2	469	0	558
6	71448	71449	69233	73697	67268	75753	66106	76997	65104	78086
7	7315	7315	6618	8047	6020	8735	5676	9161	5385	9539
8	10574	10574	9732	11450	9005	12269	8583	12772	8224	13218
9	9549	9550	8750	10383	8061	11163	7662	11644	7324	12069
10	22772	22773	21529	24050	20440	25230	19801	25950	19255	26584
11	3049	3049	2606	3528	2236	3989	2028	4278	1856	4538
12	2243	2242	1864	2655	1554	3057	1382	3311	1240	3540
13	23834	23835	22562	25141	21447	26348	20793	27083	20233	27731
14	419	419	266	608	157	807	106	940	69	1064
15	849	849	623	1110	450	1375	359	1547	289	1704
16	1175	1175	906	1479	694	1782	580	1977	490	2155
17	6917	6918	6240	7629	5660	8300	5327	8715	5045	9084
18	865	864	636	1128	461	1394	369	1567	298	1726
19	15067	15067	14059	16109	13181	17078	12670	17671	12233	18195
20	3147	3146	2696	3633	2319	4100	2108	4393	1932	4656
21	3053	3053	2609	3532	2239	3993	2031	4283	1859	4543
22	1239	1239	963	1551	743	1861	626	2060	532	2242
23	5006	5006	4432	5614	3946	6192	3668	6551	3435	6871
24	20841	20842	19653	22064	18613	23196	18004	23886	17483	24494
25	6800	6801	6129	7506	5554	8172	5224	8584	4945	8950
26	62279	62280	60212	64381	58381	66303	57299	67467	56366	68487
27	45204	45205	43445	46997	41892	48641	40976	49639	40188	50514
28	4397	4397	3861	4968	3407	5512	3150	5852	2934	6155
29	3014	3014	2573	3490	2205	3948	1999	4236	1828	4494
30	5538	5538	4934	6177	4420	6782	4126	7158	3878	7493
31	1190	1190	920	1496	706	1801	591	1997	500	2175
32	2246	2245	1867	2659	1556	3061	1384	3315	1242	3544
33	281	281	158	438	78	609	43	726	21	835
34	107	107	38	211	6	334	0	421	0	506
35	16378	16378	15326	17464	14409	18472	13874	19089	13417	19633
36	15994	15995	14956	17068	14050	18065	13522	18675	13071	19213
37	60419	60421	58384	62490	56581	64384	55515	65531	54598	66536
38	60488	60489	58451	62559	56647	64454	55581	65602	54663	66607
39	43379	43380	41657	45136	40136	46748	39240	47726	38469	48584
40	50528	50529	48668	52423	47023	54159	46052	55211	45217	56134
41	6334	6334	5687	7016	5134	7660	4816	8059	4549	8414
42	14706	14707	13711	15737	12845	16694	12340	17281	11909	17799
43	28332	28333	26944	29755	25723	31067	25007	31865	24392	32567
44	17952	17952	16850	19088	15888	20141	15326	20785	14845	21353
45	9341	9341	8551	10165	7869	10938	7475	11413	7141	11835
46	36585	36585	35005	38199	33612	39684	32792	40585	32087	41377
47	1332	1332	1045	1654	816	1975	692	2180	593	2366
48	9824	9825	9014	10669	8314	11460	7909	11947	7565	12379
49	8964	8964	8190	9772	7524	10529	7138	10996	6812	11410
50	817	817	596	1074	427	1334	339	1504	271	1659
51	7241	7242	6548	7969	5953	8655	5611	9079	5322	9455
52	16728	16728	15665	17825	14738	18843	14196	19466	13734	20016
53	8956	8957	8184	9764	7517	10522	7132	10988	6806	11402
54	5600	5600	4992	6242	4475	6851	4179	7228	3930	7564
55	3095	3095	2648	3577	2275	4041	2065	4332	1891	4593
56	3322	3322	2858	3821	2470	4300	2251	4600	2070	4869
57	2626	2626	2216	3072	1876	3503	1686	3774	1529	4018
58	3191	3191	2737	3680	2358	4151	2144	4446	1967	4710
59	81325	81326	78960	83724	76861	85914	75618	87238	74547	88397
60	11760	11761	10872	12683	10102	13545	9655	14073	9274	14541
61	7962	7963	7235	8725	6609	9442	6248	9884	5943	10277
62	22520	22520	21284	23790	20201	24965	19566	25681	19023	26311
63	30541	30542	29099	32018	27830	33378	27084	34205	26444	34932
64	50615	50616	48754	52511	47107	54249	46135	55302	45299	56226
65	489	489	321	691	201	902	142	1043	99	1173
66	633	633	440	861	297	1096	224	1250	170	1392
67	22033	22034	20811	23290	19740	24452	19113	25161	18576	25785
68	14360	14361	13377	15379	12521	16325	12023	16905	11598	17418
69	341620	341622	336756	346519	332405	350960	329816	353631	327574	355960
70	43501	43501	41776	45260	40253	46874	39355	47853	38583	48713
71	16520	16521	15464	17611	14543	18624	14006	19243	13547	19789
72	365	365	223	542	125	731	80	858	49	977
73	5998	5998	5368	6662	4831	7290	4524	7679	4264	8026
74	67492	67494	65340	69680	63432	71679	62303	72889	61331	73948
75	4093	4093	3577	4645	3141	5172	2894	5501	2687	5795
76	489	489	321	691	201	902	142	1043	99	1173
77	3611	3610	3126	4130	2720	4627	2490	4939	2299	5217
78	3205	3205	2750	3696	2370	4167	2156	4463	1978	4728
79	2587	2587	2179	3029	1842	3457	1654	3727	1499	3969
80	5690	5690	5077	6337	4555	6950	4257	7330	4005	7669
81	102347	102348	99692	105036	97332	107488	95933	108968	94725	110263
82	12038	12039	11139	12972	10360	13843	9907	14377	9521	14850
83	15612	15613	14586	16673	13692	17658	13170	18261	12725	18794
84	319	319	187	486	99	666	59	787	33	901
85	8880	8880	8110	9684	7447	10439	7064	10903	6739	11316
86	555	555	376	769	244	992	179	1138	130	1274
87	482	482	316	683	197	894	139	1034	96	1163
88	68316	68317	66150	70516	64230	72528	63095	73744	62116	74810
89	45257	45258	43498	47051	41943	48696	41026	49695	40238	50570
90	123891	123892	120969	126848	118367	129541	116824	131165	115491	132585
91	105313	105314	102620	108040	100225	110527	98805	112028	97580	113340
92	3754	3754	3260	4284	2845	4790	2610	5106	2414	5390
93	8515	8515	7762	9303	7113	10043	6739	10499	6422	10903
94	3153	3152	2701	3639	2324	4107	2113	4400	1937	4664
95	46	46	7	119	0	216	0	287	0	357
