city_id mean median lower_50 upper_50 lower_80 upper_80 lower_90 upper_90 lower_95 upper_95
1	2458	2458	1866	3131	1403	3806	1158	4242	963	4640
2	17475	17476	15830	19201	14418	20825	13605	21829	12917	22720
3	57100	57102	54094	60188	51456	63038	49909	64775	48584	66304
4	10941	10942	9648	12315	8553	13623	7929	14437	7406	15163
5	46	46	0	172	0	356	0	498	0	640
6	199929	199933	194268	205672	189240	210913	186262	214080	183694	216852
7	3509	3510	2794	4305	2220	5092	1908	5594	1656	6049
8	7127	7128	6091	8244	5228	9320	4743	9995	4340	10601
9	15929	15930	14360	17579	13017	19135	12245	20097	11593	20953
10	41523	41525	38965	44162	36731	46609	35426	48104	34311	49422
11	986	986	626	1427	372	1894	251	2204	165	2494
12	2998	2998	2341	3737	1818	4472	1537	4943	1312	5372
13	21407	21408	19582	23313	18008	25100	17098	26200	16326	27176
14	90	90	10	251	0	466	0	626	0	784
15	928	928	580	1357	337	1813	222	2118	142	2401
16	968	968	612	1405	361	1869	242	2178	158	2465
17	6324	6324	5350	7378	4543	8398	4092	9039	3719	9616
18	1690	1690	1207	2255	841	2833	653	3211	510	3558
19	10446	10447	9183	11790	8116	13070	7509	13867	7000	14579
20	5101	5101	4231	6052	3517	6979	3121	7564	2796	8093
21	2144	2145	1595	2776	1169	3414	946	3827	771	4205
22	1325	1326	902	1830	590	2355	435	2700	319	3019
23	3420	3420	2715	4206	2150	4984	1843	5481	1595	5932
24	20256	20257	18482	22112	16954	23853	16071	24926	15323	25877
25	7497	7498	6434	8642	5546	9743	5046	10433	4631	11051
26	123730	123733	119285	128256	115352	132402	113030	134914	111032	137116
27	43602	43603	40980	46305	38688	48810	37348	50339	36203	51688
28	16837	16838	15223	18532	13839	20128	13042	21115	12369	21991
29	1589	1589	1121	2137	769	2701	591	3070	454	3410
30	11285	11285	9971	12680	8857	14006	8222	14831	7690	15567
31	586	586	318	935	146	1319	75	1580	32	1827
32	2198	2198	1641	2837	1209	3481	982	3898	803	4280
33	109	110	17	284	0	510	0	677	0	841
34	133	133	26	320	0	558	0	733	0	903
35	51963	51965	49097	54910	46585	57635	45114	59296	43855	60759
36	5780	5781	4852	6791	4085	7770	3657	8387	3305	8943
37	100774	100776	96767	104863	93227	108614	91141	110891	89347	112888
38	28858	28859	26732	31065	24888	33122	23816	34384	22903	35500
39	58490	58491	55446	61614	52775	64498	51208	66255	49866	67800
40	23713	23714	21790	25717	20127	27591	19164	28745	18347	29766
41	2813	2813	2177	3530	1674	4245	1405	4705	1190	5123
42	7128	7129	6092	8245	5229	9321	4744	9996	4341	10602
43	34670	34671	32336	37085	30304	39329	29120	40704	28110	41917
44	44947	44949	42285	47691	39956	50232	38594	51784	37430	53152
45	6308	6309	5336	7362	4530	8380	4080	9021	3707	9597
46	23714	23715	21791	25718	20128	27593	19165	28746	18348	29767
47	785	785	468	1183	253	1611	155	1898	90	2167
48	10427	10427	9165	11769	8099	13048	7492	13845	6984	14556
49	7578	7578	6508	8728	5615	9834	5112	10527	4694	11149
50	230	230	77	464	9	745	0	944	0	1137
51	13175	13176	11752	14679	10540	16103	9846	16987	9263	17774
52	16293	16294	14706	17962	13347	19534	12565	20506	11904	21370
53	13845	13846	12385	15386	11140	16844	10427	17747	9826	18552
54	2759	2759	2129	3469	1632	4178	1367	4634	1155	5050
55	1155	1156	763	1629	478	2126	340	2455	239	2759
56	7679	7680	6603	8837	5702	9950	5195	10647	4774	11272
57	1631	1631	1157	2187	799	2757	617	3129	477	3472
58	1677	1677	1195	2240	831	2816	645	3192	502	3539
59	29081	29082	26947	31296	25095	33361	24018	34628	23102	35748
60	9212	9212	8029	10476	7032	11685	6468	12439	5997	13114
61	7882	7882	6790	9054	5877	10180	5362	10885	4934	11517
62	29250	29252	27110	31472	25252	33542	24172	34812	23253	35935
63	116295	116297	111987	120684	108177	124707	105929	127145	103994	129283
64	80411	80413	76835	84067	73685	87430	71832	89474	70240	91269
65	490	490	248	812	100	1173	43	1420	13	1654
66	315	315	129	582	32	892	5	1109	0	1316
67	9435	9436	8237	10714	7228	11936	6655	12699	6177	13380
68	39588	39590	37092	42166	34913	44557	33641	46019	32555	47309
69	701327	701333	690688	712046	681177	721770	675518	727619	670620	732721
70	21859	21860	20014	23785	18422	25589	17501	26700	16720	27684
71	14535	14536	13038	16113	11760	17603	11026	18527	10408	19348
72	196	196	58	415	4	682	0	873	0	1058
73	7802	7803	6717	8969	5808	10090	5297	10792	4871	11421
74	25595	25596	23596	27676	21865	29619	20860	30814	20007	31871
75	3306	3307	2614	4080	2059	4847	1759	5337	1518	5782
76	138	138	29	329	0	570	0	746	0	918
77	4551	4552	3732	5452	3063	6333	2695	6892	2394	7396
78	1360	1360	930	1871	613	2400	455	2749	336	3071
79	1783	1784	1286	2363	907	2954	712	3339	561	3693
80	10763	10764	9481	12127	8396	13425	7778	14233	7260	14954
81	166415	166418	161253	171657	156675	176448	153967	179346	151633	181884
82	81713	81715	78109	85399	74932	88788	73063	90848	71458	92656
83	10428	10428	9166	11771	8100	13049	7493	13846	6985	14558
84	253	254	91	497	14	786	0	991	0	1187
85	17998	17999	16328	19750	14894	21397	14067	22414	13368	23316
86	164	164	42	369	0	622	0	805	0	983
87	167	167	43	372	1	626	0	810	0	989
88	26552	26553	24515	28670	22749	30648	21725	31862	20854	32937
89	14480	14481	12986	16055	11710	17543	10979	18465	10362	19285
90	85801	85803	82107	89577	78849	93047	76931	95155	75284	97006
91	51472	51473	48619	54406	46120	57117	44656	58771	43404	60228
92	857	857	524	1270	294	1713	188	2009	115	2285
93	18468	18469	16775	20241	15321	21908	14482	22937	13773	23850
94	3327	3327	2632	4103	2076	4871	1774	5363	1532	5809
95	2337	2338	1762	2995	1312	3656	1075	4083	888	4474
