city_id mean median lower_50 upper_50 lower_80 upper_80 lower_90 upper_90 lower_95 upper_95
1	3285	3285	2371	4347	1675	5431	1316	6137	1040	6786
2	24532	24533	21906	27307	19668	29933	18386	31562	17308	33013
3	88959	88961	83890	94176	79453	99001	76856	101946	74634	104540
4	31368	31369	28388	34496	25832	37440	24360	39259	23117	40875
5	328	328	90	714	3	1189	0	1531	0	1863
6	162811	162815	155928	169842	149856	176302	146281	180225	143210	183669
7	18109	18110	15863	20503	13967	22787	12891	24211	11990	25484
8	28088	28090	25273	31052	22865	33849	21481	35580	20314	37119
9	22665	22666	20143	25335	18000	27867	16775	29439	15745	30841
10	51385	51387	47551	55368	44225	59082	42293	61362	40649	63378
11	8594	8595	7070	10266	5824	11900	5137	12935	4574	13870
12	5576	5576	4362	6937	3397	8291	2877	9159	2460	9948
13	57395	57398	53339	61601	49813	65515	47761	67915	46013	70035
14	1065	1066	577	1703	264	2404	135	2881	57	3330
15	2277	2278	1529	3174	982	4109	712	4727	513	5298
16	3239	3239	2332	4295	1642	5372	1287	6075	1014	6721
17	19520	19522	17186	22004	15210	24367	14086	25839	13144	27153
18	2027	2028	1325	2878	820	3771	576	4363	398	4913
19	36056	36058	32856	39404	30102	42547	28511	44485	27164	46204
20	7831	7832	6380	9432	5200	11000	4551	11996	4023	12897
21	8338	8339	6838	9986	5614	11598	4939	12621	4388	13544
22	2989	2989	2120	4006	1466	5049	1131	5730	876	6358
23	13201	13202	11294	15256	9704	17235	8811	18476	8069	19590
24	48850	48852	45113	52735	41875	56361	39995	58588	38397	60559
25	16635	16636	14486	18933	12677	21130	11653	22503	10797	23730
26	136036	136039	129750	142470	124217	148391	120964	151992	118173	155155
27	108777	108780	103165	114538	98237	119854	95347	123092	92870	125941
28	10032	10033	8379	11833	7018	13583	6261	14687	5639	15682
29	7299	7300	5900	8846	4768	10367	4148	11335	3644	12210
30	13043	13044	11148	15087	9569	17054	8682	18289	7946	19397
31	2972	2973	2107	3987	1454	5027	1121	5708	867	6334
32	5230	5231	4057	6551	3129	7869	2631	8714	2233	9484
33	740	741	346	1284	117	1900	38	2327	5	2733
34	253	254	53	602	0	1043	0	1365	0	1680
35	38490	38492	35182	41947	32329	45188	30680	47185	29283	48955
36	37293	37294	34037	40697	31233	43890	29612	45858	28239	47603
37	149970	149974	143367	156722	137548	162930	134124	166701	131183	170014
38	164465	164469	157547	171532	151443	178023	147849	181965	144761	185425
39	102228	102231	96789	107815	92019	112974	89222	116119	86827	118886
40	131253	131256	125080	137574	119649	143394	116457	146934	113718	150045
41	16293	16294	14167	18568	12379	20745	11367	22105	10522	23321
42	39347	39348	36001	42841	33115	46115	31445	48132	30030	49920
43	65057	65059	60733	69529	56967	73684	54771	76227	52898	78473
44	41053	41055	37634	44621	34682	47961	32973	50018	31523	51839
45	25999	26000	23293	28853	20983	31551	19659	33223	18543	34711
46	91818	91821	86667	97117	82156	102016	79515	105005	77255	107638
47	3645	3646	2678	4760	1935	5892	1548	6627	1247	7300
48	25238	25240	22573	28052	20300	30713	18998	32363	17902	33831
49	21724	21725	19257	24340	17162	26823	15967	28366	14963	29742
50	2110	2111	1393	2977	873	3884	620	4485	436	5042
51	19024	19025	16720	21476	14772	23812	13665	25267	12737	26567
52	36402	36404	33187	39766	30418	42923	28819	44870	27465	46596
53	22434	22435	19925	25090	17794	27610	16576	29176	15553	30571
54	14639	14640	12627	16800	10943	18873	9992	20171	9202	21334
55	7808	7809	6359	9406	5181	10972	4534	11967	4006	12867
56	8293	8294	6797	9938	5577	11546	4905	12566	4356	13487
57	6960	6961	5596	8473	4494	9962	3893	10911	3406	11771
58	8244	8245	6753	9884	5537	11488	4867	12505	4320	13424
59	212723	212727	204844	220749	197876	228106	193765	232564	190228	236474
60	26636	26637	23896	29524	21556	32253	20213	33943	19082	35446
61	18516	18517	16244	20936	14325	23244	13235	24682	12322	25966
62	54651	54653	50694	58756	47258	62580	45260	64926	43559	66999
63	70893	70895	66376	75558	62436	79886	60136	82534	58172	84870
64	121089	121093	115164	127164	109954	132761	106895	136168	104272	139164
65	1232	1233	701	1912	350	2651	198	3151	101	3620
66	1543	1544	940	2295	524	3099	333	3638	202	4142
67	61947	61950	57730	66313	54060	70372	51921	72859	50098	75054
68	33200	33202	30133	36416	27498	39440	25979	41307	24694	42964
69	686812	686820	672597	701176	659922	714239	652396	722112	645891	728989
70	94731	94734	89498	100112	84913	105086	82227	108119	79929	110790
71	39614	39615	36256	43120	33360	46404	31684	48427	30263	50220
72	874	874	438	1458	174	2111	73	2560	20	2984
73	14996	14998	12959	17182	11252	19278	10288	20590	9485	21764
74	180346	180350	173098	187742	166697	194531	162925	198650	159683	202265
75	11777	11778	9980	13722	8489	15601	7654	16783	6964	17846
76	1171	1171	655	1835	318	2561	174	3052	84	3515
77	8216	8216	6727	9853	5514	11454	4845	12470	4300	13388
78	7726	7726	6284	9315	5114	10874	4471	11865	3947	12761
79	6574	6575	5251	8047	4186	9500	3606	10427	3138	11268
80	13274	13275	11361	15334	9766	17318	8870	18562	8126	19678
81	233035	233039	224786	241433	217484	249123	213172	253782	209461	257865
82	27897	27899	25092	30852	22692	33639	21314	35365	20152	36900
83	37839	37841	34559	41267	31733	44482	30099	46463	28715	48219
84	843	843	417	1418	160	2063	64	2507	16	2927
85	20647	20649	18244	23199	16207	25625	15046	27134	14072	28480
86	1514	1514	917	2259	507	3057	320	3593	192	4093
87	1222	1222	694	1899	345	2636	194	3135	98	3603
88	177953	177957	170754	185301	164398	192046	160652	196139	157433	199731
89	110968	110971	105299	116786	100320	122153	97399	125422	94895	128297
90	325987	325993	316217	335906	307545	344966	302414	350445	297991	355240
91	262269	262274	253513	271174	245755	279320	241171	284252	237222	288573
92	9682	9683	8060	11453	6726	13175	5986	14263	5377	15244
93	21843	21844	19369	24465	17268	26954	16068	28501	15061	29880
94	7470	7471	6054	9035	4906	10571	4277	11548	3765	12432
95	99	100	2	346	0	695	0	961	0	1228
