city_id mean median lower_50 upper_50 lower_80 upper_80 lower_90 upper_90 lower_95 upper_95
1	3335	3336	2467	4334	1796	5346	1446	6002	1173	6603
2	21454	21455	19150	23887	17188	26191	16065	27620	15119	28893
3	82144	82147	77575	86844	73572	91189	71227	93839	69221	96173
4	31073	31075	28288	33989	25892	36727	24509	38416	23338	39914
5	331	331	102	690	8	1126	0	1437	0	1739
6	156022	156025	149700	162475	144119	168398	140830	171992	138003	175147
7	14160	14161	12301	16150	10739	18054	9855	19243	9118	20308
8	27114	27115	24517	29842	22289	32411	21007	33998	19924	35409
9	21572	21573	19262	24013	17294	26322	16167	27755	15219	29031
10	49659	49661	46121	53328	43047	56744	41258	58839	39734	60690
11	8389	8390	6973	9936	5810	11440	5165	12391	4635	13248
12	5313	5314	4200	6557	3309	7789	2827	8577	2438	9293
13	57325	57327	53519	61262	50203	64920	48270	67159	46621	69135
14	961	961	525	1528	244	2150	127	2573	56	2971
15	2256	2256	1553	3089	1032	3952	771	4518	575	5042
16	3244	3245	2388	4230	1730	5231	1386	5880	1119	6475
17	19310	19311	17129	21623	15276	23817	14218	25181	13329	26397
18	1782	1782	1165	2530	721	3315	506	3836	350	4319
19	35032	35033	32070	38124	29516	41020	28038	42804	26784	44385
20	7267	7267	5953	8710	4883	10123	4293	11018	3811	11827
21	7690	7691	6338	9174	5231	10621	4620	11538	4120	12366
22	2778	2778	1991	3695	1394	4634	1088	5246	852	5808
23	13203	13204	11410	15127	9908	16971	9060	18125	8353	19158
24	48711	48713	45208	52345	42164	55730	40394	57806	38887	59641
25	15822	15824	13854	17922	12193	19924	11250	21173	10461	22289
26	130204	130207	124434	136104	119350	141530	116359	144826	113790	147722
27	103031	103034	97906	108287	93402	113132	90758	116082	88491	118675
28	9572	9573	8056	11220	6802	12816	6102	13821	5525	14725
29	7357	7358	6036	8810	4957	10230	4363	11130	3877	11943
30	11782	11782	10092	13602	8682	15354	7889	16452	7231	17438
31	2807	2808	2016	3729	1415	4671	1106	5286	869	5851
32	4365	4365	3362	5498	2570	6631	2148	7360	1811	8024
33	736	736	363	1240	138	1806	55	2196	13	2565
34	261	261	65	587	1	993	0	1287	0	1573
35	36985	36987	33941	40161	31311	43132	29788	44961	28496	46580
36	32595	32596	29741	35580	27282	38379	25862	40105	24659	41636
37	144672	144675	138587	150888	133218	156598	130057	160065	127341	163108
38	157675	157679	151320	164162	145708	170115	142401	173728	139558	176898
39	100956	100959	95883	106159	91427	110957	88811	113879	86569	116448
40	126892	126895	121197	132717	116180	138076	113229	141332	110696	144193
41	16329	16331	14328	18461	12638	20493	11678	21759	10874	22890
42	37595	37597	34525	40796	31872	43790	30335	45632	29031	47264
43	64710	64712	60662	68889	57128	72764	55064	75133	53302	77223
44	39309	39311	36169	42581	33452	45639	31877	47519	30540	49184
45	25251	25253	22747	27886	20604	30371	19372	31909	18332	33275
46	80694	80697	76166	85353	72200	89661	69878	92289	67891	94603
47	3678	3678	2762	4724	2050	5777	1674	6459	1379	7082
48	25534	25535	23015	28183	20859	30681	19619	32226	18573	33599
49	20632	20634	18375	23020	16454	25283	15355	26687	14431	27939
50	1974	1975	1321	2758	845	3576	611	4116	438	4616
51	18371	18372	16245	20628	14442	22773	13414	24107	12551	25297
52	33185	33187	30305	36196	27823	39020	26388	40760	25173	42303
53	22241	22242	19894	24717	17893	27060	16747	28512	15781	29805
54	14228	14229	12364	16222	10798	18130	9911	19322	9172	20389
55	7810	7811	6447	9305	5330	10762	4713	11685	4208	12518
56	7664	7665	6314	9145	5210	10591	4600	11506	4101	12333
57	6765	6766	5500	8160	4473	9529	3910	10399	3450	11185
58	8243	8244	6840	9776	5689	11269	5051	12213	4527	13064
59	196547	196551	189443	203781	183158	210408	179448	214424	176255	217944
60	23084	23085	20692	25606	18650	27989	17479	29466	16493	30780
61	15813	15815	13845	17912	12185	19914	11242	21163	10453	22279
62	52739	52741	49090	56517	45917	60033	44069	62186	42494	64089
63	66051	66053	61960	70272	58388	74185	56302	76578	54520	78687
64	114348	114351	108945	119881	104191	124976	101398	128076	99001	130800
65	1077	1077	612	1673	304	2321	171	2760	87	3172
66	1342	1343	815	2000	453	2705	286	3177	172	3618
67	59208	59210	55339	63208	51966	66922	49999	69196	48320	71202
68	30023	30024	27286	32890	24934	35584	23577	37247	22429	38722
69	686120	686127	672791	699580	660899	711813	653834	719184	647727	725619
70	86428	86431	81740	91247	77629	95700	75220	98414	73158	100804
71	36083	36085	33077	39220	30481	42157	28979	43965	27704	45567
72	717	717	349	1215	130	1776	50	2162	11	2528
73	13731	13732	11901	15691	10365	17568	9497	18742	8774	19793
74	166608	166611	160073	173274	154299	179389	150896	183098	147969	186352
75	11229	11230	9581	13008	8208	14721	7438	15798	6799	16764
76	895	896	477	1445	212	2051	104	2465	41	2855
77	7269	7269	5955	8713	4884	10125	4295	11021	3813	11830
78	7658	7659	6308	9138	5205	10584	4595	11499	4096	12325
79	5888	5888	4712	7194	3766	8482	3250	9304	2833	10048
80	12503	12504	10761	14377	9303	16176	8482	17303	7799	18314
81	224648	224652	217049	232377	210317	239451	206340	243733	202915	247485
82	26913	26914	24326	29631	22107	32191	20831	33773	19752	35179
83	37474	37476	34409	40670	31761	43660	30227	45500	28925	47129
84	820	821	423	1349	176	1937	80	2339	26	2720
85	19366	19367	17181	21681	15325	23879	14265	25244	13375	26461
86	1526	1526	960	2223	562	2963	374	3456	242	3916
87	1223	1223	723	1854	384	2534	232	2991	131	3420
88	170530	170534	163918	177273	158075	183458	154629	187209	151666	190499
89	102740	102743	97622	107989	93125	112827	90485	115773	88222	118363
90	299679	299684	290892	308597	283091	316740	278474	321662	274493	325971
91	245404	245408	237459	253480	230415	260865	226252	265334	222665	269248
92	9246	9247	7756	10866	6527	12437	5842	13428	5278	14320
93	21035	21037	18755	23446	16814	25729	15703	27146	14769	28407
94	7068	7069	5774	8493	4720	9888	4140	10773	3668	11573
95	119	119	8	360	0	690	0	938	0	1184
