city_id mean median lower_50 upper_50 lower_80 upper_80 lower_90 upper_90 lower_95 upper_95
1	1207	1208	971	1470	780	1728	675	1893	591	2042
2	7320	7320	6718	7947	6198	8535	5897	8896	5642	9216
3	27516	27516	26337	28720	25297	29827	24685	30499	24160	31090
4	10815	10816	10081	11575	9442	12282	9070	12715	8752	13097
5	135	135	64	231	23	340	8	415	1	487
6	58688	58689	56961	60441	55427	62042	54519	63010	53737	63858
7	2647	2647	2290	3029	1991	3396	1822	3625	1681	3830
8	7743	7744	7124	8388	6588	8991	6278	9362	6014	9691
9	7918	7919	7292	8570	6750	9180	6436	9554	6169	9886
10	20007	20007	19004	21036	18122	21985	17605	22562	17161	23070
11	2642	2642	2285	3024	1986	3390	1818	3619	1677	3824
12	1740	1741	1454	2053	1217	2357	1086	2548	978	2721
13	22307	22307	21247	23392	20314	24392	19766	25001	19296	25535
14	287	287	178	422	102	565	67	661	42	750
15	741	741	559	950	416	1160	341	1295	282	1419
16	1176	1176	942	1435	754	1690	651	1853	568	2001
17	6253	6253	5697	6834	5220	7379	4944	7715	4710	8013
18	619	619	453	810	326	1005	260	1132	208	1248
19	13608	13609	12783	14459	12062	15248	11641	15729	11281	16154
20	2607	2607	2253	2987	1956	3351	1789	3579	1650	3783
21	2338	2338	2003	2698	1724	3045	1567	3262	1437	3457
22	1059	1059	838	1306	661	1550	566	1706	488	1848
23	4320	4320	3860	4805	3469	5264	3245	5548	3056	5801
24	19656	19657	18662	20677	17789	21617	17276	22190	16837	22694
25	5310	5310	4799	5846	4362	6352	4110	6664	3897	6941
26	48209	48210	46645	49800	45258	51254	44438	52134	43732	52905
27	37381	37382	36005	38783	34788	40068	34070	40846	33452	41529
28	3927	3927	3490	4390	3118	4829	2905	5102	2727	5345
29	3000	3000	2619	3406	2299	3794	2117	4037	1965	4253
30	3846	3846	3413	4304	3045	4739	2836	5009	2659	5250
31	943	943	735	1176	570	1409	481	1558	410	1693
32	1425	1425	1167	1709	956	1987	840	2163	746	2323
33	283	283	175	416	100	559	65	654	41	743
34	111	111	48	199	14	301	3	372	0	440
35	14089	14089	13249	14955	12515	15756	12086	16246	11719	16678
36	10440	10440	9719	11187	9092	11882	8726	12307	8415	12683
37	50781	50782	49175	52413	47751	53905	46909	54807	46183	55598
38	49162	49162	47582	50767	46181	52235	45353	53124	44639	53902
39	39916	39917	38494	41365	37235	42691	36492	43494	35852	44199
40	40186	40186	38758	41639	37495	42969	36749	43775	36107	44482
41	6113	6113	5564	6688	5092	7227	4820	7560	4589	7855
42	11080	11080	10337	11849	9689	12564	9312	13001	8990	13388
43	26813	26813	25649	28002	24623	29095	24020	29759	23501	30342
44	15571	15572	14688	16481	13914	17322	13461	17835	13074	18287
45	7874	7874	7249	8524	6709	9132	6395	9506	6129	9836
46	24424	24424	23314	25559	22336	26604	21762	27239	21268	27797
47	1336	1336	1086	1611	883	1881	772	2053	681	2208
48	9840	9841	9141	10566	8533	11241	8179	11656	7877	12022
49	7712	7712	7094	8356	6560	8958	6250	9328	5987	9656
50	494	494	347	666	237	844	181	960	139	1067
51	5782	5782	5249	6341	4790	6867	4526	7191	4303	7479
52	12000	12000	11226	12800	10551	13542	10157	13996	9821	14397
53	8540	8540	7889	9216	7325	9848	6997	10236	6718	10579
54	4716	4716	4236	5222	3825	5700	3589	5996	3391	6260
55	2965	2966	2587	3369	2268	3756	2088	3996	1937	4212
56	2613	2613	2259	2993	1962	3358	1794	3586	1654	3790
57	2266	2266	1936	2620	1662	2962	1508	3176	1380	3369
58	2768	2768	2403	3159	2096	3533	1923	3767	1778	3976
59	61565	61566	59795	63360	58224	65000	57294	65990	56491	66857
60	7964	7964	7336	8618	6792	9229	6477	9604	6209	9937
61	4792	4792	4308	5302	3894	5784	3656	6082	3455	6347
62	18087	18087	17133	19066	16297	19970	15807	20520	15387	21005
63	24866	24867	23746	26012	22760	27066	22180	27707	21681	28269
64	41540	41541	40089	43017	38804	44369	38045	45188	37392	45906
65	361	361	237	510	148	667	105	770	73	867
66	406	406	274	564	177	728	130	836	94	936
67	17445	17446	16509	18407	15688	19295	15207	19837	14795	20313
68	11132	11133	10387	11903	9738	12619	9360	13058	9037	13445
69	316266	316268	312239	320319	308634	323991	306487	326199	304628	328123
70	26464	26464	25308	27645	24289	28731	23690	29391	23175	29971
71	10756	10756	10024	11514	9386	12219	9015	12650	8699	13031
72	180	180	97	290	44	410	22	492	9	570
73	4437	4437	3972	4929	3574	5393	3347	5681	3155	5938
74	48808	48809	47234	50408	45838	51871	45013	52756	44302	53532
75	3585	3585	3167	4028	2814	4449	2612	4711	2443	4944
76	265	265	161	394	89	533	56	627	34	714
77	2670	2670	2312	3054	2011	3422	1841	3653	1700	3859
78	2917	2917	2541	3317	2226	3701	2047	3940	1898	4154
79	1744	1744	1456	2056	1220	2360	1089	2552	980	2725
80	4511	4512	4042	5007	3641	5475	3411	5765	3217	6023
81	86393	86394	84294	88518	82426	90453	81319	91621	80362	92642
82	9391	9391	8708	10100	8115	10761	7770	11166	7476	11524
83	14141	14142	13300	15009	12564	15812	12134	16302	11766	16735
84	217	217	124	335	62	464	36	552	18	633
85	6199	6199	5646	6777	5171	7321	4896	7656	4663	7953
86	550	550	395	732	277	917	216	1038	169	1149
87	485	486	340	657	231	833	176	948	134	1055
88	54656	54657	52990	56349	51511	57895	50636	58830	49882	59649
89	29885	29885	28656	31140	27571	32292	26932	32991	26383	33605
90	82473	82475	80423	84549	78599	86441	77517	87583	76584	88581
91	80526	80527	78500	82578	76698	84447	75630	85576	74708	86563
92	2960	2961	2582	3364	2264	3750	2084	3991	1933	4206
93	7155	7155	6560	7776	6047	8357	5749	8714	5497	9031
94	2714	2714	2353	3101	2049	3472	1878	3704	1735	3911
95	66	66	21	138	2	224	0	286	0	346
