city_id mean median lower_50 upper_50 lower_80 upper_80 lower_90 upper_90 lower_95 upper_95
1	1229	1229	967	1523	758	1814	645	2000	554	2170
2	7923	7923	7233	8644	6639	9321	6295	9738	6004	10108
3	30588	30589	29217	31990	28010	33280	27299	34063	26690	34752
4	11797	11798	10952	12674	10218	13491	9791	13991	9427	14434
5	132	132	56	238	16	361	3	447	0	529
6	63315	63316	61336	65326	59581	67163	58543	68274	57648	69248
7	3944	3944	3462	4457	3054	4947	2823	5252	2629	5524
8	9249	9249	8502	10027	7857	10754	7483	11202	7165	11598
9	8501	8501	7786	9247	7168	9947	6811	10377	6509	10759
10	21055	21056	19921	22221	18926	23298	18343	23955	17844	24533
11	2812	2812	2407	3248	2070	3668	1880	3931	1723	4167
12	1959	1959	1624	2325	1349	2682	1196	2908	1072	3112
13	23004	23005	21818	24222	20776	25346	20165	26031	19641	26633
14	318	318	193	475	106	644	67	757	40	862
15	772	772	568	1008	410	1248	328	1403	264	1545
16	1170	1170	914	1457	711	1742	602	1925	514	2091
17	6528	6528	5903	7184	5367	7802	5059	8184	4798	8523
18	655	655	468	873	326	1097	253	1243	198	1377
19	14213	14214	13284	15174	12474	16066	12001	16612	11598	17094
20	2779	2779	2376	3212	2041	3629	1853	3891	1696	4126
21	2547	2547	2163	2963	1844	3364	1665	3617	1517	3843
22	1069	1069	825	1343	633	1618	530	1794	448	1955
23	4836	4836	4300	5403	3845	5940	3585	6274	3366	6571
24	20199	20199	19088	21341	18114	22397	17544	23041	17056	23607
25	5830	5830	5240	6451	4736	7037	4447	7400	4203	7723
26	53915	53916	52090	55771	50473	57470	49518	58499	48696	59400
27	39631	39632	38069	41225	36689	42687	35875	43574	35176	44353
28	4025	4025	3537	4543	3126	5037	2891	5345	2695	5620
29	2998	2998	2579	3447	2229	3879	2032	4150	1868	4392
30	4449	4449	3936	4993	3500	5510	3252	5832	3044	6119
31	1019	1019	782	1288	595	1557	495	1730	416	1888
32	1577	1577	1278	1908	1035	2232	903	2438	795	2625
33	280	280	163	428	84	588	50	696	27	798
34	105	105	39	202	7	316	0	396	0	474
35	14915	14915	13962	15899	13132	16811	12647	17370	12233	17862
36	11710	11710	10868	12583	10136	13397	9711	13896	9348	14337
37	54928	54929	53086	56802	51454	58516	50490	59554	49659	60463
38	53500	53501	51682	55349	50072	57041	49120	58066	48301	58964
39	41378	41379	39781	43006	38370	44499	37538	45405	36822	46199
40	44479	44480	42823	46167	41358	47713	40494	48651	39751	49473
41	6229	6229	5619	6870	5097	7475	4796	7849	4543	8181
42	12622	12623	11747	13528	10986	14371	10543	14888	10165	15344
43	27510	27511	26211	28841	25068	30066	24397	30811	23820	31466
44	16141	16142	15150	17164	14284	18112	13778	18691	13346	19202
45	8542	8543	7825	9291	7206	9991	6848	10423	6545	10805
46	27701	27702	26398	29036	25250	30266	24576	31013	23998	31670
47	1332	1332	1059	1637	839	1939	720	2132	624	2306
48	9891	9891	9118	10695	8449	11446	8061	11907	7731	12316
49	7975	7976	7283	8699	6687	9378	6342	9796	6050	10167
50	673	674	483	895	339	1121	265	1269	208	1404
51	6465	6465	5843	7118	5310	7733	5004	8113	4745	8451
52	13761	13761	12846	14706	12050	15585	11586	16122	11190	16597
53	8631	8631	7910	9383	7288	10087	6928	10521	6622	10905
54	5138	5138	4586	5722	4115	6275	3845	6618	3619	6923
55	3042	3042	2621	3495	2268	3930	2069	4202	1904	4446
56	2785	2785	2382	3219	2046	3636	1858	3899	1701	4134
57	2334	2334	1967	2733	1663	3119	1493	3362	1353	3580
58	3052	3053	2630	3506	2277	3941	2077	4214	1912	4459
59	67753	67754	65705	69832	63888	71732	62813	72880	61886	73886
60	8909	8910	8177	9673	7544	10388	7177	10828	6866	11218
61	5778	5778	5191	6396	4689	6979	4401	7341	4158	7662
62	20200	20200	19089	21342	18115	22398	17545	23042	17057	23608
63	26454	26454	25180	27759	24060	28961	23402	29692	22838	30335
64	44677	44678	43017	46368	41549	47918	40683	48858	39938	49681
65	381	381	242	551	143	731	97	852	64	963
66	482	483	324	672	208	870	151	1001	109	1121
67	19531	19532	18439	20655	17482	21694	16922	22327	16443	22885
68	11768	11769	10924	12644	10191	13459	9764	13960	9401	14402
69	332232	332234	327678	336816	323604	340972	321179	343471	319079	345650
70	31980	31981	30578	33413	29342	34731	28615	35531	27991	36235
71	13210	13210	12315	14137	11535	14998	11081	15526	10694	15992
72	249	249	140	390	68	544	37	648	18	746
73	4958	4958	4416	5532	3954	6076	3690	6413	3468	6714
74	54881	54882	53040	56754	51408	58467	50444	59505	49614	60414
75	3692	3692	3226	4189	2833	4664	2610	4960	2424	5225
76	313	313	188	469	103	636	64	749	38	854
77	2779	2779	2376	3212	2041	3629	1853	3891	1696	4126
78	3045	3046	2624	3498	2271	3933	2072	4206	1906	4450
79	1934	1935	1602	2299	1329	2654	1177	2878	1054	3081
80	4964	4965	4421	5538	3959	6082	3695	6420	3473	6721
81	90433	90434	88065	92832	85959	95020	84711	96342	83634	97497
82	10407	10407	9614	11231	8926	12000	8527	12473	8188	12891
83	14823	14824	13874	15804	13046	16714	12562	17271	12150	17762
84	272	272	157	419	80	578	47	685	25	785
85	7303	7303	6641	7996	6072	8647	5744	9049	5466	9405
86	551	551	380	752	254	961	190	1098	143	1224
87	480	480	322	670	207	867	150	998	108	1118
88	60921	60922	58980	62893	57259	64696	56241	65787	55365	66743
89	37155	37156	35642	38698	34307	40116	33521	40976	32845	41730
90	100112	100114	97620	102636	95402	104936	94087	106324	92952	107538
91	88903	88904	86555	91282	84468	93452	83231	94762	82163	95908
92	3316	3316	2875	3788	2505	4240	2296	4523	2121	4776
93	7736	7737	7055	8449	6468	9118	6129	9531	5842	9897
94	2836	2837	2430	3274	2091	3696	1900	3960	1742	4197
95	56	56	12	130	0	225	0	293	0	360
