commute_id	origin_district_id	destination_district_id	commute_trips
1001	1	1	42232
1002	1	2	10187
1003	1	3	27030
1004	1	4	5797
1005	1	5	4178
1006	1	6	5671
1007	1	7	670
1008	1	8	1263
1009	1	9	734
1010	1	10	2413
1011	1	11	1697
1012	1	12	1285
1013	1	13	869
1014	1	14	73
1015	1	15	144
1016	1	16	56
1017	1	17	74
1018	1	18	33
1019	1	19	7688
2001	2	1	23670
2002	2	2	107568
2003	2	3	51044
2004	2	4	26667
2005	2	5	24899
2006	2	6	22660
2007	2	7	3914
2008	2	8	5949
2009	2	9	3141
2010	2	10	7532
2011	2	11	5713
2012	2	12	4053
2013	2	13	2586
2014	2	14	155
2015	2	15	394
2016	2	16	227
2017	2	17	219
2018	2	18	97
2019	2	19	1611
3001	3	1	11573
3002	3	2	10958
3003	3	3	51713
3004	3	4	8450
3005	3	5	5602
3006	3	6	8203
3007	3	7	778
3008	3	8	1605
3009	3	9	875
3010	3	10	3170
3011	3	11	2815
3012	3	12	1739
3013	3	13	1133
3014	3	14	82
3015	3	15	182
3016	3	16	68
3017	3	17	91
3018	3	18	29
3019	3	19	1461
4001	4	1	2643
4002	4	2	7813
4003	4	3	10597
4004	4	4	34675
4005	4	5	15465
4006	4	6	20455
4007	4	7	2143
4008	4	8	4263
4009	4	9	2442
4010	4	10	6528
4011	4	11	5183
4012	4	12	3782
4013	4	13	2383
4014	4	14	191
4015	4	15	392
4016	4	16	158
4017	4	17	168
4018	4	18	74
4019	4	19	325
5001	5	1	1670
5002	5	2	6595
5003	5	3	6472
5004	5	4	15515
5005	5	5	64220
5006	5	6	33208
5007	5	7	9258
5008	5	8	10936
5009	5	9	6257
5010	5	10	10215
5011	5	11	7497
5012	5	12	5461
5013	5	13	3384
5014	5	14	256
5015	5	15	645
5016	5	16	393
5017	5	17	340
5018	5	18	195
5019	5	19	226
6001	6	1	533
6002	6	2	1354
6003	6	3	1984
6004	6	4	4765
6005	6	5	10735
6006	6	6	43934
6007	6	7	3584
6008	6	8	8746
6009	6	9	5114
6010	6	10	15616
6011	6	11	11795
6012	6	12	8706
6013	6	13	5309
6014	6	14	357
6015	6	15	826
6016	6	16	341
6017	6	17	420
6018	6	18	142
6019	6	19	165
7001	7	1	230
7002	7	2	807
7003	7	3	813
7004	7	4	2230
7005	7	5	6103
7006	7	6	12744
7007	7	7	37801
7008	7	8	21063
7009	7	9	18164
7010	7	10	7020
7011	7	11	7381
7012	7	12	5960
7013	7	13	3938
7014	7	14	300
7015	7	15	1064
7016	7	16	894
7017	7	17	701
7018	7	18	493
7019	7	19	81
8001	8	1	69
8002	8	2	181
8003	8	3	274
8004	8	4	551
8005	8	5	1732
8006	8	6	4816
8007	8	7	4060
8008	8	8	38122
8009	8	9	13119
8010	8	10	4796
8011	8	11	9344
8012	8	12	5893
8013	8	13	3951
8014	8	14	295
8015	8	15	897
8016	8	16	711
8017	8	17	593
8018	8	18	252
8019	8	19	96
9001	9	1	84
9002	9	2	233
9003	9	3	373
9004	9	4	740
9005	9	5	1844
9006	9	6	5500
9007	9	7	7422
9008	9	8	26817
9009	9	9	91055
9010	9	10	5326
9011	9	11	8913
9012	9	12	7960
9013	9	13	9546
9014	9	14	1712
9015	9	15	7371
9016	9	16	5804
9017	9	17	4569
9018	9	18	2626
9019	9	19	111
10001	10	1	308
10002	10	2	427
10003	10	3	970
10004	10	4	1486
10005	10	5	3078
10006	10	6	13921
10007	10	7	1755
10008	10	8	6699
10009	10	9	3747
10010	10	10	36205
10011	10	11	17682
10012	10	12	11286
10013	10	13	6544
10014	10	14	445
10015	10	15	969
10016	10	16	288
10017	10	17	371
10018	10	18	118
10019	10	19	331
11001	11	1	9
11002	11	2	18
11003	11	3	41
11004	11	4	70
11005	11	5	109
11006	11	6	431
11007	11	7	108
11008	11	8	478
11009	11	9	345
11010	11	10	1097
11011	11	11	19801
11012	11	12	3739
11013	11	13	904
11014	11	14	40
11015	11	15	92
11016	11	16	22
11017	11	17	39
11018	11	18	9
11019	11	19	60
12001	12	1	72
12002	12	2	127
12003	12	3	246
12004	12	4	462
12005	12	5	904
12006	12	6	3948
12007	12	7	989
12008	12	8	5044
12009	12	9	3804
12010	12	10	7224
12011	12	11	30265
12012	12	12	37047
12013	12	13	9353
12014	12	14	587
12015	12	15	1164
12016	12	16	316
12017	12	17	476
12018	12	18	134
12019	12	19	199
13001	13	1	95
13002	13	2	167
13003	13	3	383
13004	13	4	626
13005	13	5	1421
13006	13	6	5620
13007	13	7	1449
13008	13	8	8317
13009	13	9	7750
13010	13	10	9345
13011	13	11	24728
13012	13	12	20146
13013	13	13	55787
13014	13	14	2618
13015	13	15	5130
13016	13	16	1523
13017	13	17	1999
13018	13	18	545
13019	13	19	278
14001	14	1	35
14002	14	2	69
14003	14	3	160
14004	14	4	243
14005	14	5	643
14006	14	6	2245
14007	14	7	665
14008	14	8	3424
14009	14	9	4932
14010	14	10	3554
14011	14	11	8258
14012	14	12	6666
14013	14	13	9608
14014	14	14	7199
14015	14	15	6178
14016	14	16	1646
14017	14	17	2369
14018	14	18	628
14019	14	19	113
15001	15	1	29
15002	15	2	95
15003	15	3	210
15004	15	4	318
15005	15	5	910
15006	15	6	2820
15007	15	7	1258
15008	15	8	6172
15009	15	9	10840
15010	15	10	4483
15011	15	11	9019
15012	15	12	7807
15013	15	13	11492
15014	15	14	3193
15015	15	15	43453
15016	15	16	6901
15017	15	17	17112
15018	15	18	3877
15019	15	19	281
16001	16	1	41
16002	16	2	92
16003	16	3	203
16004	16	4	310
16005	16	5	886
16006	16	6	2478
16007	16	7	2329
16008	16	8	10609
16009	16	9	20307
16010	16	10	2959
16011	16	11	5346
16012	16	12	5090
16013	16	13	8626
16014	16	14	2045
16015	16	15	15776
16016	16	16	25927
16017	16	17	16662
16018	16	18	7307
16019	16	19	95
17001	17	1	6
17002	17	2	20
17003	17	3	38
17004	17	4	83
17005	17	5	188
17006	17	6	643
17007	17	7	371
17008	17	8	1975
17009	17	9	3780
17010	17	10	848
17011	17	11	2041
17012	17	12	1692
17013	17	13	2405
17014	17	14	693
17015	17	15	7282
17016	17	16	3070
17017	17	17	27036
17018	17	18	4788
17019	17	19	35
18001	18	1	32
18002	18	2	76
18003	18	3	110
18004	18	4	192
18005	18	5	683
18006	18	6	1884
18007	18	7	2056
18008	18	8	7593
18009	18	9	14771
18010	18	10	2168
18011	18	11	4007
18012	18	12	3792
18013	18	13	5846
18014	18	14	1498
18015	18	15	15131
18016	18	16	9851
18017	18	17	38628
18018	18	18	71316
18019	18	19	73
19001	19	1	9038
19002	19	2	3977
19003	19	3	15353
19004	19	4	3043
19005	19	5	2592
19006	19	6	3700
19007	19	7	606
19008	19	8	2199
19009	19	9	1519
19010	19	10	4524
19011	19	11	25774
19012	19	12	7395
19013	19	13	3729
19014	19	14	768
19015	19	15	3967
19016	19	16	730
19017	19	17	1015
19018	19	18	250
19019	19	19	105233
