faz_id	population_2000	population_2010	population_2020	population_2025	population_2030	population_2035	population_2040
8935.0	9011.0	10236.0	12142.0	13028.0	14154.0	15725.0	17217.0
8927.0	4718.0	5193.0	5731.0	5986.0	6422.0	7134.0	7643.0
8926.0	11969.0	13244.0	15090.0	16459.0	18073.0	20228.0	21852.0
8936.0	14758.0	16714.0	18023.0	18715.0	19535.0	20682.0	21390.0
8500.0	12274.0	14080.0	16660.0	17885.0	19234.0	21048.0	25146.0
8406.0	1392.0	1632.0	1771.0	2131.0	2522.0	3219.0	3578.0
8320.0	11552.0	11726.0	12699.0	13228.0	14067.0	15824.0	20119.0
8925.0	11195.0	13073.0	15502.0	16952.0	18398.0	20558.0	23329.0
8937.0	9016.0	10906.0	15143.0	17607.0	20558.0	24141.0	28495.0
8405.0	10570.0	12733.0	15982.0	18030.0	20399.0	22700.0	24958.0
8310.0	26645.0	28590.0	31185.0	32105.0	32856.0	34169.0	37002.0
8910.0	12656.0	13838.0	16251.0	17682.0	19504.0	21576.0	23711.0
7905.0	15692.0	18842.0	23807.0	26207.0	28053.0	29995.0	33752.0
7606.0	1410.0	2875.0	4622.0	5187.0	5676.0	5979.0	6253.0
7805.0	15497.0	17348.0	22032.0	23937.0	25979.0	28080.0	29512.0
8220.0	16453.0	17070.0	17524.0	18023.0	19197.0	21066.0	22079.0
8000.0	11022.0	13377.0	15162.0	15654.0	16036.0	16019.0	17114.0
8906.0	7869.0	8622.0	9351.0	9765.0	10332.0	10809.0	11025.0
8210.0	7665.0	9259.0	10185.0	11656.0	13506.0	15074.0	14915.0
9020.0	12685.0	14925.0	19070.0	20941.0	22642.0	24146.0	25398.0
8125.0	15712.0	17784.0	19698.0	20280.0	20929.0	21823.0	22664.0
8126.0	11598.0	12956.0	14225.0	14832.0	16079.0	17478.0	18950.0
8905.0	8012.0	9176.0	10068.0	10545.0	11162.0	11876.0	12252.0
7806.0	3987.0	4677.0	6595.0	7730.0	9064.0	10540.0	11626.0
7700.0	7866.0	8628.0	8709.0	8744.0	8735.0	8762.0	8772.0
7526.0	14008.0	14826.0	15586.0	15960.0	16144.0	16402.0	17127.0
7340.0	21189.0	25097.0	27584.0	28909.0	30134.0	31429.0	33208.0
7605.0	1815.0	1954.0	2052.0	2099.0	2138.0	2213.0	2247.0
7537.0	17689.0	18419.0	25762.0	26649.0	27423.0	28369.0	29418.0
8115.0	24796.0	25257.0	30760.0	32115.0	33247.0	34931.0	37260.0
7335.0	28856.0	32650.0	36326.0	37375.0	38663.0	40106.0	42175.0
8600.0	14110.0	15590.0	18485.0	20241.0	21415.0	22277.0	23533.0
7425.0	18072.0	25755.0	29491.0	31354.0	32997.0	34573.0	36192.0
7535.0	12711.0	16606.0	27125.0	28570.0	29773.0	30936.0	34078.0
7525.0	14361.0	15212.0	15979.0	16461.0	17435.0	18944.0	21309.0
7436.0	5649.0	6103.0	6380.0	6511.0	6649.0	6735.0	6741.0
9019.0	13389.0	14867.0	16733.0	18215.0	19962.0	22035.0	23774.0
7026.0	9812.0	10866.0	11352.0	11529.0	11716.0	11805.0	11773.0
7205.0	13695.0	14171.0	14773.0	14924.0	15191.0	15680.0	16393.0
7515.0	3255.0	4165.0	5066.0	5320.0	5595.0	5862.0	6323.0
7320.0	20913.0	25105.0	28484.0	29752.0	31029.0	32545.0	35234.0
7206.0	16463.0	17405.0	17781.0	17803.0	18140.0	18781.0	19478.0
7315.0	15301.0	17006.0	19129.0	20201.0	21290.0	22839.0	24553.0
7435.0	7483.0	8284.0	8946.0	9305.0	9668.0	10005.0	10203.0
7316.0	17528.0	19629.0	22037.0	22850.0	23396.0	23870.0	24320.0
7025.0	18563.0	21803.0	22495.0	22933.0	23347.0	23730.0	23902.0
7415.0	6707.0	9178.0	11525.0	12692.0	13416.0	14028.0	14889.0
7100.0	19808.0	21142.0	28334.0	30362.0	31836.0	32395.0	34725.0
7015.0	15802.0	17922.0	18526.0	18842.0	19255.0	19641.0	20063.0
9908.0	4295.0	3909.0	3812.0	3778.0	3729.0	3653.0	3626.0
6410.0	34263.0	38992.0	42803.0	45636.0	50023.0	56087.0	60219.0
6420.0	30892.0	35284.0	37728.0	39555.0	42795.0	48010.0	51990.0
5535.0	19906.0	24851.0	30125.0	32066.0	34033.0	36481.0	40800.0
5600.0	12164.0	14311.0	16261.0	16772.0	17434.0	18179.0	19250.0
5546.0	15246.0	17207.0	19559.0	20383.0	21079.0	21875.0	22502.0
4706.0	11276.0	15023.0	15518.0	15911.0	16362.0	16624.0	16751.0
6605.0	9697.0	10485.0	11822.0	12819.0	13926.0	15317.0	16565.0
6910.0	3205.0	3787.0	4916.0	5572.0	6192.0	6909.0	7632.0
6606.0	4888.0	5108.0	5875.0	6426.0	7298.0	8368.0	9342.0
9909.0	4159.0	4725.0	5574.0	6160.0	6792.0	7613.0	9042.0
9011.0	6925.0	7893.0	10112.0	11224.0	12438.0	13755.0	15905.0
5525.0	12304.0	13978.0	15625.0	16388.0	17088.0	18070.0	18848.0
5515.0	23477.0	27595.0	29913.0	30673.0	31718.0	32481.0	32996.0
6326.0	21384.0	24364.0	24683.0	25043.0	25316.0	25704.0	25738.0
9914.0	14875.0	17364.0	20062.0	21549.0	22896.0	23735.0	23933.0
5545.0	11356.0	14465.0	17108.0	17958.0	18643.0	19211.0	19990.0
6223.0	25465.0	28475.0	28884.0	29037.0	29528.0	30142.0	30147.0
5306.0	20662.0	23779.0	25095.0	25485.0	25873.0	25871.0	26441.0
6325.0	32878.0	36535.0	36591.0	36955.0	37232.0	37383.0	37040.0
9009.0	4212.0	4736.0	5226.0	5615.0	5939.0	6306.0	6598.0
9006.0	8707.0	10155.0	12015.0	13677.0	15305.0	16421.0	17166.0
6225.0	17284.0	19769.0	20586.0	21485.0	22328.0	22687.0	22976.0
9018.0	14279.0	14925.0	20390.0	22159.0	23422.0	24677.0	25771.0
5425.0	33141.0	36651.0	40586.0	42060.0	43068.0	43615.0	45770.0
5305.0	22495.0	27127.0	29466.0	30071.0	30485.0	30631.0	30882.0
5426.0	13365.0	19325.0	21963.0	22901.0	23718.0	24656.0	25696.0
6226.0	28854.0	32673.0	32999.0	33300.0	33594.0	33750.0	33675.0
6126.0	12093.0	13781.0	13833.0	13904.0	14021.0	14113.0	14359.0
6224.0	20564.0	23048.0	23127.0	23452.0	23631.0	23669.0	23591.0
6216.0	14836.0	16439.0	16247.0	16300.0	16305.0	16265.0	16148.0
6316.0	25107.0	29389.0	29987.0	30398.0	30578.0	30459.0	30130.0
6215.0	22095.0	22198.0	22507.0	22835.0	22921.0	22834.0	22729.0
5100.0	7331.0	8646.0	8625.0	8694.0	8702.0	8688.0	8676.0
6213.0	16191.0	18702.0	18821.0	19231.0	19484.0	19585.0	19502.0
9005.0	4689.0	5133.0	5686.0	6269.0	7158.0	8185.0	9160.0
6124.0	22732.0	26208.0	27026.0	27320.0	27570.0	27665.0	27598.0
6125.0	8758.0	10246.0	10335.0	10490.0	10612.0	10584.0	10565.0
6214.0	305.0	395.0	404.0	411.0	421.0	431.0	435.0
5415.0	12667.0	14642.0	15802.0	16151.0	16517.0	17241.0	17856.0
5205.0	11736.0	12113.0	12643.0	13053.0	13545.0	13912.0	14688.0
9916.0	9829.0	11075.0	15847.0	17580.0	18762.0	19662.0	20516.0
9913.0	5353.0	6195.0	7262.0	7614.0	7884.0	8089.0	8202.0
9915.0	13917.0	15126.0	21144.0	23811.0	25895.0	27301.0	29281.0
4606.0	20600.0	23727.0	26914.0	28492.0	30127.0	31364.0	32755.0
6115.0	19979.0	23384.0	23813.0	24072.0	24254.0	24271.0	24309.0
4820.0	6994.0	7966.0	8164.0	8313.0	8389.0	8429.0	8436.0
9017.0	3133.0	3457.0	3816.0	4067.0	4280.0	4709.0	5361.0
6123.0	10618.0	17181.0	19569.0	20935.0	21495.0	21689.0	21554.0
6114.0	29799.0	34591.0	35665.0	36412.0	37012.0	37277.0	37100.0
4607.0	10004.0	21983.0	26453.0	28822.0	31122.0	33696.0	36757.0
6505.0	5119.0	11878.0	12767.0	13158.0	13688.0	14311.0	15042.0
5020.0	24059.0	24913.0	25392.0	25565.0	25434.0	26590.0	27810.0
6113.0	26703.0	35185.0	40737.0	43742.0	44670.0	45297.0	45859.0
5010.0	17875.0	19216.0	19881.0	19984.0	20332.0	20683.0	21153.0
6020.0	8618.0	16528.0	19624.0	22487.0	24430.0	25615.0	26029.0
4900.0	2201.0	5775.0	10091.0	14184.0	17387.0	22371.0	26621.0
6010.0	6069.0	11425.0	14445.0	15988.0	16789.0	17292.0	18018.0
4400.0	21758.0	24592.0	25049.0	25174.0	25258.0	25280.0	25160.0
9900.0	6675.0	7428.0	10153.0	10958.0	11481.0	11877.0	12176.0
9904.0	9762.0	11285.0	13051.0	14082.0	14639.0	15144.0	15922.0
9902.0	20850.0	23662.0	30653.0	31689.0	32347.0	32627.0	32912.0
4810.0	8764.0	10226.0	10558.0	10772.0	11017.0	11137.0	11257.0
5720.0	33868.0	38605.0	39066.0	39642.0	40177.0	40345.0	39998.0
9901.0	7168.0	7417.0	8969.0	9889.0	10819.0	12112.0	14219.0
5826.0	4316.0	6066.0	6278.0	6385.0	6490.0	6862.0	6931.0
5825.0	1923.0	2728.0	3402.0	3606.0	3653.0	3637.0	3624.0
5925.0	24218.0	26379.0	26334.0	26570.0	26892.0	27526.0	27515.0
9015.0	12908.0	14393.0	15318.0	16303.0	17189.0	17899.0	17990.0
4506.0	15793.0	17163.0	18066.0	18688.0	19319.0	19833.0	20200.0
4605.0	19987.0	23043.0	25848.0	26979.0	27877.0	28509.0	29718.0
9002.0	21796.0	24239.0	35579.0	39389.0	42223.0	44457.0	47593.0
4226.0	14368.0	16287.0	18480.0	19284.0	20149.0	20676.0	21029.0
4505.0	15385.0	16707.0	17170.0	17348.0	17390.0	17592.0	17817.0
4225.0	10973.0	15711.0	17322.0	18254.0	19178.0	20172.0	21408.0
5716.0	24027.0	25410.0	26029.0	25911.0	26225.0	26473.0	26688.0
5916.0	33393.0	35490.0	35972.0	36173.0	36516.0	37158.0	37315.0
4300.0	10211.0	11079.0	11826.0	12361.0	12949.0	13705.0	14113.0
5815.0	4658.0	4923.0	4939.0	4976.0	5050.0	5212.0	5104.0
9004.0	14436.0	16939.0	18502.0	19827.0	21862.0	24254.0	26752.0
5715.0	16670.0	18269.0	18377.0	18511.0	18623.0	18654.0	18517.0
3330.0	12181.0	13309.0	14665.0	15776.0	16925.0	18195.0	19045.0
6506.0	13784.0	14720.0	16072.0	16852.0	18005.0	19188.0	20284.0
5915.0	18907.0	19774.0	20397.0	20444.0	20539.0	20695.0	20849.0
3905.0	7689.0	8718.0	10833.0	11236.0	11572.0	11858.0	12231.0
4130.0	12562.0	16667.0	18266.0	18499.0	18874.0	18748.0	19125.0
6930.0	10267.0	11406.0	11321.0	11308.0	11390.0	11407.0	11388.0
3825.0	16734.0	19167.0	21181.0	21510.0	21937.0	22335.0	23314.0
4120.0	16699.0	19070.0	20787.0	21125.0	21692.0	22070.0	22510.0
3816.0	21840.0	23013.0	25410.0	25939.0	26341.0	27333.0	27221.0
4210.0	15813.0	21410.0	25601.0	27411.0	29030.0	30030.0	31107.0
9016.0	10454.0	11869.0	13269.0	14720.0	16340.0	18129.0	19403.0
4005.0	10988.0	13307.0	15581.0	16125.0	16773.0	17392.0	18724.0
4230.0	9476.0	10282.0	11978.0	12743.0	13345.0	13873.0	14217.0
3815.0	18472.0	20247.0	20738.0	20880.0	21083.0	21170.0	21189.0
3705.0	29415.0	30350.0	31516.0	31994.0	33005.0	33699.0	36187.0
3900.0	4876.0	5578.0	6058.0	6458.0	7366.0	7680.0	7857.0
4110.0	16709.0	18583.0	20741.0	21815.0	23184.0	24757.0	28551.0
3416.0	21113.0	22929.0	24257.0	24750.0	25311.0	26501.0	28436.0
3413.0	6514.0	8041.0	10223.0	11211.0	11874.0	12576.0	13073.0
3706.0	15343.0	16718.0	18366.0	18904.0	19130.0	19134.0	19345.0
3600.0	16432.0	18304.0	20205.0	21029.0	22328.0	23952.0	25884.0
3415.0	20227.0	23490.0	28618.0	30565.0	31803.0	33128.0	35192.0
3320.0	24162.0	26840.0	29827.0	31207.0	32427.0	33463.0	33987.0
3505.0	32688.0	36480.0	42249.0	44002.0	44707.0	45723.0	47100.0
3414.0	22931.0	25209.0	28022.0	28798.0	29223.0	29781.0	29861.0
6900.0	7195.0	7787.0	8814.0	9652.0	10632.0	11627.0	12413.0
2940.0	11987.0	14052.0	17454.0	20158.0	23285.0	26282.0	28475.0
2216.0	15732.0	17521.0	19694.0	20884.0	22036.0	22905.0	23713.0
3046.0	22021.0	23118.0	24171.0	24534.0	24808.0	25193.0	25742.0
2225.0	11442.0	13320.0	16238.0	17773.0	19353.0	21320.0	24399.0
3426.0	15276.0	18187.0	22513.0	23930.0	25042.0	26045.0	26827.0
3427.0	16910.0	19617.0	23056.0	24238.0	25234.0	26209.0	27189.0
3045.0	25504.0	27020.0	29188.0	30264.0	31007.0	31878.0	32198.0
3310.0	13327.0	15822.0	19297.0	20719.0	24774.0	29223.0	33899.0
3030.0	28441.0	33253.0	42621.0	47231.0	50685.0	53522.0	55232.0
3130.0	14594.0	15536.0	16376.0	16892.0	17353.0	17687.0	18722.0
3010.0	40623.0	41551.0	44258.0	45436.0	46741.0	47898.0	49393.0
3020.0	21492.0	22637.0	23557.0	23967.0	24379.0	25198.0	29371.0
3425.0	14190.0	16934.0	20432.0	22007.0	23425.0	24632.0	25106.0
2100.0	17970.0	19689.0	20969.0	21409.0	21786.0	22206.0	22962.0
1606.0	12269.0	12900.0	13391.0	13657.0	13921.0	14049.0	14356.0
2215.0	14968.0	16929.0	18546.0	19447.0	20119.0	20501.0	20942.0
1720.0	24244.0	26608.0	27046.0	27490.0	28515.0	29809.0	30210.0
3120.0	22867.0	23423.0	24071.0	24671.0	25715.0	27762.0	31987.0
1900.0	277.0	685.0	983.0	982.0	981.0	967.0	960.0
3110.0	7462.0	8074.0	9345.0	9605.0	9678.0	9707.0	9625.0
3200.0	19129.0	19833.0	21674.0	22793.0	23946.0	25235.0	26340.0
1605.0	16521.0	17505.0	17937.0	18040.0	18224.0	18264.0	18255.0
2000.0	6329.0	8385.0	11629.0	12824.0	13968.0	14832.0	15804.0
1820.0	5469.0	7424.0	7765.0	7885.0	8114.0	8386.0	8465.0
1200.0	14209.0	15807.0	18054.0	19118.0	20028.0	20771.0	21192.0
1710.0	19606.0	21362.0	21922.0	22331.0	23144.0	25275.0	27496.0
1810.0	2885.0	3602.0	3605.0	3705.0	3965.0	5060.0	5858.0
900.0	8600.0	9429.0	10532.0	11206.0	11710.0	11970.0	12306.0
806.0	16097.0	21059.0	30878.0	34528.0	37593.0	40863.0	43614.0
1506.0	21148.0	22478.0	23926.0	24672.0	25323.0	25707.0	25786.0
1410.0	10787.0	11516.0	11690.0	11910.0	12250.0	12660.0	12892.0
1505.0	17772.0	19672.0	21436.0	22051.0	22632.0	22853.0	23273.0
1330.0	20482.0	20118.0	22128.0	22950.0	23498.0	23721.0	23528.0
1000.0	9075.0	9685.0	10146.0	10344.0	10602.0	10703.0	10755.0
1320.0	17449.0	18588.0	18440.0	18539.0	18521.0	18403.0	18077.0
1420.0	10742.0	12192.0	12439.0	12876.0	13826.0	16493.0	20940.0
1130.0	4101.0	4633.0	5627.0	6196.0	6825.0	7134.0	7539.0
1116.0	13432.0	15432.0	18031.0	18713.0	19439.0	20257.0	20586.0
1310.0	24093.0	25823.0	27305.0	27673.0	27954.0	27921.0	27635.0
805.0	16583.0	18391.0	22914.0	24645.0	25972.0	26734.0	27603.0
1115.0	9069.0	11074.0	14439.0	16360.0	17956.0	18660.0	18855.0
205.0	12168.0	12903.0	13199.0	13292.0	13448.0	13474.0	13455.0
136.0	11052.0	11458.0	11702.0	11856.0	11914.0	11955.0	11964.0
1120.0	26987.0	30024.0	35112.0	37655.0	39702.0	41560.0	44056.0
705.0	14288.0	15826.0	18510.0	20664.0	22409.0	27338.0	32735.0
120.0	10805.0	11480.0	12034.0	12319.0	12617.0	12963.0	13043.0
325.0	19030.0	20076.0	22360.0	23499.0	25368.0	26017.0	26375.0
135.0	14443.0	15962.0	17234.0	17542.0	17881.0	18022.0	17981.0
706.0	11558.0	12041.0	13023.0	13791.0	14761.0	16033.0	17352.0
206.0	12072.0	13164.0	13412.0	13573.0	13618.0	13592.0	13618.0
2910.0	1642.0	2132.0	3488.0	3778.0	4111.0	4485.0	5196.0
315.0	13152.0	13963.0	14513.0	14985.0	15689.0	16033.0	16060.0
2935.0	16901.0	9925.0	9751.0	9649.0	9464.0	9324.0	9175.0
605.0	18511.0	19956.0	22825.0	25074.0	27887.0	29679.0	30595.0
606.0	13823.0	16152.0	22819.0	26678.0	30016.0	32788.0	35033.0
506.0	15330.0	20210.0	26019.0	28751.0	31248.0	34342.0	38917.0
110.0	4742.0	5022.0	5157.0	5209.0	5220.0	5313.0	5548.0
505.0	27198.0	36132.0	45472.0	51950.0	57490.0	62132.0	67732.0
2936.0	2149.0	5615.0	6940.0	7248.0	7483.0	7612.0	8168.0
405.0	18236.0	20269.0	24515.0	27378.0	30822.0	32789.0	35155.0
2926.0	23027.0	24108.0	25141.0	26017.0	27194.0	28659.0	30037.0
2925.0	12603.0	14441.0	15371.0	16525.0	18237.0	21434.0	25475.0
2927.0	5092.0	5721.0	6648.0	7911.0	9872.0	13140.0	18245.0
