faz_id	households_2000	households_2010	households_2020	households_2025	households_2030	households_2035	households_2040
8935.0	3283.0	3713.0	4615.0	4924.0	5324.0	5982.0	6883.0
8927.0	1666.0	1820.0	2040.0	2148.0	2297.0	2576.0	2834.0
8926.0	4308.0	4720.0	5504.0	5972.0	6539.0	7439.0	8316.0
8936.0	5348.0	6024.0	6634.0	6856.0	7177.0	7668.0	8099.0
8500.0	4570.0	5282.0	6532.0	6947.0	7447.0	8445.0	10988.0
8406.0	502.0	564.0	625.0	747.0	894.0	1166.0	1334.0
8320.0	3761.0	3951.0	4455.0	4655.0	4991.0	5767.0	7815.0
8925.0	3888.0	4500.0	5562.0	6011.0	6552.0	7447.0	8830.0
8937.0	3315.0	3928.0	5596.0	6413.0	7448.0	8845.0	10843.0
8405.0	3383.0	4138.0	5442.0	6128.0	6978.0	7896.0	9040.0
8310.0	10159.0	10976.0	12230.0	12568.0	12896.0	13682.0	15580.0
8910.0	4679.0	5079.0	6069.0	6542.0	7218.0	8085.0	9154.0
7905.0	5382.0	6547.0	8627.0	9429.0	10129.0	10982.0	13079.0
7606.0	531.0	1009.0	1661.0	1846.0	1991.0	2100.0	2246.0
7805.0	5189.0	5873.0	7786.0	8408.0	9130.0	9980.0	10746.0
8220.0	7009.0	7496.0	7914.0	8196.0	8881.0	10087.0	10836.0
8000.0	4097.0	5112.0	5864.0	6024.0	6202.0	6243.0	6886.0
8906.0	2622.0	2864.0	3181.0	3317.0	3531.0	3745.0	3888.0
8210.0	3743.0	4484.0	5041.0	5808.0	6824.0	7734.0	7740.0
9020.0	4910.0	5648.0	7409.0	8045.0	8634.0	9248.0	9985.0
8125.0	6191.0	7001.0	7825.0	8054.0	8341.0	8791.0	9312.0
8126.0	4755.0	5327.0	5927.0	6217.0	6818.0	7579.0	8444.0
8905.0	2718.0	3098.0	3519.0	3677.0	3908.0	4204.0	4453.0
7806.0	1406.0	1654.0	2413.0	2786.0	3233.0	3806.0	4337.0
7700.0	3199.0	3509.0	3599.0	3605.0	3610.0	3660.0	3694.0
7526.0	5074.0	5434.0	5822.0	5959.0	6056.0	6223.0	6642.0
7340.0	7173.0	8604.0	9733.0	10178.0	10654.0	11230.0	12272.0
7605.0	634.0	679.0	727.0	741.0	762.0	795.0	813.0
7537.0	7062.0	7769.0	11704.0	12102.0	12473.0	12971.0	13839.0
8115.0	10196.0	10615.0	13784.0	14360.0	14927.0	15943.0	17670.0
7335.0	10953.0	12274.0	14013.0	14411.0	14967.0	15763.0	17140.0
8600.0	4919.0	5518.0	6769.0	7335.0	7751.0	8153.0	8822.0
7425.0	5817.0	8358.0	9892.0	10509.0	11110.0	11786.0	12624.0
7535.0	5540.0	7004.0	12279.0	12832.0	13353.0	14050.0	16069.0
7525.0	5107.0	5467.0	5863.0	6068.0	6466.0	7279.0	8694.0
7436.0	1915.0	2056.0	2198.0	2239.0	2282.0	2332.0	2356.0
9019.0	5069.0	5514.0	6281.0	6780.0	7393.0	8280.0	9216.0
7026.0	3661.0	4022.0	4258.0	4281.0	4314.0	4354.0	4383.0
7205.0	5304.0	5591.0	5915.0	5988.0	6116.0	6430.0	6904.0
7515.0	1323.0	1668.0	2076.0	2192.0	2302.0	2445.0	2727.0
7320.0	7911.0	9428.0	10822.0	11221.0	11699.0	12434.0	13921.0
7206.0	6972.0	7615.0	7901.0	7916.0	8098.0	8445.0	8936.0
7315.0	5359.0	5974.0	6849.0	7220.0	7667.0	8445.0	9548.0
7435.0	2529.0	2764.0	3044.0	3152.0	3279.0	3430.0	3545.0
7316.0	6288.0	7058.0	8036.0	8294.0	8487.0	8698.0	9022.0
7025.0	8475.0	9687.0	10021.0	10165.0	10321.0	10538.0	10753.0
7415.0	2503.0	3358.0	4262.0	4618.0	4857.0	5106.0	5591.0
7100.0	7850.0	8321.0	12300.0	13187.0	13907.0	14285.0	15755.0
7015.0	6611.0	7432.0	7757.0	7857.0	8041.0	8245.0	8500.0
9908.0	1183.0	1090.0	1069.0	1061.0	1050.0	1033.0	1029.0
6410.0	13727.0	15546.0	17408.0	18672.0	20904.0	24180.0	26828.0
6420.0	12319.0	13944.0	15156.0	16036.0	17553.0	20488.0	22920.0
5535.0	7834.0	9673.0	11787.0	12528.0	13397.0	14782.0	17547.0
5600.0	5004.0	5753.0	6584.0	6753.0	7002.0	7397.0	8092.0
5546.0	5393.0	6158.0	7203.0	7550.0	7889.0	8339.0	8789.0
4706.0	3540.0	4761.0	5056.0	5176.0	5349.0	5523.0	5670.0
6605.0	3289.0	3588.0	4148.0	4465.0	4865.0	5447.0	6072.0
6910.0	1234.0	1431.0	1899.0	2121.0	2329.0	2600.0	2934.0
6606.0	1737.0	1842.0	2153.0	2318.0	2605.0	3024.0	3459.0
9909.0	1492.0	1679.0	2068.0	2274.0	2522.0	2861.0	3739.0
9011.0	2992.0	3303.0	4382.0	4764.0	5194.0	5723.0	6786.0
5525.0	4883.0	5546.0	6248.0	6523.0	6807.0	7272.0	7771.0
5515.0	9064.0	10571.0	11627.0	11891.0	12227.0	12544.0	12910.0
6326.0	10358.0	11675.0	11869.0	12044.0	12211.0	12517.0	12644.0
9914.0	5468.0	6206.0	7308.0	7789.0	8250.0	8609.0	8778.0
5545.0	3750.0	4896.0	5974.0	6237.0	6469.0	6718.0	7171.0
6223.0	11610.0	13089.0	13451.0	13558.0	13882.0	14305.0	14456.0
5306.0	9358.0	10525.0	11098.0	11224.0	11329.0	11311.0	11720.0
6325.0	15100.0	16472.0	16655.0	16798.0	16953.0	17059.0	17086.0
9009.0	1588.0	1739.0	1965.0	2092.0	2213.0	2368.0	2534.0
9006.0	3047.0	3474.0	4309.0	4875.0	5445.0	5943.0	6399.0
6225.0	8755.0	10054.0	10662.0	11098.0	11550.0	11833.0	12149.0
9018.0	5450.0	5706.0	8342.0	8946.0	9436.0	10051.0	10667.0
5425.0	14197.0	15585.0	17199.0	17667.0	18029.0	18298.0	19507.0
5305.0	10271.0	11889.0	12912.0	13097.0	13261.0	13353.0	13534.0
5426.0	4804.0	6938.0	8212.0	8562.0	8902.0	9329.0	9881.0
6226.0	12686.0	14338.0	14672.0	14753.0	14869.0	15003.0	15096.0
6126.0	5369.0	6011.0	6078.0	6068.0	6090.0	6142.0	6292.0
6224.0	10110.0	11108.0	11197.0	11268.0	11355.0	11399.0	11396.0
6216.0	6162.0	6847.0	6858.0	6903.0	6927.0	6962.0	6966.0
6316.0	13137.0	14940.0	15360.0	15512.0	15577.0	15604.0	15576.0
6215.0	10917.0	11026.0	11368.0	11557.0	11588.0	11611.0	11735.0
5100.0	2701.0	3072.0	3087.0	3099.0	3100.0	3110.0	3117.0
6213.0	8879.0	9842.0	9980.0	10163.0	10287.0	10349.0	10341.0
9005.0	1667.0	1837.0	2101.0	2297.0	2614.0	3053.0	3495.0
6124.0	13097.0	14300.0	14698.0	14788.0	14890.0	14944.0	14931.0
6125.0	4868.0	5437.0	5503.0	5575.0	5628.0	5642.0	5643.0
6214.0	213.0	238.0	237.0	237.0	238.0	238.0	238.0
5415.0	5284.0	6055.0	6556.0	6692.0	6860.0	7258.0	7809.0
5205.0	5388.0	5552.0	5808.0	5988.0	6199.0	6437.0	6970.0
9916.0	3553.0	3979.0	6173.0	6764.0	7206.0	7601.0	8198.0
9913.0	2509.0	2744.0	3206.0	3304.0	3393.0	3467.0	3552.0
9915.0	4990.0	5434.0	8370.0	9328.0	10129.0	10822.0	12027.0
4606.0	6865.0	7983.0	9301.0	9815.0	10392.0	10916.0	11635.0
6115.0	10042.0	11413.0	11613.0	11742.0	11842.0	11901.0	11971.0
4820.0	3295.0	3623.0	3723.0	3755.0	3779.0	3801.0	3830.0
9017.0	1228.0	1313.0	1471.0	1548.0	1618.0	1819.0	2139.0
6123.0	6909.0	9844.0	11327.0	12215.0	12582.0	12677.0	12661.0
6114.0	14210.0	16670.0	17364.0	17744.0	18068.0	18332.0	18400.0
4607.0	3175.0	7427.0	9431.0	10238.0	11074.0	12112.0	13529.0
6505.0	1923.0	3966.0	4391.0	4542.0	4729.0	5026.0	5407.0
5020.0	9722.0	10088.0	10394.0	10467.0	10421.0	11061.0	11815.0
6113.0	18606.0	22307.0	25479.0	26979.0	27290.0	27704.0	28134.0
5010.0	8095.0	8525.0	8844.0	8895.0	9046.0	9247.0	9657.0
6020.0	6775.0	10342.0	12058.0	13524.0	14538.0	15274.0	15596.0
4900.0	1548.0	3433.0	6023.0	8018.0	9589.0	12389.0	15044.0
6010.0	4463.0	7007.0	8788.0	9581.0	10001.0	10295.0	10815.0
4400.0	8442.0	9321.0	9566.0	9603.0	9641.0	9679.0	9656.0
9900.0	2890.0	3131.0	4436.0	4704.0	4913.0	5094.0	5306.0
9904.0	4465.0	4974.0	5746.0	6043.0	6250.0	6539.0	7033.0
9902.0	9212.0	10198.0	13709.0	14029.0	14235.0	14427.0	14862.0
4810.0	3979.0	4517.0	4702.0	4767.0	4825.0	4888.0	4963.0
5720.0	16633.0	18585.0	18936.0	19201.0	19432.0	19560.0	19463.0
9901.0	2552.0	2677.0	3287.0	3594.0	3943.0	4485.0	5562.0
5826.0	2105.0	2960.0	3099.0	3164.0	3233.0	3421.0	3494.0
5825.0	967.0	1403.0	1846.0	1975.0	2016.0	2019.0	2019.0
5925.0	9452.0	10893.0	11119.0	11313.0	11600.0	12172.0	12342.0
9015.0	4650.0	5096.0	5578.0	5902.0	6214.0	6573.0	6719.0
4506.0	6415.0	6979.0	7412.0	7682.0	8028.0	8329.0	8618.0
4605.0	7181.0	8423.0	9722.0	10114.0	10472.0	10836.0	11513.0
9002.0	8505.0	9324.0	14680.0	15957.0	17023.0	18055.0	20026.0
4226.0	5598.0	6226.0	7055.0	7298.0	7578.0	7773.0	8003.0
4505.0	5246.0	5722.0	5958.0	6011.0	6036.0	6102.0	6278.0
4225.0	4139.0	5798.0	6537.0	6853.0	7200.0	7585.0	8221.0
5716.0	8976.0	10200.0	10768.0	10820.0	11090.0	11455.0	11842.0
5916.0	11529.0	13371.0	14049.0	14296.0	14677.0	15362.0	15849.0
4300.0	4443.0	4760.0	5071.0	5250.0	5447.0	5739.0	5995.0
5815.0	1811.0	2042.0	2107.0	2138.0	2213.0	2342.0	2372.0
9004.0	5164.0	5946.0	6754.0	7207.0	7931.0	8943.0	10193.0
5715.0	7352.0	7974.0	8046.0	8065.0	8105.0	8142.0	8158.0
3330.0	4378.0	4707.0	5255.0	5612.0	6017.0	6525.0	6957.0
6506.0	5122.0	5422.0	6003.0	6253.0	6647.0	7137.0	7760.0
5915.0	6726.0	7436.0	7930.0	8013.0	8154.0	8342.0	8565.0
3905.0	3112.0	3589.0	4423.0	4573.0	4681.0	4831.0	5091.0
4130.0	5878.0	7414.0	8180.0	8255.0	8400.0	8366.0	8599.0
6930.0	4194.0	4547.0	4533.0	4525.0	4554.0	4571.0	4595.0
3825.0	6525.0	7495.0	8351.0	8494.0	8695.0	8970.0	9629.0
4120.0	7324.0	8217.0	8967.0	9052.0	9286.0	9534.0	9878.0
3816.0	7983.0	8715.0	9934.0	10182.0	10425.0	11021.0	11249.0
4210.0	6199.0	8120.0	9774.0	10342.0	10891.0	11315.0	11902.0
9016.0	3641.0	4126.0	4765.0	5252.0	5815.0	6572.0	7286.0
4005.0	4338.0	5196.0	6115.0	6292.0	6552.0	6858.0	7650.0
4230.0	3356.0	3590.0	4233.0	4491.0	4705.0	4916.0	5095.0
3815.0	7897.0	8624.0	8829.0	8858.0	8911.0	8982.0	9098.0
3705.0	11790.0	12522.0	13144.0	13378.0	13859.0	14367.0	16022.0
3900.0	2404.0	2659.0	2866.0	3021.0	3421.0	3585.0	3726.0
4110.0	6972.0	7697.0	8573.0	8978.0	9521.0	10238.0	12122.0
3416.0	7762.0	8550.0	9199.0	9355.0	9586.0	10135.0	11128.0
3413.0	2296.0	2842.0	3723.0	4021.0	4259.0	4540.0	4784.0
3706.0	6049.0	6554.0	7218.0	7378.0	7465.0	7505.0	7616.0
3600.0	7251.0	8025.0	8901.0	9172.0	9690.0	10473.0	11557.0
3415.0	7313.0	8629.0	10732.0	11359.0	11815.0	12453.0	13586.0
3320.0	8020.0	9022.0	10330.0	10830.0	11296.0	11750.0	12132.0
3505.0	13617.0	15278.0	17777.0	18404.0	18695.0	19213.0	20405.0
3414.0	8012.0	8952.0	10212.0	10495.0	10669.0	10934.0	11182.0
6900.0	2657.0	2833.0	3291.0	3560.0	3921.0	4342.0	4775.0
2940.0	4555.0	5246.0	6676.0	7571.0	8684.0	9865.0	10988.0
2216.0	5554.0	6191.0	7158.0	7534.0	7962.0	8360.0	8857.0
3046.0	9134.0	9698.0	10288.0	10421.0	10537.0	10754.0	11146.0
2225.0	4571.0	5192.0	6326.0	6836.0	7366.0	8193.0	9604.0
3426.0	4840.0	5949.0	7692.0	8171.0	8603.0	9037.0	9491.0
3427.0	5856.0	6928.0	8385.0	8789.0	9144.0	9580.0	10117.0
3045.0	9951.0	10551.0	11544.0	11880.0	12183.0	12577.0	12915.0
3310.0	4499.0	5435.0	6796.0	7272.0	8754.0	10589.0	12960.0
3030.0	9877.0	11591.0	15285.0	16818.0	18018.0	19125.0	20037.0
3130.0	6501.0	6970.0	7374.0	7550.0	7754.0	7977.0	8662.0
3010.0	14575.0	15187.0	16618.0	17093.0	17644.0	18261.0	19222.0
3020.0	9030.0	9850.0	10430.0	10623.0	10868.0	11382.0	14095.0
3425.0	4821.0	5917.0	7367.0	7901.0	8403.0	8931.0	9343.0
2100.0	6519.0	7119.0	7707.0	7867.0	8001.0	8224.0	8648.0
1606.0	5360.0	5564.0	5811.0	5886.0	5942.0	6022.0	6159.0
2215.0	5848.0	6514.0	7254.0	7561.0	7821.0	7994.0	8293.0
1720.0	10478.0	11134.0	11425.0	11605.0	12075.0	12855.0	13252.0
3120.0	8725.0	9301.0	9822.0	10064.0	10502.0	11462.0	13679.0
1900.0	159.0	368.0	554.0	554.0	555.0	553.0	553.0
3110.0	2646.0	2946.0	3525.0	3622.0	3658.0	3707.0	3741.0
3200.0	6971.0	7292.0	8138.0	8499.0	8917.0	9491.0	10139.0
1605.0	7656.0	7973.0	8179.0	8177.0	8231.0	8270.0	8331.0
2000.0	2729.0	3563.0	4818.0	5232.0	5646.0	5987.0	6474.0
1820.0	3936.0	4600.0	4724.0	4761.0	4849.0	4984.0	5091.0
1200.0	5563.0	6157.0	7043.0	7388.0	7718.0	8025.0	8328.0
1710.0	7792.0	8710.0	9118.0	9339.0	9780.0	11160.0	12647.0
1810.0	1455.0	1791.0	1831.0	1901.0	2070.0	2731.0	3249.0
900.0	3589.0	3952.0	4445.0	4651.0	4820.0	4989.0	5266.0
806.0	5464.0	7223.0	11046.0	12267.0	13337.0	14624.0	16067.0
1506.0	8479.0	8934.0	9577.0	9804.0	10042.0	10244.0	10419.0
1410.0	4407.0	4757.0	4952.0	5061.0	5237.0	5484.0	5750.0
1505.0	7455.0	8162.0	8977.0	9178.0	9398.0	9542.0	9834.0
1330.0	6925.0	7209.0	8178.0	8497.0	8760.0	8908.0	9012.0
1000.0	3449.0	3649.0	3863.0	3943.0	4019.0	4069.0	4139.0
1320.0	6637.0	7225.0	7337.0	7366.0	7363.0	7377.0	7409.0
1420.0	4211.0	4976.0	5219.0	5427.0	5976.0	7659.0	10421.0
1130.0	2006.0	2193.0	2547.0	2723.0	2923.0	3044.0	3321.0
1116.0	5667.0	6375.0	7408.0	7640.0	7916.0	8342.0	8707.0
1310.0	8980.0	9773.0	10490.0	10609.0	10716.0	10777.0	10831.0
805.0	5501.0	6254.0	8180.0	8807.0	9334.0	9769.0	10375.0
1115.0	3429.0	4126.0	5503.0	6092.0	6692.0	7001.0	7172.0
205.0	5216.0	5568.0	5763.0	5807.0	5866.0	5949.0	6018.0
136.0	4807.0	4936.0	5091.0	5139.0	5161.0	5191.0	5248.0
1120.0	10113.0	11345.0	13541.0	14435.0	15237.0	16099.0	17528.0
705.0	5093.0	5655.0	6783.0	7533.0	8166.0	10165.0	12730.0
120.0	4398.0	4594.0	4907.0	5017.0	5136.0	5312.0	5406.0
325.0	7485.0	8104.0	9236.0	9566.0	10257.0	10626.0	11034.0
135.0	5846.0	6344.0	6873.0	6983.0	7102.0	7170.0	7217.0
706.0	4079.0	4324.0	4787.0	5033.0	5397.0	5968.0	6632.0
206.0	5172.0	5759.0	5971.0	6026.0	6059.0	6106.0	6200.0
2910.0	599.0	792.0	1327.0	1422.0	1547.0	1690.0	2065.0
315.0	5339.0	5755.0	6017.0	6140.0	6389.0	6567.0	6674.0
2935.0	4583.0	2757.0	2738.0	2716.0	2684.0	2658.0	2637.0
605.0	6750.0	7356.0	8614.0	9316.0	10285.0	11017.0	11554.0
606.0	4967.0	5832.0	8552.0	9826.0	11003.0	12140.0	13320.0
506.0	5011.0	6673.0	9149.0	10017.0	10911.0	12166.0	14425.0
110.0	1951.0	2097.0	2188.0	2204.0	2217.0	2286.0	2491.0
505.0	8818.0	11907.0	16006.0	18178.0	20140.0	22165.0	25195.0
2936.0	868.0	1927.0	2517.0	2644.0	2731.0	2812.0	3077.0
405.0	6570.0	7404.0	9208.0	10143.0	11391.0	12293.0	13494.0
2926.0	7780.0	8193.0	8804.0	9117.0	9595.0	10255.0	11119.0
2925.0	4380.0	4982.0	5462.0	5840.0	6485.0	7813.0	9743.0
2927.0	1966.0	2202.0	2608.0	3017.0	3698.0	4999.0	7417.0
