faz_id	population_2020	population_2030	population_2040
8935.0	12466.0	13749.0	16845.0
8927.0	5525.0	6156.0	7473.0
8926.0	14749.0	17076.0	21266.0
8936.0	18083.0	19538.0	21376.0
8500.0	19557.0	21500.0	25336.0
8406.0	1707.0	2386.0	3547.0
8320.0	13414.0	16098.0	19150.0
8925.0	15297.0	17972.0	22943.0
8937.0	13906.0	19192.0	26886.0
8405.0	16684.0	19997.0	24624.0
8310.0	31981.0	34262.0	37636.0
8910.0	16365.0	19579.0	24505.0
7905.0	24273.0	28443.0	33123.0
7606.0	4362.0	5532.0	6095.0
7805.0	22120.0	26101.0	29484.0
8220.0	17622.0	19390.0	22053.0
8000.0	14807.0	15570.0	16372.0
8906.0	8965.0	9724.0	10581.0
8210.0	10059.0	13193.0	14825.0
9020.0	18261.0	21593.0	24710.0
8125.0	19453.0	20706.0	22045.0
8126.0	13988.0	16093.0	18668.0
8905.0	10220.0	11106.0	12125.0
7806.0	6144.0	8553.0	11495.0
7700.0	8746.0	8885.0	8840.0
7526.0	16128.0	16544.0	17783.0
7340.0	28924.0	31041.0	33861.0
7605.0	2022.0	2099.0	2146.0
7537.0	26307.0	28254.0	30365.0
8115.0	30900.0	33131.0	36811.0
7335.0	36950.0	39429.0	44045.0
8600.0	18387.0	21171.0	23521.0
7425.0	30404.0	33104.0	35709.0
7535.0	28308.0	31091.0	34045.0
7525.0	16396.0	17712.0	21157.0
7436.0	6120.0	6507.0	6563.0
9019.0	17017.0	19798.0	23074.0
7026.0	11330.0	11575.0	11711.0
7205.0	14369.0	15087.0	16302.0
7515.0	5506.0	5833.0	6441.0
7320.0	30501.0	32543.0	37329.0
7206.0	17851.0	18229.0	19453.0
7315.0	18559.0	20539.0	23977.0
7435.0	8583.0	9296.0	9925.0
7316.0	21737.0	23338.0	24359.0
7025.0	22984.0	24123.0	24448.0
7415.0	12075.0	13942.0	16590.0
7100.0	25271.0	28148.0	31816.0
7015.0	18651.0	19152.0	19989.0
9908.0	3630.0	3573.0	3502.0
6410.0	42164.0	48031.0	57902.0
6420.0	37613.0	41898.0	50475.0
5535.0	29518.0	33500.0	39504.0
5600.0	16560.0	17971.0	19394.0
5546.0	18295.0	20290.0	22042.0
4706.0	14614.0	15211.0	15751.0
6605.0	12505.0	14170.0	16990.0
6910.0	4493.0	5429.0	6838.0
6606.0	5639.0	6543.0	8540.0
9909.0	5477.0	6754.0	9051.0
9011.0	10264.0	12272.0	15853.0
5525.0	15303.0	17017.0	18148.0
5515.0	29276.0	31114.0	32527.0
6326.0	25280.0	25630.0	26201.0
9914.0	19285.0	22062.0	23136.0
5545.0	16565.0	18544.0	19877.0
6223.0	28969.0	30174.0	30187.0
5306.0	24822.0	25572.0	27851.0
6325.0	37379.0	37934.0	37576.0
9009.0	5356.0	5935.0	6501.0
9006.0	11953.0	15013.0	16929.0
6225.0	20847.0	21885.0	24817.0
9018.0	19434.0	23024.0	25485.0
5425.0	42214.0	46160.0	50703.0
5305.0	29256.0	30478.0	32146.0
5426.0	22302.0	23935.0	25906.0
6226.0	33335.0	33723.0	33933.0
6126.0	13917.0	14156.0	14518.0
6224.0	23575.0	23943.0	26243.0
6216.0	16575.0	16647.0	16339.0
6316.0	30349.0	31119.0	30544.0
6215.0	25983.0	26327.0	26859.0
5100.0	8589.0	8670.0	8586.0
6213.0	19153.0	19882.0	19736.0
9005.0	5823.0	7043.0	8949.0
6124.0	27419.0	28103.0	27936.0
6125.0	10380.0	10631.0	10565.0
6214.0	369.0	390.0	421.0
5415.0	16989.0	19212.0	22282.0
5205.0	12901.0	17129.0	21768.0
9916.0	14596.0	17596.0	19455.0
9913.0	7311.0	7703.0	7875.0
9915.0	20602.0	25516.0	28330.0
4606.0	26590.0	29982.0	32210.0
6115.0	23788.0	24334.0	24280.0
4820.0	8348.0	8594.0	8691.0
9017.0	3706.0	4166.0	5276.0
6123.0	19902.0	22664.0	29953.0
6114.0	35712.0	36788.0	36832.0
4607.0	28168.0	32048.0	37082.0
6505.0	14554.0	15406.0	16999.0
5020.0	26428.0	27363.0	28075.0
6113.0	40458.0	44032.0	45521.0
5010.0	20185.0	20838.0	21108.0
6020.0	19599.0	24448.0	26244.0
4900.0	9180.0	16078.0	26605.0
6010.0	13726.0	16207.0	18022.0
4400.0	24946.0	25234.0	24941.0
9900.0	8574.0	10479.0	12064.0
9904.0	13194.0	14826.0	16000.0
9902.0	27456.0	31204.0	33197.0
4810.0	10708.0	11039.0	11301.0
5720.0	39518.0	40426.0	40004.0
9901.0	8139.0	10395.0	13828.0
5826.0	6171.0	6754.0	6946.0
5825.0	3289.0	3627.0	3554.0
5925.0	26328.0	27006.0	27386.0
9015.0	15194.0	16623.0	17487.0
4506.0	18130.0	19132.0	20237.0
4605.0	26102.0	28089.0	29452.0
9002.0	34455.0	41454.0	45665.0
4226.0	18100.0	20050.0	20754.0
4505.0	17322.0	17692.0	17843.0
4225.0	18006.0	19178.0	21263.0
5716.0	26342.0	26174.0	26663.0
5916.0	37259.0	37432.0	38194.0
4300.0	11625.0	12777.0	13602.0
5815.0	5049.0	5096.0	5190.0
9004.0	18452.0	21647.0	26240.0
5715.0	18390.0	18604.0	18439.0
3330.0	13525.0	15195.0	17728.0
6506.0	15591.0	17497.0	19648.0
5915.0	20584.0	21082.0	20992.0
3905.0	10613.0	11754.0	12249.0
4130.0	18397.0	19006.0	19340.0
6930.0	10987.0	11086.0	11126.0
3825.0	21165.0	22584.0	23716.0
4120.0	20753.0	21897.0	22969.0
3816.0	24773.0	25885.0	26912.0
4210.0	25954.0	29260.0	31444.0
9016.0	12918.0	15708.0	18913.0
4005.0	15422.0	16886.0	18936.0
4230.0	11448.0	12854.0	13645.0
3815.0	20719.0	21104.0	21126.0
3705.0	31636.0	32996.0	36788.0
3900.0	6267.0	7260.0	8046.0
4110.0	19967.0	22215.0	27120.0
3416.0	24204.0	25177.0	27703.0
3413.0	9661.0	11637.0	12683.0
3706.0	18164.0	19114.0	19446.0
3600.0	21191.0	22607.0	27711.0
3415.0	28013.0	31635.0	34766.0
3320.0	31315.0	33865.0	36227.0
3505.0	41542.0	45595.0	47902.0
3414.0	28057.0	29541.0	30050.0
6900.0	8291.0	9724.0	11575.0
2940.0	16861.0	22069.0	26938.0
2216.0	19588.0	21924.0	23518.0
3046.0	24003.0	27548.0	30576.0
2225.0	16049.0	19523.0	24262.0
3426.0	21479.0	24975.0	26941.0
3427.0	24795.0	27656.0	30309.0
3045.0	28711.0	30591.0	31941.0
3310.0	21180.0	25689.0	33198.0
3030.0	41118.0	50025.0	54944.0
3130.0	16496.0	17367.0	18429.0
3010.0	42501.0	45680.0	48360.0
3020.0	23664.0	24670.0	28467.0
3425.0	19551.0	22851.0	24881.0
2100.0	20698.0	21846.0	22524.0
1606.0	13023.0	13468.0	13898.0
2215.0	18267.0	19903.0	20787.0
1720.0	26878.0	28159.0	29900.0
3120.0	24593.0	24900.0	30323.0
1900.0	953.0	967.0	952.0
3110.0	9429.0	9754.0	9699.0
3200.0	20802.0	23083.0	25640.0
1605.0	17564.0	17944.0	18130.0
2000.0	13116.0	15255.0	17044.0
1820.0	7546.0	9809.0	12295.0
1200.0	18128.0	20397.0	21219.0
1710.0	21927.0	22910.0	26527.0
1810.0	3672.0	6412.0	10184.0
900.0	10370.0	11535.0	12282.0
806.0	32738.0	38403.0	43839.0
1506.0	23436.0	24595.0	25211.0
1410.0	11516.0	11943.0	12851.0
1505.0	21434.0	22655.0	23421.0
1330.0	22374.0	23676.0	23835.0
1000.0	9903.0	10425.0	10496.0
1320.0	18343.0	18307.0	18054.0
1420.0	12613.0	13884.0	18190.0
1130.0	5620.0	6937.0	7399.0
1116.0	17809.0	19515.0	20532.0
1310.0	27197.0	27894.0	27617.0
805.0	22155.0	25704.0	26615.0
1115.0	13542.0	17329.0	18576.0
205.0	13200.0	13365.0	13306.0
136.0	11450.0	11718.0	11704.0
1120.0	34418.0	39437.0	43548.0
705.0	19702.0	23428.0	34748.0
120.0	11817.0	12561.0	13201.0
325.0	23578.0	26156.0	27101.0
135.0	16940.0	17914.0	17875.0
706.0	12827.0	14563.0	17172.0
206.0	13546.0	13762.0	13715.0
2910.0	3584.0	4183.0	5276.0
315.0	14814.0	15482.0	15796.0
2935.0	7460.0	7369.0	7098.0
605.0	22298.0	26449.0	28792.0
606.0	22615.0	29339.0	34459.0
506.0	26112.0	30877.0	37474.0
110.0	5044.0	5174.0	5466.0
505.0	46996.0	57008.0	65292.0
2936.0	8184.0	8738.0	9555.0
405.0	24759.0	29632.0	34073.0
2926.0	25212.0	26600.0	29447.0
2925.0	15546.0	17409.0	22745.0
2927.0	7009.0	9357.0	15649.0
