faz_id	households_2020	households_2030	households_2040
8935.0	4791.0	5216.0	6849.0
8927.0	2039.0	2245.0	2826.0
8926.0	5504.0	6304.0	8224.0
8936.0	6758.0	7304.0	8304.0
8500.0	7660.0	8394.0	10658.0
8406.0	620.0	853.0	1335.0
8320.0	5068.0	5847.0	7597.0
8925.0	5594.0	6486.0	8819.0
8937.0	5184.0	6940.0	10022.0
8405.0	5629.0	6785.0	8915.0
8310.0	12644.0	13452.0	15543.0
8910.0	6246.0	7374.0	9670.0
7905.0	8700.0	10165.0	12581.0
7606.0	1564.0	1954.0	2190.0
7805.0	7656.0	8999.0	10603.0
8220.0	8069.0	9032.0	10797.0
8000.0	5837.0	6191.0	6687.0
8906.0	3171.0	3433.0	3845.0
8210.0	4988.0	6454.0	7619.0
9020.0	7298.0	8410.0	9928.0
8125.0	7763.0	8201.0	9028.0
8126.0	5811.0	6740.0	8295.0
8905.0	3614.0	3894.0	4407.0
7806.0	2251.0	3034.0	4244.0
7700.0	3594.0	3641.0	3662.0
7526.0	6219.0	6364.0	7188.0
7340.0	10220.0	11018.0	12554.0
7605.0	748.0	767.0	809.0
7537.0	11622.0	12559.0	14061.0
8115.0	13552.0	14632.0	17008.0
7335.0	14720.0	15597.0	18506.0
8600.0	6652.0	7635.0	8796.0
7425.0	10095.0	11071.0	12380.0
7535.0	12520.0	13667.0	15508.0
7525.0	6132.0	6665.0	8589.0
7436.0	2176.0	2278.0	2334.0
9019.0	6522.0	7561.0	9114.0
7026.0	4239.0	4297.0	4370.0
7205.0	5767.0	6062.0	6865.0
7515.0	2169.0	2340.0	2707.0
7320.0	11518.0	12233.0	14809.0
7206.0	7866.0	8051.0	8885.0
7315.0	6708.0	7378.0	9313.0
7435.0	3007.0	3248.0	3519.0
7316.0	8022.0	8515.0	9134.0
7025.0	9971.0	10449.0	10738.0
7415.0	4408.0	5046.0	6289.0
7100.0	10656.0	11742.0	13473.0
7015.0	7794.0	7986.0	8491.0
9908.0	1118.0	1111.0	1092.0
6410.0	17357.0	20022.0	25572.0
6420.0	15186.0	17105.0	21969.0
5535.0	11405.0	12899.0	16372.0
5600.0	6692.0	7210.0	8134.0
5546.0	6941.0	7606.0	8616.0
4706.0	5122.0	5277.0	5560.0
6605.0	4428.0	5034.0	6351.0
6910.0	1686.0	1917.0	2526.0
6606.0	2018.0	2225.0	2994.0
9909.0	2050.0	2508.0	3714.0
9011.0	4514.0	5180.0	6764.0
5525.0	6346.0	6996.0	7739.0
5515.0	11499.0	12138.0	12842.0
6326.0	12054.0	12201.0	12752.0
9914.0	7222.0	8141.0	8707.0
5545.0	5773.0	6461.0	7124.0
6223.0	13416.0	14058.0	14298.0
5306.0	10943.0	11182.0	12670.0
6325.0	16660.0	16931.0	16978.0
9009.0	2052.0	2234.0	2533.0
9006.0	4360.0	5417.0	6362.0
6225.0	10506.0	11108.0	12986.0
9018.0	8154.0	9441.0	10725.0
5425.0	18070.0	19769.0	22453.0
5305.0	12853.0	13294.0	14392.0
5426.0	8232.0	8819.0	9879.0
6226.0	14468.0	14687.0	14932.0
6126.0	6026.0	6129.0	6340.0
6224.0	11215.0	11352.0	12277.0
6216.0	6819.0	6919.0	6921.0
6316.0	15497.0	15796.0	15640.0
6215.0	12700.0	12931.0	13403.0
5100.0	3083.0	3105.0	3103.0
6213.0	9956.0	10290.0	10295.0
9005.0	2229.0	2626.0	3483.0
6124.0	14666.0	14938.0	14907.0
6125.0	5540.0	5652.0	5657.0
6214.0	235.0	238.0	237.0
5415.0	7152.0	8552.0	10287.0
5205.0	5730.0	8013.0	11548.0
9916.0	5639.0	6735.0	7599.0
9913.0	3394.0	3479.0	3559.0
9915.0	8164.0	9864.0	11287.0
4606.0	9240.0	10379.0	11518.0
6115.0	11595.0	11865.0	11957.0
4820.0	3663.0	3738.0	3852.0
9017.0	1460.0	1609.0	2094.0
6123.0	11890.0	13417.0	18408.0
6114.0	17425.0	18051.0	18279.0
4607.0	9536.0	10884.0	13093.0
6505.0	4950.0	5348.0	6236.0
5020.0	10543.0	11010.0	11622.0
6113.0	25517.0	27143.0	28034.0
5010.0	8798.0	9032.0	9211.0
6020.0	12793.0	15042.0	16193.0
4900.0	5640.0	9396.0	15876.0
6010.0	8583.0	9724.0	10842.0
4400.0	9653.0	9735.0	9638.0
9900.0	3500.0	4324.0	5219.0
9904.0	5832.0	6369.0	7012.0
9902.0	11570.0	13308.0	14780.0
4810.0	4637.0	4767.0	4922.0
5720.0	19022.0	19464.0	19466.0
9901.0	3121.0	3883.0	5503.0
5826.0	3021.0	3327.0	3495.0
5825.0	1767.0	1969.0	1955.0
5925.0	11139.0	11673.0	12275.0
9015.0	5699.0	6213.0	6672.0
4506.0	7340.0	7790.0	8496.0
4605.0	10102.0	10856.0	11656.0
9002.0	14217.0	16525.0	18588.0
4226.0	6963.0	7572.0	7921.0
4505.0	5989.0	6108.0	6288.0
4225.0	6736.0	7124.0	8090.0
5716.0	10880.0	11076.0	11779.0
5916.0	14326.0	14763.0	15737.0
4300.0	5029.0	5420.0	5881.0
5815.0	2125.0	2201.0	2372.0
9004.0	6915.0	7997.0	10141.0
5715.0	8023.0	8091.0	8123.0
3330.0	4959.0	5353.0	6339.0
6506.0	5801.0	6379.0	7398.0
5915.0	7858.0	8143.0	8439.0
3905.0	4253.0	4648.0	4985.0
4130.0	8389.0	8611.0	8866.0
6930.0	4551.0	4535.0	4580.0
3825.0	8240.0	8842.0	9668.0
4120.0	8677.0	9117.0	9812.0
3816.0	9768.0	10308.0	11166.0
4210.0	9586.0	10694.0	11748.0
9016.0	4718.0	5732.0	7189.0
4005.0	5938.0	6470.0	7584.0
4230.0	4040.0	4480.0	4886.0
3815.0	8667.0	8798.0	8909.0
3705.0	13058.0	13701.0	15959.0
3900.0	2903.0	3298.0	3762.0
4110.0	8350.0	9187.0	11487.0
3416.0	9262.0	9636.0	10859.0
3413.0	3448.0	4046.0	4549.0
3706.0	7129.0	7400.0	7586.0
3600.0	9195.0	9720.0	12483.0
3415.0	10486.0	11690.0	13354.0
3320.0	11327.0	12358.0	13621.0
3505.0	17127.0	18647.0	20267.0
3414.0	10103.0	10685.0	11283.0
6900.0	3097.0	3483.0	4339.0
2940.0	6565.0	8270.0	10260.0
2216.0	7229.0	7998.0	8798.0
3046.0	10199.0	11571.0	13924.0
2225.0	6420.0	7574.0	9617.0
3426.0	7256.0	8391.0	9400.0
3427.0	9094.0	10277.0	11706.0
3045.0	11369.0	12025.0	12774.0
3310.0	7371.0	8857.0	12269.0
3030.0	14764.0	17633.0	19919.0
3130.0	7385.0	7717.0	8503.0
3010.0	16074.0	17314.0	18842.0
3020.0	10407.0	10886.0	13251.0
3425.0	7071.0	8154.0	9247.0
2100.0	7661.0	8062.0	8465.0
1606.0	5737.0	5894.0	6125.0
2215.0	7233.0	7758.0	8224.0
1720.0	11334.0	11956.0	13211.0
3120.0	9833.0	10091.0	12743.0
1900.0	553.0	556.0	551.0
3110.0	3488.0	3641.0	3712.0
3200.0	7915.0	8684.0	9973.0
1605.0	8116.0	8162.0	8276.0
2000.0	5558.0	6308.0	7085.0
1820.0	4648.0	6027.0	7902.0
1200.0	7116.0	7824.0	8288.0
1710.0	9165.0	9689.0	11962.0
1810.0	1823.0	3583.0	6090.0
900.0	4380.0	4795.0	5230.0
806.0	11715.0	13534.0	16118.0
1506.0	9515.0	9919.0	10332.0
1410.0	4836.0	5059.0	5707.0
1505.0	8846.0	9292.0	9799.0
1330.0	8143.0	8682.0	8950.0
1000.0	3823.0	3995.0	4099.0
1320.0	7313.0	7344.0	7368.0
1420.0	5224.0	5940.0	8291.0
1130.0	2491.0	2916.0	3192.0
1116.0	7300.0	7952.0	8658.0
1310.0	10421.0	10685.0	10762.0
805.0	7914.0	9172.0	9702.0
1115.0	5195.0	6454.0	7096.0
205.0	5742.0	5857.0	5957.0
136.0	4998.0	5105.0	5173.0
1120.0	13379.0	15058.0	17182.0
705.0	7248.0	8589.0	13295.0
120.0	4794.0	5055.0	5358.0
325.0	9489.0	10350.0	11020.0
135.0	6793.0	7104.0	7166.0
706.0	4778.0	5354.0	6575.0
206.0	5925.0	6050.0	6184.0
2910.0	1308.0	1531.0	2064.0
315.0	6065.0	6283.0	6556.0
2935.0	2165.0	2143.0	2097.0
605.0	8445.0	9838.0	11040.0
606.0	8395.0	10529.0	12934.0
506.0	8993.0	10632.0	13535.0
110.0	2150.0	2210.0	2466.0
505.0	16101.0	19471.0	23127.0
2936.0	3658.0	3845.0	4231.0
405.0	9123.0	10753.0	12931.0
2926.0	8930.0	9488.0	10974.0
2925.0	5710.0	6406.0	8671.0
2927.0	2697.0	3493.0	5968.0
