tract10_id	population_2020	population_2030	population_2040
32307.0	6857.0	7072.0	7166.0
28802.0	6465.0	6725.0	9036.0
20100.0	3574.0	3670.0	3959.0
25101.0	6664.0	7745.0	8281.0
29601.0	7573.0	8510.0	9010.0
26200.0	6265.0	7339.0	8447.0
8600.0	3435.0	3562.0	3642.0
8100.0	6056.0	7705.0	7801.0
30503.0	4322.0	4848.0	5694.0
30501.0	1807.0	1972.0	2025.0
29101.0	2770.0	2904.0	3225.0
29102.0	4143.0	4589.0	4882.0
10900.0	1333.0	1357.0	1490.0
10402.0	4796.0	4730.0	4605.0
9300.0	3275.0	3613.0	3540.0
10001.0	3600.0	3770.0	3826.0
11002.0	4013.0	4004.0	4001.0
26400.0	6438.0	6907.0	7487.0
26300.0	2221.0	2509.0	2598.0
26100.0	9338.0	10485.0	12004.0
26002.0	7870.0	8164.0	8498.0
28600.0	7248.0	7498.0	7552.0
30504.0	4871.0	4887.0	4885.0
29700.0	8136.0	9003.0	8912.0
28300.0	5257.0	5908.0	8993.0
29206.0	3939.0	4056.0	5056.0
27200.0	3118.0	3452.0	3437.0
11700.0	5871.0	6126.0	5995.0
9500.0	6286.0	6470.0	6490.0
29205.0	5090.0	5219.0	5631.0
31301.0	3199.0	4446.0	5776.0
25701.0	5741.0	6541.0	9116.0
25302.0	4503.0	4345.0	4090.0
23201.0	6043.0	6233.0	6055.0
22003.0	5703.0	5848.0	6039.0
7000.0	8568.0	8922.0	8904.0
11200.0	3723.0	3746.0	3707.0
30600.0	5506.0	5671.0	5838.0
25301.0	5998.0	6474.0	6725.0
8800.0	3569.0	3622.0	3598.0
8900.0	4767.0	4914.0	5122.0
9000.0	2867.0	3021.0	3043.0
2500.0	2747.0	2748.0	2728.0
9702.0	5702.0	5748.0	5649.0
29902.0	6306.0	8092.0	8671.0
32323.0	5672.0	6107.0	6528.0
31703.0	8293.0	9312.0	9880.0
23804.0	5044.0	9178.0	15185.0
31502.0	4577.0	5651.0	6616.0
32325.0	6467.0	7510.0	8311.0
31202.0	6286.0	6563.0	6877.0
28902.0	6286.0	7166.0	8993.0
24500.0	5641.0	5694.0	5713.0
28200.0	5355.0	5879.0	6299.0
11600.0	7086.0	7181.0	7127.0
12000.0	3691.0	3739.0	3716.0
27300.0	6262.0	6566.0	6583.0
28100.0	2471.0	2648.0	3527.0
32007.0	3970.0	4626.0	5214.0
10500.0	6564.0	6714.0	6615.0
30100.0	8459.0	8896.0	9149.0
6700.0	7304.0	8026.0	12448.0
9600.0	6040.0	6212.0	6122.0
9800.0	6764.0	6941.0	6862.0
9900.0	6302.0	6879.0	7072.0
9701.0	6183.0	6347.0	6326.0
29801.0	8061.0	8790.0	8999.0
6900.0	4359.0	4392.0	4334.0
10600.0	8137.0	8338.0	8302.0
32215.0	5481.0	7488.0	9660.0
4400.0	6209.0	6118.0	6296.0
30801.0	6062.0	5914.0	7005.0
5000.0	3642.0	3761.0	3726.0
29502.0	7442.0	8617.0	9146.0
32103.0	4747.0	4934.0	5261.0
22005.0	4881.0	4940.0	5278.0
11001.0	3969.0	3862.0	3758.0
27500.0	4965.0	5059.0	5134.0
25805.0	5060.0	5588.0	6274.0
25806.0	5338.0	5945.0	6584.0
25400.0	6729.0	7079.0	7654.0
2800.0	4724.0	4789.0	5244.0
32208.0	8457.0	9588.0	10475.0
7800.0	6040.0	6042.0	6002.0
5400.0	5146.0	5349.0	5267.0
30311.0	4850.0	4870.0	4811.0
29403.0	6506.0	7101.0	7072.0
1400.0	5299.0	5417.0	5425.0
32210.0	11856.0	12850.0	14715.0
29003.0	5857.0	6819.0	7760.0
20402.0	6510.0	6770.0	7385.0
30401.0	9602.0	11887.0	13160.0
4301.0	3480.0	3363.0	3657.0
30308.0	6637.0	6658.0	6818.0
30312.0	5339.0	5706.0	5824.0
21700.0	9262.0	10921.0	15502.0
29305.0	5361.0	6366.0	6571.0
27400.0	6132.0	6363.0	6358.0
32401.0	5962.0	6677.0	8250.0
32207.0	3994.0	4534.0	4673.0
27702.0	5228.0	5262.0	5290.0
51917.0	4358.0	4560.0	4930.0
21600.0	5883.0	6561.0	7772.0
31400.0	6416.0	6786.0	7144.0
70207.0	4855.0	5608.0	6452.0
22500.0	7935.0	8414.0	9163.0
31501.0	3703.0	4065.0	4949.0
31603.0	6001.0	9064.0	15180.0
32702.0	6866.0	7401.0	8367.0
27701.0	5759.0	5824.0	5836.0
31601.0	4821.0	5031.0	5150.0
31204.0	6478.0	7042.0	7707.0
12100.0	3029.0	3113.0	3087.0
26600.0	2546.0	2780.0	2864.0
26001.0	6022.0	6338.0	6879.0
25006.0	5771.0	6324.0	7391.0
31906.0	4246.0	5291.0	5778.0
31800.0	5410.0	6343.0	6912.0
32003.0	5182.0	5827.0	7069.0
32002.0	3294.0	3838.0	4623.0
3300.0	6606.0	6780.0	6666.0
26700.0	6151.0	6261.0	6372.0
11402.0	4303.0	4273.0	4370.0
32324.0	5300.0	5737.0	6118.0
32313.0	5760.0	6014.0	6546.0
32402.0	6550.0	7500.0	8749.0
32315.0	5766.0	6263.0	6713.0
32102.0	5031.0	5510.0	6130.0
32703.0	2252.0	2544.0	2564.0
32602.0	11293.0	12027.0	13541.0
32800.0	3700.0	4512.0	5786.0
4800.0	4759.0	4853.0	4809.0
24300.0	8057.0	8252.0	8255.0
23300.0	6372.0	6540.0	6917.0
23100.0	3994.0	4116.0	4119.0
32213.0	4480.0	4790.0	5014.0
32601.0	3237.0	3365.0	3460.0
8001.0	6630.0	7681.0	8339.0
2900.0	4534.0	4577.0	4530.0
3000.0	5967.0	6013.0	5924.0
32309.0	5635.0	6247.0	7173.0
32320.0	5366.0	6152.0	6487.0
2200.0	6006.0	5972.0	6301.0
32500.0	5633.0	6524.0	8496.0
20200.0	5907.0	5970.0	6019.0
20800.0	5271.0	5381.0	5534.0
51912.0	2662.0	2810.0	3004.0
20300.0	6788.0	7810.0	9574.0
30901.0	3791.0	3886.0	3824.0
11401.0	4279.0	4270.0	4343.0
28402.0	5209.0	5540.0	5521.0
22803.0	6217.0	7946.0	10942.0
4900.0	6612.0	6965.0	6992.0
31704.0	6680.0	7588.0	8321.0
401.0	5392.0	5573.0	5990.0
24601.0	5124.0	5111.0	5083.0
21904.0	5663.0	6090.0	6497.0
6100.0	5455.0	5694.0	5625.0
6600.0	3846.0	4483.0	6425.0
25200.0	8887.0	9477.0	9941.0
32704.0	7316.0	8525.0	9832.0
29307.0	4527.0	4894.0	5266.0
21500.0	5443.0	5605.0	5832.0
29802.0	9250.0	10240.0	10713.0
7401.0	5225.0	5309.0	5329.0
29503.0	7944.0	8083.0	8529.0
7402.0	6071.0	6244.0	6255.0
28500.0	5112.0	5626.0	5652.0
22102.0	7970.0	9134.0	9312.0
21802.0	6533.0	7077.0	8557.0
32322.0	4812.0	4915.0	4993.0
25602.0	6594.0	7308.0	7996.0
23700.0	4639.0	8330.0	8911.0
300.0	2739.0	2801.0	2720.0
10300.0	5887.0	5961.0	6149.0
3900.0	2893.0	2926.0	2907.0
7300.0	6718.0	8808.0	9850.0
6200.0	4257.0	4226.0	4165.0
21000.0	6544.0	8302.0	12331.0
5600.0	7076.0	7249.0	7654.0
31605.0	5035.0	5604.0	6092.0
7500.0	7196.0	7405.0	7437.0
23401.0	3996.0	4158.0	4903.0
22605.0	7255.0	8180.0	9548.0
11800.0	7323.0	7423.0	7647.0
11900.0	7397.0	7533.0	7342.0
25102.0	7748.0	9035.0	9588.0
25005.0	4782.0	5064.0	5666.0
32214.0	6268.0	6847.0	7644.0
3100.0	6576.0	6608.0	6518.0
4000.0	2756.0	2950.0	3018.0
32329.0	7236.0	8055.0	9032.0
22604.0	5515.0	5744.0	5858.0
32319.0	6036.0	7018.0	8344.0
32311.0	6236.0	6516.0	6747.0
27900.0	7628.0	7843.0	7694.0
21906.0	4350.0	5218.0	6055.0
10401.0	4554.0	4824.0	5400.0
24000.0	8355.0	8601.0	8627.0
28403.0	4989.0	5056.0	5731.0
27800.0	3945.0	3999.0	4035.0
28700.0	5807.0	5994.0	6246.0
8002.0	3552.0	3765.0	3888.0
30201.0	5487.0	5867.0	6100.0
23604.0	6196.0	6365.0	6407.0
24100.0	5049.0	5080.0	5042.0
31205.0	8382.0	10436.0	11445.0
30802.0	4167.0	4154.0	4050.0
22203.0	6387.0	6862.0	7308.0
22201.0	4858.0	4861.0	4940.0
30003.0	7054.0	7902.0	8428.0
31903.0	7419.0	8483.0	9092.0
30202.0	6169.0	6591.0	7657.0
200.0	7878.0	8409.0	8529.0
31100.0	7161.0	7200.0	8044.0
28801.0	2624.0	2787.0	2900.0
32203.0	8473.0	10753.0	11716.0
22902.0	7271.0	7666.0	7728.0
5900.0	6017.0	6102.0	6057.0
1300.0	4439.0	4545.0	4935.0
27100.0	3938.0	4249.0	4536.0
22901.0	3477.0	3578.0	3584.0
23000.0	5674.0	5795.0	5861.0
30004.0	7601.0	7818.0	8140.0
22801.0	8265.0	8806.0	12864.0
5802.0	5190.0	5298.0	5282.0
5700.0	6841.0	6907.0	6857.0
22101.0	6257.0	6729.0	6758.0
21903.0	6774.0	6934.0	8016.0
29303.0	7556.0	7724.0	8606.0
6000.0	5499.0	5594.0	5556.0
24702.0	8625.0	9853.0	10268.0
23900.0	7608.0	7743.0	7739.0
11500.0	4578.0	4565.0	4504.0
20500.0	7622.0	9156.0	12219.0
32327.0	4530.0	4694.0	4937.0
30005.0	5515.0	5585.0	6271.0
9400.0	5395.0	5731.0	6016.0
29602.0	6421.0	7785.0	8662.0
20700.0	3900.0	5281.0	5865.0
23803.0	4136.0	6900.0	11498.0
1200.0	7082.0	7612.0	9285.0
20600.0	3945.0	4233.0	5107.0
52113.0	3080.0	3355.0	3665.0
21803.0	5320.0	5763.0	5779.0
22603.0	5921.0	6126.0	6532.0
23601.0	4221.0	4402.0	4725.0
30902.0	5705.0	5944.0	5953.0
32211.0	5102.0	5410.0	5596.0
29304.0	6587.0	7934.0	8701.0
20900.0	6232.0	7381.0	9507.0
20401.0	4083.0	4947.0	7415.0
29901.0	5497.0	6754.0	7442.0
32212.0	8594.0	8589.0	8716.0
26801.0	5084.0	5245.0	5229.0
22802.0	5262.0	5471.0	6054.0
32318.0	5964.0	6253.0	6749.0
70307.0	4952.0	4990.0	5474.0
31604.0	5362.0	6037.0	6822.0
24602.0	4079.0	4076.0	4042.0
8300.0	4557.0	5055.0	5180.0
32104.0	6864.0	7829.0	8327.0
3200.0	8193.0	8452.0	8375.0
2400.0	3809.0	3843.0	3788.0
22606.0	6640.0	6926.0	6989.0
32326.0	3914.0	4070.0	4138.0
5801.0	5180.0	5325.0	5270.0
22300.0	4344.0	5090.0	5364.0
600.0	8289.0	8420.0	8631.0
21804.0	4707.0	5137.0	5073.0
31302.0	4901.0	5294.0	5858.0
24902.0	4178.0	4225.0	4187.0
4700.0	7125.0	7309.0	6890.0
11101.0	4563.0	4580.0	4675.0
4100.0	8382.0	8389.0	8178.0
30314.0	3680.0	3872.0	4554.0
24800.0	6186.0	6725.0	7064.0
25500.0	5137.0	5341.0	5374.0
70100.0	3592.0	4190.0	5288.0
32006.0	4904.0	5323.0	5542.0
29306.0	3967.0	4689.0	5567.0
23500.0	3787.0	3956.0	3983.0
23801.0	3050.0	3248.0	3509.0
2600.0	5022.0	5116.0	5031.0
3800.0	2052.0	2075.0	2064.0
32328.0	3542.0	3605.0	3617.0
2100.0	4195.0	4228.0	4180.0
7100.0	3392.0	3774.0	3809.0
3500.0	4187.0	4251.0	4603.0
3400.0	3553.0	3617.0	3691.0
1500.0	2667.0	2703.0	2722.0
1600.0	4355.0	4533.0	4497.0
700.0	4746.0	4928.0	4845.0
5100.0	3787.0	3835.0	3785.0
6500.0	5238.0	5269.0	5226.0
26500.0	5683.0	6142.0	6460.0
2700.0	5465.0	5559.0	5744.0
30006.0	4207.0	4409.0	4690.0
22001.0	5264.0	5853.0	5888.0
1702.0	4358.0	4420.0	4355.0
28901.0	3828.0	4467.0	4635.0
28000.0	3642.0	3705.0	3531.0
24701.0	4178.0	4470.0	4485.0
29204.0	8559.0	10335.0	11673.0
10002.0	4511.0	4485.0	4372.0
402.0	4816.0	4682.0	4684.0
22006.0	4036.0	4068.0	4219.0
30305.0	5191.0	5721.0	6478.0
22202.0	8197.0	8675.0	9094.0
9100.0	2751.0	2610.0	3254.0
26802.0	5326.0	5478.0	6008.0
22400.0	9229.0	9729.0	10441.0
53801.0	4195.0	4987.0	6095.0
24200.0	3518.0	3568.0	3522.0
23403.0	4214.0	4426.0	4412.0
7200.0	8024.0	10534.0	11399.0
21100.0	5027.0	6171.0	7985.0
29405.0	6603.0	6857.0	7128.0
8400.0	6313.0	6814.0	6876.0
24400.0	2045.0	2101.0	1848.0
8200.0	5124.0	6532.0	7644.0
30310.0	5522.0	6338.0	6822.0
32010.0	5250.0	5411.0	5623.0
7600.0	3603.0	3784.0	3757.0
11102.0	4255.0	4289.0	4467.0
24903.0	7346.0	7579.0	7580.0
5302.0	369.0	390.0	421.0
4600.0	3290.0	3308.0	3470.0
29408.0	4402.0	4527.0	4645.0
25803.0	4680.0	4916.0	5591.0
29504.0	5735.0	6320.0	6341.0
29407.0	4936.0	5001.0	4980.0
1000.0	2029.0	2087.0	2062.0
31706.0	5735.0	6132.0	6830.0
32005.0	7819.0	8631.0	9289.0
32316.0	5947.0	6580.0	7115.0
1701.0	3623.0	3663.0	3605.0
27000.0	4681.0	5083.0	5351.0
6800.0	3027.0	3146.0	3141.0
800.0	2785.0	2803.0	2811.0
900.0	2323.0	2338.0	2328.0
21400.0	4745.0	4935.0	4902.0
23603.0	5981.0	6115.0	5993.0
3600.0	5959.0	6083.0	7227.0
5200.0	6869.0	7035.0	7002.0
4500.0	3033.0	2834.0	3019.0
5301.0	5208.0	5785.0	5706.0
22702.0	3947.0	4051.0	4153.0
22701.0	3138.0	3282.0	3553.0
22703.0	2812.0	2869.0	2888.0
29406.0	5610.0	6055.0	6225.0
30700.0	3831.0	3808.0	3775.0
500.0	4059.0	4169.0	4188.0
4302.0	1517.0	1542.0	1521.0
1800.0	4569.0	4672.0	4968.0
1900.0	4717.0	4994.0	5569.0
31909.0	3796.0	4184.0	4275.0
10200.0	5256.0	5218.0	5182.0
31206.0	4700.0	5404.0	5812.0
4200.0	8073.0	8135.0	8034.0
21905.0	5489.0	5775.0	6042.0
8500.0	4414.0	6061.0	7137.0
7700.0	4652.0	4767.0	4770.0
21300.0	4191.0	4323.0	4742.0
30306.0	6223.0	6433.0	6599.0
940001.0	12390.0	16751.0	23174.0
30313.0	4134.0	4251.0	5350.0
10701.0	3281.0	3238.0	3395.0
32317.0	6221.0	6411.0	6645.0
31000.0	3457.0	3910.0	7544.0
25601.0	4905.0	5125.0	5532.0
6300.0	5935.0	6272.0	6458.0
31904.0	4066.0	4411.0	4592.0
24901.0	5795.0	5885.0	6069.0
32321.0	6088.0	7509.0	8338.0
30403.0	4745.0	5367.0	6142.0
25702.0	3865.0	4062.0	4768.0
30304.0	3588.0	4775.0	5573.0
30404.0	6022.0	8086.0	9240.0
10800.0	5026.0	5044.0	5055.0
8700.0	3865.0	4144.0	4137.0
27600.0	4181.0	4203.0	4263.0
11300.0	6575.0	6551.0	6780.0
10100.0	6518.0	6530.0	6655.0
30309.0	5802.0	5930.0	6251.0
29203.0	3062.0	3015.0	3389.0
25003.0	7430.0	7769.0	8172.0
31908.0	4114.0	4152.0	4234.0
31907.0	7842.0	7854.0	8508.0
6400.0	3413.0	3410.0	3331.0
7900.0	6065.0	6209.0	6130.0
23202.0	4359.0	4691.0	5141.0
25804.0	3770.0	4058.0	5078.0
32008.0	5168.0	5354.0	5588.0
100.0	6608.0	7000.0	6991.0
29001.0	4567.0	5206.0	4843.0
29004.0	3456.0	3880.0	4335.0
31705.0	3996.0	4528.0	5146.0
25001.0	5356.0	5782.0	6072.0
32011.0	4308.0	4621.0	5002.0
23404.0	3751.0	3840.0	3881.0
940002.0	10471.0	13797.0	16741.0
10702.0	2864.0	2784.0	2706.0
9200.0	2806.0	2682.0	2728.0
940005.0	5933.0	6097.0	6152.0
1100.0	2645.0	2652.0	2668.0
2000.0	3687.0	3710.0	3775.0
73500.0	8502.0	10009.0	10299.0
51914.0	4510.0	4990.0	5306.0
70315.0	6336.0	7647.0	8803.0
70316.0	4714.0	5450.0	5949.0
990100.0	0.0	0.0	7.0
92901.0	5869.0	6807.0	7475.0
92803.0	2938.0	3242.0	3634.0
92902.0	5477.0	6176.0	6661.0
92802.0	4558.0	4996.0	5398.0
72503.0	4620.0	5088.0	5487.0
72601.0	5596.0	6337.0	7419.0
92200.0	10442.0	11452.0	12794.0
92100.0	7073.0	8587.0	11972.0
92000.0	5826.0	7046.0	8952.0
92300.0	7696.0	10483.0	12148.0
92801.0	5413.0	7457.0	9868.0
92704.0	3683.0	4205.0	4515.0
92701.0	4815.0	5387.0	5796.0
92400.0	7762.0	9109.0	9651.0
91800.0	4360.0	5298.0	6431.0
91302.0	7345.0	9888.0	11348.0
80200.0	4691.0	5261.0	5617.0
80102.0	5240.0	6127.0	6775.0
91301.0	4646.0	5210.0	5660.0
80101.0	3334.0	4352.0	5289.0
91900.0	7221.0	9532.0	11069.0
80700.0	5751.0	7348.0	8066.0
91400.0	3664.0	4079.0	5195.0
80600.0	5573.0	6060.0	6478.0
80900.0	6157.0	8521.0	11896.0
80800.0	2016.0	1954.0	2058.0
80500.0	3835.0	4331.0	4341.0
80300.0	3438.0	3658.0	4070.0
80400.0	5065.0	5907.0	6313.0
81200.0	2831.0	3050.0	3108.0
81000.0	6701.0	7332.0	7998.0
81100.0	2718.0	3042.0	3171.0
81400.0	55.0	51.0	54.0
92500.0	8555.0	10410.0	11072.0
91000.0	7956.0	9147.0	9697.0
92600.0	6696.0	7031.0	7176.0
91100.0	5375.0	5954.0	6520.0
91203.0	8766.0	9655.0	10872.0
90400.0	5522.0	6808.0	9106.0
90300.0	3636.0	3577.0	3505.0
91700.0	10236.0	12298.0	13024.0
91204.0	4962.0	6172.0	6465.0
91201.0	5689.0	7181.0	8132.0
91500.0	4935.0	6056.0	6516.0
91600.0	8444.0	9925.0	10742.0
90700.0	6327.0	7195.0	7404.0
90800.0	5002.0	5720.0	6035.0
90900.0	7311.0	7703.0	7875.0
90202.0	5413.0	6643.0	8006.0
90201.0	5107.0	6028.0	7005.0
90502.0	5089.0	6377.0	8950.0
90501.0	5147.0	5866.0	6879.0
940100.0	6482.0	7104.0	8034.0
90102.0	7746.0	9640.0	11895.0
90101.0	6675.0	7739.0	8414.0
940000.0	3833.0	4207.0	4395.0
900202.0	0.0	0.0	0.0
72603.0	6428.0	9202.0	11699.0
72602.0	4837.0	6530.0	7820.0
72800.0	15352.0	15784.0	16327.0
72906.0	14.0	14.0	14.0
72109.0	3941.0	4391.0	4823.0
72903.0	37.0	52.0	50.0
72410.0	3918.0	4523.0	4774.0
72504.0	4319.0	5148.0	5814.0
72405.0	4603.0	5029.0	5217.0
72406.0	6047.0	6660.0	7001.0
72408.0	6502.0	6899.0	7154.0
72409.0	2815.0	3023.0	3095.0
72505.0	8404.0	10492.0	14078.0
73006.0	3904.0	4840.0	8430.0
73001.0	6116.0	6687.0	7954.0
71902.0	6267.0	6478.0	6437.0
71901.0	5545.0	5872.0	5892.0
71805.0	3531.0	3516.0	3472.0
71807.0	3705.0	3709.0	3634.0
72107.0	4963.0	5344.0	5354.0
71706.0	2000.0	2022.0	2035.0
72112.0	5055.0	5184.0	5340.0
72111.0	2826.0	2991.0	3043.0
72108.0	5735.0	6118.0	6110.0
71806.0	4473.0	4377.0	4354.0
72901.0	12.0	12.0	12.0
72000.0	5038.0	5169.0	5461.0
61100.0	6448.0	6484.0	6425.0
60800.0	5707.0	5783.0	5742.0
61002.0	4504.0	4630.0	4697.0
60906.0	2264.0	2315.0	2298.0
61001.0	4501.0	4649.0	4688.0
72309.0	6818.0	7188.0	7304.0
72311.0	4468.0	4759.0	4765.0
72310.0	4255.0	4480.0	4463.0
72305.0	6528.0	6608.0	6539.0
62801.0	6138.0	6199.0	6148.0
62600.0	3232.0	3901.0	5284.0
72313.0	3971.0	4401.0	4783.0
72307.0	4815.0	4813.0	4795.0
72308.0	7501.0	8067.0	8600.0
72312.0	6563.0	6977.0	7432.0
62802.0	4073.0	4116.0	4079.0
71803.0	5758.0	5991.0	6120.0
62900.0	7537.0	8468.0	12362.0
72106.0	6659.0	6792.0	6849.0
72105.0	4791.0	4926.0	4855.0
72507.0	3319.0	3958.0	4483.0
72506.0	4276.0	5016.0	5633.0
72407.0	5081.0	5514.0	5831.0
60300.0	4229.0	4491.0	4845.0
60400.0	4768.0	4809.0	4752.0
60904.0	5434.0	5453.0	5478.0
60903.0	3301.0	3468.0	3525.0
60905.0	6526.0	6597.0	6663.0
73200.0	7008.0	9358.0	15689.0
73005.0	5587.0	5940.0	6424.0
71406.0	7959.0	12423.0	14961.0
71407.0	6450.0	7060.0	7346.0
71411.0	4927.0	6513.0	7801.0
71410.0	6300.0	8152.0	10338.0
73115.0	4538.0	4469.0	4412.0
73114.0	5576.0	5560.0	5538.0
73117.0	3903.0	4144.0	5009.0
71100.0	2764.0	2927.0	2934.0
71305.0	4063.0	4405.0	4518.0
71601.0	4782.0	5694.0	6051.0
71602.0	7205.0	8190.0	8576.0
71705.0	3784.0	4252.0	4322.0
71707.0	2884.0	2898.0	2848.0
71703.0	3423.0	3593.0	3786.0
71704.0	4378.0	4416.0	4349.0
71505.0	5557.0	6306.0	6590.0
71503.0	5518.0	6057.0	6504.0
71504.0	4397.0	4490.0	4394.0
71306.0	7290.0	9869.0	11089.0
71506.0	5408.0	5892.0	6621.0
71403.0	4610.0	4974.0	5321.0
71408.0	4270.0	4931.0	5424.0
71309.0	3988.0	5354.0	6372.0
73108.0	7638.0	9695.0	11475.0
71409.0	4694.0	5121.0	5226.0
60200.0	903.0	913.0	899.0
61500.0	5302.0	7303.0	9381.0
61601.0	2224.0	2347.0	2629.0
61602.0	826.0	1167.0	1842.0
61300.0	4911.0	5158.0	6547.0
61700.0	4828.0	5074.0	6199.0
61400.0	2957.0	5492.0	8702.0
60600.0	6117.0	6485.0	7220.0
61200.0	5548.0	6012.0	7244.0
61800.0	2861.0	2861.0	2802.0
940007.0	3459.0	3773.0	3707.0
940004.0	7147.0	7506.0	7570.0
63100.0	4373.0	4417.0	4350.0
940006.0	2419.0	2931.0	3252.0
62000.0	4372.0	4445.0	4325.0
62300.0	5218.0	5468.0	5446.0
63000.0	3144.0	3138.0	3157.0
62400.0	5884.0	5851.0	5841.0
63200.0	5212.0	5293.0	5317.0
63300.0	6921.0	7078.0	7135.0
71205.0	5280.0	6153.0	6478.0
63501.0	4364.0	4481.0	4392.0
71808.0	3737.0	3665.0	3558.0
63400.0	8108.0	8416.0	8330.0
63502.0	5141.0	5290.0	5229.0
940011.0	4738.0	4969.0	5050.0
940008.0	6102.0	6326.0	6331.0
60500.0	4244.0	4306.0	4318.0
60700.0	5927.0	6641.0	7695.0
73119.0	3365.0	3925.0	5017.0
73113.0	6433.0	7548.0	9870.0
73118.0	4639.0	4988.0	5482.0
73124.0	2800.0	3160.0	3451.0
73125.0	9594.0	10979.0	13234.0
73116.0	3298.0	3629.0	4065.0
70401.0	2167.0	2322.0	2779.0
71210.0	6025.0	7718.0	9485.0
71206.0	8173.0	11085.0	11921.0
71209.0	5027.0	5109.0	5078.0
71207.0	6086.0	7065.0	7870.0
71307.0	5702.0	7556.0	8526.0
71304.0	7605.0	9004.0	10183.0
71208.0	8031.0	9102.0	9802.0
73110.0	4752.0	5657.0	6482.0
70203.0	5729.0	8496.0	18249.0
70404.0	4911.0	5424.0	6300.0
73111.0	4695.0	5267.0	5485.0
73120.0	3816.0	4729.0	5385.0
71310.0	5298.0	7403.0	9437.0
73122.0	4733.0	5555.0	6858.0
73123.0	5426.0	6775.0	8712.0
70403.0	3272.0	3463.0	3568.0
73121.0	5263.0	5456.0	5693.0
73126.0	3504.0	3529.0	3787.0
70703.0	6146.0	6621.0	7130.0
73301.0	5584.0	6292.0	6738.0
940003.0	7560.0	7737.0	8318.0
940009.0	3163.0	3350.0	3356.0
940010.0	5620.0	6937.0	7399.0
73408.0	5320.0	5718.0	5916.0
73407.0	3809.0	3895.0	3926.0
73302.0	4702.0	5139.0	5422.0
73404.0	8771.0	9995.0	10788.0
73406.0	5253.0	5677.0	5802.0
73405.0	3981.0	4739.0	5481.0
70311.0	5071.0	5221.0	5195.0
70309.0	6568.0	7840.0	8127.0
70205.0	3549.0	3799.0	4019.0
70310.0	5576.0	6689.0	7303.0
70312.0	5295.0	6491.0	7036.0
70204.0	3553.0	3671.0	3796.0
70206.0	4431.0	5157.0	6701.0
70314.0	3464.0	4060.0	4905.0
70313.0	7990.0	9777.0	11679.0
70308.0	4997.0	6011.0	6047.0
61900.0	2041.0	2083.0	2033.0
62500.0	7526.0	7477.0	7337.0
51602.0	4493.0	4644.0	4804.0
41201.0	3702.0	3935.0	4236.0
51702.0	4423.0	4531.0	5049.0
51300.0	8546.0	9607.0	11251.0
50700.0	6836.0	7010.0	7397.0
52301.0	5124.0	5681.0	6229.0
52206.0	4489.0	4994.0	5574.0
50300.0	6169.0	6243.0	6302.0
50200.0	4903.0	5055.0	5122.0
50101.0	3011.0	3436.0	3626.0
52004.0	6340.0	6414.0	7085.0
50402.0	6194.0	6525.0	6701.0
51913.0	5302.0	6045.0	6425.0
51905.0	8735.0	9493.0	12239.0
41704.0	4874.0	5051.0	5923.0
51701.0	5694.0	5794.0	5901.0
51802.0	5506.0	5833.0	6441.0
51400.0	7716.0	7882.0	8420.0
51927.0	6526.0	7449.0	8711.0
51928.0	4071.0	4094.0	4133.0
51601.0	4822.0	5169.0	6165.0
51803.0	6791.0	7327.0	7808.0
51922.0	5196.0	5679.0	7356.0
51915.0	7377.0	7828.0	7996.0
50102.0	5109.0	5194.0	6551.0
51804.0	3223.0	3218.0	3029.0
51921.0	4083.0	4525.0	5437.0
51923.0	4656.0	4719.0	5412.0
51916.0	4537.0	4969.0	5138.0
52804.0	8166.0	10519.0	13670.0
41811.0	8612.0	9292.0	10123.0
41812.0	9684.0	11256.0	13086.0
41901.0	7712.0	9181.0	10352.0
42004.0	4699.0	5257.0	6749.0
51500.0	5312.0	5551.0	5620.0
50401.0	7858.0	8001.0	8121.0
41703.0	5675.0	6651.0	7512.0
41809.0	6281.0	6574.0	7003.0
41810.0	5311.0	5851.0	6766.0
41608.0	6379.0	6695.0	7311.0
41400.0	5987.0	6410.0	7310.0
53602.0	6759.0	8155.0	10657.0
53700.0	3701.0	4594.0	6643.0
52701.0	1646.0	2320.0	3483.0
51000.0	5402.0	6231.0	7432.0
52906.0	5894.0	6212.0	6793.0
52905.0	3972.0	4123.0	4956.0
51100.0	4266.0	4333.0	4320.0
40500.0	2632.0	2700.0	2697.0
52208.0	4118.0	4394.0	4506.0
52203.0	6538.0	8860.0	11071.0
52207.0	5732.0	6117.0	6556.0
42003.0	3697.0	3943.0	4382.0
41904.0	5340.0	5211.0	5085.0
53504.0	7070.0	7784.0	9159.0
53509.0	3950.0	4094.0	5943.0
52107.0	4003.0	4644.0	5177.0
52502.0	6198.0	8607.0	11550.0
52105.0	2005.0	2077.0	2124.0
53202.0	5224.0	5528.0	5809.0
52104.0	4281.0	5443.0	6001.0
990002.0	149.0	155.0	154.0
41905.0	6134.0	6438.0	6561.0
53508.0	3388.0	3503.0	3855.0
52108.0	6139.0	6526.0	6580.0
52401.0	5243.0	5385.0	5397.0
52503.0	6835.0	7921.0	8941.0
52504.0	3327.0	4582.0	5775.0
53102.0	4964.0	5315.0	5982.0
53505.0	5261.0	6046.0	7183.0
41805.0	6161.0	6568.0	6946.0
52607.0	6269.0	6980.0	7545.0
41606.0	6269.0	6850.0	7628.0
53506.0	5795.0	6443.0	7445.0
53302.0	5759.0	6357.0	7803.0
53101.0	3742.0	4117.0	4572.0
53802.0	6325.0	7936.0	10558.0
50600.0	1391.0	1419.0	1574.0
52603.0	3072.0	3482.0	4060.0
52605.0	6110.0	6850.0	7140.0
53803.0	5847.0	6658.0	7854.0
40100.0	4576.0	4781.0	4885.0
51925.0	7211.0	8602.0	10962.0
40200.0	5275.0	5294.0	6211.0
41000.0	6350.0	7723.0	9113.0
50800.0	6881.0	7146.0	7493.0
52904.0	5980.0	6518.0	7178.0
41301.0	6328.0	6530.0	6852.0
52709.0	3343.0	3592.0	5034.0
52118.0	6880.0	7242.0	7742.0
41202.0	6128.0	6448.0	6823.0
41806.0	9082.0	9587.0	10791.0
41303.0	5204.0	5674.0	5946.0
41304.0	3258.0	3345.0	3542.0
50500.0	8932.0	9597.0	9626.0
50900.0	3533.0	3566.0	3517.0
41903.0	7145.0	7445.0	8399.0
41100.0	5245.0	5630.0	6000.0
53201.0	4149.0	4574.0	5009.0
53603.0	4271.0	4853.0	6008.0
51200.0	7022.0	7946.0	8840.0
52806.0	6992.0	7443.0	7794.0
52805.0	4824.0	5515.0	6176.0
52209.0	2536.0	2585.0	2540.0
52803.0	5211.0	5537.0	5442.0
53400.0	5525.0	6156.0	7467.0
41500.0	1696.0	2009.0	2294.0
41701.0	5604.0	6457.0	7622.0
52005.0	5664.0	5985.0	6568.0
52003.0	7437.0	8954.0	10559.0
52006.0	4295.0	4301.0	4230.0
53301.0	6711.0	7396.0	9046.0
40400.0	4468.0	5921.0	7578.0
40300.0	3256.0	3246.0	3188.0
52112.0	2851.0	3147.0	3274.0
41605.0	6218.0	6318.0	6625.0
42001.0	5980.0	6054.0	6255.0
51918.0	5493.0	6009.0	6324.0
52606.0	5635.0	6563.0	7157.0
52903.0	4356.0	4493.0	4777.0
52707.0	4665.0	6532.0	9423.0
52604.0	5259.0	5951.0	6264.0
52114.0	5338.0	5419.0	5456.0
52706.0	5123.0	5587.0	6216.0
52402.0	3507.0	3506.0	3446.0
41601.0	6213.0	7079.0	7732.0
52302.0	3845.0	4047.0	4356.0
51924.0	5969.0	6077.0	6280.0
40900.0	4371.0	4693.0	4986.0
52007.0	4526.0	4598.0	5137.0
51926.0	4864.0	5340.0	5628.0
41808.0	4065.0	4551.0	5305.0
40800.0	3094.0	4201.0	5157.0
40700.0	4353.0	6413.0	7133.0
42005.0	5600.0	5848.0	6195.0
42006.0	4426.0	4522.0	5181.0
53604.0	4259.0	4950.0	6264.0
52705.0	8061.0	10991.0	13891.0
52708.0	5252.0	5385.0	5670.0
41607.0	3808.0	4061.0	4524.0
52204.0	5188.0	5325.0	5397.0
52115.0	6725.0	6820.0	6751.0
53507.0	5210.0	6187.0	6451.0
