tract10_id	households_2020	households_2030	households_2040
32307.0	2293.0	2341.0	2405.0
28802.0	2672.0	2812.0	4011.0
20100.0	1379.0	1421.0	1580.0
25101.0	2530.0	2892.0	3134.0
29601.0	2609.0	2935.0	3245.0
26200.0	2906.0	3352.0	3989.0
8600.0	2064.0	2124.0	2170.0
8100.0	3698.0	4490.0	4521.0
30503.0	2052.0	2241.0	2769.0
30501.0	956.0	999.0	1046.0
29101.0	1146.0	1196.0	1350.0
29102.0	1567.0	1697.0	1902.0
10900.0	652.0	677.0	790.0
10402.0	1755.0	1778.0	1789.0
9300.0	1762.0	1964.0	1950.0
10001.0	1477.0	1596.0	1693.0
11002.0	1351.0	1390.0	1449.0
26400.0	2676.0	2913.0	3278.0
26300.0	851.0	951.0	995.0
26100.0	3621.0	4026.0	4822.0
26002.0	3150.0	3335.0	3544.0
28600.0	2823.0	2910.0	2957.0
30504.0	2108.0	2146.0	2195.0
29700.0	3512.0	3810.0	3774.0
28300.0	2019.0	2266.0	3814.0
29206.0	1959.0	2007.0	2586.0
27200.0	1188.0	1296.0	1326.0
11700.0	2133.0	2262.0	2316.0
9500.0	2644.0	2747.0	2829.0
29205.0	2509.0	2585.0	2867.0
31301.0	1218.0	1635.0	2214.0
25701.0	2741.0	3019.0	4167.0
25302.0	2511.0	2400.0	2275.0
23201.0	2611.0	2723.0	2718.0
22003.0	2191.0	2237.0	2354.0
7000.0	5421.0	5496.0	5476.0
11200.0	1476.0	1527.0	1585.0
30600.0	2272.0	2334.0	2497.0
25301.0	2717.0	2865.0	3035.0
8800.0	1561.0	1583.0	1608.0
8900.0	2171.0	2271.0	2397.0
9000.0	1570.0	1688.0	1716.0
2500.0	1202.0	1201.0	1202.0
9702.0	2414.0	2413.0	2416.0
29902.0	2211.0	2790.0	3044.0
32323.0	2171.0	2311.0	2506.0
31703.0	3159.0	3475.0	3766.0
23804.0	3088.0	5243.0	8946.0
31502.0	1758.0	2064.0	2550.0
32325.0	2828.0	3353.0	3776.0
31202.0	2216.0	2313.0	2508.0
28902.0	2697.0	3065.0	4275.0
24500.0	2011.0	2021.0	2027.0
28200.0	2242.0	2433.0	2703.0
11600.0	3140.0	3173.0	3190.0
12000.0	1543.0	1557.0	1566.0
27300.0	2294.0	2406.0	2476.0
28100.0	947.0	1053.0	1579.0
32007.0	1480.0	1736.0	2019.0
10500.0	3443.0	3498.0	3458.0
30100.0	3191.0	3352.0	3474.0
6700.0	4338.0	4719.0	7807.0
9600.0	3044.0	3169.0	3165.0
9800.0	3118.0	3208.0	3205.0
9900.0	3070.0	3374.0	3543.0
9701.0	3133.0	3200.0	3201.0
29801.0	3146.0	3408.0	3595.0
6900.0	2224.0	2249.0	2242.0
10600.0	3816.0	3923.0	3967.0
32215.0	1760.0	2442.0	3314.0
4400.0	2870.0	2790.0	2923.0
30801.0	2403.0	2423.0	3144.0
5000.0	1903.0	1943.0	1945.0
29502.0	2478.0	2867.0	3130.0
32103.0	2239.0	2327.0	2529.0
22005.0	2198.0	2251.0	2475.0
11001.0	1542.0	1538.0	1555.0
27500.0	2003.0	2036.0	2088.0
25805.0	2145.0	2319.0	2730.0
25806.0	2080.0	2312.0	2626.0
25400.0	3038.0	3204.0	3583.0
2800.0	2227.0	2241.0	2436.0
32208.0	3885.0	4251.0	4701.0
7800.0	2555.0	2566.0	2568.0
5400.0	2702.0	2819.0	2810.0
30311.0	1700.0	1726.0	1765.0
29403.0	2418.0	2619.0	2780.0
1400.0	2429.0	2496.0	2531.0
32210.0	4271.0	4615.0	5444.0
29003.0	2332.0	2725.0	3372.0
20402.0	2659.0	2724.0	3128.0
30401.0	3545.0	4288.0	4890.0
4301.0	1479.0	1370.0	1537.0
30308.0	2386.0	2430.0	2547.0
30312.0	2036.0	2180.0	2277.0
21700.0	3855.0	4516.0	7074.0
29305.0	1935.0	2261.0	2404.0
27400.0	2234.0	2318.0	2366.0
32401.0	2114.0	2373.0	3099.0
32207.0	1416.0	1611.0	1688.0
27702.0	2110.0	2101.0	2125.0
51917.0	1655.0	1705.0	1954.0
21600.0	2244.0	2542.0	3315.0
31400.0	2612.0	2750.0	2971.0
70207.0	1920.0	2159.0	2547.0
22500.0	3945.0	4138.0	4620.0
31501.0	1334.0	1415.0	1783.0
31603.0	2077.0	3088.0	5785.0
32702.0	2488.0	2611.0	3063.0
27701.0	2441.0	2434.0	2455.0
31601.0	1667.0	1715.0	1794.0
31204.0	2270.0	2387.0	2694.0
12100.0	1284.0	1302.0	1309.0
26600.0	971.0	1060.0	1159.0
26001.0	2294.0	2420.0	2744.0
25006.0	2210.0	2414.0	2843.0
31906.0	1473.0	1801.0	2057.0
31800.0	1979.0	2252.0	2503.0
32003.0	1875.0	2029.0	2516.0
32002.0	1213.0	1337.0	1636.0
3300.0	3258.0	3351.0	3354.0
26700.0	2375.0	2418.0	2506.0
11402.0	1903.0	1980.0	2114.0
32324.0	2252.0	2475.0	2690.0
32313.0	2453.0	2589.0	2953.0
32402.0	2317.0	2664.0	3256.0
32315.0	2010.0	2149.0	2380.0
32102.0	1862.0	1977.0	2229.0
32703.0	856.0	969.0	984.0
32602.0	3749.0	4114.0	4945.0
32800.0	1383.0	1583.0	2138.0
4800.0	2280.0	2306.0	2306.0
24300.0	3586.0	3642.0	3640.0
23300.0	2334.0	2408.0	2642.0
23100.0	1540.0	1568.0	1582.0
32213.0	1507.0	1624.0	1762.0
32601.0	1190.0	1224.0	1286.0
8001.0	4264.0	4750.0	5133.0
2900.0	1956.0	1972.0	1971.0
3000.0	2547.0	2573.0	2569.0
32309.0	2808.0	3085.0	3738.0
32320.0	1848.0	2076.0	2294.0
2200.0	2448.0	2450.0	2634.0
32500.0	2016.0	2219.0	2979.0
20200.0	2381.0	2383.0	2422.0
20800.0	2100.0	2125.0	2208.0
51912.0	927.0	972.0	1059.0
20300.0	3058.0	3560.0	4673.0
30901.0	1363.0	1404.0	1420.0
11401.0	1905.0	1937.0	2048.0
28402.0	2060.0	2218.0	2266.0
22803.0	2855.0	4055.0	5745.0
4900.0	3680.0	3827.0	3837.0
31704.0	2381.0	2713.0	3052.0
401.0	3056.0	3137.0	3397.0
24601.0	1786.0	1792.0	1798.0
21904.0	2060.0	2219.0	2438.0
6100.0	3040.0	3144.0	3134.0
6600.0	2238.0	2603.0	3895.0
25200.0	3496.0	3682.0	3931.0
32704.0	2781.0	3156.0	3765.0
29307.0	1512.0	1633.0	1795.0
21500.0	1975.0	2011.0	2127.0
29802.0	3269.0	3582.0	3820.0
7401.0	3366.0	3378.0	3383.0
29503.0	3287.0	3382.0	3758.0
7402.0	3980.0	4010.0	3985.0
28500.0	2173.0	2311.0	2327.0
22102.0	2923.0	3294.0	3389.0
21802.0	2627.0	2856.0	3708.0
32322.0	1617.0	1663.0	1698.0
25602.0	2340.0	2567.0	2878.0
23700.0	1980.0	3964.0	4701.0
300.0	1189.0	1210.0	1217.0
10300.0	2462.0	2518.0	2711.0
3900.0	1203.0	1212.0	1213.0
7300.0	4114.0	5170.0	5876.0
6200.0	1706.0	1708.0	1710.0
21000.0	2591.0	3402.0	5637.0
5600.0	2904.0	2982.0	3195.0
31605.0	1747.0	1937.0	2270.0
7500.0	4459.0	4524.0	4512.0
23401.0	1717.0	1776.0	2232.0
22605.0	3082.0	3442.0	4282.0
11800.0	2949.0	3057.0	3292.0
11900.0	2782.0	2827.0	2820.0
25102.0	2776.0	3216.0	3505.0
25005.0	1816.0	1906.0	2180.0
32214.0	1970.0	2181.0	2565.0
3100.0	2762.0	2774.0	2787.0
4000.0	1344.0	1449.0	1485.0
32329.0	2607.0	2904.0	3342.0
22604.0	2148.0	2225.0	2299.0
32319.0	2787.0	3173.0	3901.0
32311.0	2075.0	2145.0	2286.0
27900.0	3467.0	3528.0	3498.0
21906.0	1789.0	2162.0	2605.0
10401.0	1682.0	1892.0	2301.0
24000.0	3665.0	3740.0	3820.0
28403.0	2351.0	2402.0	2795.0
27800.0	1550.0	1556.0	1579.0
28700.0	2136.0	2183.0	2306.0
8002.0	2345.0	2396.0	2473.0
30201.0	2133.0	2247.0	2390.0
23604.0	2738.0	2798.0	2855.0
24100.0	1815.0	1829.0	1833.0
31205.0	3077.0	3792.0	4379.0
30802.0	1610.0	1620.0	1625.0
22203.0	2346.0	2512.0	2729.0
22201.0	1874.0	1889.0	1940.0
30003.0	2939.0	3227.0	3473.0
31903.0	2647.0	2994.0	3285.0
30202.0	2479.0	2660.0	3264.0
200.0	3686.0	3988.0	4187.0
31100.0	2941.0	2989.0	3415.0
28801.0	1031.0	1075.0	1142.0
32203.0	3079.0	3820.0	4274.0
22902.0	3029.0	3198.0	3234.0
5900.0	2808.0	2856.0	2845.0
1300.0	2242.0	2300.0	2580.0
27100.0	1615.0	1728.0	1940.0
22901.0	1257.0	1289.0	1298.0
23000.0	2096.0	2152.0	2190.0
30004.0	3067.0	3161.0	3398.0
22801.0	3753.0	4052.0	6850.0
5802.0	2778.0	2828.0	2831.0
5700.0	3122.0	3147.0	3143.0
22101.0	2334.0	2498.0	2543.0
21903.0	2979.0	2987.0	3664.0
29303.0	3077.0	3152.0	3669.0
6000.0	2814.0	2866.0	2863.0
24702.0	3295.0	3669.0	3862.0
23900.0	3135.0	3177.0	3185.0
11500.0	2055.0	2058.0	2057.0
20500.0	3250.0	3977.0	5586.0
32327.0	1726.0	1765.0	1860.0
30005.0	2096.0	2146.0	2526.0
9400.0	2444.0	2693.0	2952.0
29602.0	2156.0	2568.0	2980.0
20700.0	1725.0	2458.0	2819.0
23803.0	2552.0	4153.0	6968.0
1200.0	3774.0	4088.0	5123.0
20600.0	1489.0	1598.0	2032.0
52113.0	1069.0	1173.0	1287.0
21803.0	2194.0	2337.0	2394.0
22603.0	2458.0	2536.0	2829.0
23601.0	1890.0	1948.0	2131.0
30902.0	2148.0	2262.0	2315.0
32211.0	1770.0	1880.0	1997.0
29304.0	2433.0	2857.0	3213.0
20900.0	2633.0	3074.0	4199.0
20401.0	1678.0	2096.0	3476.0
29901.0	1885.0	2294.0	2652.0
32212.0	3045.0	3123.0	3265.0
26801.0	2137.0	2217.0	2354.0
22802.0	2126.0	2197.0	2522.0
32318.0	1979.0	2089.0	2372.0
70307.0	1699.0	1702.0	1940.0
31604.0	1893.0	2131.0	2437.0
24602.0	1380.0	1391.0	1407.0
8300.0	2860.0	3066.0	3174.0
32104.0	2784.0	3087.0	3346.0
3200.0	4207.0	4298.0	4275.0
2400.0	1664.0	1686.0	1687.0
22606.0	2811.0	2914.0	2947.0
32326.0	1344.0	1391.0	1439.0
5801.0	2757.0	2820.0	2821.0
22300.0	1580.0	1834.0	1949.0
600.0	3787.0	3862.0	4083.0
21804.0	1871.0	2019.0	2036.0
31302.0	1869.0	1989.0	2286.0
24902.0	1492.0	1513.0	1524.0
4700.0	4123.0	4186.0	3984.0
11101.0	1791.0	1844.0	1952.0
4100.0	3350.0	3378.0	3372.0
30314.0	1824.0	1929.0	2394.0
24800.0	2554.0	2850.0	3067.0
25500.0	2143.0	2231.0	2298.0
70100.0	1310.0	1532.0	2066.0
32006.0	1800.0	1928.0	2062.0
29306.0	1524.0	1777.0	2245.0
23500.0	1567.0	1630.0	1637.0
23801.0	1484.0	1572.0	1719.0
2600.0	2070.0	2109.0	2109.0
3800.0	901.0	910.0	908.0
32328.0	1162.0	1177.0	1204.0
2100.0	1872.0	1896.0	1876.0
7100.0	2148.0	2337.0	2375.0
3500.0	1957.0	1989.0	2145.0
3400.0	1580.0	1605.0	1670.0
1500.0	1160.0	1177.0	1181.0
1600.0	1918.0	1985.0	2001.0
700.0	2281.0	2365.0	2372.0
5100.0	1690.0	1717.0	1721.0
6500.0	2806.0	2834.0	2818.0
26500.0	2330.0	2567.0	2786.0
2700.0	2398.0	2446.0	2529.0
30006.0	1959.0	2047.0	2232.0
22001.0	2198.0	2376.0	2505.0
1702.0	2034.0	2082.0	2074.0
28901.0	1743.0	1975.0	2180.0
28000.0	1712.0	1744.0	1702.0
24701.0	1679.0	1775.0	1809.0
29204.0	3366.0	3987.0	4816.0
10002.0	1851.0	1889.0	1896.0
402.0	2378.0	2313.0	2332.0
22006.0	1876.0	1888.0	1990.0
30305.0	2153.0	2322.0	2669.0
22202.0	3586.0	3744.0	3948.0
9100.0	1635.0	1522.0	1930.0
26802.0	1963.0	2058.0	2373.0
22400.0	3926.0	4092.0	4577.0
53801.0	1622.0	1908.0	2431.0
24200.0	1260.0	1268.0	1262.0
23403.0	1661.0	1712.0	1724.0
7200.0	5215.0	6463.0	7021.0
21100.0	2092.0	2658.0	3704.0
29405.0	2133.0	2250.0	2407.0
8400.0	4035.0	4289.0	4301.0
24400.0	890.0	889.0	766.0
8200.0	3286.0	4000.0	4726.0
30310.0	1967.0	2273.0	2552.0
32010.0	1979.0	2021.0	2166.0
7600.0	1961.0	2048.0	2038.0
11102.0	1657.0	1717.0	1884.0
24903.0	2469.0	2544.0	2606.0
5302.0	235.0	238.0	237.0
4600.0	1428.0	1428.0	1490.0
29408.0	1677.0	1728.0	1824.0
25803.0	1887.0	1989.0	2334.0
29504.0	2495.0	2728.0	2792.0
29407.0	1941.0	1979.0	2040.0
1000.0	847.0	873.0	874.0
31706.0	2110.0	2376.0	2851.0
32005.0	2810.0	3233.0	3628.0
32316.0	2002.0	2210.0	2458.0
1701.0	1854.0	1872.0	1864.0
27000.0	1722.0	1890.0	2091.0
6800.0	1428.0	1499.0	1510.0
800.0	1147.0	1159.0	1160.0
900.0	950.0	950.0	951.0
21400.0	1735.0	1772.0	1791.0
23603.0	2603.0	2656.0	2588.0
3600.0	3223.0	3267.0	3695.0
5200.0	3358.0	3498.0	3590.0
4500.0	1207.0	1103.0	1229.0
5301.0	3125.0	3474.0	3427.0
22702.0	1565.0	1594.0	1706.0
22701.0	1712.0	1759.0	1878.0
22703.0	1028.0	1045.0	1059.0
29406.0	1934.0	2109.0	2232.0
30700.0	1659.0	1662.0	1722.0
500.0	1649.0	1684.0	1728.0
4302.0	805.0	843.0	845.0
1800.0	2218.0	2297.0	2520.0
1900.0	2256.0	2398.0	2737.0
31909.0	1373.0	1502.0	1554.0
10200.0	2102.0	2102.0	2113.0
31206.0	1727.0	1987.0	2206.0
4200.0	3406.0	3477.0	3485.0
21905.0	2282.0	2393.0	2566.0
8500.0	2665.0	3527.0	4212.0
7700.0	2255.0	2317.0	2328.0
21300.0	1794.0	1864.0	2154.0
30306.0	2226.0	2310.0	2431.0
940001.0	4584.0	6029.0	8598.0
30313.0	2038.0	2090.0	2822.0
10701.0	1333.0	1362.0	1534.0
32317.0	2185.0	2265.0	2419.0
31000.0	1248.0	1425.0	2870.0
25601.0	1928.0	2006.0	2218.0
6300.0	2975.0	3118.0	3234.0
31904.0	1405.0	1499.0	1613.0
24901.0	2030.0	2053.0	2159.0
32321.0	2098.0	2569.0	2975.0
30403.0	1793.0	2005.0	2346.0
25702.0	1395.0	1480.0	1752.0
30304.0	1335.0	1770.0	2132.0
30404.0	2162.0	2812.0	3317.0
10800.0	1904.0	1943.0	2021.0
8700.0	1848.0	2012.0	2062.0
27600.0	1647.0	1678.0	1744.0
11300.0	2647.0	2671.0	2878.0
10100.0	2712.0	2737.0	2893.0
30309.0	2555.0	2623.0	2824.0
29203.0	1300.0	1309.0	1503.0
25003.0	2700.0	2795.0	3052.0
31908.0	1773.0	1804.0	1868.0
31907.0	2850.0	2865.0	3195.0
6400.0	1360.0	1361.0	1356.0
7900.0	3348.0	3410.0	3408.0
23202.0	1968.0	2164.0	2495.0
25804.0	1370.0	1462.0	1891.0
32008.0	1844.0	1913.0	2010.0
100.0	3368.0	3575.0	3596.0
29001.0	2012.0	2231.0	2124.0
29004.0	1411.0	1570.0	1968.0
31705.0	1411.0	1679.0	1986.0
25001.0	2011.0	2149.0	2277.0
32011.0	1456.0	1569.0	1744.0
23404.0	1412.0	1456.0	1478.0
940002.0	4141.0	5265.0	6407.0
10702.0	1186.0	1178.0	1179.0
9200.0	1912.0	1789.0	1817.0
940005.0	2043.0	2121.0	2214.0
1100.0	1156.0	1167.0	1177.0
2000.0	1701.0	1721.0	1765.0
73500.0	3200.0	3677.0	3826.0
51914.0	1651.0	1792.0	1931.0
70315.0	2201.0	2617.0	3143.0
70316.0	1937.0	2175.0	2408.0
990100.0	0.0	0.0	2.0
92901.0	2205.0	2533.0	2872.0
92803.0	1102.0	1235.0	1426.0
92902.0	1995.0	2220.0	2463.0
92802.0	1639.0	1812.0	2016.0
72503.0	1712.0	1866.0	2055.0
72601.0	2083.0	2339.0	2827.0
92200.0	4641.0	4937.0	5670.0
92100.0	2703.0	3217.0	4758.0
92000.0	2230.0	2627.0	3484.0
92300.0	3010.0	3944.0	4636.0
92801.0	1973.0	2680.0	3742.0
92704.0	1382.0	1568.0	1708.0
92701.0	1790.0	1980.0	2187.0
92400.0	3106.0	3579.0	3885.0
91800.0	1788.0	2095.0	2641.0
91302.0	2656.0	3520.0	4232.0
80200.0	1978.0	2193.0	2400.0
80102.0	2105.0	2540.0	2942.0
91301.0	1718.0	1926.0	2160.0
80101.0	1395.0	1784.0	2277.0
91900.0	3056.0	3886.0	4663.0
80700.0	2264.0	2791.0	3284.0
91400.0	1445.0	1580.0	2064.0
80600.0	2156.0	2430.0	2737.0
80900.0	2538.0	3325.0	4871.0
80800.0	594.0	584.0	674.0
80500.0	1843.0	2136.0	2187.0
80300.0	1674.0	1734.0	1919.0
80400.0	2180.0	2442.0	2693.0
81200.0	1176.0	1316.0	1369.0
81000.0	3044.0	3392.0	3868.0
81100.0	1078.0	1236.0	1330.0
81400.0	14.0	13.0	16.0
92500.0	3460.0	4065.0	4397.0
91000.0	2999.0	3401.0	3679.0
92600.0	2527.0	2665.0	2777.0
91100.0	2060.0	2242.0	2541.0
91203.0	3460.0	3772.0	4414.0
90400.0	2066.0	2528.0	3734.0
90300.0	1119.0	1111.0	1092.0
91700.0	3851.0	4640.0	4958.0
91204.0	2222.0	2667.0	2824.0
91201.0	2465.0	2995.0	3480.0
91500.0	1750.0	2136.0	2340.0
91600.0	3357.0	3841.0	4283.0
90700.0	2332.0	2614.0	2745.0
90800.0	1891.0	2126.0	2283.0
90900.0	3394.0	3479.0	3559.0
90202.0	1996.0	2461.0	3162.0
90201.0	1866.0	2214.0	2657.0
90502.0	2048.0	2480.0	3574.0
90501.0	2456.0	2689.0	3180.0
940100.0	2656.0	2879.0	3287.0
90102.0	3198.0	3831.0	4931.0
90101.0	2617.0	2967.0	3291.0
940000.0	1480.0	1609.0	1703.0
900202.0	0.0	0.0	0.0
72603.0	2617.0	3518.0	4498.0
72602.0	1865.0	2413.0	2935.0
72800.0	5723.0	5877.0	6212.0
72906.0	5.0	5.0	5.0
72109.0	1665.0	1810.0	2013.0
72903.0	11.0	15.0	15.0
72410.0	1493.0	1678.0	1787.0
72504.0	1634.0	1907.0	2207.0
72405.0	1732.0	1873.0	1982.0
72406.0	2151.0	2352.0	2554.0
72408.0	2571.0	2711.0	2844.0
72409.0	1064.0	1130.0	1176.0
72505.0	3215.0	3914.0	5470.0
73006.0	1458.0	1805.0	3231.0
73001.0	2239.0	2454.0	3047.0
71902.0	2521.0	2594.0	2604.0
71901.0	2441.0	2543.0	2580.0
71805.0	1522.0	1531.0	1586.0
71807.0	1644.0	1656.0	1648.0
72107.0	1956.0	2067.0	2095.0
71706.0	809.0	815.0	846.0
72112.0	2035.0	2089.0	2153.0
72111.0	1093.0	1156.0	1192.0
72108.0	2326.0	2453.0	2477.0
71806.0	1964.0	1978.0	2020.0
72901.0	4.0	4.0	4.0
72000.0	2148.0	2208.0	2464.0
61100.0	2816.0	2854.0	2831.0
60800.0	2372.0	2411.0	2450.0
61002.0	2221.0	2243.0	2300.0
60906.0	930.0	934.0	931.0
61001.0	2022.0	2043.0	2045.0
72309.0	2790.0	2908.0	3005.0
72311.0	2035.0	2142.0	2180.0
72310.0	1767.0	1860.0	1870.0
72305.0	2696.0	2712.0	2717.0
62801.0	2715.0	2750.0	2794.0
62600.0	1420.0	1764.0	2500.0
72313.0	1458.0	1610.0	1801.0
72307.0	2024.0	2033.0	2047.0
72308.0	2913.0	3097.0	3388.0
72312.0	2700.0	2871.0	3147.0
62802.0	1512.0	1536.0	1553.0
71803.0	2549.0	2650.0	2762.0
62900.0	3139.0	3667.0	5863.0
72106.0	2999.0	3059.0	3128.0
72105.0	1999.0	2046.0	2045.0
72507.0	1536.0	1744.0	1937.0
72506.0	1648.0	1894.0	2185.0
72407.0	2126.0	2261.0	2442.0
60300.0	1888.0	1965.0	2114.0
60400.0	1871.0	1888.0	1891.0
60904.0	2398.0	2428.0	2478.0
60903.0	1422.0	1472.0	1504.0
60905.0	3063.0	3064.0	3121.0
73200.0	2697.0	3494.0	5985.0
73005.0	2031.0	2167.0	2416.0
71406.0	2868.0	4390.0	5298.0
71407.0	2183.0	2392.0	2552.0
71411.0	1689.0	2226.0	2840.0
71410.0	2318.0	2952.0	3968.0
73115.0	1557.0	1551.0	1590.0
73114.0	1914.0	1942.0	2008.0
73117.0	1397.0	1494.0	1889.0
71100.0	1070.0	1125.0	1156.0
71305.0	1591.0	1724.0	1824.0
71601.0	1808.0	2102.0	2284.0
71602.0	2936.0	3258.0	3516.0
71705.0	1473.0	1614.0	1662.0
71707.0	1160.0	1162.0	1175.0
71703.0	1484.0	1558.0	1718.0
71704.0	1784.0	1814.0	1835.0
71505.0	2150.0	2405.0	2603.0
71503.0	2291.0	2464.0	2680.0
71504.0	1800.0	1837.0	1850.0
71306.0	2716.0	3539.0	4076.0
71506.0	1996.0	2178.0	2546.0
71403.0	1826.0	1952.0	2147.0
71408.0	1611.0	1822.0	2066.0
71309.0	1379.0	1826.0	2298.0
73108.0	2624.0	3317.0	4101.0
71409.0	1699.0	1825.0	1929.0
60200.0	533.0	535.0	529.0
61500.0	3267.0	4499.0	6038.0
61601.0	1356.0	1415.0	1654.0
61602.0	448.0	672.0	1169.0
61300.0	2016.0	2153.0	2987.0
61700.0	2001.0	2142.0	2884.0
61400.0	1443.0	3065.0	5167.0
60600.0	2864.0	3037.0	3532.0
61200.0	2240.0	2454.0	3204.0
61800.0	1149.0	1144.0	1149.0
940007.0	1221.0	1323.0	1338.0
940004.0	2756.0	2873.0	2946.0
63100.0	1690.0	1699.0	1712.0
940006.0	874.0	1110.0	1270.0
62000.0	1786.0	1814.0	1805.0
62300.0	1842.0	1934.0	1972.0
63000.0	1272.0	1280.0	1285.0
62400.0	2342.0	2349.0	2367.0
63200.0	2048.0	2074.0	2088.0
63300.0	2425.0	2507.0	2573.0
71205.0	1994.0	2277.0	2460.0
63501.0	1711.0	1750.0	1769.0
71808.0	1549.0	1551.0	1548.0
63400.0	3176.0	3310.0	3330.0
63502.0	1797.0	1853.0	1863.0
940011.0	1762.0	1838.0	1895.0
940008.0	2333.0	2410.0	2438.0
60500.0	1754.0	1755.0	1761.0
60700.0	2411.0	2797.0	3483.0
73119.0	1250.0	1453.0	1966.0
73113.0	2256.0	2676.0	3734.0
73118.0	1638.0	1757.0	1997.0
73124.0	981.0	1106.0	1243.0
73125.0	3239.0	3658.0	4749.0
73116.0	1206.0	1326.0	1546.0
70401.0	856.0	903.0	1098.0
71210.0	2089.0	2652.0	3415.0
71206.0	3169.0	4144.0	4566.0
71209.0	1699.0	1730.0	1767.0
71207.0	2614.0	2965.0	3413.0
71307.0	2138.0	2715.0	3195.0
71304.0	3031.0	3472.0	4090.0
71208.0	3216.0	3522.0	3872.0
73110.0	1667.0	1973.0	2309.0
70203.0	2009.0	2972.0	6805.0
70404.0	1838.0	2028.0	2583.0
73111.0	1650.0	1840.0	1955.0
73120.0	1324.0	1617.0	1893.0
71310.0	1836.0	2505.0	3373.0
73122.0	1558.0	1799.0	2374.0
73123.0	1832.0	2313.0	3134.0
70403.0	1216.0	1316.0	1360.0
73121.0	1669.0	1755.0	1935.0
73126.0	1227.0	1248.0	1372.0
70703.0	2540.0	2667.0	2962.0
73301.0	2401.0	2668.0	2966.0
940003.0	3329.0	3406.0	3742.0
940009.0	1273.0	1337.0	1349.0
940010.0	2491.0	2916.0	3192.0
73408.0	2138.0	2259.0	2373.0
73407.0	1653.0	1704.0	1772.0
73302.0	1948.0	2091.0	2223.0
73404.0	3542.0	4023.0	4551.0
73406.0	2060.0	2216.0	2307.0
73405.0	1697.0	1965.0	2399.0
70311.0	1717.0	1789.0	1816.0
70309.0	2455.0	2876.0	2984.0
70205.0	1267.0	1353.0	1488.0
70310.0	1931.0	2359.0	2721.0
70312.0	1798.0	2202.0	2512.0
70204.0	1315.0	1358.0	1436.0
70206.0	1593.0	1843.0	2542.0
70314.0	1197.0	1404.0	1770.0
70313.0	2887.0	3438.0	4344.0
70308.0	1830.0	2169.0	2204.0
61900.0	892.0	899.0	894.0
62500.0	2919.0	2940.0	2945.0
51602.0	1755.0	1807.0	1883.0
41201.0	1334.0	1425.0	1580.0
51702.0	1830.0	1856.0	2164.0
51300.0	3592.0	3961.0	4830.0
50700.0	2917.0	2995.0	3212.0
52301.0	1821.0	2011.0	2284.0
52206.0	1582.0	1747.0	2022.0
50300.0	2367.0	2377.0	2400.0
50200.0	1780.0	1822.0	1867.0
50101.0	1038.0	1174.0	1278.0
52004.0	2508.0	2520.0	2925.0
50402.0	2654.0	2774.0	2901.0
51913.0	1791.0	2037.0	2204.0
51905.0	3264.0	3545.0	5174.0
41704.0	2114.0	2158.0	2691.0
51701.0	2545.0	2613.0	2753.0
51802.0	2169.0	2340.0	2707.0
51400.0	3478.0	3569.0	3924.0
51927.0	2298.0	2578.0	3204.0
51928.0	1599.0	1593.0	1656.0
51601.0	1775.0	1918.0	2532.0
51803.0	3171.0	3443.0	3714.0
51922.0	1890.0	2071.0	3036.0
51915.0	2575.0	2709.0	2823.0
50102.0	2074.0	2113.0	2877.0
51804.0	1360.0	1350.0	1314.0
51921.0	1670.0	1831.0	2248.0
51923.0	1707.0	1752.0	2117.0
51916.0	1629.0	1784.0	1886.0
52804.0	3079.0	3753.0	5353.0
41811.0	3313.0	3548.0	4031.0
41812.0	4677.0	5327.0	6450.0
41901.0	3453.0	4081.0	4778.0
42004.0	1742.0	1990.0	2864.0
51500.0	2329.0	2435.0	2553.0
50401.0	3294.0	3348.0	3459.0
41703.0	2082.0	2407.0	2940.0
41809.0	2785.0	2952.0	3188.0
41810.0	2498.0	2778.0	3366.0
41608.0	2141.0	2245.0	2541.0
41400.0	2362.0	2532.0	3085.0
53602.0	2462.0	2910.0	4036.0
53700.0	1492.0	1792.0	2718.0
52701.0	601.0	834.0	1316.0
51000.0	2321.0	2671.0	3159.0
52906.0	2323.0	2453.0	2783.0
52905.0	1843.0	1918.0	2475.0
51100.0	1677.0	1687.0	1678.0
40500.0	1042.0	1068.0	1092.0
52208.0	1711.0	1830.0	1944.0
52203.0	2220.0	2994.0	3920.0
52207.0	2033.0	2149.0	2387.0
42003.0	1319.0	1430.0	1641.0
41904.0	2207.0	2226.0	2254.0
53504.0	2946.0	3216.0	3986.0
53509.0	1620.0	1702.0	2781.0
52107.0	1432.0	1666.0	1871.0
52502.0	2269.0	3053.0	4265.0
52105.0	740.0	757.0	799.0
53202.0	1886.0	2015.0	2187.0
52104.0	1532.0	1921.0	2156.0
990002.0	55.0	56.0	57.0
41905.0	2721.0	2843.0	2985.0
53508.0	1204.0	1252.0	1527.0
52108.0	2186.0	2287.0	2342.0
52401.0	2084.0	2122.0	2142.0
52503.0	2419.0	2782.0	3224.0
52504.0	1191.0	1614.0	2112.0
53102.0	1888.0	2015.0	2393.0
53505.0	1879.0	2145.0	2649.0
41805.0	2715.0	2905.0	3149.0
52607.0	2096.0	2330.0	2637.0
41606.0	2364.0	2599.0	3075.0
53506.0	2135.0	2369.0	2859.0
53302.0	2069.0	2273.0	2953.0
53101.0	1337.0	1490.0	1735.0
53802.0	2406.0	2978.0	4227.0
50600.0	498.0	507.0	596.0
52603.0	1090.0	1246.0	1476.0
52605.0	2182.0	2431.0	2653.0
53803.0	2219.0	2489.0	3013.0
40100.0	1962.0	2047.0	2143.0
51925.0	2706.0	3169.0	4262.0
40200.0	2496.0	2545.0	3202.0
41000.0	2805.0	3473.0	4351.0
50800.0	2807.0	2908.0	3104.0
52904.0	2215.0	2391.0	2775.0
41301.0	2523.0	2598.0	2751.0
52709.0	1160.0	1248.0	1876.0
52118.0	2255.0	2384.0	2631.0
41202.0	2515.0	2642.0	2942.0
41806.0	3770.0	3980.0	4801.0
41303.0	2106.0	2356.0	2567.0
41304.0	1202.0	1230.0	1355.0
50500.0	4023.0	4327.0	4378.0
50900.0	1566.0	1570.0	1574.0
41903.0	3247.0	3415.0	4057.0
41100.0	2178.0	2291.0	2501.0
53201.0	1646.0	1783.0	1988.0
53603.0	1538.0	1738.0	2257.0
51200.0	3061.0	3420.0	3834.0
52806.0	2443.0	2596.0	2810.0
52805.0	1923.0	2157.0	2508.0
52209.0	1001.0	1020.0	1052.0
52803.0	1976.0	2079.0	2231.0
53400.0	2039.0	2245.0	2825.0
41500.0	665.0	757.0	882.0
41701.0	2604.0	2965.0	3666.0
52005.0	2465.0	2556.0	2923.0
52003.0	2511.0	3040.0	3819.0
52006.0	1434.0	1445.0	1446.0
53301.0	2723.0	2944.0	3897.0
40400.0	2167.0	2944.0	3945.0
40300.0	1417.0	1414.0	1397.0
52112.0	1015.0	1109.0	1180.0
41605.0	2207.0	2281.0	2462.0
42001.0	2264.0	2276.0	2443.0
51918.0	2174.0	2328.0	2482.0
52606.0	1929.0	2251.0	2604.0
52903.0	1910.0	1952.0	2205.0
52707.0	1584.0	2241.0	3738.0
52604.0	2068.0	2308.0	2469.0
52114.0	1673.0	1712.0	1769.0
52706.0	1764.0	1927.0	2237.0
52402.0	1513.0	1522.0	1522.0
41601.0	2227.0	2518.0	2875.0
52302.0	1352.0	1424.0	1563.0
51924.0	2354.0	2408.0	2548.0
40900.0	1736.0	1844.0	2006.0
52007.0	1524.0	1557.0	1930.0
51926.0	1702.0	1877.0	2027.0
41808.0	1784.0	2017.0	2504.0
40800.0	1513.0	2034.0	2673.0
40700.0	2447.0	3421.0	3950.0
42005.0	1872.0	1972.0	2181.0
42006.0	2041.0	2073.0	2492.0
53604.0	1592.0	1834.0	2521.0
52705.0	2741.0	3747.0	5061.0
52708.0	1717.0	1780.0	1968.0
41607.0	1265.0	1360.0	1581.0
52204.0	1716.0	1787.0	1876.0
52115.0	2215.0	2259.0	2281.0
53507.0	1909.0	2243.0	2384.0
