tract10_id	jobs_2020	jobs_2030	jobs_2040
32307.0	1224.0	1253.0	1322.0
28802.0	7339.0	7014.0	7392.0
20100.0	706.0	715.0	739.0
25101.0	1555.0	2399.0	2716.0
29601.0	1237.0	1555.0	1756.0
26200.0	56182.0	60537.0	78494.0
8600.0	5982.0	5905.0	6217.0
8100.0	70855.0	80581.0	84868.0
30503.0	3161.0	3317.0	3341.0
30501.0	16616.0	19536.0	23212.0
29101.0	899.0	1255.0	2259.0
29102.0	790.0	815.0	857.0
10900.0	19734.0	20715.0	22063.0
10402.0	604.0	633.0	661.0
9300.0	48225.0	52488.0	57527.0
10001.0	4987.0	5135.0	5690.0
11002.0	998.0	993.0	1258.0
26400.0	4318.0	4532.0	5009.0
26300.0	10508.0	11356.0	13742.0
26100.0	1127.0	1169.0	1360.0
26002.0	1408.0	1528.0	1807.0
28600.0	1170.0	1203.0	1347.0
30504.0	1550.0	1591.0	1579.0
29700.0	7232.0	7831.0	10288.0
28300.0	6520.0	18678.0	26789.0
29206.0	44414.0	47074.0	50161.0
27200.0	7507.0	7976.0	8340.0
11700.0	3040.0	3419.0	3976.0
9500.0	3188.0	3854.0	4791.0
29205.0	1663.0	1677.0	1738.0
31301.0	596.0	645.0	723.0
25701.0	983.0	1302.0	1606.0
25302.0	15068.0	16510.0	21802.0
23201.0	1320.0	1228.0	1286.0
22003.0	1414.0	1440.0	1471.0
7000.0	2069.0	1982.0	2064.0
11200.0	7721.0	8429.0	9336.0
30600.0	3036.0	3383.0	4563.0
25301.0	7455.0	8146.0	10257.0
8800.0	526.0	538.0	609.0
8900.0	1997.0	1985.0	2236.0
9000.0	6386.0	6859.0	8554.0
2500.0	779.0	792.0	827.0
9702.0	671.0	704.0	752.0
29902.0	3488.0	3929.0	4077.0
32323.0	1220.0	1263.0	1310.0
31703.0	1109.0	1310.0	1378.0
23804.0	39991.0	49746.0	69281.0
31502.0	1460.0	1616.0	1703.0
32325.0	682.0	710.0	1208.0
31202.0	1433.0	1471.0	1489.0
28902.0	1513.0	1586.0	2880.0
24500.0	1008.0	1052.0	1132.0
28200.0	1615.0	1668.0	1724.0
11600.0	1017.0	1070.0	1092.0
12000.0	295.0	309.0	344.0
27300.0	1543.0	1620.0	2363.0
28100.0	1888.0	1978.0	1980.0
32007.0	904.0	915.0	982.0
10500.0	4325.0	5001.0	6489.0
30100.0	973.0	1043.0	1224.0
6700.0	8114.0	8990.0	10214.0
9600.0	1930.0	1909.0	1909.0
9800.0	2071.0	1990.0	2266.0
9900.0	8048.0	8537.0	10635.0
9701.0	1083.0	1086.0	1119.0
29801.0	1771.0	1902.0	1884.0
6900.0	694.0	701.0	870.0
10600.0	1432.0	1416.0	1418.0
32215.0	421.0	452.0	553.0
4400.0	1945.0	2011.0	2190.0
30801.0	11121.0	12302.0	14335.0
5000.0	3274.0	3265.0	3589.0
29502.0	1211.0	1256.0	1289.0
32103.0	14716.0	17715.0	26435.0
22005.0	4760.0	5348.0	6461.0
11001.0	1016.0	1028.0	1172.0
27500.0	1400.0	1459.0	2024.0
25805.0	692.0	727.0	785.0
25806.0	4105.0	4164.0	4418.0
25400.0	2153.0	2585.0	2983.0
2800.0	1078.0	1096.0	1203.0
32208.0	15686.0	22009.0	31663.0
7800.0	1562.0	1577.0	1640.0
5400.0	4853.0	5087.0	5663.0
30311.0	717.0	738.0	799.0
29403.0	751.0	799.0	832.0
1400.0	705.0	721.0	799.0
32210.0	3649.0	4239.0	5861.0
29003.0	1537.0	1669.0	1870.0
20402.0	838.0	858.0	784.0
30401.0	4009.0	4835.0	5365.0
4301.0	2895.0	2833.0	3603.0
30308.0	859.0	870.0	907.0
30312.0	784.0	790.0	1077.0
21700.0	2518.0	2493.0	2429.0
29305.0	556.0	594.0	666.0
27400.0	2174.0	2282.0	2487.0
32401.0	1662.0	1729.0	1827.0
32207.0	929.0	941.0	949.0
27702.0	843.0	888.0	934.0
51917.0	377.0	393.0	442.0
21600.0	1473.0	1409.0	1573.0
31400.0	4405.0	4767.0	5263.0
70207.0	2696.0	2830.0	2978.0
22500.0	9321.0	11240.0	14067.0
31501.0	343.0	362.0	461.0
31603.0	1674.0	1946.0	2385.0
32702.0	912.0	962.0	1419.0
27701.0	2781.0	2947.0	3305.0
31601.0	697.0	794.0	793.0
31204.0	921.0	948.0	947.0
12100.0	202.0	201.0	211.0
26600.0	816.0	808.0	892.0
26001.0	993.0	1077.0	1173.0
25006.0	348.0	367.0	445.0
31906.0	437.0	483.0	522.0
31800.0	1025.0	1161.0	1292.0
32003.0	1376.0	1452.0	1607.0
32002.0	440.0	451.0	490.0
3300.0	1547.0	1584.0	1681.0
26700.0	597.0	656.0	688.0
11402.0	1469.0	1485.0	1508.0
32324.0	973.0	1406.0	1783.0
32313.0	12328.0	13178.0	22237.0
32402.0	921.0	971.0	1039.0
32315.0	732.0	756.0	852.0
32102.0	598.0	621.0	673.0
32703.0	2604.0	2931.0	2805.0
32602.0	2107.0	2066.0	2852.0
32800.0	641.0	742.0	1337.0
4800.0	3121.0	3138.0	3258.0
24300.0	5556.0	5936.0	6764.0
23300.0	1498.0	1500.0	1508.0
23100.0	237.0	252.0	269.0
32213.0	377.0	404.0	440.0
32601.0	1007.0	1138.0	1287.0
8001.0	11694.0	11364.0	11737.0
2900.0	911.0	927.0	1018.0
3000.0	1126.0	1129.0	1302.0
32309.0	17888.0	21105.0	34933.0
32320.0	1386.0	1444.0	1486.0
2200.0	504.0	498.0	524.0
32500.0	1153.0	1239.0	1532.0
20200.0	1722.0	1849.0	1881.0
20800.0	602.0	640.0	646.0
51912.0	3178.0	3671.0	4129.0
20300.0	2865.0	2800.0	4321.0
30901.0	2244.0	2318.0	2437.0
11401.0	447.0	493.0	525.0
28402.0	16587.0	19143.0	21834.0
22803.0	58665.0	60737.0	67224.0
4900.0	5762.0	5663.0	5987.0
31704.0	1188.0	1474.0	1879.0
401.0	2295.0	2377.0	2738.0
24601.0	767.0	776.0	831.0
21904.0	2903.0	2989.0	3044.0
6100.0	5125.0	5113.0	5722.0
6600.0	8673.0	8498.0	9758.0
25200.0	1109.0	1210.0	1300.0
32704.0	4474.0	6438.0	9392.0
29307.0	595.0	646.0	728.0
21500.0	608.0	633.0	537.0
29802.0	831.0	890.0	1155.0
7401.0	1011.0	1002.0	1040.0
29503.0	3586.0	3907.0	3859.0
7402.0	1587.0	1641.0	1883.0
28500.0	2329.0	2547.0	3069.0
22102.0	762.0	819.0	1119.0
21802.0	9307.0	9541.0	9308.0
32322.0	300.0	303.0	330.0
25602.0	850.0	985.0	1122.0
23700.0	31621.0	35067.0	41163.0
300.0	710.0	778.0	1064.0
10300.0	2485.0	2520.0	2922.0
3900.0	469.0	475.0	512.0
7300.0	30635.0	40173.0	42217.0
6200.0	979.0	988.0	1054.0
21000.0	1932.0	1711.0	1781.0
5600.0	1131.0	1073.0	1095.0
31605.0	621.0	2256.0	2899.0
7500.0	6925.0	7766.0	8510.0
23401.0	12207.0	12913.0	13929.0
22605.0	5949.0	6458.0	6231.0
11800.0	1791.0	1832.0	1926.0
11900.0	387.0	401.0	421.0
25102.0	1276.0	1318.0	1728.0
25005.0	1510.0	1587.0	2434.0
32214.0	1704.0	1789.0	1867.0
3100.0	653.0	670.0	757.0
4000.0	540.0	544.0	554.0
32329.0	1647.0	2294.0	2411.0
22604.0	2866.0	2893.0	2950.0
32319.0	10731.0	10923.0	11962.0
32311.0	744.0	793.0	848.0
27900.0	7744.0	8211.0	10002.0
21906.0	4167.0	4159.0	4023.0
10401.0	737.0	749.0	897.0
24000.0	5942.0	6065.0	5900.0
28403.0	3095.0	3298.0	3373.0
27800.0	261.0	271.0	288.0
28700.0	586.0	616.0	653.0
8002.0	6931.0	7848.0	8240.0
30201.0	840.0	864.0	1107.0
23604.0	1057.0	1211.0	1332.0
24100.0	1006.0	1064.0	1140.0
31205.0	955.0	1063.0	1165.0
30802.0	523.0	566.0	597.0
22203.0	914.0	949.0	999.0
22201.0	822.0	855.0	892.0
30003.0	2050.0	2166.0	2395.0
31903.0	1076.0	1132.0	1245.0
30202.0	2689.0	2654.0	2460.0
200.0	1413.0	1415.0	1570.0
31100.0	2353.0	2666.0	2711.0
28801.0	3485.0	4028.0	6326.0
32203.0	1049.0	1143.0	1131.0
22902.0	654.0	681.0	728.0
5900.0	3902.0	4154.0	4545.0
1300.0	3291.0	3515.0	4322.0
27100.0	1009.0	1053.0	1141.0
22901.0	587.0	593.0	687.0
23000.0	2684.0	3019.0	3558.0
30004.0	528.0	555.0	584.0
22801.0	3333.0	3917.0	4217.0
5802.0	4947.0	5513.0	6378.0
5700.0	1706.0	1877.0	2299.0
22101.0	1095.0	1259.0	1645.0
21903.0	8915.0	9088.0	16509.0
29303.0	1953.0	2075.0	2197.0
6000.0	3761.0	3790.0	4172.0
24702.0	1658.0	2066.0	2149.0
23900.0	761.0	769.0	787.0
11500.0	694.0	705.0	742.0
20500.0	1612.0	1485.0	1408.0
32327.0	621.0	650.0	689.0
30005.0	784.0	814.0	868.0
9400.0	7769.0	7897.0	9636.0
29602.0	289.0	316.0	370.0
20700.0	3035.0	3613.0	5438.0
23803.0	12910.0	14174.0	25815.0
1200.0	6687.0	6541.0	7477.0
20600.0	493.0	513.0	552.0
52113.0	323.0	337.0	354.0
21803.0	3481.0	3943.0	5296.0
22603.0	1855.0	1933.0	2445.0
23601.0	9877.0	10941.0	10634.0
30902.0	1042.0	1202.0	1355.0
32211.0	976.0	1021.0	1067.0
29304.0	457.0	522.0	619.0
20900.0	3718.0	3576.0	3331.0
20401.0	1210.0	1156.0	1040.0
29901.0	551.0	631.0	759.0
32212.0	903.0	938.0	974.0
26801.0	924.0	964.0	1093.0
22802.0	2617.0	2737.0	2884.0
32318.0	863.0	926.0	1013.0
70307.0	485.0	501.0	534.0
31604.0	556.0	715.0	756.0
24602.0	872.0	919.0	1002.0
8300.0	8969.0	8937.0	9226.0
32104.0	2204.0	2273.0	2391.0
3200.0	2857.0	2960.0	3365.0
2400.0	671.0	689.0	943.0
22606.0	851.0	858.0	878.0
32326.0	873.0	876.0	875.0
5801.0	5561.0	5655.0	5894.0
22300.0	521.0	555.0	615.0
600.0	6496.0	6796.0	7596.0
21804.0	1674.0	2060.0	2735.0
31302.0	1262.0	1327.0	1453.0
24902.0	260.0	273.0	293.0
4700.0	10823.0	12003.0	15087.0
11101.0	658.0	669.0	721.0
4100.0	6647.0	7595.0	8099.0
30314.0	5768.0	5721.0	5450.0
24800.0	11023.0	10330.0	10209.0
25500.0	582.0	630.0	660.0
70100.0	1027.0	1170.0	1324.0
32006.0	582.0	615.0	654.0
29306.0	1199.0	1303.0	1628.0
23500.0	445.0	484.0	526.0
23801.0	6884.0	7145.0	7986.0
2600.0	1402.0	1469.0	1682.0
3800.0	787.0	780.0	842.0
32328.0	990.0	1021.0	1162.0
2100.0	1033.0	1267.0	1428.0
7100.0	13837.0	14103.0	14522.0
3500.0	1352.0	1351.0	1409.0
3400.0	801.0	755.0	769.0
1500.0	217.0	226.0	233.0
1600.0	1133.0	1155.0	1251.0
700.0	1736.0	1806.0	2445.0
5100.0	1643.0	1604.0	1717.0
6500.0	897.0	897.0	1018.0
26500.0	983.0	1006.0	1116.0
2700.0	1370.0	1309.0	1329.0
30006.0	3852.0	4368.0	7095.0
22001.0	1182.0	1202.0	1158.0
1702.0	950.0	918.0	1073.0
28901.0	2021.0	2204.0	2516.0
28000.0	1873.0	2454.0	3322.0
24701.0	587.0	653.0	666.0
29204.0	1937.0	2128.0	2035.0
10002.0	1009.0	1010.0	1077.0
402.0	1832.0	2234.0	2141.0
22006.0	884.0	991.0	996.0
30305.0	831.0	924.0	986.0
22202.0	1615.0	1659.0	1769.0
9100.0	3256.0	4446.0	6324.0
26802.0	910.0	967.0	1034.0
22400.0	4145.0	4399.0	4818.0
53801.0	445.0	550.0	620.0
24200.0	679.0	709.0	713.0
23403.0	8127.0	8239.0	9507.0
7200.0	32461.0	45634.0	50282.0
21100.0	2542.0	2522.0	2516.0
29405.0	399.0	438.0	480.0
8400.0	6319.0	6618.0	7375.0
24400.0	1163.0	1164.0	1175.0
8200.0	24917.0	26940.0	27344.0
30310.0	1630.0	1686.0	1858.0
32010.0	1487.0	1763.0	2174.0
7600.0	3069.0	3040.0	3196.0
11102.0	1120.0	1146.0	1178.0
24903.0	542.0	576.0	594.0
5302.0	29707.0	30110.0	32459.0
4600.0	786.0	798.0	858.0
29408.0	239.0	245.0	264.0
25803.0	623.0	629.0	414.0
29504.0	1457.0	1499.0	1485.0
29407.0	1252.0	1269.0	1282.0
1000.0	956.0	982.0	1024.0
31706.0	3528.0	3876.0	4143.0
32005.0	1182.0	1229.0	1286.0
32316.0	615.0	629.0	652.0
1701.0	1612.0	1614.0	2177.0
27000.0	322.0	333.0	368.0
6800.0	2057.0	1917.0	2034.0
800.0	294.0	294.0	299.0
900.0	230.0	230.0	230.0
21400.0	1166.0	1193.0	1207.0
23603.0	2360.0	2506.0	2426.0
3600.0	2907.0	3058.0	3265.0
5200.0	3240.0	3767.0	4277.0
4500.0	458.0	452.0	545.0
5301.0	6025.0	7756.0	8833.0
22702.0	1043.0	1089.0	1117.0
22701.0	6156.0	6527.0	7817.0
22703.0	782.0	797.0	814.0
29406.0	380.0	433.0	478.0
30700.0	1927.0	1952.0	1976.0
500.0	284.0	285.0	307.0
4302.0	931.0	829.0	1221.0
1800.0	652.0	792.0	1536.0
1900.0	5275.0	5413.0	6012.0
31909.0	518.0	531.0	559.0
10200.0	691.0	698.0	716.0
31206.0	1301.0	1427.0	1550.0
4200.0	2077.0	2016.0	2116.0
21905.0	997.0	1034.0	1154.0
8500.0	18297.0	21550.0	23486.0
7700.0	1094.0	1006.0	1095.0
21300.0	949.0	948.0	896.0
30306.0	734.0	775.0	869.0
940001.0	7907.0	8519.0	9129.0
30313.0	9110.0	9547.0	10579.0
10701.0	631.0	627.0	729.0
32317.0	838.0	820.0	816.0
31000.0	650.0	713.0	930.0
25601.0	1528.0	1567.0	1682.0
6300.0	2105.0	2014.0	2224.0
31904.0	909.0	943.0	986.0
24901.0	631.0	647.0	685.0
32321.0	1233.0	1244.0	1317.0
30403.0	381.0	406.0	485.0
25702.0	117.0	138.0	174.0
30304.0	3266.0	3486.0	3698.0
30404.0	481.0	557.0	637.0
10800.0	2488.0	2595.0	3293.0
8700.0	3879.0	3973.0	3953.0
27600.0	775.0	852.0	887.0
11300.0	2494.0	2838.0	3945.0
10100.0	2181.0	2254.0	2771.0
30309.0	2440.0	2455.0	2746.0
29203.0	4520.0	6712.0	9136.0
25003.0	1273.0	1316.0	1369.0
31908.0	1134.0	1188.0	1211.0
31907.0	508.0	541.0	582.0
6400.0	453.0	456.0	497.0
7900.0	2084.0	2453.0	3026.0
23202.0	2653.0	2984.0	2938.0
25804.0	466.0	467.0	518.0
32008.0	236.0	265.0	283.0
100.0	2826.0	3267.0	4998.0
29001.0	857.0	875.0	885.0
29004.0	2561.0	2897.0	4805.0
31705.0	653.0	746.0	863.0
25001.0	968.0	1007.0	1033.0
32011.0	718.0	1047.0	1746.0
23404.0	411.0	411.0	423.0
940002.0	12712.0	13487.0	13957.0
10702.0	508.0	519.0	533.0
9200.0	5765.0	8334.0	8844.0
940005.0	726.0	796.0	1106.0
1100.0	565.0	562.0	568.0
2000.0	798.0	805.0	832.0
73500.0	1598.0	1627.0	1975.0
51914.0	503.0	525.0	547.0
70315.0	626.0	675.0	752.0
70316.0	483.0	514.0	550.0
990100.0	0.0	0.0	0.0
92901.0	511.0	756.0	1150.0
92803.0	178.0	196.0	226.0
92902.0	750.0	804.0	875.0
92802.0	439.0	478.0	527.0
72503.0	541.0	581.0	638.0
72601.0	694.0	790.0	865.0
92200.0	2860.0	2917.0	3051.0
92100.0	3564.0	4139.0	5029.0
92000.0	507.0	541.0	638.0
92300.0	3082.0	3434.0	3823.0
92801.0	1200.0	1348.0	1572.0
92704.0	533.0	587.0	620.0
92701.0	610.0	660.0	685.0
92400.0	1227.0	1298.0	1729.0
91800.0	1614.0	1616.0	1626.0
91302.0	1121.0	1655.0	2714.0
80200.0	2204.0	2237.0	3077.0
80102.0	1652.0	1741.0	1767.0
91301.0	511.0	551.0	618.0
80101.0	291.0	326.0	352.0
91900.0	1067.0	1176.0	1199.0
80700.0	1002.0	1084.0	1163.0
91400.0	244.0	289.0	393.0
80600.0	1407.0	1613.0	1777.0
80900.0	3792.0	4474.0	6044.0
80800.0	444.0	529.0	540.0
80500.0	2947.0	2974.0	5287.0
80300.0	3959.0	3968.0	4273.0
80400.0	943.0	1028.0	1045.0
81200.0	540.0	588.0	965.0
81000.0	1570.0	1708.0	1868.0
81100.0	2100.0	2220.0	2945.0
81400.0	12244.0	12994.0	13404.0
92500.0	2409.0	2524.0	2664.0
91000.0	1213.0	1439.0	1514.0
92600.0	645.0	689.0	734.0
91100.0	2350.0	2399.0	2537.0
91203.0	632.0	691.0	787.0
90400.0	1132.0	1184.0	1492.0
90300.0	4109.0	4320.0	4547.0
91700.0	700.0	812.0	907.0
91204.0	1788.0	2117.0	2163.0
91201.0	8579.0	8930.0	10045.0
91500.0	561.0	639.0	769.0
91600.0	1619.0	1682.0	2373.0
90700.0	1126.0	1225.0	1213.0
90800.0	1346.0	1481.0	1777.0
90900.0	5636.0	6035.0	6652.0
90202.0	1088.0	1358.0	1584.0
90201.0	1739.0	1853.0	1948.0
90502.0	2089.0	2200.0	2434.0
90501.0	4177.0	4220.0	4293.0
940100.0	1803.0	1855.0	1946.0
90102.0	2088.0	2342.0	2500.0
90101.0	1395.0	1580.0	2176.0
940000.0	193.0	224.0	248.0
900202.0	0.0	0.0	0.0
72603.0	1576.0	2225.0	2846.0
72602.0	909.0	1034.0	1114.0
72800.0	3683.0	4371.0	4801.0
72906.0	14451.0	15054.0	15723.0
72109.0	814.0	877.0	919.0
72903.0	2394.0	3028.0	3474.0
72410.0	278.0	287.0	311.0
72504.0	1996.0	2304.0	2706.0
72405.0	482.0	522.0	571.0
72406.0	1120.0	1159.0	1206.0
72408.0	4260.0	4902.0	5499.0
72409.0	284.0	295.0	314.0
72505.0	4206.0	4333.0	4560.0
73006.0	646.0	688.0	870.0
73001.0	1079.0	1364.0	1499.0
71902.0	1303.0	1323.0	1360.0
71901.0	5354.0	5569.0	6278.0
71805.0	1844.0	1890.0	1979.0
71807.0	10227.0	10360.0	10969.0
72107.0	1166.0	1259.0	1355.0
71706.0	906.0	1027.0	956.0
72112.0	434.0	478.0	519.0
72111.0	272.0	290.0	302.0
72108.0	549.0	573.0	614.0
71806.0	1005.0	1010.0	1016.0
72901.0	2773.0	3199.0	3592.0
72000.0	1218.0	1345.0	1566.0
61100.0	5724.0	5737.0	5976.0
60800.0	1054.0	1077.0	1350.0
61002.0	3959.0	4122.0	4263.0
60906.0	1658.0	1686.0	2254.0
61001.0	613.0	631.0	645.0
72309.0	587.0	657.0	728.0
72311.0	3207.0	4137.0	5360.0
72310.0	1822.0	1934.0	2389.0
72305.0	1442.0	1475.0	1508.0
62801.0	2385.0	2442.0	2750.0
62600.0	21529.0	23617.0	30799.0
72313.0	504.0	493.0	481.0
72307.0	659.0	704.0	736.0
72308.0	1260.0	1536.0	1784.0
72312.0	1150.0	1173.0	1186.0
62802.0	968.0	1036.0	1171.0
71803.0	2533.0	2577.0	3120.0
62900.0	1937.0	2056.0	2456.0
72106.0	1740.0	1783.0	2387.0
72105.0	2716.0	2714.0	2884.0
72507.0	2969.0	3033.0	3611.0
72506.0	251.0	272.0	322.0
72407.0	2100.0	2122.0	2143.0
60300.0	1104.0	1605.0	1639.0
60400.0	606.0	636.0	658.0
60904.0	1401.0	1522.0	1534.0
60903.0	523.0	518.0	547.0
60905.0	1618.0	1653.0	1697.0
73200.0	1681.0	2102.0	3040.0
73005.0	411.0	427.0	468.0
71406.0	2839.0	4715.0	8317.0
71407.0	814.0	896.0	1001.0
71411.0	739.0	765.0	831.0
71410.0	1480.0	1601.0	1809.0
73115.0	396.0	416.0	411.0
73114.0	340.0	367.0	416.0
73117.0	662.0	933.0	988.0
71100.0	582.0	621.0	726.0
71305.0	2218.0	2397.0	2878.0
71601.0	1206.0	1284.0	1382.0
71602.0	2608.0	2695.0	2824.0
71705.0	1169.0	1346.0	1601.0
71707.0	1052.0	1160.0	1427.0
71703.0	1027.0	1037.0	1049.0
71704.0	806.0	831.0	845.0
71505.0	1022.0	1057.0	1373.0
71503.0	2644.0	2983.0	3495.0
71504.0	2456.0	3233.0	3015.0
71306.0	992.0	1227.0	1315.0
71506.0	285.0	309.0	347.0
71403.0	1029.0	1070.0	1209.0
71408.0	1206.0	1274.0	1925.0
71309.0	802.0	1228.0	1278.0
73108.0	2151.0	2273.0	3704.0
71409.0	555.0	585.0	639.0
60200.0	14781.0	17343.0	20071.0
61500.0	8332.0	8629.0	11190.0
61601.0	15047.0	17939.0	26261.0
61602.0	5415.0	7245.0	12530.0
61300.0	1637.0	1656.0	1424.0
61700.0	4383.0	5296.0	7092.0
61400.0	8107.0	8503.0	9174.0
60600.0	1405.0	1543.0	2145.0
61200.0	1294.0	1308.0	1236.0
61800.0	796.0	859.0	1231.0
940007.0	2523.0	2559.0	2642.0
940004.0	1383.0	1500.0	1513.0
63100.0	1414.0	1439.0	1446.0
940006.0	605.0	635.0	676.0
62000.0	800.0	860.0	997.0
62300.0	431.0	446.0	474.0
63000.0	2638.0	2760.0	2838.0
62400.0	1056.0	1116.0	1267.0
63200.0	882.0	893.0	1017.0
63300.0	1590.0	1730.0	1805.0
71205.0	660.0	694.0	730.0
63501.0	1452.0	1478.0	1563.0
71808.0	1495.0	1623.0	1846.0
63400.0	1836.0	1986.0	2758.0
63502.0	570.0	582.0	592.0
940011.0	421.0	442.0	476.0
940008.0	464.0	490.0	531.0
60500.0	1624.0	1661.0	1708.0
60700.0	2170.0	2116.0	1870.0
73119.0	548.0	617.0	691.0
73113.0	920.0	983.0	1059.0
73118.0	551.0	573.0	613.0
73124.0	712.0	814.0	970.0
73125.0	1055.0	1645.0	1773.0
73116.0	267.0	282.0	300.0
70401.0	773.0	814.0	846.0
71210.0	717.0	1371.0	4554.0
71206.0	3953.0	4418.0	4839.0
71209.0	486.0	490.0	490.0
71207.0	3756.0	3965.0	4345.0
71307.0	1068.0	1153.0	1272.0
71304.0	1763.0	1873.0	2027.0
71208.0	1419.0	1453.0	1449.0
73110.0	894.0	928.0	1632.0
70203.0	462.0	1406.0	3045.0
70404.0	664.0	543.0	756.0
73111.0	1377.0	1441.0	2751.0
73120.0	960.0	1050.0	1225.0
71310.0	580.0	741.0	871.0
73122.0	2032.0	3007.0	4372.0
73123.0	649.0	1476.0	1878.0
70403.0	889.0	914.0	993.0
73121.0	2224.0	2263.0	2282.0
73126.0	346.0	360.0	387.0
70703.0	2432.0	2631.0	3067.0
73301.0	9722.0	10144.0	11468.0
940003.0	2428.0	2575.0	2850.0
940009.0	1209.0	1638.0	2574.0
940010.0	2574.0	3890.0	4320.0
73408.0	1115.0	1162.0	1174.0
73407.0	4531.0	5155.0	6023.0
73302.0	1716.0	1744.0	1784.0
73404.0	2650.0	2979.0	3228.0
73406.0	2989.0	3140.0	3216.0
73405.0	3493.0	3891.0	3877.0
70311.0	568.0	590.0	647.0
70309.0	1902.0	1902.0	1993.0
70205.0	723.0	779.0	882.0
70310.0	1812.0	2169.0	2275.0
70312.0	1018.0	1794.0	1882.0
70204.0	201.0	213.0	234.0
70206.0	294.0	343.0	415.0
70314.0	320.0	346.0	380.0
70313.0	1275.0	1416.0	1511.0
70308.0	863.0	919.0	963.0
61900.0	1824.0	1852.0	1947.0
62500.0	1185.0	1223.0	1301.0
51602.0	1276.0	1303.0	1354.0
41201.0	146.0	154.0	174.0
51702.0	4104.0	5081.0	7651.0
51300.0	1162.0	1749.0	1169.0
50700.0	1913.0	2064.0	2159.0
52301.0	518.0	546.0	618.0
52206.0	512.0	560.0	622.0
50300.0	743.0	777.0	809.0
50200.0	878.0	909.0	943.0
50101.0	194.0	211.0	221.0
52004.0	1410.0	1519.0	1591.0
50402.0	4083.0	4785.0	5520.0
51913.0	434.0	476.0	533.0
51905.0	3875.0	4172.0	4963.0
41704.0	3652.0	3783.0	4288.0
51701.0	3408.0	3442.0	3981.0
51802.0	7399.0	8170.0	8802.0
51400.0	9821.0	12517.0	20161.0
51927.0	678.0	714.0	778.0
51928.0	2039.0	2416.0	2676.0
51601.0	1575.0	1678.0	1937.0
51803.0	1009.0	1027.0	1131.0
51922.0	1804.0	2046.0	2412.0
51915.0	964.0	1072.0	1106.0
50102.0	852.0	897.0	1195.0
51804.0	1025.0	1389.0	2765.0
51921.0	674.0	773.0	915.0
51923.0	1717.0	2309.0	3849.0
51916.0	1130.0	1152.0	1309.0
52804.0	1579.0	1801.0	2171.0
41811.0	2852.0	2915.0	3453.0
41812.0	871.0	1123.0	1210.0
41901.0	7605.0	7772.0	7987.0
42004.0	870.0	903.0	1002.0
51500.0	5080.0	5603.0	6484.0
50401.0	1733.0	1895.0	2171.0
41703.0	735.0	966.0	1243.0
41809.0	223.0	214.0	243.0
41810.0	462.0	479.0	517.0
41608.0	653.0	709.0	767.0
41400.0	2136.0	2149.0	2188.0
53602.0	854.0	1195.0	1686.0
53700.0	848.0	1548.0	2494.0
52701.0	279.0	288.0	324.0
51000.0	5982.0	7558.0	8321.0
52906.0	473.0	504.0	591.0
52905.0	2243.0	2289.0	2283.0
51100.0	1664.0	2920.0	3557.0
40500.0	902.0	1161.0	1261.0
52208.0	2531.0	2962.0	3366.0
52203.0	2632.0	2868.0	3297.0
52207.0	506.0	531.0	578.0
42003.0	294.0	312.0	356.0
41904.0	1978.0	2104.0	2304.0
53504.0	2972.0	3180.0	3524.0
53509.0	4017.0	4790.0	6901.0
52107.0	1034.0	958.0	1011.0
52502.0	1486.0	1534.0	2167.0
52105.0	971.0	1216.0	1720.0
53202.0	424.0	449.0	477.0
52104.0	764.0	823.0	885.0
990002.0	4.0	4.0	6.0
41905.0	1984.0	3366.0	4194.0
53508.0	1474.0	1682.0	2369.0
52108.0	2300.0	2472.0	2622.0
52401.0	2650.0	2720.0	3288.0
52503.0	983.0	1072.0	1155.0
52504.0	692.0	736.0	806.0
53102.0	1913.0	2199.0	2665.0
53505.0	346.0	381.0	486.0
41805.0	6425.0	7103.0	8818.0
52607.0	647.0	660.0	731.0
41606.0	811.0	831.0	861.0
53506.0	500.0	526.0	609.0
53302.0	902.0	1056.0	1337.0
53101.0	359.0	403.0	427.0
53802.0	1458.0	1551.0	1802.0
50600.0	153.0	198.0	138.0
52603.0	306.0	334.0	383.0
52605.0	1555.0	1877.0	2669.0
53803.0	873.0	956.0	1026.0
40100.0	7107.0	7489.0	7676.0
51925.0	11578.0	12488.0	13680.0
40200.0	1699.0	2136.0	2830.0
41000.0	4955.0	5452.0	6870.0
50800.0	1402.0	1440.0	1703.0
52904.0	753.0	787.0	694.0
41301.0	2708.0	2889.0	3152.0
52709.0	194.0	198.0	265.0
52118.0	919.0	1087.0	1845.0
41202.0	2420.0	2651.0	3046.0
41806.0	1739.0	1868.0	2528.0
41303.0	3601.0	3611.0	4543.0
41304.0	32107.0	32243.0	33478.0
50500.0	5231.0	5335.0	6172.0
50900.0	2144.0	2393.0	2988.0
41903.0	3651.0	3784.0	4347.0
41100.0	2893.0	3192.0	3762.0
53201.0	640.0	656.0	706.0
53603.0	470.0	494.0	588.0
51200.0	575.0	643.0	806.0
52806.0	376.0	412.0	457.0
52805.0	1913.0	1947.0	2035.0
52209.0	3069.0	3260.0	4058.0
52803.0	6976.0	9486.0	12771.0
53400.0	1137.0	1211.0	1283.0
41500.0	444.0	586.0	618.0
41701.0	2495.0	2533.0	2700.0
52005.0	742.0	768.0	798.0
52003.0	318.0	357.0	432.0
52006.0	367.0	392.0	422.0
53301.0	3673.0	4138.0	4726.0
40400.0	1614.0	1941.0	2542.0
40300.0	1116.0	1235.0	1848.0
52112.0	650.0	696.0	724.0
41605.0	914.0	956.0	999.0
42001.0	1204.0	1249.0	1294.0
51918.0	1689.0	1702.0	1794.0
52606.0	578.0	896.0	1232.0
52903.0	3995.0	4451.0	5587.0
52707.0	153.0	199.0	340.0
52604.0	1893.0	1936.0	1993.0
52114.0	512.0	546.0	584.0
52706.0	745.0	812.0	874.0
52402.0	2796.0	2832.0	3061.0
41601.0	993.0	1320.0	1341.0
52302.0	746.0	743.0	775.0
51924.0	997.0	996.0	1035.0
40900.0	349.0	367.0	385.0
52007.0	1268.0	1397.0	1458.0
51926.0	1784.0	1834.0	1925.0
41808.0	1079.0	1124.0	1346.0
40800.0	8282.0	9143.0	11052.0
40700.0	11234.0	14185.0	23401.0
42005.0	3186.0	3753.0	4080.0
42006.0	4448.0	4817.0	5332.0
53604.0	1098.0	1171.0	1331.0
52705.0	361.0	460.0	591.0
52708.0	306.0	339.0	368.0
41607.0	220.0	224.0	255.0
52204.0	2472.0	3126.0	3549.0
52115.0	774.0	827.0	864.0
53507.0	1687.0	2366.0	3318.0
