faz_id	jobs_2020	jobs_2030	jobs_2040
8935.0	4575.0	5194.0	6061.0
8927.0	1323.0	1397.0	1468.0
8926.0	1694.0	2455.0	3593.0
8936.0	3336.0	3707.0	4277.0
8500.0	9964.0	11832.0	15923.0
8406.0	279.0	288.0	324.0
8320.0	8478.0	11204.0	14763.0
8925.0	2410.0	2849.0	3597.0
8937.0	8143.0	8786.0	9428.0
8405.0	863.0	1000.0	1230.0
8310.0	9830.0	10473.0	11824.0
8910.0	2779.0	3061.0	3453.0
7905.0	5113.0	5656.0	6753.0
7606.0	768.0	827.0	890.0
7805.0	2116.0	2528.0	3072.0
8220.0	12841.0	14168.0	16860.0
8000.0	38416.0	38743.0	41169.0
8906.0	1309.0	1334.0	1444.0
8210.0	19851.0	23904.0	35021.0
9020.0	3621.0	4054.0	4757.0
8125.0	5808.0	6364.0	7371.0
8126.0	6797.0	7405.0	8402.0
8905.0	1015.0	1087.0	1193.0
7806.0	1752.0	1812.0	2452.0
7700.0	5468.0	5575.0	6375.0
7526.0	8838.0	9819.0	10708.0
7340.0	3581.0	4030.0	4216.0
7605.0	971.0	1216.0	1718.0
7537.0	15218.0	17026.0	18826.0
8115.0	9928.0	10788.0	13462.0
7335.0	10669.0	11358.0	12498.0
8600.0	10704.0	12216.0	14270.0
7425.0	3567.0	3785.0	4751.0
7535.0	5911.0	6607.0	8710.0
7525.0	2210.0	2323.0	2776.0
7436.0	2344.0	2516.0	2669.0
9019.0	4966.0	5448.0	5962.0
7026.0	1710.0	1783.0	1852.0
7205.0	7366.0	8010.0	9129.0
7515.0	7245.0	8017.0	8642.0
7320.0	7909.0	9254.0	11667.0
7206.0	16412.0	20098.0	30843.0
7315.0	4665.0	4882.0	5058.0
7435.0	4168.0	4718.0	5221.0
7316.0	4160.0	4319.0	4648.0
7025.0	11512.0	12481.0	14395.0
7415.0	13291.0	14251.0	15536.0
7100.0	10314.0	13967.0	15660.0
7015.0	5760.0	6242.0	7134.0
9908.0	4109.0	4320.0	4544.0
6410.0	15073.0	15417.0	18684.0
6420.0	8925.0	8795.0	8394.0
5535.0	6208.0	6342.0	7135.0
5600.0	14123.0	15051.0	16848.0
5546.0	13044.0	13339.0	14529.0
4706.0	2238.0	2319.0	2412.0
6605.0	2583.0	2700.0	2866.0
6910.0	2331.0	2925.0	4724.0
6606.0	1153.0	1239.0	1531.0
9909.0	1185.0	1235.0	1544.0
9011.0	5932.0	6079.0	6361.0
5525.0	6952.0	7142.0	7044.0
5515.0	4926.0	5096.0	5376.0
6326.0	11727.0	12580.0	14021.0
9914.0	3685.0	4145.0	4504.0
5545.0	4357.0	4456.0	4614.0
6223.0	7991.0	8527.0	11107.0
5306.0	19081.0	20203.0	29155.0
6325.0	7307.0	7360.0	8611.0
9009.0	2353.0	2402.0	2542.0
9006.0	1617.0	2191.0	3313.0
6225.0	15808.0	16165.0	19186.0
9018.0	10934.0	11675.0	12932.0
5425.0	31356.0	35759.0	51072.0
5305.0	22137.0	24605.0	29369.0
5426.0	14555.0	16062.0	24857.0
6226.0	6928.0	7261.0	8082.0
6126.0	2720.0	2833.0	3276.0
6224.0	6830.0	6952.0	7345.0
6216.0	8795.0	9684.0	10290.0
6316.0	19901.0	21183.0	24963.0
6215.0	15499.0	17653.0	20673.0
5100.0	1839.0	1926.0	2011.0
6213.0	15438.0	15531.0	16867.0
9005.0	507.0	541.0	637.0
6124.0	13078.0	13114.0	14315.0
6125.0	11243.0	11930.0	13003.0
6214.0	29707.0	30110.0	32459.0
5415.0	59810.0	61916.0	68527.0
5205.0	35355.0	39433.0	45833.0
9916.0	2317.0	2431.0	2535.0
9913.0	5636.0	6035.0	6652.0
9915.0	3299.0	3549.0	4396.0
4606.0	3337.0	3489.0	3575.0
6115.0	9919.0	9827.0	10857.0
4820.0	5380.0	5492.0	5291.0
9017.0	509.0	542.0	720.0
6123.0	54160.0	62209.0	68244.0
6114.0	20597.0	21431.0	24309.0
4607.0	6151.0	6884.0	8720.0
6505.0	3219.0	3323.0	4255.0
5020.0	8488.0	9078.0	9664.0
6113.0	39950.0	42138.0	45109.0
5010.0	13340.0	14695.0	14464.0
6020.0	56431.0	72648.0	76966.0
4900.0	50878.0	61567.0	92080.0
6010.0	114114.0	131761.0	140180.0
4400.0	9366.0	9847.0	10904.0
9900.0	1943.0	2067.0	2118.0
9904.0	7103.0	7230.0	8390.0
9902.0	21810.0	23181.0	27408.0
4810.0	9650.0	10249.0	11772.0
5720.0	11521.0	12116.0	13960.0
9901.0	3995.0	4772.0	6280.0
5826.0	7925.0	8411.0	10513.0
5825.0	48120.0	52397.0	57479.0
5925.0	19155.0	20158.0	23935.0
9015.0	1835.0	1992.0	2122.0
4506.0	31737.0	31863.0	34045.0
4605.0	18522.0	24938.0	34686.0
9002.0	9645.0	10240.0	11353.0
4226.0	3235.0	3748.0	3872.0
4505.0	1456.0	1519.0	1591.0
4225.0	3173.0	3312.0	4289.0
5716.0	8140.0	8665.0	10773.0
5916.0	8397.0	8523.0	9616.0
4300.0	16920.0	19988.0	28830.0
5815.0	27120.0	28505.0	30695.0
9004.0	4759.0	5633.0	6968.0
5715.0	2247.0	2322.0	2428.0
3330.0	1743.0	1824.0	1962.0
6506.0	6195.0	8029.0	10114.0
5915.0	5361.0	5810.0	6604.0
3905.0	20022.0	21682.0	24330.0
4130.0	23727.0	26035.0	33721.0
6930.0	3624.0	3835.0	4239.0
3825.0	7671.0	8100.0	8951.0
4120.0	3844.0	4425.0	4947.0
3816.0	4403.0	4573.0	5007.0
4210.0	5209.0	6269.0	7247.0
9016.0	1769.0	1965.0	2246.0
4005.0	2420.0	2491.0	2728.0
4230.0	1947.0	2036.0	2192.0
3815.0	10051.0	10665.0	13067.0
3705.0	35724.0	39459.0	46287.0
3900.0	23558.0	26891.0	40899.0
4110.0	38521.0	39976.0	44572.0
3416.0	3264.0	3372.0	3298.0
3413.0	1447.0	1629.0	1796.0
3706.0	4000.0	4215.0	5101.0
3600.0	54269.0	69484.0	81793.0
3415.0	4760.0	5140.0	5838.0
3320.0	5715.0	6466.0	7862.0
3505.0	20445.0	23919.0	28627.0
3414.0	3021.0	3184.0	3334.0
6900.0	1803.0	1978.0	2167.0
2940.0	3179.0	4049.0	4825.0
2216.0	4139.0	4566.0	5116.0
3046.0	8456.0	9199.0	12922.0
2225.0	7427.0	7639.0	8500.0
3426.0	2737.0	3127.0	3417.0
3427.0	6469.0	7397.0	8260.0
3045.0	4395.0	4632.0	5310.0
3310.0	3619.0	5784.0	6908.0
3030.0	10603.0	12153.0	14055.0
3130.0	23722.0	27185.0	31457.0
3010.0	11261.0	11724.0	12935.0
3020.0	22203.0	23104.0	26453.0
3425.0	3180.0	3442.0	3664.0
2100.0	1897.0	2039.0	2448.0
1606.0	3011.0	3627.0	3701.0
2215.0	6922.0	7606.0	8266.0
1720.0	6908.0	7085.0	7784.0
3120.0	16886.0	18567.0	20949.0
1900.0	14524.0	17086.0	19819.0
3110.0	2811.0	2947.0	3117.0
3200.0	7696.0	8210.0	8925.0
1605.0	7758.0	7999.0	8765.0
2000.0	14668.0	15534.0	16215.0
1820.0	22762.0	25956.0	36737.0
1200.0	5349.0	6176.0	7922.0
1710.0	13042.0	14003.0	15735.0
1810.0	14346.0	16567.0	22622.0
900.0	11418.0	11696.0	13035.0
806.0	4042.0	5081.0	5432.0
1506.0	4319.0	4822.0	5630.0
1410.0	15052.0	15806.0	18815.0
1505.0	5648.0	6606.0	7848.0
1330.0	5735.0	5948.0	6264.0
1000.0	3125.0	3244.0	3390.0
1320.0	4861.0	5050.0	5746.0
1420.0	15586.0	17407.0	22937.0
1130.0	2646.0	3965.0	4395.0
1116.0	8296.0	9296.0	10425.0
1310.0	6573.0	6866.0	7908.0
805.0	5145.0	5580.0	5892.0
1115.0	4613.0	5112.0	5570.0
205.0	13783.0	13983.0	14930.0
136.0	4464.0	4506.0	5281.0
1120.0	12995.0	14450.0	18080.0
705.0	2793.0	3682.0	5634.0
120.0	1525.0	1649.0	1745.0
325.0	5521.0	5939.0	6536.0
135.0	3013.0	3151.0	3321.0
706.0	3713.0	3952.0	4273.0
206.0	8203.0	8469.0	9280.0
2910.0	1027.0	1170.0	1322.0
315.0	6463.0	7719.0	8128.0
2935.0	20945.0	22364.0	23990.0
605.0	4541.0	5018.0	5968.0
606.0	3714.0	4096.0	4532.0
506.0	5817.0	7775.0	11637.0
110.0	1215.0	1342.0	1562.0
505.0	11718.0	15016.0	20687.0
2936.0	3683.0	4371.0	4801.0
405.0	4173.0	4799.0	5746.0
2926.0	2776.0	3226.0	3459.0
2925.0	2225.0	2566.0	2949.0
2927.0	1592.0	2001.0	2914.0
