faz_id	population_2020	population_2030	population_2040
8935.0	12470.0	13753.0	16849.0
8927.0	5635.0	6270.0	7582.0
8926.0	14757.0	17083.0	21271.0
8936.0	18079.0	19534.0	21372.0
8500.0	19508.0	21444.0	25296.0
8406.0	1646.0	2330.0	3480.0
8320.0	12579.0	14418.0	15133.0
8925.0	15123.0	17775.0	22742.0
8937.0	13906.0	19192.0	26886.0
8405.0	16699.0	20016.0	24689.0
8310.0	32816.0	35942.0	41653.0
8910.0	16446.0	19659.0	24584.0
7905.0	24468.0	28675.0	33329.0
7606.0	4430.0	5598.0	6155.0
7805.0	21371.0	25243.0	28616.0
8220.0	19213.0	21880.0	25507.0
8000.0	14790.0	15549.0	16340.0
8906.0	8966.0	9720.0	10565.0
8210.0	9396.0	11903.0	12775.0
9020.0	18273.0	21614.0	24721.0
8125.0	19446.0	20706.0	22045.0
8126.0	13078.0	14915.0	17284.0
8905.0	10142.0	11033.0	12053.0
7806.0	6561.0	9058.0	12010.0
7700.0	8969.0	9113.0	9072.0
7526.0	16006.0	16424.0	17631.0
7340.0	28759.0	30871.0	33687.0
7605.0	2005.0	2077.0	2124.0
7537.0	26331.0	28275.0	30397.0
8115.0	30900.0	33131.0	36811.0
7335.0	36977.0	39443.0	44099.0
8600.0	18380.0	21164.0	23514.0
7425.0	30512.0	33225.0	35796.0
7535.0	28369.0	31168.0	34236.0
7525.0	16516.0	17830.0	21308.0
7436.0	6139.0	6526.0	6580.0
9019.0	17528.0	20450.0	23840.0
7026.0	11631.0	11865.0	12000.0
7205.0	13500.0	14220.0	15477.0
7515.0	5447.0	5758.0	6251.0
7320.0	30501.0	32543.0	37329.0
7206.0	17783.0	18156.0	19325.0
7315.0	18026.0	20030.0	22348.0
7435.0	8488.0	9207.0	9834.0
7316.0	21749.0	23346.0	24370.0
7025.0	23460.0	24601.0	24891.0
7415.0	12068.0	13935.0	16583.0
7100.0	25633.0	28485.0	33326.0
7015.0	18898.0	19408.0	20247.0
9908.0	3631.0	3572.0	3501.0
6410.0	42161.0	48028.0	57896.0
6420.0	37629.0	41919.0	50490.0
5535.0	31383.0	35368.0	41374.0
5600.0	16560.0	17977.0	19400.0
5546.0	18368.0	20329.0	22001.0
4706.0	14689.0	15289.0	15831.0
6605.0	12512.0	14177.0	16999.0
6910.0	7317.0	8539.0	10747.0
6606.0	5633.0	6524.0	8496.0
9909.0	5644.0	6983.0	9307.0
9011.0	9574.0	11370.0	14820.0
5525.0	14653.0	16294.0	17519.0
5515.0	27497.0	29336.0	30736.0
6326.0	25911.0	26279.0	26897.0
9914.0	19285.0	22062.0	23136.0
5545.0	16478.0	18416.0	19709.0
6223.0	28610.0	29810.0	29813.0
5306.0	25368.0	26239.0	28520.0
6325.0	37379.0	37934.0	37576.0
9009.0	5529.0	6121.0	6699.0
9006.0	11755.0	14783.0	16588.0
6225.0	20506.0	21507.0	24410.0
9018.0	18768.0	22131.0	24565.0
5425.0	42471.0	46432.0	50999.0
5305.0	29263.0	30481.0	32174.0
5426.0	22143.0	23779.0	25759.0
6226.0	33155.0	33556.0	33776.0
6126.0	13131.0	13370.0	13727.0
6224.0	21563.0	21900.0	23946.0
6216.0	16556.0	16625.0	16312.0
6316.0	32589.0	33394.0	33063.0
6215.0	26343.0	26706.0	27230.0
5100.0	9608.0	9740.0	9659.0
6213.0	18869.0	19588.0	19451.0
9005.0	5826.0	7046.0	8952.0
6124.0	28276.0	28970.0	28816.0
6125.0	10288.0	10526.0	10453.0
6214.0	369.0	390.0	421.0
5415.0	15811.0	17980.0	21046.0
5205.0	13144.0	17377.0	22013.0
9916.0	14723.0	17764.0	19628.0
9913.0	7311.0	7703.0	7875.0
9915.0	21029.0	26153.0	28991.0
4606.0	26100.0	29462.0	31675.0
6115.0	23959.0	24549.0	25180.0
4820.0	7314.0	7509.0	7500.0
9017.0	4551.0	5116.0	6342.0
6123.0	19225.0	21971.0	28558.0
6114.0	35426.0	36501.0	36557.0
4607.0	28085.0	31975.0	37033.0
6505.0	14561.0	15416.0	17045.0
5020.0	27596.0	28585.0	29301.0
6113.0	41267.0	44817.0	46310.0
5010.0	19950.0	20602.0	20875.0
6020.0	19599.0	24448.0	26244.0
4900.0	8311.0	15028.0	25356.0
6010.0	13726.0	16207.0	18022.0
4400.0	24946.0	25234.0	24941.0
9900.0	8574.0	10479.0	12064.0
9904.0	13067.0	14658.0	15827.0
9902.0	27464.0	31214.0	33216.0
4810.0	11281.0	11789.0	12328.0
5720.0	39533.0	40449.0	40026.0
9901.0	7587.0	9816.0	13261.0
5826.0	5608.0	6147.0	6290.0
5825.0	4785.0	5088.0	5009.0
5925.0	24764.0	25475.0	25857.0
9015.0	15857.0	17820.0	19413.0
4506.0	17967.0	18965.0	20081.0
4605.0	26652.0	28656.0	30010.0
9002.0	34552.0	41561.0	46309.0
4226.0	18509.0	20463.0	21322.0
4505.0	17241.0	17611.0	17614.0
4225.0	18214.0	19397.0	21468.0
5716.0	26651.0	26544.0	27094.0
5916.0	37329.0	37504.0	38270.0
4300.0	11609.0	12755.0	13580.0
5815.0	5159.0	5205.0	5297.0
9004.0	18333.0	21479.0	25500.0
5715.0	18729.0	18916.0	18747.0
3330.0	12872.0	14448.0	16540.0
6506.0	12786.0	14419.0	15758.0
5915.0	20731.0	21223.0	21122.0
3905.0	10754.0	11871.0	12426.0
4130.0	18141.0	18700.0	18996.0
6930.0	10987.0	11086.0	11126.0
3825.0	20795.0	22205.0	23284.0
4120.0	20753.0	21897.0	22969.0
3816.0	25817.0	27007.0	28144.0
4210.0	25911.0	29213.0	31397.0
9016.0	12240.0	14492.0	16968.0
4005.0	15578.0	17094.0	19188.0
4230.0	11410.0	12818.0	13604.0
3815.0	20019.0	20402.0	20362.0
3705.0	31519.0	32835.0	36626.0
3900.0	6219.0	7155.0	7786.0
4110.0	20045.0	22300.0	27375.0
3416.0	24573.0	25550.0	28109.0
3413.0	9290.0	11268.0	12295.0
3706.0	18278.0	19217.0	19546.0
3600.0	20424.0	21938.0	26967.0
3415.0	27998.0	31679.0	34787.0
3320.0	29892.0	31765.0	33915.0
3505.0	41640.0	45541.0	47836.0
3414.0	28057.0	29541.0	30050.0
6900.0	8280.0	9716.0	11565.0
2940.0	16856.0	22065.0	26934.0
2216.0	19584.0	21920.0	23514.0
3046.0	23859.0	27391.0	30429.0
2225.0	16005.0	19472.0	24200.0
3426.0	21436.0	24912.0	26818.0
3427.0	23888.0	25898.0	27340.0
3045.0	28615.0	30500.0	31836.0
3310.0	22528.0	27072.0	34693.0
3030.0	41912.0	50973.0	55942.0
3130.0	16473.0	17343.0	18399.0
3010.0	43139.0	46417.0	49162.0
3020.0	23705.0	24708.0	28522.0
3425.0	19644.0	22974.0	25057.0
2100.0	20234.0	21330.0	22020.0
1606.0	12517.0	12961.0	13406.0
2215.0	18316.0	19959.0	20854.0
1720.0	27585.0	28862.0	30542.0
3120.0	24693.0	25000.0	30436.0
1900.0	897.0	903.0	892.0
3110.0	9483.0	9823.0	9773.0
3200.0	20802.0	23089.0	25655.0
1605.0	17031.0	17406.0	17597.0
2000.0	13095.0	15205.0	16887.0
1820.0	7014.0	8842.0	10766.0
1200.0	17451.0	19621.0	20427.0
1710.0	22124.0	23126.0	26791.0
1810.0	4295.0	7467.0	11788.0
900.0	10278.0	11425.0	12167.0
806.0	32726.0	38391.0	43818.0
1506.0	23389.0	24548.0	25120.0
1410.0	14016.0	14798.0	16264.0
1505.0	19499.0	20591.0	21142.0
1330.0	22202.0	23508.0	23673.0
1000.0	10860.0	11488.0	11597.0
1320.0	18312.0	18272.0	18013.0
1420.0	13728.0	14769.0	18674.0
1130.0	5976.0	7292.0	7760.0
1116.0	17900.0	19608.0	20630.0
1310.0	27404.0	28109.0	27835.0
805.0	22212.0	25761.0	26672.0
1115.0	13453.0	17238.0	18399.0
205.0	11611.0	11774.0	11781.0
136.0	11446.0	11711.0	11739.0
1120.0	34562.0	39594.0	43725.0
705.0	19120.0	22780.0	33872.0
120.0	11855.0	12597.0	13237.0
325.0	22604.0	25065.0	25966.0
135.0	16932.0	17909.0	17870.0
706.0	12835.0	14564.0	17172.0
206.0	13549.0	13765.0	13718.0
2910.0	3592.0	4190.0	5288.0
315.0	14530.0	15186.0	15512.0
2935.0	3298.0	3742.0	4099.0
605.0	22339.0	26493.0	28838.0
606.0	22131.0	28729.0	33872.0
506.0	25540.0	30248.0	36791.0
110.0	5028.0	5158.0	5451.0
505.0	48225.0	58667.0	67445.0
2936.0	15352.0	15784.0	16327.0
405.0	22674.0	26843.0	30444.0
2926.0	24668.0	26439.0	29579.0
2925.0	16498.0	18432.0	24128.0
2927.0	6035.0	8049.0	13984.0
