faz_id mean lower_50 upper_50 lower_80 upper_80 lower_90 upper_90
8935	6123	5427	6861	4836	7562	4499	7997
8927	1141	852	1472	628	1805	511	2021
8926	3552	3027	4119	2590	4666	2345	5009
8936	3723	3185	4303	2736	4862	2484	5212
8500	14338	13262	15456	12328	16499	11786	17140
8406	288	153	465	68	659	34	792
8320	12619	11611	13669	10738	14651	10233	15255
8925	3474	2955	4035	2523	4576	2281	4917
8937	11640	10672	12650	9837	13595	9353	14177
8405	1084	803	1407	586	1733	473	1945
8310	10966	10027	11947	9218	12866	8750	13432
8910	3136	2644	3670	2236	4187	2009	4513
7905	5925	5241	6651	4660	7342	4329	7771
7606	846	600	1134	415	1428	321	1621
7805	3690	3154	4268	2708	4824	2457	5173
8220	17560	16367	18795	15328	19944	14722	20647
8000	39348	37551	41187	35969	42879	35038	43908
8906	1400	1078	1764	824	2128	688	2361
8210	47782	45800	49806	44050	51665	43020	52794
9020	5095	4462	5770	3928	6414	3624	6816
8125	10456	9540	11414	8751	12313	8295	12867
8126	12519	11515	13565	10646	14544	10143	15145
8905	1124	838	1452	616	1784	499	1998
7806	1886	1509	2305	1205	2718	1040	2982
7700	5304	4658	5992	4111	6648	3801	7057
7526	11692	10722	12704	9884	13651	9400	14234
7340	4111	3544	4720	3070	5304	2803	5669
7605	1409	1086	1774	831	2139	695	2373
7537	16014	14875	17195	13886	18294	13310	18968
8115	13578	12531	14667	11624	15683	11098	16308
7335	12104	11117	13133	10264	14096	9769	14689
8600	12779	11764	13836	10886	14824	10377	15431
7425	5445	4790	6142	4236	6806	3920	7220
7535	8268	7456	9122	6760	9928	6360	10426
7525	3060	2574	3588	2172	4099	1948	4422
7436	2562	2119	3047	1756	3519	1555	3819
9019	5549	4887	6253	4327	6922	4009	7339
7026	1845	1472	2260	1173	2669	1010	2930
7205	8615	7785	9487	7074	10308	6665	10815
7515	8243	7432	9096	6737	9900	6338	10398
7320	11232	10282	12224	9462	13154	8988	13726
7206	32558	30925	34233	29491	35777	28649	36717
7315	5359	4709	6051	4160	6710	3847	7121
7435	4696	4089	5345	3578	5965	3289	6353
7316	5749	5075	6465	4504	7146	4179	7569
7025	12991	11967	14057	11082	15052	10568	15664
7415	13032	12007	14099	11119	15096	10605	15709
7100	18527	17301	19795	16232	20974	15609	21695
7015	5983	5295	6713	4712	7406	4379	7837
9908	3532	3008	4098	2573	4643	2328	4986
6410	21384	20065	22745	18913	24007	18240	24778
6420	8812	7973	9693	7253	10523	6838	11036
5535	4959	4335	5625	3808	6261	3510	6658
5600	17594	16399	18831	15359	19980	14754	20684
5546	13959	12897	15063	11977	16093	11443	16725
4706	2758	2298	3260	1919	3749	1709	4057
6605	2867	2397	3379	2010	3875	1795	4189
6910	1466	1136	1838	875	2209	735	2447
6606	1809	1440	2220	1144	2626	983	2885
9909	1478	1147	1851	884	2223	743	2462
9011	6327	5619	7077	5017	7788	4674	8230
5525	6958	6215	7743	5581	8487	5218	8948
5515	6169	5470	6910	4877	7613	4538	8050
6326	17323	16138	18550	15106	19691	14506	20390
9914	4060	3497	4665	3026	5246	2760	5609
5545	4528	3932	5166	3432	5776	3149	6157
6223	12619	11611	13669	10738	14651	10233	15255
5306	23404	22023	24827	20815	26145	20109	26949
6325	9594	8717	10513	7964	11376	7529	11909
9009	2583	2138	3070	1774	3544	1572	3844
9006	2531	2091	3013	1731	3483	1531	3781
6225	20676	19379	22015	18247	23256	17586	24016
9018	12094	11107	13123	10254	14085	9760	14678
5425	65008	62692	67366	60643	69525	59433	70833
5305	31287	29687	32929	28282	34444	27458	35366
5426	14390	13312	15510	12376	16555	11833	17197
6226	7840	7050	8672	6374	9458	5985	9944
6126	3721	3183	4301	2734	4859	2482	5210
6224	9207	8349	10107	7612	10954	7187	11477
6216	10890	9955	11867	9148	12783	8682	13348
6316	25474	24032	26958	22770	28330	22031	29167
6215	24410	22999	25863	21765	27207	21042	28028
5100	1823	1453	2235	1155	2643	993	2902
6213	16754	15589	17961	14575	19084	13985	19773
9005	494	311	719	183	957	122	1116
6124	14615	13528	15744	12585	16797	12037	17443
6125	11944	10963	12967	10116	13923	9626	14512
6214	31484	29879	33131	28469	34650	27642	35576
5415	63854	61559	66191	59528	68331	58330	69628
5205	42351	40486	44258	38842	46011	37875	47077
9916	2247	1834	2702	1497	3149	1312	3432
9913	6710	5980	7482	5359	8213	5004	8666
9915	3014	2532	3538	2134	4046	1912	4366
4606	3940	3386	4536	2923	5109	2662	5468
6115	9718	8836	10642	8077	11511	7639	12047
4820	6388	5677	7141	5072	7856	4726	8300
9017	323	179	509	86	712	46	850
6123	70905	68486	73366	66343	75619	65077	76983
6114	22686	21327	24087	20138	25385	19444	26178
4607	8025	7225	8867	6541	9661	6147	10153
6505	3276	2772	3822	2355	4349	2121	4681
5020	10900	9964	11878	9157	12794	8691	13359
6113	45653	43716	47632	42007	49450	41001	50555
5010	15979	14842	17158	13853	18257	13278	18930
6020	94208	91416	97042	88938	99630	87471	101195
4900	99953	97077	102871	94522	105536	93010	107146
6010	149056	145539	152615	142407	155857	140550	157812
4400	11044	10102	12028	9289	12950	8820	13518
9900	1830	1459	2243	1161	2651	999	2911
9904	6790	6056	7566	5431	8301	5073	8757
9902	29041	27500	30624	26149	32085	25356	32976
4810	8346	7530	9204	6831	10013	6429	10513
5720	15694	14567	16863	13588	17952	13018	18620
9901	5994	5305	6725	4721	7418	4388	7850
5826	10370	9458	11324	8672	12220	8218	12772
5825	55978	53831	58167	51933	60175	50814	61392
5925	24774	23353	26237	22108	27591	21380	28418
9015	2068	1672	2506	1352	2936	1176	3210
4506	31251	29652	32892	28248	34406	27424	35328
4605	29089	27547	30673	26194	32136	25401	33027
9002	10074	9175	11015	8402	11898	7955	12443
4226	3987	3429	4587	2963	5163	2700	5524
4505	1628	1279	2019	1001	2407	851	2655
4225	3496	2975	4059	2542	4602	2299	4943
5716	11711	10740	12724	9902	13672	9417	14255
5916	9506	8633	10421	7884	11280	7451	11811
4300	20987	19680	22336	18540	23586	17873	24351
5815	30634	29051	32259	27661	33758	26846	34672
9004	7228	6470	8028	5823	8785	5452	9254
5715	2533	2093	3015	1732	3485	1533	3783
3330	2756	2296	3258	1917	3746	1707	4055
6506	11927	10947	12949	10101	13905	9610	14493
5915	6293	5587	7041	4987	7751	4644	8191
3905	22491	21138	23886	19955	25179	19263	25969
4130	33711	32049	35415	30589	36985	29731	37941
6930	4035	3474	4638	3004	5217	2740	5580
3825	10067	9168	11008	8395	11890	7949	12435
4120	4962	4337	5629	3811	6265	3512	6662
3816	5714	5042	6428	4473	7106	4149	7529
4210	7234	6476	8034	5828	8791	5457	9260
9016	2064	1669	2501	1349	2931	1173	3205
4005	2335	1913	2799	1569	3253	1380	3540
4230	2327	1906	2790	1563	3243	1374	3530
3815	13371	12332	14452	11433	15461	10911	16081
3705	40522	38698	42388	37092	44104	36147	45147
3900	40732	38903	42603	37293	44323	36345	45369
4110	35219	33520	36960	32026	38564	31148	39539
3416	3654	3121	4229	2677	4783	2428	5130
3413	1852	1479	2267	1178	2677	1015	2939
3706	4547	3950	5186	3448	5797	3164	6179
3600	75721	73220	78264	71004	80590	69694	81998
3415	5321	4673	6010	4126	6667	3815	7077
3320	7646	6866	8468	6199	9245	5816	9726
3505	31725	30114	33378	28698	34903	27868	35832
3414	3402	2888	3958	2462	4494	2223	4831
6900	2186	1779	2635	1447	3076	1266	3356
2940	3411	2897	3967	2470	4504	2230	4842
2216	4992	4365	5661	3837	6298	3537	6696
3046	10525	9606	11486	8814	12388	8356	12943
2225	8097	7293	8943	6606	9740	6210	10234
3426	4567	3969	5207	3466	5820	3181	6203
3427	7028	6281	7817	5644	8564	5279	9027
3045	4446	3856	5078	3360	5683	3080	6062
3310	5662	4993	6373	4427	7048	4105	7469
3030	13731	12678	14826	11766	15848	11236	16476
3130	30790	29203	32419	27810	33922	26992	34838
3010	12654	11644	13706	10771	14689	10264	15294
3020	23359	21979	24781	20773	26097	20067	26901
3425	3770	3228	4354	2776	4915	2522	5268
2100	3091	2602	3622	2198	4135	1973	4459
1606	4187	3615	4801	3136	5390	2865	5759
2215	7147	6393	7943	5750	8695	5382	9162
1720	8250	7439	9103	6744	9908	6344	10406
3120	18138	16925	19393	15868	20560	15252	21274
1900	17909	16704	19156	15654	20316	15042	21026
3110	3656	3123	4231	2679	4785	2429	5133
3200	10809	9877	11783	9074	12696	8610	13258
1605	8099	7295	8945	6607	9742	6212	10236
2000	16044	14904	17226	13914	18326	13337	19001
1820	49023	47015	51073	45242	52955	44198	54098
1200	6882	6143	7663	5513	8403	5152	8862
1710	14973	13873	16115	12918	17180	12362	17834
1810	25844	24392	27338	23120	28720	22375	29563
900	14324	13248	15442	12315	16484	11773	17125
806	4767	4155	5421	3640	6045	3348	6435
1506	5096	4463	5771	3928	6415	3625	6817
1410	17856	16652	19102	15604	20259	14994	20968
1505	7244	6485	8045	5837	8802	5466	9272
1330	6666	5939	7435	5320	8164	4966	8616
1000	2442	2010	2916	1657	3379	1462	3672
1320	5957	5271	6685	4689	7377	4356	7807
1420	24256	22850	25704	21619	27045	20899	27863
1130	5618	4952	6326	4388	6999	4067	7419
1116	9097	8244	9992	7512	10834	7090	11354
1310	7386	6619	8195	5965	8959	5590	9432
805	5741	5068	6456	4497	7137	4172	7560
1115	5442	4787	6139	4233	6803	3918	7216
205	15792	14661	16965	13679	18057	13108	18726
136	4570	3971	5211	3468	5823	3184	6206
1120	16590	15431	17791	14422	18909	13835	19594
705	5524	4864	6226	4305	6894	3987	7311
120	1644	1293	2037	1014	2426	862	2675
325	6509	5791	7269	5180	7990	4830	8438
135	3763	3222	4346	2770	4907	2517	5259
706	4156	3586	4768	3109	5355	2840	5722
206	11950	10969	12973	10122	13930	9631	14519
2910	1209	911	1549	679	1890	557	2111
315	7970	7173	8809	6491	9601	6099	10091
2935	21223	19909	22579	18761	23836	18091	24605
605	5426	4772	6122	4219	6785	3904	7198
606	5306	4659	5995	4113	6651	3802	7059
506	13075	12048	14144	11159	15143	10644	15756
110	1365	1047	1725	797	2084	664	2316
505	18795	17560	20072	16483	21259	15855	21985
2936	3468	2949	4029	2518	4570	2276	4909
405	5358	4708	6050	4159	6709	3847	7119
2926	3015	2533	3539	2134	4047	1912	4367
2925	3060	2574	3588	2172	4099	1948	4422
2927	2426	1996	2898	1644	3360	1450	3652
