faz_id mean lower_50 upper_50 lower_80 upper_80 lower_90 upper_90
8935	5204	4770	5657	4396	6081	4179	6342
8927	2223	1943	2522	1706	2808	1572	2986
8926	6080	5610	6569	5203	7025	4967	7305
8936	6918	6416	7439	5981	7924	5727	8221
8500	7682	7153	8230	6692	8740	6424	9052
8406	829	662	1015	527	1199	454	1317
8320	4700	4288	5131	3933	5535	3728	5784
8925	6101	5630	6590	5223	7047	4986	7328
8937	6257	5780	6753	5367	7215	5127	7499
8405	6374	5893	6874	5476	7341	5233	7627
8310	12672	11990	13373	11391	14021	11041	14416
8910	6658	6166	7169	5739	7645	5491	7937
7905	9737	9140	10353	8619	10924	8314	11272
7606	1848	1593	2122	1380	2384	1260	2549
7805	8628	8067	9208	7577	9747	7292	10077
8220	8324	7773	8894	7292	9424	7012	9748
8000	6003	5536	6489	5132	6942	4898	7221
8906	3342	2996	3707	2701	4051	2532	4265
8210	5804	5345	6282	4948	6728	4718	7002
9020	8116	7572	8679	7098	9202	6822	9523
8125	7952	7413	8509	6945	9028	6671	9345
8126	6370	5889	6870	5472	7336	5230	7623
8905	3798	3429	4186	3112	4552	2930	4778
7806	2723	2412	3053	2148	3367	1997	3561
7700	3613	3253	3992	2945	4349	2768	4570
7526	6313	5834	6811	5419	7275	5178	7560
7340	10457	9838	11095	9297	11685	8980	12046
7605	766	605	946	477	1123	407	1237
7537	12314	11642	13005	11052	13644	10707	14034
8115	14288	13563	15032	12926	15718	12552	16136
7335	14941	14199	15702	13547	16403	13165	16830
8600	7259	6745	7792	6298	8288	6038	8592
7425	10741	10114	11387	9565	11986	9244	12351
7535	13260	12562	13977	11949	14639	11590	15042
7525	6316	5837	6814	5422	7278	5181	7564
7436	2259	1976	2561	1738	2848	1603	3028
9019	7001	6496	7525	6058	8012	5803	8312
7026	4278	3885	4689	3548	5076	3354	5315
7205	5961	5496	6445	5093	6897	4860	7175
7515	2261	1978	2563	1740	2850	1604	3030
7320	11667	11013	12340	10440	12963	10104	13342
7206	7898	7361	8454	6894	8970	6622	9286
7315	7290	6775	7824	6327	8321	6066	8626
7435	3181	2844	3537	2556	3874	2392	4083
7316	8309	7758	8879	7278	9408	6999	9732
7025	10083	9475	10710	8944	11290	8634	11645
7415	4841	4423	5278	4062	5688	3854	5940
7100	12823	12137	13528	11534	14180	11182	14577
7015	7634	7107	8180	6648	8689	6380	9000
9908	1170	969	1390	805	1604	713	1739
6410	18525	17698	19371	16969	20149	16541	20622
6420	15877	15112	16661	14439	17383	14044	17822
5535	12325	11652	13017	11062	13656	10717	14045
5600	6749	6254	7263	5824	7743	5574	8037
5546	7458	6937	7998	6483	8501	6220	8809
4706	5294	4856	5751	4478	6178	4259	6441
6605	4681	4270	5111	3916	5514	3712	5763
6910	2096	1824	2387	1595	2665	1466	2839
6606	2374	2084	2683	1839	2977	1700	3161
9909	2360	2071	2668	1827	2962	1688	3144
9011	4860	4441	5298	4080	5708	3871	5961
5525	6595	6105	7104	5681	7578	5434	7869
5515	11832	11173	12510	10596	13137	10258	13519
6326	12033	11368	12717	10786	13348	10445	13734
9914	7769	7237	8320	6774	8833	6504	9147
5545	6142	5670	6633	5261	7091	5023	7373
6223	13277	12578	13995	11965	14657	11606	15061
5306	11039	10403	11694	9846	12300	9520	12670
6325	16726	15941	17530	15250	18271	14843	18721
9009	2184	1906	2481	1672	2764	1540	2941
9006	4978	4554	5421	4188	5836	3976	6092
6225	10772	10144	11419	9594	12018	9272	12384
9018	9079	8503	9674	8000	10226	7707	10564
5425	17743	16934	18571	16221	19333	15802	19796
5305	13044	12352	13755	11744	14412	11388	14812
5426	8715	8151	9298	7659	9839	7372	10171
6226	14619	13885	15371	13241	16065	12863	16488
6126	6039	5571	6526	5165	6981	4930	7260
6224	11322	10678	11985	10113	12599	9783	12973
6216	6830	6332	7347	5899	7829	5647	8125
6316	15630	14871	16408	14204	17124	13812	17560
6215	11835	11176	12513	10598	13140	10260	13522
5100	3083	2751	3434	2469	3766	2307	3972
6213	10211	9599	10841	9065	11425	8752	11782
9005	2511	2212	2828	1960	3130	1816	3318
6124	14726	13990	15481	13343	16177	12963	16601
6125	5566	5117	6034	4729	6471	4504	6741
6214	236	151	340	91	450	62	522
5415	6812	6314	7329	5882	7810	5631	8105
5205	5820	5361	6298	4963	6745	4733	7020
9916	6671	6179	7182	5751	7659	5503	7952
9913	3478	3125	3850	2823	4201	2650	4418
9915	9336	8752	9939	8242	10499	7944	10841
4606	9718	9122	10333	8601	10904	8296	11252
6115	11682	11027	12356	10454	12979	10118	13358
4820	3697	3333	4080	3021	4441	2842	4665
9017	1526	1295	1776	1104	2016	997	2168
6123	11608	10955	12280	10384	12900	10049	13279
6114	17612	16806	18437	16096	19196	15679	19658
4607	10321	9706	10955	9169	11542	8854	11900
6505	4944	4521	5386	4157	5799	3946	6054
5020	10458	9839	11096	9298	11687	8981	12047
6113	26851	25853	27867	24971	28799	24451	29364
5010	8846	8277	9433	7782	9979	7492	10312
6020	10736	10109	11382	9560	11980	9239	12345
4900	6178	5704	6670	5294	7130	5056	7412
6010	7645	7117	8192	6658	8700	6390	9012
4400	9478	8889	10086	8375	10649	8075	10994
9900	4597	4190	5023	3839	5423	3637	5670
9904	6015	5548	6501	5143	6955	4909	7234
9902	13955	13238	14690	12609	15369	12240	15782
4810	4722	4309	5154	3954	5559	3748	5808
5720	18976	18139	19832	17401	20619	16967	21097
9901	3496	3142	3869	2840	4221	2666	4439
5826	3164	2828	3519	2541	3855	2377	4063
5825	1923	1663	2202	1445	2469	1322	2637
5925	11344	10699	12008	10134	12622	9803	12997
9015	6006	5539	6492	5135	6945	4900	7224
4506	7528	7004	8071	6549	8575	6283	8885
4605	10212	9600	10842	9066	11426	8753	11783
9002	16004	15236	16791	14561	17516	14164	17957
4226	7514	6991	8056	6536	8561	6271	8870
4505	5996	5530	6481	5126	6935	4891	7213
4225	6959	6456	7481	6019	7967	5765	8266
5716	10874	10243	11524	9690	12126	9367	12493
5916	14345	13618	15090	12980	15778	12606	16197
4300	5224	4789	5678	4414	6102	4197	6364
5815	2162	1886	2457	1653	2739	1521	2915
9004	7539	7015	8082	6559	8587	6294	8897
5715	8072	7529	8634	7057	9155	6781	9475
3330	5643	5191	6114	4800	6554	4573	6825
6506	6252	5776	6747	5363	7210	5123	7494
5915	7935	7397	8492	6929	9010	6656	9327
3905	4545	4140	4969	3792	5367	3591	5612
4130	8118	7574	8681	7100	9204	6823	9525
6930	4540	4135	4964	3787	5361	3586	5606
3825	8590	8030	9169	7542	9707	7257	10036
4120	8897	8327	9486	7829	10033	7539	10367
3816	10010	9405	10634	8876	11213	8566	11566
4210	10214	9602	10845	9068	11429	8755	11785
9016	5243	4807	5697	4431	6123	4214	6385
4005	6286	5808	6783	5394	7246	5154	7531
4230	4473	4071	4893	3726	5288	3527	5532
3815	8780	8214	9365	7720	9909	7431	10241
3705	13248	12550	13965	11938	14626	11579	15030
3900	3057	2727	3406	2445	3737	2284	3942
4110	8761	8195	9346	7702	9888	7414	10220
3416	9324	8740	9927	8230	10486	7933	10828
3413	3948	3571	4344	3248	4716	3062	4946
3706	7246	6732	7779	6286	8274	6026	8578
3600	9203	8623	9802	8117	10358	7821	10697
3415	11293	10649	11955	10086	12568	9756	12942
3320	10856	10225	11506	9673	12107	9350	12474
3505	18133	17315	18970	16594	19740	16170	20208
3414	10499	9879	11138	9336	11730	9019	12091
6900	3640	3279	4020	2969	4379	2792	4601
2940	7681	7152	8229	6691	8739	6423	9051
2216	7637	7109	8183	6650	8692	6383	9003
3046	10413	9795	11050	9255	11639	8939	11999
2225	6876	6376	7395	5942	7879	5689	8175
3426	8142	7597	8706	7122	9230	6845	9551
3427	8847	8278	9434	7783	9980	7493	10313
3045	11665	11011	12338	10438	12961	10102	13340
3310	7422	6902	7961	6450	8462	6187	8770
3030	16400	15622	17196	14938	17930	14536	18376
3130	7365	6847	7902	6397	8401	6135	8708
3010	16998	16206	17809	15509	18555	15100	19009
3020	10691	10065	11336	9517	11933	9197	12297
3425	7922	7384	8478	6917	8996	6644	9312
2100	7934	7396	8491	6928	9008	6655	9325
1606	5874	5412	6354	5013	6803	4781	7079
2215	7562	7037	8106	6580	8612	6315	8922
1720	11680	11025	12354	10452	12976	10116	13356
3120	9976	9372	10599	8844	11177	8535	11530
1900	550	415	704	310	858	255	958
3110	3570	3212	3947	2906	4302	2730	4522
3200	8601	8041	9180	7552	9718	7267	10047
1605	8155	7609	8719	7134	9244	6857	9565
2000	5275	4838	5731	4461	6157	4242	6420
1820	4579	4173	5004	3823	5403	3621	5650
1200	7440	6919	7980	6467	8482	6203	8789
1710	9384	8798	9989	8287	10550	7988	10892
1810	2107	1834	2399	1605	2677	1475	2851
900	4706	4294	5137	3939	5541	3734	5791
806	12677	11995	13378	11396	14026	11045	14421
1506	9648	9054	10261	8535	10829	8232	11177
1410	4941	4518	5382	4154	5796	3943	6051
1505	9151	8573	9748	8068	10302	7773	10641
1330	8536	7978	9113	7491	9649	7207	9977
1000	3934	3558	4329	3236	4701	3050	4930
1320	7335	6818	7871	6369	8369	6107	8675
1420	5553	5104	6020	4717	6457	4492	6726
1130	2679	2370	3007	2109	3318	1959	3511
1116	7703	7173	8252	6712	8762	6443	9075
1310	10625	10001	11268	9455	11863	9136	12226
805	8935	8364	9525	7865	10073	7574	10408
1115	6030	5562	6517	5157	6971	4922	7250
205	5734	5278	6209	4884	6653	4655	6925
136	5104	4674	5552	4304	5973	4089	6231
1120	14344	13617	15089	12979	15777	12605	16196
705	7625	7098	8171	6639	8679	6372	8990
120	4988	4563	5431	4197	5847	3985	6103
325	10076	9469	10702	8938	11283	8627	11637
135	7020	6515	7544	6076	8033	5820	8332
706	5097	4668	5545	4297	5965	4083	6223
206	6005	5538	6491	5134	6944	4899	7223
2910	1472	1246	1717	1058	1954	953	2103
315	6153	5680	6644	5271	7103	5033	7385
2935	3056	2726	3405	2444	3736	2283	3941
605	9414	8827	10020	8315	10581	8016	10925
606	9952	9348	10575	8821	11151	8513	11504
506	10119	9510	10747	8978	11328	8667	11683
110	2183	1905	2480	1671	2763	1539	2940
505	18669	17839	19518	17107	20299	16677	20774
2936	2975	2649	3320	2372	3646	2214	3849
405	10531	9910	11171	9367	11764	9049	12126
2926	9415	8828	10021	8316	10582	8017	10926
2925	6205	5730	6699	5319	7159	5080	7442
2927	3120	2786	3473	2502	3807	2339	4014
