faz_id mean lower_50 upper_50 lower_80 upper_80 lower_90 upper_90
8935	6123	5162	7166	4367	8176	3923	8811
8927	1141	749	1615	467	2111	330	2440
8926	3552	2830	4356	2250	5151	1934	5658
8936	3723	2983	4545	2386	5356	2061	5873
8500	14338	12846	15912	11572	17400	10841	18323
8406	288	112	546	23	849	2	1062
8320	12619	11221	14099	10033	15501	9354	16372
8925	3474	2760	4270	2188	5057	1877	5559
8937	11640	10299	13063	9162	14414	8514	15254
8405	1084	703	1547	431	2033	299	2356
8310	10966	9666	12348	8565	13663	7939	14481
8910	3136	2460	3894	1921	4647	1631	5129
7905	5925	4980	6952	4200	7947	3764	8574
7606	846	515	1259	286	1702	181	1999
7805	3690	2953	4509	2360	5317	2036	5832
8220	17560	15904	19298	14483	20933	13664	21944
8000	39348	36849	41929	34668	44324	33395	45789
8906	1400	962	1920	637	2459	475	2813
8210	47782	45024	50622	42610	53250	41197	54854
9020	5095	4222	6050	3506	6980	3109	7569
8125	10456	9188	11806	8115	13093	7506	13894
8126	12519	11127	13993	9944	15390	9268	16258
8905	1124	736	1594	456	2088	321	2415
7806	1886	1371	2483	977	3091	773	3487
7700	5304	4412	6278	3680	7225	3273	7823
7526	11692	10348	13118	9208	14472	8558	15314
7340	4111	3331	4973	2699	5820	2352	6358
7605	1409	969	1931	644	2471	480	2826
7537	16014	14434	17676	13082	19242	12305	20211
8115	13578	12127	15111	10890	16562	10182	17462
7335	12104	10736	13554	9574	14930	8911	15785
8600	12779	11372	14268	10176	15678	9492	16554
7425	5445	4541	6431	3797	7389	3384	7994
7535	8268	7145	9473	6203	10629	5671	11352
7525	3060	2393	3809	1862	4554	1576	5032
7436	2562	1955	3251	1478	3942	1225	4387
9019	5549	4636	6544	3884	7510	3466	8120
7026	1845	1336	2436	948	3039	747	3431
7205	8615	7467	9845	6504	11022	5959	11758
7515	8243	7121	9447	6181	10601	5651	11323
7320	11232	9916	12630	8801	13960	8165	14787
7206	32558	30288	34910	28314	37098	27165	38439
7315	5359	4463	6337	3725	7289	3316	7890
7435	4696	3859	5615	3176	6512	2799	7081
7316	5749	4819	6761	4052	7742	3624	8362
7025	12991	11572	14492	10365	15913	9674	16795
7415	13032	11611	14535	10402	15959	9710	16842
7100	18527	16825	20311	15362	21988	14519	23023
7015	5983	5033	7015	4249	8014	3811	8643
9908	3532	2812	4334	2234	5127	1919	5632
6410	21384	19552	23298	17973	25091	17060	26196
6420	8812	7651	10055	6675	11245	6124	11988
5535	4959	4098	5902	3393	6821	3003	7403
5600	17594	15936	19334	14514	20970	13694	21982
5546	13959	12487	15513	11232	16983	10512	17894
4706	2758	2126	3472	1628	4184	1361	4643
6605	2867	2222	3594	1712	4318	1438	4784
6910	1466	1017	1997	682	2546	514	2906
6606	1809	1305	2395	922	2992	724	3382
9909	1478	1027	2011	690	2562	521	2923
9011	6327	5349	7387	4539	8411	4086	9056
5525	6958	5931	8067	5076	9136	4596	9808
5515	6169	5204	7216	4405	8229	3959	8867
6326	17323	15679	19049	14268	20674	13455	21678
9914	4060	3285	4917	2657	5759	2313	6294
5545	4528	3707	5431	3038	6314	2670	6874
6223	12619	11221	14099	10033	15501	9354	16372
5306	23404	21486	25404	19829	27275	18869	28427
6325	9594	8381	10889	7358	12126	6778	12898
9009	2583	1973	3275	1494	3968	1239	4415
9006	2531	1928	3216	1455	3904	1203	4347
6225	20676	18876	22558	17324	24324	16428	25412
9018	12094	10727	13543	9566	14919	8903	15773
5425	65008	61784	68314	58951	71362	57287	73217
5305	31287	29063	33593	27130	35740	26005	37057
5426	14390	12895	15967	11618	17458	10887	18381
6226	7840	6747	9015	5833	10143	5318	10850
6126	3721	2981	4543	2384	5354	2059	5871
6224	9207	8019	10477	7020	11690	6454	12448
6216	10890	9595	12267	8498	13578	7874	14394
6316	25474	23471	27559	21738	29507	20732	30704
6215	24410	22450	26452	20756	28361	19773	29535
5100	1823	1317	2411	932	3010	733	3401
6213	16754	15137	18453	13752	20052	12955	21041
9005	494	250	820	101	1183	44	1432
6124	14615	13108	16204	11821	17705	11082	18635
6125	11944	10585	13385	9432	14752	8774	15602
6214	31484	29253	33797	27314	35951	26185	37271
5415	63854	60659	67131	57852	70152	56204	71992
5205	42351	39757	45027	37490	47508	36166	49024
9916	2247	1681	2895	1241	3549	1010	3972
9913	6710	5702	7800	4864	8852	4395	9513
9915	3014	2352	3758	1826	4498	1543	4973
4606	3940	3177	4785	2560	5616	2223	6145
6115	9718	8497	11021	7467	12265	6882	13041
4820	6388	5406	7452	4591	8481	4135	9129
9017	323	134	594	34	909	6	1128
6123	70905	67536	74356	64572	77534	62831	79467
6114	22686	20798	24656	19168	26500	18225	27635
4607	8025	6919	9213	5993	10353	5471	11067
6505	3276	2584	4050	2031	4817	1732	5308
5020	10900	9604	12278	8507	13589	7883	14405
6113	45653	42958	48430	40601	51001	39222	52572
5010	15979	14401	17639	13051	19204	12274	20172
6020	94208	90319	98179	86886	101826	84864	104040
4900	99953	95945	104043	92406	107796	90321	110073
6010	149056	144153	154041	139808	158601	137239	161361
4400	11044	9739	12431	8634	13750	8005	14571
9900	1830	1323	2419	937	3019	738	3410
9904	6790	5776	7886	4933	8944	4460	9608
9902	29041	26900	31264	25041	33337	23961	34608
4810	8346	7217	9557	6271	10718	5736	11444
5720	15694	14131	17339	12793	18891	12025	19851
9901	5994	5044	7026	4258	8026	3819	8656
5826	10370	9107	11715	8040	12997	7433	13795
5825	55978	52989	59049	50368	61884	48831	63613
5925	24774	22799	26831	21091	28753	20101	29935
9015	2068	1527	2691	1109	3323	891	3733
4506	31251	29028	33556	27097	35702	25973	37017
4605	29089	26946	31314	25086	33388	24005	34661
9002	10074	8830	11400	7779	12665	7183	13453
4226	3987	3219	4837	2598	5672	2258	6203
4505	1628	1152	2186	794	2758	612	3132
4225	3496	2780	4294	2205	5083	1893	5587
5716	11711	10366	13138	9225	14493	8574	15336
5916	9506	8298	10796	7281	12027	6704	12796
4300	20987	19173	22883	17609	24661	16705	25756
5815	30634	28434	32916	26522	35042	25410	36346
9004	7228	6180	8358	5307	9445	4816	10128
5715	2533	1929	3218	1456	3906	1205	4349
3330	2756	2125	3469	1626	4182	1360	4640
6506	11927	10569	13367	9417	14733	8759	15583
5915	6293	5318	7350	4510	8372	4059	9015
3905	22491	20612	24452	18989	26289	18050	27420
4130	33711	31401	36103	29390	38328	28219	39691
6930	4035	3263	4889	2637	5729	2295	6263
3825	10067	8823	11393	7773	12657	7177	13445
4120	4962	4101	5905	3396	6825	3005	7406
3816	5714	4787	6723	4022	7702	3597	8319
4210	7234	6186	8364	5312	9452	4821	10135
9016	2064	1523	2687	1106	3318	889	3727
4005	2335	1757	2995	1307	3659	1069	4088
4230	2327	1750	2986	1301	3649	1064	4078
3815	13371	11931	14893	10705	16333	10003	17227
3705	40522	37985	43141	35771	45569	34478	47054
3900	40732	38189	43357	35968	45792	34671	47281
4110	35219	32857	37663	30800	39935	29600	41325
3416	3654	2921	4469	2331	5273	2010	5786
3413	1852	1342	2444	953	3047	752	3440
3706	4547	3724	5452	3054	6336	2684	6897
3600	75721	72238	79286	69172	82566	67369	84561
3415	5321	4428	6296	3694	7244	3286	7844
3320	7646	6567	8807	5666	9922	5158	10622
3505	31725	29485	34047	27538	36208	26405	37533
3414	3402	2696	4190	2131	4970	1824	5468
6900	2186	1628	2826	1196	3472	969	3891
2940	3411	2704	4200	2138	4981	1831	5479
2216	4992	4128	5938	3420	6860	3029	7443
3046	10525	9252	11880	8176	13170	7564	13974
2225	8097	6986	9290	6055	10435	5530	11152
3426	4567	3743	5473	3070	6360	2700	6922
3427	7028	5995	8143	5136	9216	4653	9891
3045	4446	3633	5341	2971	6217	2607	6773
3310	5662	4739	6667	3979	7641	3555	8257
3030	13731	12271	15273	11027	16731	10314	17635
3130	30790	28584	33078	26667	35209	25552	36515
3010	12654	11254	14136	10064	15540	9384	16412
3020	23359	21443	25357	19787	27227	18829	28377
3425	3770	3025	4597	2424	5412	2096	5932
2100	3091	2420	3844	1886	4592	1598	5072
1606	4187	3399	5057	2760	5910	2410	6452
2215	7147	6105	8271	5238	9353	4750	10032
1720	8250	7128	9454	6187	10609	5657	11331
3120	18138	16454	19904	15008	21564	14175	22589
1900	17909	16236	19664	14800	21314	13972	22333
3110	3656	2923	4471	2332	5276	2011	5789
3200	10809	9519	12181	8427	13487	7805	14301
1605	8099	6988	9292	6057	10437	5532	11154
2000	16044	14463	17707	13109	19275	12331	20245
1820	49023	46229	51899	43782	54560	42350	56184
1200	6882	5861	7985	5011	9049	4534	9717
1710	14973	13447	16581	12143	18099	11394	19039
1810	25844	23826	27944	22079	29905	21066	31110
900	14324	12832	15898	11559	17385	10829	18307
806	4767	3924	5692	3235	6596	2854	7168
1506	5096	4223	6051	3507	6982	3110	7570
1410	17856	16186	19608	14752	21256	13926	22274
1505	7244	6195	8375	5321	9464	4829	10147
1330	6666	5661	7753	4827	8801	4359	9460
1000	2442	1850	3116	1387	3793	1142	4230
1320	5957	5010	6986	4227	7984	3790	8612
1420	24256	22303	26291	20614	28195	19635	29365
1130	5618	4699	6619	3942	7590	3521	8203
1116	9097	7917	10359	6924	11566	6361	12320
1310	7386	6326	8528	5442	9626	4945	10315
805	5741	4812	6752	4045	7733	3618	8352
1115	5442	4538	6428	3795	7386	3381	7990
205	15792	14224	17442	12882	18999	12110	19962
136	4570	3745	5477	3073	6363	2702	6926
1120	16590	14982	18280	13603	19873	12810	20858
705	5524	4613	6517	3863	7481	3446	8090
120	1644	1166	2204	805	2779	621	3155
325	6509	5517	7583	4694	8621	4233	9273
135	3763	3018	4590	2418	5404	2091	5923
706	4156	3371	5023	2735	5873	2386	6414
206	11950	10591	13391	9438	14759	8779	15609
2910	1209	805	1695	511	2203	367	2539
315	7970	6868	9154	5945	10291	5425	11003
2935	21223	19398	23130	17825	24917	16916	26018
605	5426	4524	6410	3781	7367	3369	7971
606	5306	4414	6280	3681	7227	3274	7825
506	13075	11652	14580	10440	16006	9747	16891
110	1365	933	1879	614	2412	455	2763
505	18795	17080	20592	15606	22280	14756	23322
2936	3468	2755	4263	2183	5049	1872	5552
405	5358	4462	6336	3725	7288	3315	7889
2926	3015	2353	3759	1827	4499	1544	4974
2925	3060	2393	3809	1862	4554	1576	5032
2927	2426	1836	3098	1375	3773	1131	4209
