faz_id mean lower_50 upper_50 lower_80 upper_80 lower_90 upper_90
8935	4344	3761	4969	3272	5568	2995	5942
8927	1078	798	1400	582	1726	469	1937
8926	1760	1397	2165	1105	2567	947	2823
8936	3280	2776	3826	2358	4353	2125	4685
8500	10004	9108	10942	8338	11822	7893	12365
8406	255	130	422	53	609	23	737
8320	7421	6653	8231	5996	8997	5620	9472
8925	2443	2011	2917	1658	3380	1463	3673
8937	8072	7270	8916	6583	9713	6188	10206
8405	851	605	1139	419	1435	324	1628
8310	9610	8733	10529	7978	11393	7543	11927
8910	2679	2226	3174	1853	3656	1647	3961
7905	4846	4229	5505	3709	6134	3415	6527
7606	752	522	1024	350	1305	264	1490
7805	3018	2536	3542	2137	4051	1915	4371
8220	12089	11102	13118	10250	14080	9756	14672
8000	38125	36357	39935	34800	41602	33885	42615
8906	1294	985	1645	743	1996	615	2223
8210	22352	21003	23743	19824	25032	19135	25819
9020	4110	3543	4719	3069	5302	2802	5668
8125	5910	5226	6636	4647	7325	4316	7754
8126	7479	6707	8293	6049	9061	5671	9537
8905	996	728	1306	522	1622	415	1826
7806	1425	1100	1792	843	2158	706	2394
7700	5019	4391	5689	3861	6329	3560	6728
7526	9865	8976	10796	8211	11671	7769	12210
7340	3732	3193	4313	2744	4872	2491	5223
7605	1087	806	1410	589	1737	475	1949
7537	14373	13295	15493	12361	16537	11818	17178
8115	10352	9441	11305	8656	12200	8202	12752
7335	10527	9608	11488	8816	12390	8358	12946
8600	10379	9466	11334	8680	12229	8226	12782
7425	3887	3337	4479	2877	5049	2618	5406
7535	5246	4603	5931	4060	6583	3752	6990
7525	2522	2083	3003	1723	3473	1524	3770
7436	2306	1887	2767	1545	3218	1357	3505
9019	4728	4119	5379	3606	6002	3316	6390
7026	1613	1266	2002	989	2388	840	2636
7205	6830	6094	7608	5466	8345	5107	8803
7515	7223	6465	8023	5819	8779	5448	9248
7320	7945	7149	8783	6468	9573	6077	10063
7206	16883	15713	18095	14696	19222	14103	19913
7315	4512	3917	5149	3418	5758	3135	6139
7435	3846	3299	4435	2842	5002	2585	5357
7316	4389	3803	5017	3311	5619	3033	5995
7025	10450	9534	11408	8745	12306	8290	12860
7415	12473	11470	13518	10604	14494	10101	15095
7100	9349	8484	10256	7741	11109	7312	11636
7015	5151	4514	5830	3977	6477	3671	6880
9908	3339	2830	3890	2408	4421	2172	4756
6410	15387	14271	16545	13302	17623	12739	18285
6420	9219	8360	10120	7622	10967	7197	11490
5535	5749	5075	6465	4504	7146	4179	7569
5600	15033	13930	16178	12973	17244	12417	17899
5546	12182	11191	13214	10335	14180	9839	14774
4706	2414	1985	2885	1634	3346	1441	3637
6605	2456	2023	2931	1669	3395	1473	3689
6910	799	561	1079	383	1367	292	1556
6606	1528	1191	1907	923	2285	779	2527
9909	1304	994	1656	751	2009	622	2236
9011	6114	5418	6852	4828	7552	4491	7987
5525	7126	6373	7921	5732	8672	5364	9138
5515	5740	5067	6455	4496	7135	4171	7559
6326	12303	11307	13341	10447	14311	9948	14908
9914	3699	3163	4277	2715	4834	2464	5184
5545	4131	3563	4741	3087	5326	2819	5693
6223	8887	8044	9772	7321	10605	6904	11119
5306	18723	17490	19998	16416	21182	15789	21907
6325	7859	7068	8692	6391	9479	6002	9966
9009	2382	1956	2850	1608	3308	1416	3598
9006	1667	1314	2062	1032	2454	879	2705
6225	17030	15855	18247	14833	19379	14237	20072
9018	11368	10412	12366	9587	13301	9109	13877
5425	29242	27696	30830	26339	32296	25544	33190
5305	22222	20877	23609	19701	24894	19014	25680
5426	13233	12200	14308	11305	15313	10786	15930
6226	6882	6143	7663	5513	8403	5152	8862
6126	3011	2529	3535	2131	4043	1909	4363
6224	7931	7136	8768	6456	9558	6065	10047
6216	9622	8744	10542	7989	11406	7554	11940
6316	20041	18765	21359	17651	22583	17001	23331
6215	15874	14740	17050	13755	18144	13182	18816
5100	1622	1274	2012	996	2399	847	2647
6213	15697	14570	16866	13591	17955	13021	18623
9005	446	273	661	154	890	99	1043
6124	13081	12054	14150	11165	15149	10649	15763
6125	10554	9634	11516	8840	12419	8382	12976
6214	29476	27924	31070	26561	32542	25763	33439
5415	64575	62267	66925	60225	69077	59019	70381
5205	34034	32364	35746	30897	37323	30035	38283
9916	2127	1725	2571	1400	3006	1221	3283
9913	5803	5126	6522	4552	7206	4225	7631
9915	2876	2406	3388	2018	3886	1802	4200
4606	3708	3171	4287	2723	4844	2472	5194
6115	9248	8388	10150	7649	10999	7223	11523
4820	6068	5375	6803	4787	7501	4451	7934
9017	272	142	444	61	635	28	766
6123	56027	53879	58217	51980	60226	50860	61444
6114	20023	18747	21341	17634	22564	16985	23311
4607	5865	5184	6588	4607	7275	4278	7702
6505	3093	2604	3624	2200	4138	1975	4461
5020	9004	8155	9895	7427	10733	7008	11250
6113	42204	40342	44108	38702	45858	37736	46922
5010	15884	14750	17060	13765	18155	13191	18827
6020	66169	63833	68547	61764	70725	60543	72045
4900	45345	43414	47318	41712	49130	40709	50231
6010	120984	117817	124193	115001	127118	113333	128885
4400	9250	8390	10152	7651	11001	7225	11525
9900	1768	1404	2174	1111	2576	953	2833
9904	6715	5985	7487	5364	8218	5008	8672
9902	23161	21787	24577	20586	25888	19884	26688
4810	7950	7154	8788	6473	9579	6082	10068
5720	11716	10745	12729	9907	13677	9421	14261
9901	4260	3683	4879	3199	5473	2926	5844
5826	8355	7538	9214	6839	10023	6436	10523
5825	48659	46658	50702	44893	52577	43852	53715
5925	20072	18795	21391	17680	22616	17030	23364
9015	1818	1448	2230	1151	2637	990	2896
4506	30068	28500	31678	27124	33164	26316	34070
4605	14402	13323	15523	12388	16568	11844	17210
9002	9549	8674	10466	7923	11327	7489	11859
4226	3245	2744	3788	2329	4313	2096	4643
4505	1410	1087	1775	832	2140	695	2374
4225	3285	2781	3831	2363	4359	2129	4691
5716	8323	7508	9180	6810	9988	6408	10488
5916	7956	7160	8794	6478	9585	6087	10075
4300	10185	9281	11131	8503	12019	8054	12566
5815	27247	25755	28781	24448	30198	23682	31062
9004	5448	4793	6145	4238	6809	3923	7223
5715	2244	1831	2699	1495	3145	1310	3428
3330	2589	2144	3076	1779	3551	1576	3851
6506	6056	5364	6790	4776	7487	4441	7921
5915	5219	4578	5902	4037	6553	3729	6959
3905	20100	18822	21420	17706	22645	17055	23394
4130	24542	23127	25999	21889	27347	21165	28169
6930	3598	3069	4169	2629	4719	2382	5064
3825	8775	7938	9654	7219	10482	6806	10994
4120	3514	2992	4078	2557	4622	2314	4964
3816	4739	4129	5391	3616	6014	3325	6403
4210	5057	4426	5730	3894	6371	3592	6772
9016	1858	1484	2274	1183	2685	1019	2947
4005	1839	1467	2253	1168	2662	1005	2923
4230	2089	1691	2529	1369	2961	1192	3236
3815	10566	9645	11529	8851	12432	8393	12989
3705	33433	31778	35130	30324	36694	29470	37646
3900	25813	24362	27306	23090	28687	22346	29530
4110	31884	30269	33541	28850	35070	28017	36001
3416	3335	2827	3885	2405	4417	2169	4751
3413	1561	1220	1944	949	2325	803	2569
3706	4053	3491	4657	3020	5238	2755	5601
3600	50744	48701	52829	46896	54743	45833	55905
3415	5042	4412	5714	3881	6355	3580	6754
3320	5710	5038	6424	4470	7102	4146	7524
3505	21336	20018	22696	18868	23956	18195	24726
3414	3059	2573	3587	2171	4098	1947	4420
6900	1962	1577	2389	1266	2809	1097	3077
2940	2940	2464	3458	2071	3960	1853	4277
2216	3746	3206	4328	2756	4888	2503	5239
3046	8134	7328	8982	6639	9781	6243	10275
2225	6517	5798	7278	5187	7999	4837	8447
3426	3301	2795	3849	2376	4378	2141	4710
3427	6139	5442	6878	4850	7580	4512	8016
3045	3899	3348	4492	2887	5062	2628	5420
3310	3412	2898	3968	2470	4505	2231	4843
3030	10456	9540	11414	8751	12313	8295	12867
3130	24088	22687	25531	21461	26867	20743	27683
3010	10985	10045	11967	9235	12886	8767	13453
3020	21495	20172	22860	19017	24125	18342	24898
3425	3311	2805	3859	2385	4389	2150	4722
2100	2476	2041	2953	1685	3419	1489	3713
1606	2995	2514	3518	2118	4024	1896	4343
2215	6958	6215	7743	5581	8487	5218	8948
1720	7520	6746	8336	6085	9106	5706	9584
3120	15893	14759	17069	13773	18165	13200	18836
1900	14320	13244	15438	12312	16480	11770	17120
3110	3208	2710	3748	2297	4270	2067	4599
3200	8854	8013	9737	7291	10569	6875	11083
1605	7260	6500	8062	5852	8820	5480	9290
2000	15089	13984	16236	13025	17304	12468	17960
1820	25202	23768	26678	22513	28043	21778	28876
1200	5453	4797	6151	4243	6815	3927	7229
1710	12524	11519	13571	10651	14549	10147	15151
1810	14644	13556	15774	12612	16828	12064	17474
900	12393	11394	13434	10530	14408	10029	15007
806	4412	3824	5042	3331	5645	3052	6022
1506	4190	3618	4804	3138	5393	2868	5762
1410	15093	13988	16240	13029	17309	12471	17964
1505	6167	5468	6908	4875	7611	4536	8048
1330	5982	5294	6712	4711	7405	4378	7836
1000	2266	1851	2723	1513	3171	1327	3455
1320	5060	4429	5733	3897	6375	3595	6775
1420	14918	13820	16058	12866	17121	12312	17774
1130	3471	2952	4032	2521	4573	2279	4913
1116	8239	7428	9092	6734	9896	6335	10393
1310	6470	5754	7228	5145	7947	4797	8393
805	5085	4452	5760	3919	6403	3616	6804
1115	4926	4304	5590	3779	6224	3482	6620
205	13383	12344	14464	11444	15474	10922	16094
136	4419	3831	5049	3337	5653	3058	6030
1120	12168	11178	13200	10322	14165	9827	14759
705	2930	2455	3447	2063	3949	1845	4265
120	1395	1074	1758	820	2121	685	2355
325	6217	5515	6961	4919	7666	4579	8105
135	3275	2772	3820	2354	4348	2121	4679
706	3702	3165	4281	2718	4838	2467	5187
206	8113	7309	8959	6620	9758	6224	10252
2910	950	689	1253	489	1563	386	1764
315	7083	6333	7875	5693	8625	5326	9089
2935	19966	18692	21282	17581	22503	16932	23250
605	4448	3858	5080	3362	5686	3082	6064
606	4568	3970	5208	3467	5821	3182	6204
506	5036	4407	5707	3876	6348	3574	6747
110	1036	762	1352	551	1672	441	1881
505	9502	8630	10416	7880	11276	7448	11806
2936	2865	2395	3377	2009	3873	1793	4187
405	3913	3361	4507	2899	5078	2639	5436
2926	2581	2136	3068	1772	3542	1570	3842
2925	2454	2021	2929	1667	3393	1471	3686
2927	1632	1283	2023	1004	2411	854	2660
