faz_id mean lower_50 upper_50 lower_80 upper_80 lower_90 upper_90
8935	14646	13640	15688	12764	16657	12254	17251
8927	6736	6059	7448	5481	8121	5148	8537
8926	17995	16878	19148	15902	20217	15332	20871
8936	19440	18278	20638	17262	21747	16668	22425
8500	20961	19754	22204	18697	23354	18079	24056
8406	2677	2257	3133	1909	3574	1715	3852
8320	14185	13195	15211	12334	16165	11833	16750
8925	18130	17008	19287	16029	20360	15457	21016
8937	20357	19167	21582	18127	22717	17518	23409
8405	21102	19891	22349	18830	23503	18210	24207
8310	33584	32051	35153	30701	36596	29907	37474
8910	20016	18837	21231	17805	22356	17202	23043
7905	29624	28185	31098	26920	32457	26177	33284
7606	5660	5041	6315	4515	6935	4213	7320
7805	26759	25393	28161	24193	29455	23488	30243
8220	19855	18680	21065	17653	22186	17053	22871
8000	15587	14548	16661	13644	17660	13116	18271
8906	9885	9062	10744	8351	11549	7939	12044
8210	14003	13019	15022	12164	15971	11667	16553
9020	22275	21030	23556	19939	24740	19300	25463
8125	20693	19494	21928	18444	23071	17830	23769
8126	16458	15390	17562	14459	18586	13916	19213
8905	11188	10311	12101	9551	12954	9111	13478
7806	8807	8031	9619	7362	10381	6976	10851
7700	8711	7939	9519	7274	10277	6891	10744
7526	16087	15032	17178	14112	18192	13575	18812
7340	30988	29516	32496	28221	33884	27460	34729
7605	2107	1736	2513	1433	2910	1266	3161
7537	29507	28071	30979	26809	32335	26067	33160
8115	33187	31663	34747	30322	36182	29533	37054
7335	38622	36977	40303	35526	41848	34671	42786
8600	22001	20764	23274	19680	24451	19045	25170
7425	33863	32324	35438	30968	36888	30171	37769
7535	31080	29606	32590	28309	33980	27547	34826
7525	17622	16516	18763	15551	19822	14988	20469
7436	6406	5747	7101	5183	7758	4860	8165
9019	20192	19007	21412	17971	22542	17365	23232
7026	11335	10452	12254	9687	13112	9244	13639
7205	15326	14296	16392	13399	17382	12877	17988
7515	5959	5324	6630	4782	7265	4472	7659
7320	32246	30744	33784	29422	35199	28645	36060
7206	18539	17405	19709	16414	20794	15835	21456
7315	20770	19568	22008	18517	23153	17901	23852
7435	9321	8522	10156	7833	10939	7434	11421
7316	23185	21914	24492	20801	25699	20148	26435
7025	22704	21447	23997	20345	25192	19700	25921
7415	14060	13074	15081	12217	16032	11719	16614
7100	30945	29474	32452	28180	33839	27420	34683
7015	18530	17396	19700	16405	20784	15826	21447
9908	3732	3233	4267	2814	4779	2577	5100
6410	48339	46496	50218	44867	51940	43907	52984
6420	41793	40081	43541	38569	45146	37679	46120
5535	33400	31871	34965	30525	36404	29734	37279
5600	17410	16311	18545	15352	19597	14793	20241
5546	20155	18971	21374	17936	22503	17331	23192
4706	14401	13403	15434	12535	16396	12030	16985
6605	14600	13595	15640	12721	16608	12212	17201
6910	6403	5744	7098	5181	7755	4858	8162
6606	7378	6669	8123	6061	8824	5711	9258
9909	7042	6350	7770	5757	8456	5416	8881
9011	12193	11276	13145	10482	14034	10020	14579
5525	16887	15805	18005	14862	19042	14311	19676
5515	30410	28952	31904	27670	33280	26916	34117
6326	25320	23991	26685	22825	27944	22142	28712
9914	22072	20833	23347	19747	24526	19111	25246
5545	18450	17318	19617	16330	20699	15752	21361
6223	29065	27640	30526	26388	31872	25652	32691
5306	25061	23739	26419	22579	27672	21899	28436
6325	37289	35673	38941	34248	40460	33409	41382
9009	5989	5352	6662	4809	7298	4498	7693
9006	15040	14020	16096	13132	17077	12615	17678
6225	21825	20593	23093	19513	24266	18882	24981
9018	23074	21806	24377	20695	25582	20045	26316
5425	43493	41746	45276	40203	46912	39294	47905
5305	29950	28503	31432	27231	32798	26484	33629
5426	24072	22777	25403	21641	26632	20976	27382
6226	33436	31906	35001	30560	36442	29768	37318
6126	14080	13094	15102	12236	16053	11737	16636
6224	23602	22320	24920	21196	26138	20537	26880
6216	16589	15517	17697	14582	18725	14037	19355
6316	30264	28810	31754	27531	33127	26779	33962
6215	23742	22456	25064	21328	26285	20668	27030
5100	8709	7937	9517	7273	10275	6889	10742
6213	19545	18380	20746	17361	21858	16765	22538
9005	7494	6779	8245	6166	8951	5813	9388
6124	27306	25925	28722	24713	30029	24001	30824
6125	10476	9628	11360	8894	12187	8470	12696
6214	356	214	534	117	724	73	852
5415	16296	15234	17394	14307	18414	13767	19038
5205	13408	12446	14406	11610	15335	11124	15905
9916	18510	17377	19679	16386	20763	15808	21425
9913	7652	6930	8410	6310	9124	5953	9564
9915	25728	24388	27103	23213	28373	22523	29146
4606	29762	28320	31240	27052	32602	26307	33430
6115	23695	22410	25016	21284	26236	20624	26979
4820	8435	7676	9230	7022	9977	6646	10438
9017	4117	3592	4678	3150	5214	2899	5548
6123	19246	18090	20438	17079	21542	16489	22217
6114	36166	34574	37793	33172	39290	32346	40199
4607	33065	31544	34622	30205	36054	29418	36926
6505	14375	13378	15408	12511	16368	12006	16957
5020	26493	25133	27888	23940	29176	23239	29960
6113	42670	40940	44436	39412	46057	38512	47041
5010	20950	19743	22193	18687	23343	18068	24045
6020	15597	14558	16672	13653	17670	13125	18282
4900	10781	9920	11678	9176	12516	8744	13031
6010	11716	10818	12650	10040	13522	9588	14057
4400	24068	22773	25399	21637	26628	20972	27377
9900	11332	10449	12251	9684	13109	9241	13636
9904	14335	13340	15366	12474	16325	11970	16913
9902	32146	30647	33681	29327	35095	28551	35954
4810	11219	10341	12133	9580	12987	9139	13512
5720	38723	37076	40406	35623	41953	34767	42892
9901	10127	9293	10997	8573	11810	8156	12311
5826	6312	5658	7002	5099	7655	4778	8059
5825	3700	3203	4233	2786	4743	2551	5062
5925	26955	25583	28362	24379	29660	23672	30451
9015	16560	15489	17667	14555	18695	14010	19323
4506	19032	17882	20217	16878	21316	16290	21987
4605	27305	25924	28721	24712	30028	24000	30823
9002	42703	40972	44470	39444	46091	38543	47076
4226	20341	19152	21566	18112	22700	17503	23392
4505	17515	16413	18653	15451	19708	14889	20354
4225	19212	18057	20403	17047	21506	16457	22180
5716	26555	25194	27952	23999	29241	23297	30026
5916	37849	36220	39513	34784	41043	33939	41972
4300	12730	11793	13703	10980	14609	10507	15166
5815	5239	4644	5869	4139	6468	3851	6840
9004	22425	21176	23710	20081	24898	19440	25623
5715	18228	17103	19388	16121	20464	15547	21122
3330	16641	15567	17751	14631	18781	14084	19411
6506	17973	16856	19125	15881	20194	15312	20847
5915	21258	20042	22510	18978	23668	18355	24375
3905	12149	11234	13100	10441	13987	9980	14531
4130	18371	17242	19536	16256	20616	15679	21276
6930	10622	9768	11512	9029	12344	8601	12856
3825	22573	21319	23862	20221	25054	19578	25781
4120	22368	21120	23652	20027	24838	19387	25562
3816	26478	25119	27873	23925	29160	23225	29944
4210	29836	28392	31316	27122	32679	26377	33509
9016	15983	14931	17071	14014	18081	13480	18700
4005	17281	16186	18411	15231	19460	14674	20101
4230	13261	12304	14253	11473	15178	10990	15745
3815	21301	20084	22554	19018	23713	18395	24421
3705	33867	32327	35442	30972	36892	30174	37773
3900	7527	6811	8279	6196	8987	5842	9425
4110	22610	21355	23900	20256	25093	19612	25821
3416	25111	23788	26470	22627	27724	21946	28489
3413	12071	11159	13019	10369	13903	9909	14446
3706	18849	17705	20029	16705	21122	16121	21790
3600	23189	21918	24496	20804	25703	20152	26439
3415	32342	30838	33882	29514	35299	28736	36161
3320	31910	30416	33440	29101	34848	28329	35704
3505	46652	44842	48498	43243	50191	42300	51218
3414	30535	29074	32032	27789	33410	27034	34249
6900	10669	9813	11561	9072	12395	8643	12908
2940	23866	22577	25191	21446	26416	20783	27162
2216	21963	20727	23235	19644	24411	19010	25129
3046	25775	24434	27152	23257	28422	22567	29196
2225	18730	17590	19906	16593	20996	16011	21662
3426	25991	24645	27373	23463	28649	22769	29426
3427	26227	24874	27615	23687	28897	22990	29677
3045	30809	29341	32312	28050	33697	27292	34539
3310	25850	24507	27229	23329	28501	22637	29276
3030	51236	49338	53169	47660	54941	46670	56016
3130	17146	16056	18272	15105	19317	14549	19956
3010	46476	44669	48318	43073	50008	42132	51033
3020	25275	23947	26638	22783	27897	22099	28664
3425	23497	22218	24812	21096	26027	20439	26768
2100	21674	20446	22938	19371	24107	18741	24820
1606	13470	12506	14470	11668	15401	11181	15973
2215	19750	18579	20957	17554	22075	16955	22758
1720	28026	26627	29461	25398	30783	24676	31589
3120	26857	25488	28262	24286	29558	23580	30347
1900	907	670	1180	487	1456	392	1635
3110	10057	9226	10924	8509	11735	8093	12234
3200	24063	22768	25394	21633	26623	20967	27372
1605	17427	16328	18562	15368	19615	14808	20259
2000	14719	13710	15764	12832	16735	12321	17330
1820	7590	6871	8345	6253	9056	5898	9495
1200	19967	18789	21181	17759	22304	17156	22991
1710	23392	22116	24704	20997	25917	20341	26656
1810	4491	3942	5076	3478	5634	3214	5981
900	11795	10894	12732	10113	13607	9659	14144
806	38496	36853	40174	35405	41717	34552	42653
1506	24071	22776	25402	21640	26631	20975	27381
1410	12529	11600	13494	10793	14394	10325	14946
1505	22614	21359	23905	20260	25097	19616	25825
1330	24577	23268	25922	22120	27163	21447	27920
1000	10331	9489	11209	8761	12031	8339	12536
1320	18501	17368	19670	16378	20753	15800	21416
1420	14365	13369	15397	12502	16357	11997	16946
1130	6472	5809	7171	5243	7831	4918	8239
1116	19584	18418	20786	17398	21900	16801	22580
1310	28689	27273	30140	26029	31478	25299	32292
805	26571	25209	27968	24014	29258	23312	30043
1115	17583	16479	18723	15515	19780	14952	20427
205	13425	12462	14423	11626	15353	11140	15924
136	11436	10549	12359	9781	13221	9335	13750
1120	38790	37141	40475	35687	42023	34831	42963
705	23534	22254	24850	21131	26066	20474	26808
120	12576	11645	13543	10837	14444	10367	14998
325	26900	25530	28306	24327	29603	23621	30393
135	17997	16880	19150	15904	20219	15334	20873
706	14864	13850	15914	12968	16890	12454	17487
206	13983	13000	15002	12146	15950	11648	16531
2910	4535	3983	5123	3517	5683	3251	6032
315	15573	14535	16647	13630	17645	13103	18256
2935	10575	9723	11463	8986	12294	8559	12805
605	27530	26144	28952	24926	30263	24211	31062
606	30443	28984	31937	27701	33314	26947	34152
506	31905	30411	33435	29097	34843	28324	35699
110	5257	4661	5889	4155	6488	3867	6860
505	60674	58607	62776	56777	64701	55695	65866
2936	8307	7554	9096	6906	9838	6532	10295
405	32069	30571	33602	29253	35014	28479	35873
2926	27771	26379	29199	25155	30516	24437	31318
2925	18721	17581	19897	16585	20986	16003	21652
2927	10531	9680	11417	8945	12246	8519	12756
