faz_id mean lower_50 upper_50 lower_80 upper_80 lower_90 upper_90
8935	17570	15681	19567	14071	21457	13150	22629
8927	7806	6565	9155	5539	10461	4966	11285
8926	22028	19906	24257	18087	26357	17041	27655
8936	21051	18978	23231	17203	25287	16183	26559
8500	26578	24242	29021	22230	31314	21068	32727
8406	3530	2713	4455	2069	5379	1725	5974
8320	20356	18318	22501	16575	24525	15574	25777
8925	23466	21274	25765	19392	27928	18308	29263
8937	28975	26534	31524	24427	33911	23208	35381
8405	25748	23450	28154	21472	30412	20330	31805
8310	38257	35444	41178	33002	43900	31583	45571
8910	24708	22458	27066	20523	29281	19407	30648
7905	35452	32746	38266	30401	40892	29039	42504
7606	6404	5285	7631	4369	8827	3862	9585
7805	29803	27326	32387	25188	34807	23950	36296
8220	22194	20064	24431	18238	26538	17187	27841
8000	16827	14979	18782	13407	20635	12508	21785
8906	10621	9164	12185	7944	13686	7256	14626
8210	14867	13133	16708	11664	18458	10827	19547
9020	25201	22928	27582	20972	29818	19844	31197
8125	22360	20222	24606	18388	26720	17333	28027
8126	18932	16969	21003	15293	22959	14332	24172
8905	12258	10689	13935	9368	15536	8619	16537
7806	11819	10279	13466	8984	15042	8251	16026
7700	8735	7419	10159	6325	11533	5713	12397
7526	16742	14899	18692	13331	20541	12435	21688
7340	33586	30953	36326	28674	38886	27353	40459
7605	2175	1545	2912	1070	3668	827	4162
7537	31690	29134	34353	26925	36843	25644	38375
8115	37860	35062	40766	32633	43475	31222	45137
7335	42278	39318	45346	36744	48200	35245	49950
8600	24146	21922	26477	20011	28669	18909	30022
7425	36655	33902	39515	31515	42183	30129	43821
7535	35096	32404	37896	30071	40509	28717	42114
7525	21081	19006	23263	17230	25320	16209	26592
7436	6406	5287	7633	4370	8830	3864	9588
9019	23582	21385	25887	19498	28054	18411	29393
7026	11501	9983	13127	8707	14683	7986	15655
7205	16509	14679	18446	13123	20283	12234	21423
7515	6754	5603	8012	4658	9238	4135	10012
7320	36429	33685	39280	31306	41940	29924	43573
7206	19723	17718	21835	16005	23830	15021	25064
7315	23827	21618	26143	19721	28321	18627	29666
7435	9750	8356	11251	7193	12695	6539	13600
7316	24197	21971	26531	20057	28725	18954	30079
7025	23382	21194	25677	19316	27836	18234	29169
7415	15232	13477	17095	11988	18864	11139	19965
7100	34289	31628	37057	29324	39642	27987	41230
7015	19838	17827	21956	16108	23956	15121	25194
9908	3657	2824	4597	2166	5536	1814	6139
6410	58788	55288	62396	52227	65737	50438	67777
6420	50527	47286	53876	44459	56983	42809	58884
5535	41330	38404	44364	35860	47188	34380	48919
5600	19016	17048	21091	15368	23052	14405	24267
5546	21731	19624	23946	17818	26032	16779	27322
4706	14920	13183	16764	11711	18517	10872	19607
6605	17121	15257	19093	13670	20960	12762	22119
6910	7817	6575	9167	5548	10474	4975	11298
6606	9437	8067	10915	6925	12337	6283	13230
9909	9446	8075	10924	6932	12348	6290	13241
9011	16191	14380	18110	12840	19930	11961	21061
5525	18510	16569	20558	14914	22494	13965	23695
5515	32021	29452	34698	27230	37200	25942	38739
6326	25673	23378	28075	21403	30331	20263	31722
9914	23244	21063	25532	19191	27685	18112	29015
5545	19661	17659	21770	15949	23761	14967	24994
6223	30037	27550	32631	25403	35059	24159	36554
5306	26038	23726	28457	21737	30727	20588	32128
6325	36951	34187	39822	31790	42500	30397	44144
9009	6603	5466	7848	4533	9061	4017	9828
9006	17407	15527	19395	13925	21277	13009	22444
6225	21714	19608	23928	17803	26013	16765	27303
9018	25634	23341	28035	21368	30288	20229	31679
5425	46412	43308	49624	40604	52608	39028	54435
5305	30423	27920	33033	25758	35476	24506	36980
5426	25964	23656	28380	21669	30647	20522	32045
6226	33458	30831	36193	28556	38748	27237	40318
6126	14406	12700	16219	11256	17944	10434	19017
6224	23396	21208	25692	19329	27851	18246	29185
6216	16383	14561	18313	13011	20143	12126	21279
6316	29745	27271	32327	25134	34744	23898	36232
6215	23233	21052	25521	19181	27673	18102	29003
5100	8730	7414	10153	6321	11527	5709	12391
6213	19376	17389	21470	15692	23448	14718	24673
9005	9163	7814	10620	6690	12024	6060	12905
6124	27210	24846	29682	22809	32000	21631	33428
6125	10439	8995	11990	7787	13479	7105	14412
6214	356	133	686	24	1076	1	1350
5415	19165	17189	21248	15502	23216	14534	24435
5205	14578	12862	16402	11408	18136	10580	19215
9916	20372	18334	22518	16590	24542	15588	25795
9913	7752	6515	9096	5493	10399	4923	11220
9915	29552	27086	32126	24957	34535	23725	36019
4606	32656	30061	35359	27816	37884	26514	39437
6115	23846	21636	26163	19738	28342	18644	29687
4820	8561	7258	9971	6177	11333	5572	12189
9017	5269	4259	6387	3441	7485	2993	8184
6123	19615	17616	21722	15907	23711	14927	24943
6114	36310	33571	39157	31195	41813	29816	43443
4607	38227	35415	41147	32974	43868	31555	45538
6505	15445	13677	17320	12177	19101	11321	20209
5020	28080	25677	30590	23606	32942	22408	34392
6113	44127	41102	47260	38469	50173	36935	51958
5010	21660	19556	23871	17754	25954	16717	27242
6020	16117	14310	18032	12774	19848	11897	20976
4900	12955	11340	14677	9978	16320	9205	17345
6010	12494	10909	14186	9574	15802	8817	16810
4400	24594	22349	26946	20419	29157	19306	30521
9900	12198	10633	13871	9315	15469	8568	16467
9904	16095	14289	18008	12755	19823	11878	20951
9902	32837	30235	35547	27983	38079	26677	39636
4810	11519	10000	13146	8723	14703	8001	15676
5720	38662	35834	41598	33378	44334	31951	46013
9901	14348	12646	16158	11205	17879	10385	18951
5826	6675	5531	7926	4593	9145	4073	9916
5825	3696	2859	4641	2196	5584	1842	6190
5925	27279	24912	29754	22872	32074	21693	33504
9015	17344	15467	19328	13869	21207	12955	22373
4506	20306	18271	22448	16530	24470	15530	25721
4605	29304	26848	31867	24729	34267	23503	35745
9002	49045	45853	52345	43069	55409	41446	57284
4226	20759	18701	22925	16939	24967	15927	26231
4505	17806	15904	19816	14283	21718	13354	22897
4225	21050	18977	23230	17202	25286	16182	26558
5716	26698	24357	29147	22340	31444	21175	32860
5916	38638	35810	41573	33356	44308	31929	45986
4300	13813	12144	15589	10733	17281	9930	18335
5815	5248	4240	6364	3424	7460	2977	8158
9004	27654	25270	30145	23215	32481	22027	33920
5715	18102	16184	20128	14548	22044	13611	23233
3330	18646	16698	20701	15036	22644	14083	23848
6506	20508	18463	22661	16712	24692	15707	25948
5915	21467	19373	23668	17579	25743	16548	27026
3905	12506	10920	14199	9585	15816	8827	16824
4130	19150	17175	21232	15489	23199	14521	24418
6930	10713	9250	12284	8024	13791	7332	14734
3825	23828	21619	26144	19722	28322	18628	29667
4120	23412	21223	25709	19343	27869	18260	29203
3816	27473	25097	29956	23049	32285	21866	33719
4210	31730	29173	34395	26962	36887	25680	38419
9016	19235	17256	21322	15565	23293	14595	24514
4005	19177	17201	21261	15513	23229	14545	24448
4230	14100	12413	15894	10986	17602	10174	18666
3815	21258	19175	23449	17390	25514	16364	26791
3705	37282	34505	40166	32097	42855	30697	44506
3900	8307	7025	9697	5962	11040	5368	11886
4110	28221	25812	30737	23735	33095	22534	34548
3416	28133	25728	30645	23654	33000	22455	34450
3413	13258	11624	14999	10244	16660	9460	17695
3706	19175	17199	21258	15511	23227	14543	24446
3600	26795	24449	29248	22429	31549	21261	32968
3415	35760	33042	38586	30686	41222	29318	42841
3320	33614	30980	36355	28700	38916	27378	40489
3505	49331	46129	52640	43337	55713	41709	57593
3414	31063	28533	33700	26347	36167	25081	37685
6900	12556	10967	14252	9628	15872	8869	16882
2940	29011	26568	31561	24460	33950	23240	35421
2216	23825	21616	26141	19719	28319	18625	29664
3046	26376	24049	28810	22046	31095	20888	32503
2225	24760	22507	27120	20570	29338	19453	30706
3426	27975	25577	30480	23509	32829	22314	34275
3427	28146	25741	30659	23666	33014	22467	34465
3045	32110	29537	34790	27312	37296	26022	38837
3310	35578	32867	38397	30517	41027	29153	42642
3030	55480	52081	58986	49112	62236	47377	64222
3130	18581	16637	20633	14977	22573	14026	23775
3010	49390	46186	52701	43393	55775	41763	57656
3020	29678	27207	32257	25073	34671	23838	36158
3425	25354	23074	27742	21112	29984	19980	31367
2100	22795	20636	25062	18783	27195	17716	28513
1606	13913	12238	15696	10821	17393	10015	18450
2215	20754	18696	22919	16935	24961	15922	26225
1720	29677	27206	32256	25072	34670	23837	36157
3120	33666	31030	36409	28748	38972	27425	40547
1900	922	531	1421	270	1962	156	2327
3110	10036	8621	11558	7439	13021	6773	13938
3200	26290	23967	28720	21967	31001	20812	32407
1605	17438	15556	19427	13953	21311	13036	22480
2000	16422	14597	18354	13046	20186	12159	21324
1820	7979	6723	9342	5685	10662	5105	11493
1200	20793	18733	22960	16970	25004	15957	26269
1710	27291	24923	29766	22883	32087	21704	33518
1810	6213	5111	7422	4211	8603	3714	9351
900	12440	10859	14129	9527	15741	8771	16748
806	44341	41308	47481	38669	50401	37131	52190
1506	25050	22784	27424	20835	29653	19710	31029
1410	13151	11524	14886	10150	16540	9370	17571
1505	23342	21156	25635	19280	27792	18199	29125
1330	24552	22309	26903	20381	29111	19269	30475
1000	10521	9071	12078	7857	13573	7173	14508
1320	18221	16296	20253	14654	22176	13714	23367
1420	20889	18824	23061	17057	25110	16041	26377
1130	7228	6036	8528	5054	9791	4508	10588
1116	20436	18394	22585	16647	24613	15644	25867
1310	28339	25925	30860	23843	33223	22639	34678
805	28377	25961	30900	23878	33264	22673	34720
1115	18864	16904	20931	15232	22884	14272	24095
205	13505	11855	15262	10461	16937	9669	17980
136	11522	10002	13149	8726	14706	8003	15680
1120	43732	40720	46851	38100	49752	36574	51529
705	34136	31481	36898	29183	39477	27849	41062
120	13104	11480	14836	10109	16487	9330	17517
325	27643	25260	30134	23205	32469	22018	33908
135	17903	15995	19918	14369	21825	13438	23007
706	17689	15793	19692	14178	21588	13253	22764
206	13800	12132	15576	10721	17267	9919	18320
2910	5725	4670	6888	3811	8027	3339	8750
315	15941	14144	17845	12618	19652	11746	20775
2935	10209	8782	11744	7588	13218	6916	14142
605	29701	27229	32281	25094	34696	23858	36183
606	35425	32720	38238	30376	40863	29015	42475
506	40637	37736	43646	35215	46447	33748	48165
110	5485	4453	6624	3616	7742	3156	8453
505	71632	67763	75609	64370	79282	62381	81522
2936	9090	7746	10541	6628	11940	6000	12819
405	36118	33386	38957	31017	41607	29642	43233
2926	30179	27686	32779	25533	35213	24287	36710
2925	25702	23406	28106	21430	30362	20289	31754
2927	19469	17477	21568	15776	23550	14799	24778
