faz_id mean lower_50 upper_50 lower_80 upper_80 lower_90 upper_90
8935	14646	13233	16130	12022	17528	11326	18393
8927	6736	5789	7754	4998	8732	4553	9345
8926	17995	16425	19636	15073	21176	14291	22125
8936	19440	17807	21145	16398	22741	15582	23724
8500	20961	19264	22730	17797	24384	16947	25401
8406	2677	2094	3332	1629	3983	1379	4401
8320	14185	12795	15646	11605	17024	10921	17876
8925	18130	16554	19777	15196	21322	14412	22274
8937	20357	18685	22101	17241	23732	16404	24736
8405	21102	19399	22876	17927	24536	17074	25556
8310	33584	31426	35813	29545	37882	28446	39148
8910	20016	18358	21745	16927	23364	16098	24360
7905	29624	27600	31720	25838	33669	24812	34862
7606	5660	4795	6596	4078	7501	3677	8070
7805	26759	24837	28753	23167	30610	22196	31748
8220	19855	18204	21577	16779	23190	15954	24182
8000	15587	14129	17117	12876	18556	12155	19445
8906	9885	8731	11111	7753	12276	7195	13001
8210	14003	12622	15455	11440	16824	10761	17671
9020	22275	20524	24097	19009	25799	18130	26846
8125	20693	19007	22451	17550	24095	16706	25106
8126	16458	14958	18029	13669	19506	12925	20417
8905	11188	9958	12490	8911	13724	8313	14489
7806	8807	7720	9966	6802	11071	6280	11760
7700	8711	7630	9864	6717	10964	6199	11649
7526	16087	14605	17641	13331	19102	12597	20003
7340	30988	28917	33131	27113	35122	26061	36341
7605	2107	1593	2692	1192	3281	980	3660
7537	29507	27487	31599	25729	33544	24705	34736
8115	33187	31042	35403	29172	37460	28081	38719
7335	38622	36306	41010	34281	43222	33097	44573
8600	22001	20261	23812	18756	25505	17883	26545
7425	33863	31696	36101	29806	38178	28703	39449
7535	31080	29006	33226	27199	35220	26146	36440
7525	17622	16069	19247	14732	20771	13959	21711
7436	6406	5484	7400	4715	8356	4282	8956
9019	20192	18527	21929	17089	23554	16256	24554
7026	11335	10097	12645	9042	13886	8440	14657
7205	15326	13880	16844	12639	18272	11925	19154
7515	5959	5071	6919	4332	7844	3918	8426
7320	32246	30133	34431	28290	36460	27216	37702
7206	18539	16945	20204	15571	21766	14777	22728
7315	20770	19081	22531	17621	24178	16775	25191
7435	9321	8201	10512	7254	11647	6715	12353
7316	23185	21398	25043	19851	26778	18952	27844
7025	22704	20936	24543	19406	26261	18518	27317
7415	14060	12677	15515	11492	16887	10811	17735
7100	30945	28875	33086	27073	35076	26022	36294
7015	18530	16937	20195	15563	21756	14769	22718
9908	3732	3037	4499	2472	5251	2161	5729
6410	48339	45743	51006	43467	53470	42133	54971
6420	41793	39382	44276	37272	46573	36037	47975
5535	33400	31248	35623	29372	37687	28277	38949
5600	17410	15867	19025	14538	20541	13771	21476
5546	20155	18492	21890	17055	23514	16223	24513
4706	14401	13000	15873	11801	17260	11110	18118
6605	14600	13190	16082	11981	17478	11285	18341
6910	6403	5481	7397	4712	8353	4280	8952
6606	7378	6386	8442	5553	9461	5083	10099
9909	7042	6073	8082	5262	9080	4805	9705
9011	12193	10907	13550	9810	14834	9182	15630
5525	16887	15367	18478	14060	19972	13306	20894
5515	30410	28359	32533	26572	34506	25532	35715
6326	25320	23451	27260	21830	29069	20887	30179
9914	22072	20330	23886	18822	25581	17947	26623
5545	18450	16860	20112	15489	21669	14697	22629
6223	29065	27060	31141	25316	33073	24300	34256
5306	25061	23202	26992	21589	28792	20652	29896
6325	37289	35014	39636	33026	41811	31864	43140
9009	5989	5099	6951	4358	7879	3943	8462
9006	15040	13608	16544	12380	17959	11672	18834
6225	21825	20093	23629	18594	25315	17725	26352
9018	23074	21292	24928	19748	26659	18852	27722
5425	43493	41033	46025	38878	48366	37617	49795
5305	29950	27914	32057	26143	34016	25110	35216
5426	24072	22251	25965	20672	27731	19755	28815
6226	33436	31283	35660	29406	37725	28310	38988
6126	14080	12696	15536	11510	16909	10829	17758
6224	23602	21799	25477	20237	27226	19330	28301
6216	16589	15083	18166	13788	19648	13042	20563
6316	30264	28218	32382	26436	34351	25398	35556
6215	23742	21934	25622	20366	27376	19456	28454
5100	8709	7628	9862	6715	10961	6197	11647
6213	19545	17908	21254	16494	22855	15676	23840
9005	7494	6494	8566	5654	9593	5180	10235
6124	27306	25364	29320	23676	31194	22694	32344
6125	10476	9287	11737	8277	12934	7701	13678
6214	356	166	618	56	915	18	1120
5415	16296	14804	17860	13521	19329	12782	20236
5205	13408	12058	14830	10903	16171	10240	17002
9916	18510	16917	20174	15544	21734	14751	22695
9913	7652	6641	8735	5791	9771	5311	10419
9915	25728	23844	27684	22209	29506	21258	30624
4606	29762	27733	31863	25967	33816	24938	35012
6115	23695	21888	25573	20323	27326	19414	28403
4820	8435	7372	9570	6475	10654	5967	11330
9017	4117	3385	4921	2787	5706	2457	6204
6123	19246	17621	20942	16220	22531	15409	23510
6114	36166	33926	38478	31969	40621	30827	41932
4607	33065	30924	35277	29058	37331	27969	38587
6505	14375	12976	15846	11777	17232	11087	18089
5020	26493	24581	28477	22920	30325	21954	31458
6113	42670	40233	45178	38100	47498	36852	48914
5010	20950	19253	22718	17787	24372	16937	25389
6020	15597	14138	17128	12885	18567	12164	19457
4900	10781	9574	12060	8548	13272	7963	14026
6010	11716	10456	13047	9383	14308	8769	15089
4400	24068	22247	25961	20668	27726	19751	28811
9900	11332	10094	12642	9040	13883	8437	14653
9904	14335	12938	15804	11741	17188	11052	18044
9902	32146	30036	34328	28197	36354	27124	37594
4810	11219	9987	12523	8939	13758	8340	14525
5720	38723	36404	41114	34376	43329	33191	44682
9901	10127	8958	11367	7967	12546	7402	13278
5826	6312	5397	7299	4634	8249	4205	8845
5825	3700	3008	4464	2446	5213	2137	5689
5925	26955	25026	28956	23350	30819	22374	31962
9015	16560	15056	18136	13762	19617	13016	20530
4506	19032	17417	20719	16023	22300	15217	23273
4605	27305	25363	29319	23675	31193	22693	32343
9002	42703	40265	45212	38132	47533	36883	48950
4226	20341	18670	22084	17226	23715	16390	24718
4505	17515	15967	19135	14634	20655	13864	21592
4225	19212	17589	20907	16188	22494	15378	23472
5716	26555	24640	28541	22977	30391	22010	31526
5916	37849	35556	40213	33553	42404	32382	43742
4300	12730	11415	14116	10293	15426	9649	16237
5815	5239	4408	6141	3722	7015	3339	7565
9004	22425	20668	24253	19148	25961	18266	27010
5715	18228	16648	19880	15286	21429	14499	22383
3330	16641	15133	18221	13836	19705	13088	20621
6506	17973	16404	19613	15053	21152	14272	22100
5915	21258	19549	23039	18071	24704	17214	25728
3905	12149	10866	13504	9771	14786	9144	15580
4130	18371	16785	20029	15417	21584	14627	22542
6930	10622	9424	11891	8407	13096	7826	13844
3825	22573	20811	24407	19285	26120	18399	27173
4120	22368	20614	24194	19095	25900	18214	26948
3816	26478	24566	28461	22906	30309	21940	31442
4210	29836	27804	31939	26036	33895	25006	35092
9016	15983	14506	17532	13236	18988	12505	19887
4005	17281	15743	18890	14420	20401	13656	21332
4230	13261	11919	14675	10771	16010	10112	16836
3815	21301	19590	23084	18110	24750	17253	25775
3705	33867	31700	36105	29810	38183	28707	39453
3900	7527	6524	8601	5683	9630	5207	10273
4110	22610	20846	24446	19319	26160	18433	27213
3416	25111	23250	27043	21636	28845	20697	29951
3413	12071	10792	13422	9701	14700	9076	15492
3706	18849	17242	20528	15855	22101	15054	23071
3600	23189	21402	25047	19854	26782	18956	27848
3415	32342	30225	34530	28380	36562	27304	37806
3320	31910	29808	34084	27976	36103	26907	37339
3505	46652	44103	49273	41868	51695	40559	53171
3414	30535	28479	32662	26689	34639	25646	35850
6900	10669	9469	11941	8449	13148	7866	13898
2940	23866	22053	25751	20481	27510	19569	28590
2216	21963	20225	23773	18721	25464	17849	26503
3046	25775	23889	27732	22252	29556	21301	30676
2225	18730	17128	20404	15746	21973	14947	22939
3426	25991	24097	27956	22453	29788	21497	30911
3427	26227	24324	28201	22672	30040	21712	31169
3045	30809	28744	32946	26946	34931	25897	36147
3310	25850	23961	27810	22322	29637	21369	30757
3030	51236	48563	53981	46216	56514	44840	58058
3130	17146	15615	18749	14297	20254	13536	21182
3010	46476	43932	49092	41701	51509	40395	52984
3020	25275	23408	27214	21788	29021	20846	30130
3425	23497	21698	25367	20139	27113	19235	28186
2100	21674	19948	23472	18454	25152	17589	26186
1606	13470	12117	14895	10959	16240	10294	17072
2215	19750	18104	21468	16682	23076	15860	24066
1720	28026	26058	30066	24347	31964	23351	33127
3120	26857	24931	28854	23258	30714	22285	31855
1900	907	582	1303	351	1721	241	1999
3110	10057	8893	11293	7905	12468	7342	13198
3200	24063	22242	25955	20664	27721	19747	28805
1605	17427	15883	19043	14553	20559	13786	21495
2000	14719	13303	16207	12089	17608	11390	18474
1820	7590	6583	8669	5738	9701	5259	10347
1200	19967	18312	21694	16882	23311	16054	24306
1710	23392	21597	25258	20042	27001	19140	28071
1810	4491	3725	5329	3096	6145	2747	6661
900	11795	10531	13131	9454	14395	8837	15179
806	38496	36183	40880	34162	43089	32980	44438
1506	24071	22250	25964	20671	27730	19754	28814
1410	12529	11225	13905	10112	15205	9474	16010
1505	22614	20850	24450	19323	26164	18436	27218
1330	24577	22736	26489	21140	28273	20213	29367
1000	10331	9150	11583	8148	12773	7576	13512
1320	18501	16909	20165	15536	21725	14743	22686
1420	14365	12966	15835	11768	17221	11079	18078
1130	6472	5545	7471	4771	8431	4336	9034
1116	19584	17945	21295	16530	22897	15711	23883
1310	28689	26698	30752	24965	32671	23957	33848
805	26571	24656	28558	22992	30408	22025	31543
1115	17583	16032	19206	14696	20729	13925	21668
205	13425	12074	14848	10919	16190	10255	17021
136	11436	10192	12752	9133	13998	8527	14771
1120	38790	36469	41183	34439	43400	33253	44754
705	23534	21734	25406	20174	27153	19268	28226
120	12576	11270	13954	10154	15256	9515	16063
325	26900	24973	28899	23298	30760	22324	31902
135	17997	16427	19638	15075	21178	14293	22127
706	14864	13441	16359	12220	17767	11517	18637
206	13983	12603	15434	11422	16802	10744	17649
2910	4535	3765	5377	3132	6196	2782	6714
315	15573	14115	17102	12864	18541	12143	19430
2935	10575	9380	11842	8365	13044	7786	13791
605	27530	25580	29552	23885	31434	22899	32588
606	30443	28390	32567	26603	34541	25562	35750
506	31905	29803	34079	27971	36098	26903	37333
110	5257	4425	6161	3737	7036	3353	7587
505	60674	57762	63658	55200	66407	53695	68079
2936	8307	7252	9434	6363	10510	5859	11181
405	32069	29961	34248	28125	36272	27054	37511
2926	27771	25812	29801	24109	31691	23118	32850
2925	18721	17119	20394	15738	21963	14939	22929
2927	10531	9339	11795	8326	12995	7748	13740
