faz_id mean lower_50 upper_50 lower_80 upper_80 lower_90 upper_90
8935	17570	16466	18710	15503	19767	14940	20413
8927	7806	7076	8572	6450	9292	6089	9737
8926	22028	20790	23302	19705	24480	19071	25199
8936	21051	19841	22297	18782	23449	18162	24153
8500	26578	25216	27976	24020	29265	23319	30050
8406	3530	3045	4051	2639	4550	2410	4863
8320	20356	19166	21581	18126	22716	17517	23408
8925	23466	22188	24780	21067	25995	20410	26735
8937	28975	27552	30433	26302	31778	25567	32596
8405	25748	24408	27124	23232	28394	22542	29167
8310	38257	36620	39930	35176	41468	34326	42402
8910	24708	23396	26056	22244	27301	21569	28060
7905	35452	33876	37063	32488	38545	31671	39446
7606	6404	5745	7099	5182	7756	4858	8163
7805	29803	28360	31282	27091	32644	26346	33474
8220	22194	20951	23473	19862	24655	19225	25376
8000	16827	15747	17943	14805	18978	14256	19612
8906	10621	9767	11511	9028	12343	8600	12855
8210	14867	13853	15917	12970	16893	12456	17491
9020	25201	23875	26562	22712	27819	22030	28585
8125	22360	21112	23643	20020	24830	19380	25554
8126	18932	17785	20114	16784	21210	16198	21879
8905	12258	11339	13213	10542	14103	10079	14650
7806	11819	10917	12757	10135	13632	9681	14170
7700	8735	7962	9544	7296	10303	6912	10771
7526	16742	15665	17855	14725	18888	14177	19520
7340	33586	32053	35155	30703	36598	29909	37476
7605	2175	1798	2588	1490	2990	1319	3244
7537	31690	30201	33214	28891	34618	28121	35472
8115	37860	36231	39525	34795	41054	33950	41983
7335	42278	40556	44036	39035	45650	38140	46629
8600	24146	22849	25479	21711	26710	21045	27461
7425	36655	35053	38293	33640	39799	32809	40714
7535	35096	33528	36699	32147	38174	31335	39070
7525	21081	19870	22328	18810	23481	18190	24185
7436	6406	5747	7101	5183	7758	4860	8165
9019	23582	22300	24899	21177	26117	20518	26859
7026	11501	10611	12426	9841	13291	9394	13822
7205	16509	15440	17614	14507	18640	13963	19268
7515	6754	6076	7467	5497	8141	5164	8557
7320	36429	34832	38062	33424	39564	32595	40476
7206	19723	18552	20929	17529	22047	16930	22729
7315	23827	22539	25151	21409	26374	20747	27120
7435	9750	8932	10604	8226	11403	7818	11895
7316	24197	22898	25531	21760	26764	21092	27515
7025	23382	22106	24694	20987	25906	20332	26645
7415	15232	14205	16294	13312	17282	12791	17886
7100	34289	32740	35874	31375	37332	30573	38218
7015	19838	18664	21048	17637	22168	17037	22852
9908	3657	3163	4187	2749	4694	2515	5012
6410	58788	56754	60858	54953	62753	53889	63900
6420	50527	48643	52447	46976	54207	45993	55274
5535	41330	39627	43068	38125	44665	37240	45634
5600	19016	17867	20201	16863	21299	16276	21969
5546	21731	20501	22996	19425	24167	18794	24881
4706	14920	13904	15972	13020	16949	12505	17548
6605	17121	16032	18246	15081	19290	14526	19929
6910	7817	7087	8583	6460	9304	6098	9749
6606	9437	8633	10277	7939	11064	7538	11549
9909	9446	8641	10286	7947	11074	7546	11559
9011	16191	15132	17286	14209	18302	13671	18924
5525	18510	17377	19679	16386	20763	15808	21425
5515	32021	30525	33553	29207	34964	28433	35822
6326	25673	24335	27047	23160	28315	22472	29087
9914	23244	21972	24552	20856	25761	20203	26498
5545	19661	18492	20866	17470	21981	16873	22662
6223	30037	28588	31522	27314	32889	26566	33721
5306	26038	24690	27421	23507	28698	22813	29476
6325	36951	35342	38596	33924	40108	33089	41026
9009	6603	5933	7309	5361	7975	5032	8387
9006	17407	16308	18541	15350	19594	14790	20237
6225	21714	20485	22979	19409	24149	18778	24863
9018	25634	24297	27007	23123	28274	22435	29046
5425	46412	44607	48253	43012	49942	42071	50966
5305	30423	28965	31917	27682	33293	26929	34130
5426	25964	24618	27346	23437	28620	22744	29397
6226	33458	31928	35024	30581	36465	29788	37341
6126	14406	13408	15440	12540	16401	12035	16990
6224	23396	22119	24708	21000	25921	20345	26660
6216	16383	15318	17484	14389	18506	13847	19132
6316	29745	28303	31222	27036	32584	26291	33412
6215	23233	21961	24541	20846	25749	20193	26486
5100	8730	7957	9539	7292	10298	6908	10765
6213	19376	18216	20572	17202	21680	16609	22356
9005	9163	8371	9991	7688	10767	7293	11246
6124	27210	25832	28624	24621	29928	23911	30722
6125	10439	9592	11322	8860	12147	8436	12655
6214	356	214	534	117	724	73	852
5415	19165	18011	20354	17003	21456	16414	22130
5205	14578	13574	15618	12701	16585	12192	17177
9916	20372	19182	21598	18141	22732	17532	23425
9913	7752	7025	8515	6401	9233	6041	9676
9915	29552	28115	31025	26852	32382	26110	33207
4606	32656	31145	34203	29814	35627	29032	36493
6115	23846	22557	25171	21427	26394	20765	27141
4820	8561	7796	9362	7137	10114	6757	10578
9017	5269	4673	5901	4166	6501	3877	6874
6123	19615	18448	20818	17427	21932	16830	22613
6114	36310	34715	37941	33310	39440	32483	40350
4607	38227	36590	39900	35147	41436	34297	42370
6505	15445	14411	16515	13511	17509	12986	18117
5020	28080	26680	29516	25449	30840	24727	31646
6113	44127	42367	45923	40813	47570	39897	48570
5010	21660	20432	22923	19357	24092	18728	24805
6020	16117	15061	17209	14140	18224	13603	18844
4900	12955	12010	13936	11189	14850	10712	15411
6010	12494	11566	13458	10761	14357	10293	14908
4400	24594	23285	25939	22136	27181	21463	27938
9900	12198	11281	13151	10486	14039	10024	14585
9904	16095	15039	17187	14119	18200	13582	18821
9902	32837	31321	34388	29987	35816	29203	36685
4810	11519	10629	12445	9857	13310	9410	13841
5720	38662	37016	40344	35564	41889	34709	42828
9901	14348	13352	15380	12486	16339	11982	16927
5826	6675	6001	7384	5426	8054	5095	8468
5825	3696	3199	4228	2783	4739	2547	5058
5925	27279	25899	28695	24687	30000	23976	30795
9015	17344	16247	18476	15290	19527	14732	20169
4506	20306	19118	21530	18079	22663	17471	23354
4605	29304	27873	30771	26615	32122	25877	32945
9002	49045	47189	50937	45548	52672	44580	53724
4226	20759	19558	21996	18506	23141	17891	23840
4505	17806	16695	18953	15724	20017	15158	20667
4225	21050	19840	22296	18781	23448	18161	24152
5716	26698	25333	28099	24135	29391	23431	30178
5916	38638	36992	40319	35541	41864	34687	42803
4300	13813	12836	14826	11987	15768	11493	16346
5815	5248	4653	5879	4147	6478	3859	6850
9004	27654	26265	29079	25044	30393	24327	31194
5715	18102	16981	19259	16003	20331	15431	20986
3330	18646	17508	19820	16514	20907	15934	21572
6506	20508	19314	21738	18269	22876	17658	23571
5915	21467	20245	22725	19175	23888	18549	24598
3905	12506	11578	13470	10772	14369	10304	14921
4130	19150	17997	20339	16989	21441	16400	22113
6930	10713	9855	11607	9113	12442	8683	12956
3825	23828	22540	25152	21410	26376	20748	27121
4120	23412	22135	24725	21016	25938	20360	26677
3816	27473	26088	28894	24872	30204	24158	31001
4210	31730	30240	33255	28930	34660	28159	35514
9016	19235	18079	20427	17069	21530	16478	22205
4005	19177	18023	20367	17014	21469	16425	22142
4230	14100	13113	15123	12255	16075	11755	16658
3815	21258	20042	22510	18978	23668	18355	24375
3705	37282	35666	38934	34241	40452	33402	41375
3900	8307	7554	9096	6906	9838	6532	10295
4110	28221	26817	29661	25584	30988	24859	31796
3416	28133	26731	29570	25500	30896	24777	31702
3413	13258	12301	14250	11471	15175	10987	15742
3706	19175	18021	20365	17012	21467	16423	22140
3600	26795	25428	28198	24227	29493	23522	30281
3415	35760	34178	37378	32783	38866	31963	39771
3320	33614	32080	35183	30730	36628	29936	37506
3505	49331	47469	51229	45823	52968	44852	54023
3414	31063	29589	32572	28293	33963	27531	34808
6900	12556	11626	13522	10818	14423	10349	14976
2940	29011	27587	30470	26336	31815	25601	32634
2216	23825	22537	25149	21407	26372	20745	27118
3046	26376	25019	27768	23828	29053	23130	29835
2225	24760	23446	26110	22294	27356	21618	28115
3426	27975	26577	29408	25349	30730	24629	31535
3427	28146	26744	29584	25512	30909	24789	31716
3045	32110	30611	33644	29292	35057	28517	35916
3310	35578	34000	37192	32609	38677	31791	39579
3030	55480	53505	57491	51756	59333	50724	60449
3130	18581	17445	19752	16453	20838	15873	21502
3010	49390	47527	51289	45880	53029	44909	54085
3020	29678	28238	31154	26972	32514	26228	33341
3425	25354	24024	26719	22858	27980	22173	28748
2100	22795	21535	24091	20431	25288	19785	26018
1606	13913	12933	14929	12080	15875	11584	16455
2215	20754	19553	21991	18502	23136	17886	23835
1720	29677	28237	31153	26971	32513	26227	33340
3120	33666	32131	35237	30779	36682	29985	37560
1900	922	683	1197	498	1475	402	1655
3110	10036	9206	10902	8489	11712	8074	12211
3200	26290	24936	27680	23747	28963	23049	29744
1605	17438	16338	18573	15379	19627	14818	20271
2000	16422	15355	17524	14425	18548	13883	19174
1820	7979	7241	8753	6607	9480	6241	9930
1200	20793	19591	22031	18538	23177	17923	23876
1710	27291	25911	28707	24699	30013	23987	30808
1810	6213	5564	6898	5010	7545	4692	7947
900	12440	11514	13402	10711	14299	10244	14849
806	44341	42577	46141	41019	47793	40100	48795
1506	25050	23728	26407	22569	27660	21889	28424
1410	13151	12198	14139	11371	15060	10890	15625
1505	23342	22067	24653	20949	25864	20294	26603
1330	24552	23244	25896	22096	27137	21424	27893
1000	10521	9671	11407	8936	12235	8510	12745
1320	18221	17097	19381	16115	20457	15541	21114
1420	20889	19684	22130	18629	23278	18012	23979
1130	7228	6526	7965	5925	8660	5579	9090
1116	20436	19244	21664	18201	22800	17591	23494
1310	28339	26932	29782	25696	31111	24970	31921
805	28377	26969	29821	25732	31151	25006	31961
1115	18864	17720	20044	16720	21138	16135	21806
205	13505	12539	14506	11700	15439	11212	16011
136	11522	10631	12448	9860	13313	9413	13845
1120	43732	41980	45520	40433	47160	39521	48156
705	34136	32590	35717	31229	37172	30428	38057
120	13104	12153	14091	11327	15010	10847	15574
325	27643	26254	29068	25033	30382	24317	31182
135	17903	16789	19053	15816	20120	15247	20772
706	17689	16581	18832	15614	19893	15050	20541
206	13800	12824	14812	11975	15754	11481	16332
2910	5725	5103	6383	4573	7007	4270	7394
315	15941	14890	17027	13975	18036	13441	18654
2935	10209	9372	11082	8649	11899	8230	12401
605	29701	28260	31177	26994	32538	26250	33365
606	35425	33850	37036	32462	38517	31646	39417
506	40637	38949	42361	37459	43944	36582	44905
110	5485	4876	6130	4358	6741	4063	7121
505	71632	69385	73915	67392	76002	66213	77264
2936	9090	8301	9915	7621	10688	7228	11165
405	36118	34528	37744	33126	39239	32301	40148
2926	30179	28727	31667	27449	33038	26699	33872
2925	25702	24363	27077	23188	28345	22499	29118
2927	19469	18306	20668	17289	21778	16695	22456
