faz_id mean lower_50 upper_50 lower_80 upper_80 lower_90 upper_90
8935	4868	4006	5814	3301	6738	2912	7324
8927	1091	705	1561	429	2056	297	2385
8926	2426	1830	3106	1364	3791	1119	4233
8936	3464	2743	4269	2166	5065	1853	5575
8500	11135	9809	12545	8687	13886	8049	14721
8406	261	94	512	15	811	0	1022
8320	9158	7960	10440	6952	11667	6382	12433
8925	2867	2215	3603	1700	4338	1424	4810
8937	9520	8297	10827	7268	12075	6685	12855
8405	944	588	1384	339	1853	223	2165
8310	9951	8700	11286	7645	12560	7047	13355
8910	2857	2206	3592	1692	4325	1417	4797
7905	5191	4299	6167	3568	7117	3163	7719
7606	776	457	1179	242	1614	145	1907
7805	3401	2687	4199	2116	4989	1807	5495
8220	12892	11462	14406	10247	15841	9552	16732
8000	38354	35858	40934	33682	43330	32412	44796
8906	1323	894	1836	579	2371	423	2723
8210	28101	25970	30316	24123	32382	23051	33651
9020	4453	3630	5360	2961	6248	2593	6813
8125	6644	5630	7742	4788	8804	4317	9471
8126	8737	7568	9990	6586	11191	6032	11942
8905	1043	666	1504	399	1990	272	2314
7806	1497	1038	2040	696	2602	524	2970
7700	5108	4224	6076	3499	7020	3098	7618
7526	10674	9377	12055	8281	13371	7657	14190
7340	3931	3160	4786	2538	5627	2199	6163
7605	1099	711	1571	434	2067	301	2397
7537	14883	13344	16506	12030	18040	11276	18990
8115	11788	10423	13237	9265	14614	8605	15471
7335	11149	9823	12559	8700	13902	8061	14737
8600	11466	10120	12896	8980	14255	8330	15101
7425	4638	3797	5563	3112	6467	2735	7041
7535	5971	5012	7014	4219	8026	3778	8664
7525	2794	2151	3521	1644	4248	1373	4715
7436	2472	1870	3158	1399	3848	1150	4294
9019	5182	4291	6157	3560	7107	3156	7708
7026	1683	1193	2257	824	2845	636	3230
7205	7605	6517	8777	5609	9905	5098	10612
7515	7713	6617	8893	5701	10028	5186	10740
7320	8718	7550	9970	6570	11170	6016	11920
7206	19755	17975	21619	16445	23369	15561	24449
7315	4831	3972	5774	3271	6695	2883	7278
7435	4317	3507	5211	2850	6087	2490	6644
7316	4612	3774	5534	3091	6437	2715	7009
7025	11710	10350	13154	9196	14527	8539	15381
7415	12796	11372	14304	10161	15734	9469	16622
7100	11885	10514	13340	9351	14722	8688	15582
7015	5496	4577	6499	3822	7474	3402	8090
9908	3395	2682	4192	2111	4982	1803	5487
6410	16160	14554	17850	13180	19443	12391	20429
6420	8880	7701	10143	6710	11353	6151	12109
5535	5532	4610	6538	3852	7516	3430	8133
5600	16111	14508	17798	13136	19389	12348	20374
5546	12468	11063	13957	9869	15370	9188	16248
4706	2522	1913	3215	1437	3911	1184	4360
6605	2717	2083	3435	1585	4153	1319	4615
6910	1045	668	1506	400	1993	273	2317
6606	1631	1150	2196	788	2777	604	3158
9909	1347	913	1865	595	2403	437	2757
9011	6165	5189	7225	4383	8251	3932	8897
5525	6829	5800	7942	4945	9016	4466	9692
5515	5947	4990	6988	4199	7998	3759	8635
6326	13735	12258	15296	11000	16774	10280	17690
9914	3885	3119	4735	2501	5572	2164	6106
5545	4235	3434	5120	2784	5990	2427	6542
6223	9820	8578	11146	7531	12413	6937	13203
5306	20547	18731	22447	17168	24230	16265	25329
6325	8263	7127	9483	6176	10654	5639	11387
9009	2458	1857	3143	1388	3831	1140	4275
9006	1915	1390	2524	989	3145	781	3548
6225	17472	15801	19227	14368	20880	13543	21901
9018	11726	10365	13171	9210	14545	8552	15400
5425	38455	35955	41039	33776	43437	32505	44905
5305	26529	24460	28682	22669	30693	21629	31928
5426	13922	12435	15493	11167	16980	10441	17902
6226	7150	6096	8288	5219	9385	4726	10073
6126	3213	2520	3990	1968	4761	1671	5255
6224	8343	7201	9569	6245	10745	5705	11481
6216	10259	8988	11614	7916	12906	7307	13711
6316	21444	19588	23384	17989	25203	17064	26324
6215	18559	16835	20367	15355	22066	14502	23116
5100	1701	1208	2278	837	2869	647	3255
6213	15810	14222	17482	12864	19059	12085	20035
9005	464	227	785	85	1146	33	1395
6124	13776	12297	15339	11037	16819	10315	17737
6125	11051	9731	12455	8613	13792	7977	14625
6214	30127	27919	32419	26003	34554	24889	35865
5415	62259	59067	65535	56264	68557	54620	70398
5205	35934	33519	38433	31416	40755	30191	42177
9916	2190	1625	2839	1189	3494	960	3919
9913	6092	5122	7146	4321	8166	3874	8810
9915	3014	2344	3768	1813	4518	1528	5000
4606	3647	2906	4472	2311	5286	1988	5806
6115	9470	8251	10773	7225	12019	6643	12797
4820	6172	5196	7232	4388	8259	3938	8906
9017	294	114	558	23	868	2	1086
6123	65397	62125	68753	59249	71848	57562	73732
6114	21025	19188	22946	17605	24748	16691	25859
4607	6697	5678	7800	4833	8865	4360	9534
6505	3145	2460	3914	1915	4678	1622	5168
5020	9868	8623	11197	7573	12467	6977	13259
6113	43530	40868	46276	38542	48821	37184	50376
5010	15989	14392	17670	13026	19255	12241	20237
6020	88397	84586	92292	81225	95872	79247	98047
4900	67137	63821	70537	60906	73671	59195	75579
6010	136156	131416	140980	127218	145397	124740	148072
4400	9938	8688	11272	7634	12545	7036	13340
9900	1792	1285	2383	901	2986	704	3380
9904	6787	5761	7897	4909	8968	4432	9642
9902	25162	23148	27260	21406	29221	20397	30427
4810	8461	7311	9695	6347	10878	5803	11619
5720	13344	11889	14883	10650	16341	9942	17246
9901	5231	4336	6210	3601	7164	3194	7768
5826	9053	7862	10328	6861	11548	6295	12311
5825	53149	50203	56179	47622	58980	46110	60688
5925	21279	19430	23212	17837	25024	16917	26141
9015	1909	1385	2517	984	3137	778	3540
4506	30838	28604	33156	26664	35315	25536	36640
4605	17988	16292	19768	14836	21443	13998	22478
9002	9853	8609	11181	7560	12450	6965	13241
4226	3751	2999	4587	2394	5411	2065	5937
4505	1487	1029	2029	689	2589	518	2956
4225	3451	2732	4254	2156	5050	1844	5558
5716	9070	7878	10346	6876	11568	6309	12331
5916	8521	7367	9759	6399	10947	5852	11689
4300	13564	12097	15115	10847	16585	10132	17496
5815	28237	26101	30457	24249	32528	23174	33800
9004	6038	5073	7087	4276	8104	3831	8745
5715	2331	1747	2999	1293	3672	1054	4107
3330	2609	1989	3313	1502	4019	1244	4474
6506	7750	6651	8933	5733	10070	5217	10783
5915	5742	4802	6766	4027	7760	3596	8388
3905	20662	18841	22567	17273	24354	16367	25457
4130	27323	25223	29507	23403	31546	22347	32799
6930	3765	3012	4602	2405	5428	2075	5955
3825	9544	8320	10852	7289	12102	6705	12883
4120	4064	3280	4932	2645	5786	2298	6329
3816	5061	4181	6025	3460	6965	3062	7560
4210	5987	5026	7032	4233	8045	3791	8683
9016	1956	1425	2571	1018	3197	808	3604
4005	2051	1506	2680	1087	3318	869	3733
4230	2180	1617	2827	1182	3482	954	3906
3815	11297	9961	12717	8831	14067	8186	14907
3705	35942	33527	38441	31424	40764	30198	42186
3900	29603	27415	31875	25517	33993	24413	35293
4110	32886	30578	35278	28571	37505	27402	38869
3416	3388	2676	4184	2106	4973	1798	5478
3413	1684	1194	2258	825	2847	636	3231
3706	4165	3371	5043	2727	5906	2374	6455
3600	62909	59700	66202	56882	69239	55229	71089
3415	5192	4300	6168	3569	7119	3164	7720
3320	6819	5791	7931	4937	9005	4458	9680
3505	24070	22101	26123	20400	28043	19415	29225
3414	3222	2528	4000	1975	4772	1677	5267
6900	2021	1480	2646	1065	3280	850	3692
2940	3198	2507	3973	1957	4743	1660	5236
2216	4412	3593	5315	2928	6200	2562	6762
3046	9293	8086	10584	7070	11819	6495	12591
2225	7141	6088	8278	5211	9374	4719	10063
3426	3823	3064	4666	2452	5498	2118	6028
3427	6304	5317	7375	4500	8411	4044	9064
3045	4134	3343	5009	2702	5869	2351	6417
3310	4205	3407	5087	2759	5954	2405	6505
3030	12129	10744	13598	9568	14994	8897	15861
3130	26429	24364	28578	22576	30585	21539	31819
3010	11660	10303	13101	9152	14472	8496	15324
3020	22788	20874	24786	19221	26658	18265	27811
3425	3585	2851	4403	2262	5212	1942	5728
2100	2684	2055	3397	1560	4112	1296	4572
1606	3790	3034	4630	2425	5458	2094	5986
2215	7065	6018	8196	5146	9287	4657	9972
1720	7624	6534	8798	5625	9927	5113	10634
3120	16967	15321	18697	13910	20327	13099	21335
1900	15411	13844	17062	12505	18621	11736	19586
3110	3449	2730	4252	2154	5047	1842	5556
3200	10001	8747	11339	7689	12616	7089	13413
1605	7468	6390	8630	5491	9748	4986	10450
2000	15401	13835	17051	12496	18610	11727	19575
1820	32220	29936	34588	27950	36793	26795	38145
1200	5846	4897	6879	4114	7881	3679	8513
1710	13469	12007	15015	10762	16479	10050	17388
1810	17629	15950	19392	14510	21051	13681	22077
900	13442	11981	14987	10738	16450	10026	17357
806	4491	3664	5402	2992	6293	2622	6860
1506	4705	3858	5636	3167	6546	2786	7124
1410	15549	13975	17207	12629	18772	11856	19741
1505	7064	6017	8195	5145	9286	4657	9971
1330	6209	5230	7272	4420	8302	3968	8950
1000	2374	1785	3047	1325	3726	1083	4164
1320	5505	4585	6509	3829	7484	3409	8101
1420	17383	15716	19134	14287	20782	13464	21801
1130	3791	3035	4631	2426	5459	2094	5988
1116	8628	7466	9874	6492	11068	5941	11815
1310	6721	5700	7826	4853	8892	4379	9563
805	5370	4462	6362	3717	7327	3303	7937
1115	5109	4225	6077	3500	7021	3099	7619
205	14100	12603	15681	11327	17177	10596	18104
136	4469	3645	5377	2974	6267	2605	6832
1120	12422	11019	13908	9828	15319	9148	16196
705	3875	3110	4724	2493	5560	2157	6093
120	1489	1031	2031	690	2591	519	2959
325	6260	5277	7327	4463	8361	4008	9011
135	3440	2722	4242	2147	5036	1836	5544
706	3871	3107	4719	2490	5555	2154	6088
206	9871	8625	11201	7575	12470	6980	13262
2910	1051	673	1513	404	2001	276	2326
315	7292	6227	8441	5340	9547	4842	10242
2935	20345	18538	22236	16983	24010	16085	25105
605	4753	3901	5689	3206	6603	2823	7183
606	4906	4040	5856	3332	6783	2941	7370
506	6698	5679	7801	4834	8866	4360	9535
110	1171	769	1657	480	2166	339	2503
505	12904	11474	14418	10258	15854	9562	16745
2936	3002	2334	3754	1804	4503	1520	4984
405	4153	3360	5030	2717	5892	2365	6440
2926	2855	2204	3590	1691	4323	1416	4794
2925	2831	2183	3563	1672	4293	1399	4763
2927	1805	1296	2398	910	3003	712	3398
