faz_id mean lower_50 upper_50 lower_80 upper_80 lower_90 upper_90
8935	5536	5021	6077	4578	6585	4323	6899
8927	2418	2082	2780	1800	3127	1642	3344
8926	6702	6134	7296	5643	7852	5360	8194
8936	7266	6674	7883	6162	8461	5865	8816
8500	8102	7476	8753	6934	9361	6619	9735
8406	967	759	1200	593	1432	504	1580
8320	5062	4570	5579	4148	6067	3905	6369
8925	6636	6071	7227	5583	7780	5301	8121
8937	7369	6772	7991	6257	8572	5958	8930
8405	7151	6564	7764	6056	8337	5762	8690
8310	13056	12258	13879	11560	14643	11153	15109
8910	7349	6753	7970	6238	8551	5940	8908
7905	10501	9786	11241	9164	11929	8802	12350
7606	1966	1664	2293	1413	2609	1273	2808
7805	9288	8617	9984	8034	10633	7695	11031
8220	9300	8628	9997	8045	10646	7706	11044
8000	6197	5651	6768	5181	7304	4909	7635
8906	3523	3114	3957	2768	4369	2570	4625
8210	7066	6482	7675	5978	8245	5686	8596
9020	8775	8123	9452	7557	10084	7228	10471
8125	8141	7513	8794	6970	9403	6654	9778
8126	7053	6470	7662	5966	8231	5674	8582
8905	3978	3543	4438	3173	4874	2961	5145
7806	3176	2789	3588	2461	3982	2275	4226
7700	3632	3217	4072	2865	4490	2664	4750
7526	6346	5793	6924	5317	7466	5042	7800
7340	10932	10203	11687	9567	12388	9197	12817
7605	769	585	978	440	1188	364	1324
7537	12836	12045	13653	11353	14409	10950	14872
8115	14731	13882	15605	13140	16413	12705	16907
7335	15313	14447	16204	13690	17027	13246	17530
8600	7808	7194	8448	6662	9045	6353	9413
7425	11334	10591	12102	9944	12815	9566	13252
7535	13662	12845	14504	12131	15284	11714	15760
7525	6734	6164	7329	5673	7886	5388	8229
7436	2297	1969	2650	1696	2989	1542	3202
9019	7703	7093	8338	6565	8932	6259	9297
7026	4304	3851	4782	3465	5234	3243	5515
7205	6135	5592	6703	5124	7237	4854	7566
7515	2345	2014	2701	1737	3044	1582	3258
7320	12040	11274	12831	10606	13565	10215	14014
7206	8084	7459	8735	6917	9342	6603	9715
7315	7674	7065	8308	6538	8901	6232	9265
7435	3313	2917	3734	2582	4135	2392	4384
7316	8518	7876	9186	7319	9808	6995	10191
7025	10266	9560	10998	8945	11678	8587	12095
7415	5107	4612	5627	4189	6116	3945	6419
7100	13662	12845	14504	12131	15284	11714	15760
7015	7744	7132	8381	6603	8976	6296	9342
9908	1161	932	1415	747	1666	646	1826
6410	20831	19819	21868	18930	22823	18408	23404
6420	17580	16652	18533	15837	19414	15360	19950
5535	13092	12293	13917	11594	14681	11186	15148
5600	7040	6457	7648	5954	8217	5662	8567
5546	7784	7171	8423	6640	9019	6332	9386
4706	5412	4903	5947	4465	6450	4213	6760
6605	5060	4568	5577	4146	6065	3904	6366
6910	2402	2067	2762	1786	3108	1629	3325
6606	2664	2310	3043	2013	3406	1845	3632
9909	2608	2258	2983	1965	3342	1799	3567
9011	5242	4741	5768	4311	6264	4064	6570
5525	6926	6348	7529	5849	8094	5560	8442
5515	12139	11370	12933	10699	13670	10307	14121
6326	12204	11433	13001	10760	13739	10367	14191
9914	8255	7623	8912	7075	9526	6757	9903
5545	6481	5922	7065	5441	7612	5162	7949
6223	13766	12946	14611	12229	15394	11810	15872
5306	11123	10387	11884	9746	12591	9372	13024
6325	16851	15942	17785	15146	18647	14679	19173
9009	2284	1957	2636	1685	2974	1532	3186
9006	5554	5038	6095	4594	6605	4339	6919
6225	11119	10383	11880	9742	12587	9369	13019
9018	9677	8992	10388	8396	11049	8049	11455
5425	18314	17366	19287	16534	20185	16046	20732
5305	13259	12454	14089	11752	14857	11341	15327
5426	9083	8419	9772	7843	10414	7508	10808
6226	14678	13831	15550	13090	16357	12656	16850
6126	6067	5527	6632	5062	7163	4794	7490
6224	11350	10607	12119	9959	12832	9581	13269
6216	6895	6318	7497	5821	8060	5533	8407
6316	15695	14819	16597	14051	17430	13601	17939
6215	11848	11088	12633	10425	13361	10039	13807
5100	3077	2696	3483	2374	3871	2192	4112
6213	10278	9571	11010	8956	11691	8598	12108
9005	2792	2430	3180	2125	3550	1952	3782
6124	14808	13957	15684	13212	16495	12776	16989
6125	5583	5065	6126	4621	6636	4364	6951
6214	238	141	360	75	492	46	580
5415	6760	6189	7356	5697	7914	5412	8258
5205	6020	5482	6583	5019	7112	4752	7438
9916	7174	6586	7788	6077	8362	5783	8715
9913	3519	3111	3953	2764	4365	2567	4621
9915	10132	9430	10859	8820	11535	8464	11949
4606	10286	9579	11018	8964	11699	8605	12117
6115	11750	10993	12532	10334	13257	9949	13701
4820	3720	3300	4165	2943	4588	2739	4851
9017	1643	1368	1943	1142	2235	1016	2420
6123	12031	11265	12822	10597	13556	10207	14005
6114	17938	17000	18901	16177	19790	15694	20331
4607	11324	10581	12092	9934	12805	9557	13241
6505	5009	4519	5524	4100	6009	3859	6309
5020	10723	10001	11470	9372	12165	9005	12590
6113	27233	26075	28417	25053	29504	24451	30165
5010	8993	8333	9679	7760	10317	7426	10709
6020	10802	10077	11552	9446	12249	9078	12676
4900	6616	6051	7206	5564	7758	5283	8099
6010	7592	6986	8223	6462	8813	6159	9175
4400	9574	8892	10281	8300	10939	7955	11343
9900	4816	4336	5321	3926	5797	3690	6092
9904	6259	5710	6833	5237	7371	4964	7703
9902	14215	13382	15074	12652	15868	12226	16354
4810	4784	4306	5287	3897	5762	3662	6056
5720	19130	18161	20124	17310	21041	16811	21599
9901	3863	3435	4317	3070	4747	2862	5014
5826	3244	2852	3661	2521	4058	2333	4305
5825	2024	1717	2356	1463	2676	1320	2878
5925	11662	10908	12441	10251	13164	9868	13606
9015	6314	5763	6890	5288	7431	5013	7764
4506	7753	7141	8390	6611	8986	6304	9352
4605	10597	9879	11340	9254	12031	8890	12454
9002	17272	16352	18217	15545	19090	15072	19622
4226	7772	7159	8410	6628	9006	6321	9373
4505	6084	5543	6650	5078	7181	4809	7509
4225	7239	6648	7855	6137	8432	5841	8787
5716	11110	10375	11871	9734	12577	9360	13009
5916	14729	13880	15603	13138	16411	12703	16905
4300	5434	4923	5970	4485	6474	4233	6785
5815	2204	1883	2550	1616	2883	1466	3092
9004	8339	7704	9000	7153	9616	6833	9995
5715	8119	7492	8771	6949	9380	6634	9754
3330	6100	5558	6667	5092	7199	4823	7527
6506	6692	6124	7285	5634	7841	5351	8183
5915	8060	7436	8710	6895	9316	6581	9689
3905	4674	4201	5172	3797	5642	3565	5932
4130	8284	7651	8942	7102	9557	6783	9934
6930	4546	4080	5037	3682	5501	3454	5788
3825	8763	8111	9440	7546	10071	7217	10458
4120	9091	8427	9780	7851	10422	7515	10816
3816	10439	9727	11177	9107	11862	8745	12283
4210	10832	10106	11583	9474	12281	9105	12709
9016	5880	5348	6437	4891	6960	4628	7282
4005	6499	5940	7084	5457	7632	5178	7969
4230	4744	4268	5245	3861	5718	3627	6011
3815	8881	8225	9562	7655	10197	7325	10587
3705	13490	12678	14327	11969	15102	11554	15575
3900	3480	3074	3911	2730	4321	2534	4576
4110	9220	8551	9914	7970	10560	7633	10957
3416	9547	8866	10253	8275	10910	7931	11313
3413	4278	3826	4755	3441	5206	3221	5485
3706	7361	6765	7982	6249	8564	5951	8921
3600	9688	9002	10399	8406	11061	8059	11467
3415	11909	11147	12696	10483	13426	10095	13873
3320	11254	10514	12019	9869	12730	9493	13165
3505	18653	17696	19635	16857	20540	16364	21092
3414	10732	10009	11480	9380	12175	9014	12600
6900	4023	3586	4486	3213	4924	3000	5196
2940	8880	8224	9561	7655	10196	7324	10586
2216	8083	7458	8734	6916	9341	6602	9714
3046	10616	9897	11360	9272	12051	8907	12474
2225	7426	6827	8050	6309	8634	6009	8993
3426	8530	7887	9198	7330	9821	7006	10204
3427	9255	8585	9950	8003	10598	7665	10995
3045	12029	11263	12820	10595	13554	10205	14002
3310	8958	8299	9642	7727	10280	7395	10671
3030	17987	17048	18951	16224	19841	15740	20384
3130	7624	7017	8256	6492	8847	6187	9210
3010	17510	16584	18462	15771	19340	15294	19876
3020	10946	10216	11701	9580	12402	9210	12832
3425	8435	7796	9099	7242	9719	6920	10100
2100	8056	7432	8705	6891	9312	6577	9685
1606	5965	5430	6526	4969	7052	4703	7377
2215	7803	7189	8442	6657	9040	6349	9407
1720	12207	11436	13004	10762	13743	10369	14194
3120	10504	9789	11244	9167	11932	8805	12353
1900	550	396	729	279	912	219	1031
3110	3635	3220	4075	2867	4494	2666	4754
3200	9082	8418	9771	7842	10413	7507	10807
1605	8213	7583	8869	7036	9481	6719	9857
2000	5645	5124	6191	4677	6704	4419	7020
1820	4781	4303	5284	3894	5759	3659	6053
1200	7757	7145	8395	6615	8990	6307	9357
1710	10020	9322	10743	8715	11415	8362	11828
1810	2379	2045	2738	1767	3082	1610	3298
900	4874	4391	5382	3978	5861	3740	6157
806	13756	12936	14601	12220	15383	11801	15861
1506	9864	9172	10581	8570	11249	8220	11658
1410	5170	4672	5693	4246	6185	4000	6490
1505	9375	8701	10075	8115	10726	7774	11126
1330	8764	8112	9441	7547	10072	7218	10459
1000	3998	3562	4459	3191	4896	2978	5167
1320	7350	6754	7971	6239	8552	5941	8909
1420	6188	5642	6759	5173	7294	4901	7625
1130	2801	2438	3189	2133	3560	1960	3792
1116	7954	7334	8599	6797	9202	6485	9573
1310	10722	10000	11469	9371	12164	9004	12589
805	9506	8827	10210	8237	10866	7893	11269
1115	6604	6040	7193	5553	7745	5272	8086
205	5809	5281	6362	4827	6882	4565	7203
136	5149	4652	5671	4227	6162	3982	6466
1120	15066	14208	15950	13456	16767	13016	17266
705	8334	7699	8994	7148	9611	6829	9989
120	5141	4645	5662	4219	6153	3975	6457
325	10501	9786	11241	9164	11929	8802	12350
135	7145	6558	7757	6050	8330	5757	8683
706	5500	4986	6039	4545	6546	4291	6859
206	6066	5526	6631	5061	7162	4793	7489
2910	1622	1349	1920	1124	2211	1000	2394
315	6297	5746	6873	5272	7413	4998	7746
2935	3042	2663	3446	2344	3831	2162	4072
605	10116	9415	10842	8805	11518	8450	11932
606	11009	10277	11766	9639	12470	9268	12900
506	10993	10262	11750	9624	12453	9253	12883
110	2250	1926	2599	1656	2935	1504	3146
505	20677	19669	21710	18783	22662	18263	23241
2936	3012	2635	3414	2317	3798	2137	4037
405	11493	10745	12266	10093	12984	9712	13424
2926	9809	9119	10524	8519	11190	8169	11598
2925	6802	6229	7400	5735	7960	5449	8305
2927	3880	3451	4335	3085	4766	2877	5033
