faz_id mean lower_50 upper_50 lower_80 upper_80 lower_90 upper_90
8935	6123	4944	7428	3990	8711	3468	9528
8927	1141	668	1740	349	2388	208	2824
8926	3552	2669	4561	1982	5578	1619	6235
8936	3723	2817	4755	2110	5791	1735	6461
8500	14338	12500	16302	10953	18178	10076	19349
8406	288	82	620	4	1028	6	1320
8320	12619	10899	14465	9458	16236	8644	17344
8925	3474	2601	4473	1923	5480	1567	6131
8937	11640	9990	13416	8613	15122	7837	16193
8405	1084	624	1670	318	2305	184	2734
8310	10966	9367	12691	8034	14353	7286	15396
8910	3136	2310	4088	1674	5053	1342	5679
7905	5925	4766	7210	3830	8475	3319	9280
7606	846	447	1371	196	1951	95	2347
7805	3690	2789	4717	2085	5750	1713	6417
8220	17560	15520	19726	13790	21785	12804	23066
8000	39348	36262	42560	33591	45560	32042	47404
8906	1400	869	2057	499	2756	326	3224
8210	47782	44375	51315	41415	54604	39693	56621
9020	5095	4025	6291	3169	7476	2706	8234
8125	10456	8896	12142	7599	13768	6871	14790
8126	12519	10806	14358	9371	16122	8561	17226
8905	1124	655	1719	340	2363	201	2797
7806	1886	1260	2638	803	3424	579	3942
7700	5304	4211	6523	3334	7729	2859	8499
7526	11692	10039	13471	8657	15182	7880	16254
7340	4111	3156	5192	2404	6273	2003	6969
7605	1409	876	2068	504	2769	330	3237
7537	16014	14068	18086	12424	20059	11489	21289
8115	13578	11791	15491	10290	17321	9441	18465
7335	12104	10421	13913	9012	15651	8219	16739
8600	12779	11048	14636	9596	16417	8777	17531
7425	5445	4337	6679	3446	7899	2963	8677
7535	8268	6888	9774	5752	11239	5122	12164
7525	3060	2245	4001	1619	4956	1293	5577
7436	2562	1822	3428	1263	4317	977	4897
9019	5549	4430	6794	3529	8024	3039	8808
7026	1845	1226	2590	777	3368	557	3883
7205	8615	7205	10151	6042	11643	5396	12584
7515	8243	6865	9747	5731	11210	5102	12133
7320	11232	9613	12977	8262	14657	7503	15711
7206	32558	29757	35485	27342	38229	25946	39920
7315	5359	4260	6584	3378	7795	2899	8568
7435	4696	3671	5847	2856	6991	2417	7724
7316	5749	4608	7016	3689	8264	3188	9060
7025	12991	11245	14863	9780	16657	8952	17779
7415	13032	11283	14907	9816	16704	8986	17827
7100	18527	16429	20751	14648	22861	13631	24172
7015	5983	4818	7274	3877	8544	3363	9353
9908	3532	2652	4538	1967	5552	1606	6208
6410	21384	19126	23768	17200	26023	16096	27421
6420	8812	7385	10365	6208	11872	5552	12822
5535	4959	3904	6140	3062	7311	2607	8061
5600	17594	15552	19762	13820	21823	12833	23105
5546	13959	12147	15897	10622	17751	9759	18909
4706	2758	1987	3655	1401	4570	1099	5166
6605	2867	2080	3780	1479	4710	1169	5315
6910	1466	921	2137	538	2849	358	3323
6606	1809	1197	2547	753	3320	537	3831
9909	1478	931	2151	546	2865	364	3342
9011	6327	5127	7653	4155	8954	3622	9782
5525	6958	5697	8345	4669	9702	4103	10563
5515	6169	4985	7479	4027	8766	3503	9585
6326	17323	15297	19475	13580	21521	12601	22794
9914	4060	3112	5134	2365	6210	1968	6902
5545	4528	3523	5659	2725	6786	2297	7508
6223	12619	10899	14465	9458	16236	8644	17344
5306	23404	21039	25895	19016	28247	17855	29703
6325	9594	8102	11212	6867	12777	6176	13762
9009	2583	1839	3453	1277	4344	990	4926
9006	2531	1795	3393	1241	4276	958	4854
6225	20676	18457	23021	16566	25242	15483	26619
9018	12094	10411	13903	9004	15639	8210	16727
5425	65008	61024	69118	57544	72928	55510	75256
5305	31287	28542	34158	26178	36851	24813	38511
5426	14390	12549	16357	10999	18237	10120	19410
6226	7840	6498	9308	5396	10739	4786	11643
6126	3721	2816	4752	2108	5789	1734	6458
6224	9207	7747	10793	6540	12329	5866	13297
6216	10890	9297	12609	7969	14266	7224	15306
6316	25474	23004	28070	20886	30517	19669	32029
6215	24410	21993	26953	19924	29351	18735	30835
5100	1823	1208	2564	762	3339	545	3851
6213	16754	14762	18872	13077	20886	12117	22141
9005	494	204	910	51	1392	8	1729
6124	14615	12759	16597	11195	18490	10309	19671
6125	11944	10272	13742	8874	15469	8087	16551
6214	31484	28730	34364	26358	37065	24988	38730
5415	63854	59906	67928	56458	71705	54444	74014
5205	42351	39147	45681	36370	48787	34757	50695
9916	2247	1558	3062	1044	3905	786	4457
9913	6710	5473	8073	4466	9409	3913	10257
9915	3014	2206	3948	1585	4898	1263	5515
4606	3940	3007	4999	2274	6061	1884	6745
6115	9718	8216	11346	6972	12920	6276	13910
4820	6388	5182	7720	4204	9027	3668	9858
9017	323	101	671	8	1093	2	1394
6123	70905	66741	75195	63099	79166	60969	81591
6114	22686	20358	25140	18370	27458	17229	28893
4607	8025	6666	9510	5550	10955	4931	11869
6505	3276	2430	4248	1777	5230	1435	5867
5020	10900	9306	12620	7978	14277	7232	15318
6113	45653	42324	49108	39435	52327	37754	54301
5010	15979	14035	18049	12393	20020	11459	21249
6020	94208	89399	99143	85176	103695	82698	106468
4900	99953	94998	105034	90643	109718	88086	112570
6010	149056	142991	155247	137636	160931	134481	164380
4400	11044	9439	12775	8101	14442	7350	15488
9900	1830	1214	2572	767	3348	548	3861
9904	6790	5545	8161	4532	9503	3974	10356
9902	29041	26399	31809	24127	34410	22817	36015
4810	8346	6959	9859	5817	11330	5183	12258
5720	15694	13768	17746	12142	19701	11218	20920
9901	5994	4828	7286	3886	8557	3371	9367
5826	10370	8817	12049	7525	13670	6802	14688
5825	55978	52285	59797	49068	63343	47191	65514
5925	24774	22339	27335	20253	29750	19054	31244
9015	2068	1409	2853	924	3667	682	4204
4506	31251	28508	34120	26145	36812	24781	38471
4605	29089	26445	31859	24171	34462	22860	36068
9002	10074	8544	11730	7274	13330	6562	14335
4226	3987	3048	5052	2310	6119	1917	6807
4505	1628	1051	2331	638	3073	440	3565
4225	3496	2620	4498	1940	5507	1581	6160
5716	11711	10056	13492	8674	15203	7895	16276
5916	9506	8021	11117	6792	12675	6106	13656
4300	20987	18750	23350	16844	25585	15752	26971
5815	30634	27919	33475	25581	36142	24232	37786
9004	7228	5941	8641	4891	10020	4311	10895
5715	2533	1797	3395	1242	4279	959	4857
3330	2756	1986	3652	1400	4567	1098	5164
6506	11927	10256	13724	8860	15449	8073	16531
5915	6293	5097	7615	4127	8914	3596	9740
3905	22491	20173	24935	18194	27243	17059	28673
4130	33711	30860	36688	28399	39478	26976	41195
6930	4035	3090	5106	2346	6179	1950	6870
3825	10067	8537	11723	7268	13322	6557	14327
4120	4962	3907	6143	3064	7315	2609	8064
3816	5714	4577	6977	3661	8222	3162	9016
4210	7234	5947	8647	4896	10027	4315	10902
9016	2064	1406	2848	921	3662	680	4198
4005	2335	1631	3165	1105	4020	839	4581
4230	2327	1624	3156	1099	4010	834	4570
3815	13371	11599	15269	10110	17087	9268	18223
3705	40522	37390	43780	34677	46823	33102	48692
3900	40732	37591	43999	34871	47048	33292	48922
4110	35219	32303	38261	29785	41108	28327	42861
3416	3654	2757	4677	2058	5705	1688	6370
3413	1852	1232	2598	781	3378	560	3893
3706	4547	3540	5680	2740	6809	2311	7533
3600	75721	71416	80152	67647	84250	65441	86751
3415	5321	4226	6542	3348	7749	2871	8520
3320	7646	6321	9097	5236	10512	4635	11407
3505	31725	28961	34615	26579	37326	25203	38997
3414	3402	2539	4391	1870	5389	1518	6035
6900	2186	1507	2991	1003	3824	750	4371
2940	3411	2547	4401	1877	5401	1524	6047
2216	4992	3933	6177	3088	7351	2631	8103
3046	10525	8960	12216	7657	13848	6927	14872
2225	8097	6732	9588	5610	11039	4988	11956
3426	4567	3557	5703	2756	6833	2325	7559
3427	7028	5760	8422	4726	9785	4157	10649
3045	4446	3451	5567	2662	6685	2239	7403
3310	5662	4531	6919	3619	8160	3123	8951
3030	13731	11934	15654	10423	17494	9568	18643
3130	30790	28068	33638	25724	36311	24370	37959
3010	12654	10931	14503	9488	16275	8673	17385
3020	23359	20996	25848	18976	28197	17816	29652
3425	3770	2858	4808	2145	5850	1767	6522
2100	3091	2271	4036	1641	4996	1313	5619
1606	4187	3223	5277	2462	6367	2056	7067
2215	7147	5868	8552	4824	9925	4248	10795
1720	8250	6871	9755	5737	11218	5108	12142
3120	18138	16063	20339	14302	22429	13298	23728
1900	17909	15848	20096	14099	22174	13102	23466
3110	3656	2759	4679	2059	5708	1690	6372
3200	10809	9222	12522	7900	14173	7158	15210
1605	8099	6733	9590	5612	11042	4989	11959
2000	16044	14096	18118	12450	20093	11514	21324
1820	49023	45571	52601	42571	55930	40824	57971
1200	6882	5628	8262	4607	9612	4045	10469
1710	14973	13094	16978	11509	18892	10610	20086
1810	25844	23355	28459	21222	30921	19994	32444
900	14324	12487	16287	10941	18162	10064	19333
806	4767	3734	5926	2912	7077	2468	7815
1506	5096	4026	6292	3170	7477	2707	8235
1410	17856	15798	20040	14052	22115	13057	23405
1505	7244	5956	8658	4904	10039	4323	10915
1330	6666	5433	8025	4430	9357	3879	10202
1000	2442	1721	3289	1179	4160	903	4730
1320	5957	4795	7245	3856	8513	3343	9320
1420	24256	21847	26791	19785	29182	18600	30662
1130	5618	4491	6871	3584	8107	3091	8895
1116	9097	7646	10674	6447	12202	5779	13165
1310	7386	6085	8813	5021	10206	4433	11089
805	5741	4601	7007	3683	8254	3182	9050
1115	5442	4334	6676	3444	7895	2960	8673
205	15792	13860	17850	12228	19811	11301	21033
136	4570	3560	5706	2758	6837	2327	7563
1120	16590	14608	18698	12932	20703	11977	21952
705	5524	4407	6767	3509	7994	3021	8777
120	1644	1063	2351	648	3095	449	3589
325	6509	5291	7853	4303	9171	3760	10008
135	3763	2852	4800	2140	5841	1763	6513
706	4156	3196	5242	2439	6328	2035	7027
206	11950	10278	13748	8880	15475	8092	16558
2910	1209	720	1824	388	2486	237	2930
315	7970	6616	9450	5504	10891	4888	11802
2935	21223	18974	23598	17056	25846	15957	27239
605	5426	4320	6658	3431	7876	2949	8653
606	5306	4213	6525	3336	7731	2860	8501
506	13075	11323	14953	9853	16752	9022	17878
110	1365	842	2014	478	2707	309	3170
505	18795	16682	21034	14887	23159	13861	24478
2936	3468	2596	4466	1919	5472	1563	6123
405	5358	4259	6583	3377	7794	2898	8567
2926	3015	2206	3950	1586	4899	1264	5516
2925	3060	2245	4001	1619	4956	1293	5577
2927	2426	1707	3271	1168	4139	894	4708
