faz_id mean lower_50 upper_50 lower_80 upper_80 lower_90 upper_90
8935	5204	4848	5572	4539	5915	4358	6124
8927	2223	1993	2466	1796	2695	1683	2838
8926	6080	5695	6478	5359	6846	5163	7072
8936	6918	6507	7342	6148	7734	5937	7974
8500	7682	7249	8128	6869	8541	6647	8792
8406	829	691	980	577	1126	514	1219
8320	4700	4362	5050	4069	5377	3898	5577
8925	6101	5715	6499	5379	6869	5182	7095
8937	6257	5866	6660	5525	7034	5326	7263
8405	6374	5980	6781	5635	7158	5434	7389
8310	12672	12113	13243	11621	13768	11332	14087
8910	6658	6255	7074	5903	7459	5697	7694
7905	9737	9248	10238	8819	10701	8567	10982
7606	1848	1639	2070	1461	2281	1359	2412
7805	8628	8168	9100	7765	9537	7528	9802
8220	8324	7873	8788	7477	9217	7245	9478
8000	6003	5621	6398	5287	6765	5092	6989
8906	3342	3058	3638	2813	3916	2672	4087
8210	5804	5428	6193	5100	6553	4909	6774
9020	8116	7670	8574	7280	8998	7051	9256
8125	7952	7511	8406	7124	8825	6898	9081
8126	6370	5976	6777	5632	7154	5431	7384
8905	3798	3495	4114	3233	4408	3081	4590
7806	2723	2467	2991	2248	3243	2122	3399
7700	3613	3318	3921	3063	4209	2915	4386
7526	6313	5921	6718	5578	7093	5378	7323
7340	10457	9950	10976	9505	11455	9243	11746
7605	766	633	911	525	1053	465	1142
7537	12314	11763	12877	11278	13395	10993	13710
8115	14288	13695	14894	13171	15451	12862	15789
7335	14941	14334	15561	13798	16129	13482	16475
8600	7259	6838	7693	6469	8094	6254	8339
7425	10741	10227	11267	9775	11752	9510	12047
7535	13260	12688	13844	12185	14381	11888	14707
7525	6316	5924	6721	5581	7097	5381	7326
7436	2259	2027	2504	1828	2735	1715	2878
9019	7001	6587	7427	6226	7822	6014	8063
7026	4278	3956	4612	3677	4924	3515	5116
7205	5961	5580	6355	5247	6720	5053	6943
7515	2261	2029	2506	1830	2737	1716	2880
7320	11667	11131	12215	10660	12720	10382	13027
7206	7898	7458	8350	7073	8768	6848	9023
7315	7290	6868	7725	6498	8127	6282	8373
7435	3181	2904	3470	2666	3742	2528	3909
7316	8309	7858	8773	7462	9201	7231	9462
7025	10083	9585	10593	9148	11063	8891	11350
7415	4841	4498	5196	4200	5527	4027	5730
7100	12823	12261	13397	11766	13926	11474	14247
7015	7634	7202	8079	6823	8490	6602	8741
9908	1170	1005	1348	867	1519	789	1626
6410	18525	17848	19214	17250	19846	16896	20228
6420	15877	15251	16516	14698	17101	14372	17457
5535	12325	11774	12888	11289	13406	11004	13721
5600	6749	6343	7168	5988	7555	5781	7792
5546	7458	7031	7898	6657	8304	6438	8553
4706	5294	4935	5665	4623	6011	4441	6222
6605	4681	4344	5031	4051	5356	3881	5556
6910	2096	1873	2332	1682	2555	1573	2694
6606	2374	2136	2625	1932	2861	1815	3008
9909	2360	2123	2610	1919	2846	1803	2992
9011	4860	4516	5216	4218	5548	4044	5751
5525	6595	6194	7009	5843	7392	5638	7626
5515	11832	11292	12384	10817	12892	10538	13201
6326	12033	11489	12590	11010	13102	10728	13413
9914	7769	7333	8218	6951	8632	6728	8885
5545	6142	5755	6542	5417	6912	5220	7139
6223	13277	12705	13861	12201	14399	11904	14725
5306	11039	10518	11572	10060	12064	9790	12363
6325	16726	16083	17381	15515	17982	15180	18346
9009	2184	1956	2425	1761	2652	1649	2793
9006	4978	4630	5338	4328	5674	4152	5879
6225	10772	10258	11299	9805	11785	9539	12080
9018	9079	8607	9563	8193	10010	7950	10283
5425	17743	17081	18418	16495	19036	16150	19411
5305	13044	12477	13623	11978	14156	11683	14479
5426	8715	8253	9190	7847	9628	7610	9895
6226	14619	14019	15232	13489	15795	13176	16136
6126	6039	5655	6435	5321	6803	5125	7028
6224	11322	10794	11862	10330	12359	10057	12662
6216	6830	6422	7251	6065	7641	5856	7879
6316	15630	15009	16264	14460	16845	14137	17198
6215	11835	11295	12387	10820	12895	10541	13204
5100	3083	2811	3368	2576	3635	2441	3800
6213	10211	9710	10724	9270	11197	9012	11485
9005	2511	2266	2769	2056	3012	1935	3162
6124	14726	14123	15341	13591	15906	13278	16249
6125	5566	5198	5947	4877	6300	4690	6517
6214	236	165	319	112	405	85	461
5415	6812	6404	7232	6048	7622	5839	7860
5205	5820	5444	6209	5115	6570	4924	6791
9916	6671	6267	7087	5915	7473	5709	7708
9913	3478	3188	3780	2938	4063	2794	4237
9915	9336	8857	9827	8437	10280	8191	10556
4606	9718	9230	10219	8801	10681	8549	10962
6115	11682	11146	12231	10674	12735	10396	13042
4820	3697	3398	4008	3140	4300	2990	4479
9017	1526	1336	1728	1176	1921	1085	2042
6123	11608	11074	12155	10603	12658	10327	12964
6114	17612	16952	18284	16369	18900	16025	19274
4607	10321	9818	10837	9375	11313	9115	11602
6505	4944	4597	5303	4296	5637	4121	5842
5020	10458	9951	10977	9505	11456	9244	11747
6113	26851	26035	27680	25311	28436	24883	28894
5010	8846	8380	9324	7972	9766	7732	10035
6020	10736	10222	11262	9771	11747	9505	12042
4900	6178	5790	6579	5451	6950	5253	7178
6010	7645	7213	8090	6834	8502	6612	8753
4400	9478	8996	9973	8572	10429	8324	10707
9900	4597	4263	4943	3973	5266	3805	5464
9904	6015	5632	6410	5298	6777	5103	7002
9902	13955	13369	14554	12851	15104	12546	15438
4810	4722	4383	5073	4089	5400	3918	5601
5720	18976	18291	19673	17685	20312	17327	20700
9901	3496	3206	3799	2955	4083	2810	4257
5826	3164	2888	3453	2650	3723	2513	3890
5825	1923	1709	2149	1528	2364	1424	2497
5925	11344	10816	11885	10351	12382	10078	12685
9015	6006	5623	6401	5290	6768	5095	6992
4506	7528	7099	7970	6723	8378	6503	8627
4605	10212	9711	10725	9271	11198	9013	11486
9002	16004	15376	16645	14820	17233	14493	17590
4226	7514	7085	7955	6710	8363	6490	8612
4505	5996	5614	6391	5280	6757	5086	6981
4225	6959	6547	7384	6186	7777	5975	8018
5716	10874	10357	11404	9902	11891	9635	12188
5916	14345	13750	14952	13226	15510	12916	15848
4300	5224	4868	5593	4557	5936	4377	6146
5815	2162	1935	2402	1741	2628	1630	2769
9004	7539	7110	7981	6734	8390	6514	8639
5715	8072	7627	8529	7238	8952	7010	9209
3330	5643	5272	6026	4949	6382	4761	6600
6506	6252	5862	6655	5521	7029	5322	7257
5915	7935	7494	8388	7108	8807	6882	9063
3905	4545	4213	4890	3925	5211	3757	5408
4130	8118	7672	8576	7281	9000	7053	9258
6930	4540	4208	4884	3920	5205	3753	5402
3825	8590	8131	9061	7729	9497	7493	9762
4120	8897	8430	9377	8020	9819	7780	10089
3816	10010	9514	10518	9079	10987	8823	11272
4210	10214	9713	10727	9273	11201	9014	11489
9016	5243	4886	5613	4575	5956	4394	6167
4005	6286	5894	6690	5553	7065	5353	7294
4230	4473	4144	4815	3858	5134	3692	5329
3815	8780	8316	9256	7909	9696	7671	9964
3705	13248	12677	13832	12173	14368	11877	14694
3900	3057	2786	3341	2552	3607	2418	3771
4110	8761	8298	9237	7891	9676	7653	9944
3416	9324	8846	9815	8426	10268	8180	10543
3413	3948	3639	4270	3372	4570	3216	4755
3706	7246	6825	7679	6457	8081	6242	8325
3600	9203	8728	9691	8311	10141	8066	10415
3415	11293	10766	11833	10302	12329	10030	12631
3320	10856	10339	11385	9885	11872	9618	12169
3505	18133	17464	18815	16872	19440	16522	19819
3414	10499	9991	11019	9545	11499	9282	11791
6900	3640	3344	3949	3087	4238	2939	4416
2940	7681	7248	8127	6868	8540	6646	8791
2216	7637	7205	8082	6826	8493	6605	8744
3046	10413	9907	10931	9463	11409	9201	11700
2225	6876	6466	7298	6108	7690	5898	7928
3426	8142	7696	8601	7304	9025	7075	9284
3427	8847	8381	9325	7973	9767	7733	10036
3045	11665	11129	12213	10658	12718	10380	13024
3310	7422	6996	7861	6623	8266	6405	8514
3030	16400	15764	17049	15201	17644	14870	18005
3130	7365	6941	7802	6569	8206	6352	8453
3010	16998	16350	17658	15777	18264	15440	18631
3020	10691	10178	11216	9728	11700	9463	11994
3425	7922	7482	8375	7096	8794	6870	9049
2100	7934	7493	8387	7107	8806	6881	9062
1606	5874	5496	6265	5166	6628	4973	6850
2215	7562	7132	8005	6755	8414	6535	8664
1720	11680	11144	12229	10672	12733	10395	13040
3120	9976	9481	10483	9046	10951	8791	11236
1900	550	439	674	349	796	300	875
3110	3570	3276	3876	3023	4163	2876	4339
3200	8601	8142	9073	7739	9508	7503	9774
1605	8155	7708	8614	7317	9039	7087	9298
2000	5275	4917	5646	4605	5990	4423	6201
1820	4579	4246	4925	3956	5247	3788	5445
1200	7440	7013	7879	6640	8285	6422	8533
1710	9384	8904	9876	8483	10331	8236	10607
1810	2107	1883	2344	1692	2567	1583	2706
900	4706	4368	5057	4075	5383	3904	5583
806	12677	12118	13248	11626	13773	11336	14093
1506	9648	9161	10147	8734	10607	8483	10888
1410	4941	4595	5300	4293	5634	4118	5839
1505	9151	8677	9637	8261	10086	8018	10359
1330	8536	8079	9006	7678	9440	7443	9704
1000	3934	3626	4255	3359	4555	3204	4739
1320	7335	6912	7771	6541	8174	6324	8421
1420	5553	5185	5933	4865	6286	4678	6503
1130	2679	2426	2945	2208	3195	2083	3350
1116	7703	7269	8150	6889	8563	6666	8815
1310	10625	10114	11149	9665	11631	9401	11924
805	8935	8467	9416	8056	9859	7815	10129
1115	6030	5647	6426	5312	6793	5117	7018
205	5734	5360	6120	5035	6479	4845	6698
136	5104	4752	5469	4445	5808	4267	6016
1120	14344	13749	14951	13225	15509	12915	15847
705	7625	7193	8069	6815	8480	6594	8731
120	4988	4640	5349	4337	5684	4161	5890
325	10076	9579	10586	9141	11056	8885	11342
135	7020	6606	7447	6244	7842	6032	8083
706	5097	4745	5462	4439	5801	4261	6008
206	6005	5622	6400	5289	6767	5094	6991
2910	1472	1286	1671	1129	1861	1040	1979
315	6153	5766	6553	5428	6924	5230	7151
2935	3056	2785	3340	2552	3606	2417	3770
605	9414	8933	9907	8511	10362	8264	10639
606	9952	9458	10459	9023	10926	8768	11211
506	10119	9621	10630	9182	11101	8925	11388
110	2183	1955	2424	1760	2651	1649	2792
505	18669	17990	19361	17389	19995	17034	20379
2936	2975	2708	3255	2478	3518	2345	3680
405	10531	10022	11052	9575	11532	9312	11825
2926	9415	8934	9908	8512	10363	8265	10640
2925	6205	5816	6607	5477	6979	5278	7207
2927	3120	2846	3407	2610	3675	2474	3841
