faz_id mean lower_50 upper_50 lower_80 upper_80 lower_90 upper_90
8935	4943	4597	5302	4295	5636	4120	5841
8927	2158	1931	2397	1738	2624	1627	2764
8926	5585	5216	5966	4895	6320	4708	6537
8936	6593	6192	7007	5841	7390	5637	7624
8500	7405	6980	7843	6607	8248	6389	8496
8406	720	592	861	487	999	429	1086
8320	4431	4103	4771	3819	5089	3654	5283
8925	5632	5262	6015	4939	6370	4751	6588
8937	5341	4981	5714	4667	6061	4484	6273
8405	5820	5444	6209	5115	6570	4924	6791
8310	12295	11745	12858	11260	13375	10975	13690
8910	6101	5715	6499	5379	6869	5182	7095
7905	8855	8389	9333	7980	9775	7741	10044
7606	1644	1447	1854	1280	2053	1185	2178
7805	8008	7565	8463	7177	8884	6950	9141
8220	7829	7391	8279	7008	8696	6783	8949
8000	5781	5406	6169	5079	6529	4888	6749
8906	3220	2942	3511	2702	3784	2563	3952
8210	4837	4494	5192	4196	5523	4023	5726
9020	7517	7088	7958	6713	8367	6493	8616
8125	7744	7309	8192	6928	8606	6704	8859
8126	5840	5463	6230	5134	6592	4942	6813
8905	3682	3384	3993	3126	4283	2977	4462
7806	2296	2062	2543	1862	2776	1747	2920
7700	3594	3299	3901	3045	4188	2898	4365
7526	6284	5893	6688	5551	7063	5351	7292
7340	9935	9441	10441	9007	10908	8752	11192
7605	754	623	898	515	1039	455	1128
7537	11907	11366	12461	10889	12970	10609	13280
8115	13793	13210	14389	12696	14936	12393	15268
7335	14544	13945	15155	13417	15717	13105	16058
8600	6702	6298	7119	5944	7505	5737	7742
7425	10253	9751	10767	9310	11241	9051	11530
7535	12792	12231	13366	11736	13893	11445	14214
7525	6072	5687	6469	5352	6838	5156	7063
7436	2210	1980	2452	1784	2681	1672	2823
9019	6501	6103	6912	5755	7293	5552	7525
7026	4240	3920	4573	3642	4884	3480	5074
7205	5853	5475	6243	5146	6605	4954	6827
7515	2167	1940	2407	1746	2634	1635	2774
7320	11308	10781	11848	10317	12345	10044	12647
7206	7797	7360	8246	6978	8662	6754	8915
7315	6764	6358	7183	6002	7571	5795	7808
7435	3051	2780	3334	2547	3600	2412	3765
7316	8007	7564	8462	7176	8883	6949	9140
7025	9898	9405	10403	8972	10870	8718	11153
7415	4521	4190	4865	3903	5185	3735	5381
7100	11851	11311	12404	10836	12912	10556	13221
7015	7596	7165	8040	6788	8450	6567	8700
9908	1179	1013	1358	874	1529	796	1637
6410	17163	16512	17827	15936	18435	15597	18804
6420	14855	14250	15473	13715	16040	13401	16384
5535	11557	11024	12103	10555	12605	10279	12910
5600	6485	6087	6895	5740	7276	5537	7508
5546	7063	6648	7491	6284	7887	6072	8129
4706	5256	4899	5626	4587	5970	4406	6181
6605	4469	4140	4811	3854	5129	3688	5325
6910	1903	1690	2128	1510	2342	1406	2474
6606	2183	1955	2424	1760	2651	1649	2792
9909	2102	1878	2338	1688	2562	1578	2701
9011	4585	4252	4931	3962	5253	3794	5451
5525	6286	5894	6690	5553	7065	5353	7294
5515	11409	10879	11951	10413	12450	10139	12754
6326	11918	11377	12472	10900	12982	10619	13292
9914	7237	6816	7670	6448	8071	6233	8316
5545	5794	5418	6182	5091	6543	4900	6763
6223	13116	12548	13697	12047	14231	11752	14555
5306	10887	10370	11417	9915	11905	9647	12202
6325	16610	15970	17263	15404	17862	15070	18225
9009	2090	1867	2326	1677	2549	1568	2687
9006	4439	4111	4780	3826	5097	3661	5292
6225	10330	9826	10846	9383	11322	9123	11612
9018	8233	7784	8695	7390	9121	7160	9381
5425	17164	16513	17828	15937	18436	15598	18805
5305	12784	12223	13358	11728	13885	11437	14205
5426	8424	7970	8891	7571	9322	7338	9585
6226	14560	13961	15172	13432	15733	13120	16074
6126	6027	5644	6423	5309	6790	5114	7015
6224	11252	10726	11791	10263	12286	9991	12588
6216	6761	6355	7180	6000	7568	5792	7805
6316	15468	14850	16098	14305	16677	13983	17028
6215	11812	11273	12364	10798	12871	10519	13180
5100	3083	2811	3368	2576	3635	2441	3800
6213	10119	9621	10630	9182	11101	8925	11388
9005	2347	2110	2596	1908	2832	1791	2977
6124	14587	13987	15199	13458	15762	13146	16103
6125	5501	5135	5879	4816	6231	4631	6446
6214	237	166	321	113	407	86	463
5415	6597	6196	7011	5845	7394	5640	7629
5205	5680	5308	6064	4984	6421	4795	6640
9916	6003	5621	6398	5287	6765	5092	6989
9913	3479	3189	3781	2939	4064	2794	4238
9915	8375	7922	8840	7525	9270	7292	9533
4606	9185	8710	9672	8294	10122	8049	10396
6115	11537	11004	12082	10535	12584	10260	12889
4820	3688	3390	3999	3132	4290	2982	4469
9017	1437	1253	1634	1098	1821	1010	1938
6123	11540	11007	12085	10538	12587	10263	12892
6114	17037	16388	17698	15815	18305	15477	18672
4607	9526	9043	10022	8618	10480	8369	10758
6505	4934	4588	5293	4287	5627	4112	5831
5020	10351	9847	10868	9403	11344	9143	11634
6113	24985	24198	25784	23500	26515	23088	26957
5010	8763	8300	9239	7893	9678	7655	9946
6020	10755	10241	11282	9789	11767	9523	12062
4900	5693	5321	6078	4996	6435	4807	6654
6010	7623	7191	8067	6813	8478	6592	8729
4400	9490	9007	9985	8584	10442	8335	10720
9900	4292	3970	4627	3690	4940	3528	5131
9904	5641	5270	6024	4947	6380	4759	6598
9902	13579	13001	14170	12490	14713	12190	15043
4810	4629	4294	4977	4003	5301	3834	5499
5720	18778	18097	19472	17494	20108	17138	20493
9901	3192	2915	3482	2676	3754	2538	3921
5826	3063	2792	3347	2558	3614	2423	3778
5825	1756	1552	1973	1379	2178	1281	2306
5925	11102	10580	11637	10120	12130	9850	12429
9015	5764	5389	6151	5063	6511	4872	6731
4506	7317	6894	7753	6524	8155	6307	8401
4605	9878	9386	10383	8953	10849	8699	11132
9002	14536	13937	15147	13409	15709	13098	16049
4226	7146	6728	7576	6363	7975	6149	8218
4505	5933	5553	6326	5221	6690	5028	6913
4225	6708	6303	7125	5950	7512	5743	7748
5716	10745	10231	11271	9779	11756	9514	12051
5916	13984	13397	14584	12879	15134	12574	15469
4300	5034	4684	5396	4380	5733	4203	5940
5815	2106	1882	2343	1691	2566	1582	2705
9004	7067	6651	7495	6288	7891	6075	8133
5715	8075	7630	8532	7241	8955	7013	9212
3330	5223	4867	5592	4557	5935	4376	6145
6506	5954	5573	6347	5241	6713	5047	6936
5915	7816	7379	8266	6996	8682	6771	8936
3905	4336	4012	4673	3731	4987	3567	5179
4130	8114	7668	8572	7278	8996	7049	9254
6930	4537	4205	4881	3917	5202	3750	5399
3825	8323	7872	8787	7476	9216	7244	9477
4120	8732	8269	9207	7864	9646	7626	9913
3816	9686	9198	10186	8770	10647	8519	10928
4210	9505	9022	10000	8598	10457	8349	10736
9016	4818	4476	5173	4179	5503	4006	5705
4005	5936	5556	6329	5224	6693	5030	6917
4230	4182	3864	4513	3588	4821	3428	5011
3815	8707	8245	9182	7840	9620	7602	9887
3705	12949	12384	13526	11887	14057	11594	14379
3900	2863	2601	3138	2375	3396	2246	3555
4110	8386	7933	8852	7535	9282	7303	9544
3416	9142	8669	9628	8253	10077	8009	10350
3413	3558	3265	3864	3012	4150	2865	4326
3706	7052	6637	7480	6274	7876	6062	8117
3600	8940	8472	9421	8061	9864	7820	10135
3415	10473	9966	10993	9520	11472	9258	11763
3320	10478	9971	10998	9525	11477	9263	11768
3505	17417	16761	18085	16181	18698	15839	19070
3414	10213	9712	10726	9272	11199	9013	11487
6900	3292	3010	3586	2768	3862	2627	4032
2940	6773	6366	7192	6011	7581	5803	7818
2216	7291	6869	7726	6499	8128	6283	8374
3046	10186	9686	10699	9246	11171	8988	11459
2225	6380	5986	6787	5641	7164	5440	7395
3426	7534	7105	7976	6729	8384	6509	8634
3427	8519	8062	8988	7662	9422	7427	9686
3045	11270	10744	11809	10280	12305	10008	12607
3310	7035	6620	7462	6258	7858	6046	8099
3030	14758	14155	15374	13622	15939	13308	16282
3130	7196	6777	7628	6410	8028	6195	8272
3010	16430	15793	17079	15230	17675	14899	18036
3020	10418	9912	10936	9467	11414	9206	11705
3425	7308	6885	7743	6515	8146	6299	8392
2100	7744	7309	8192	6928	8606	6704	8859
1606	5792	5416	6180	5089	6541	4898	6761
2215	7297	6875	7732	6505	8134	6289	8380
1720	11339	10811	11880	10346	12377	10073	12680
3120	9667	9180	10167	8752	10627	8501	10908
1900	550	439	674	349	796	300	875
3110	3446	3158	3747	2909	4029	2765	4202
3200	8109	7663	8567	7273	8991	7044	9249
1605	8125	7679	8584	7288	9007	7059	9266
2000	4855	4512	5211	4213	5542	4040	5745
1820	4549	4217	4894	3929	5215	3761	5412
1200	7143	6725	7573	6360	7972	6146	8215
1710	9066	8595	9550	8181	9997	7938	10269
1810	1912	1699	2138	1518	2352	1414	2485
900	4556	4224	4901	3935	5222	3767	5420
806	11508	10976	12053	10508	12554	10232	12859
1506	9414	8933	9907	8511	10362	8264	10639
1410	4866	4522	5222	4223	5554	4050	5757
1505	8939	8471	9420	8060	9863	7819	10134
1330	8162	7715	8622	7323	9046	7094	9305
1000	3854	3549	4172	3285	4469	3132	4651
1320	7291	6869	7726	6499	8128	6283	8374
1420	5242	4885	5612	4574	5955	4393	6166
1130	2540	2293	2799	2082	3043	1961	3194
1116	7334	6911	7770	6540	8173	6323	8420
1310	10440	9934	10959	9488	11437	9227	11728
805	8169	7722	8629	7330	9054	7100	9313
1115	5370	5009	5744	4694	6092	4510	6304
205	5670	5298	6054	4975	6411	4786	6629
136	5066	4715	5429	4410	5768	4232	5975
1120	13580	13002	14171	12491	14714	12191	15044
705	6916	6505	7340	6146	7732	5936	7971
120	4874	4530	5231	4231	5563	4057	5766
325	9689	9201	10189	8773	10650	8522	10931
135	6871	6461	7293	6103	7684	5894	7923
706	4847	4504	5203	4206	5534	4032	5737
206	5900	5521	6292	5190	6655	4997	6878
2910	1364	1185	1556	1035	1739	949	1854
315	6088	5703	6486	5367	6855	5170	7081
2935	3085	2813	3370	2578	3637	2443	3802
605	8726	8264	9201	7858	9640	7620	9907
606	8746	8283	9222	7877	9661	7639	9928
506	9340	8861	9831	8441	10284	8195	10560
110	2164	1937	2404	1743	2630	1632	2771
505	16571	15931	17223	15366	17821	15033	18184
2936	2889	2626	3165	2399	3424	2269	3584
405	9552	9068	10049	8643	10507	8393	10786
2926	9182	8707	9669	8291	10119	8047	10392
2925	5949	5568	6342	5236	6707	5042	6931
2927	2745	2488	3014	2268	3267	2141	3424
