faz_id mean lower_50 upper_50 lower_80 upper_80 lower_90 upper_90
8935	13657	12686	14664	11842	15601	11351	16176
8927	6132	5487	6813	4937	7456	4622	7855
8926	16187	15128	17282	14205	18298	13667	18920
8936	18475	17343	19643	16353	20726	15775	21388
8500	20019	18840	21234	17808	22359	17205	23047
8406	2259	1875	2679	1559	3088	1384	3347
8320	13183	12229	14173	11401	15094	10919	15660
8925	16663	15588	17773	14651	18804	14105	19434
8937	17129	16039	18255	15089	19299	14534	19937
8405	18939	17792	20122	16790	21217	16204	21887
8310	32725	31212	34274	29880	35699	29097	36566
8910	17969	16852	19121	15878	20190	15308	20843
7905	27611	26223	29035	25003	30348	24287	31148
7606	5299	4701	5933	4193	6535	3903	6908
7805	24934	23616	26288	22459	27538	21781	28300
8220	18109	16988	19266	16009	20338	15437	20994
8000	15089	14067	16146	13178	17129	12660	17731
8906	9408	8605	10247	7913	11033	7512	11517
8210	11648	10753	12579	9977	13449	9526	13983
9020	20348	19159	21573	18118	22707	17510	23399
8125	20290	19102	21513	18064	22646	17456	23337
8126	15193	14168	16254	13275	17240	12755	17844
8905	10699	9842	11592	9100	12427	8670	12941
7806	7551	6834	8304	6218	9013	5864	9451
7700	8619	7851	9423	7190	10177	6809	10642
7526	16047	14993	17137	14074	18149	13538	18769
7340	29841	28397	31321	27127	32684	26381	33514
7605	2086	1717	2490	1416	2885	1250	3135
7537	28551	27139	29999	25898	31333	25169	32146
8115	32402	30897	33943	29571	35362	28792	36225
7335	37656	36032	39316	34599	40842	33756	41769
8600	20430	19238	21658	18196	22794	17586	23487
7425	32320	30816	33859	29493	35276	28715	36138
7535	30293	28838	31784	27558	33157	26806	33993
7525	16701	15625	17813	14687	18844	14140	19475
7436	6314	5659	7004	5101	7657	4780	8061
9019	18242	17117	19403	16134	20479	15560	21137
7026	11245	10365	12160	9604	13015	9162	13541
7205	15001	13982	16055	13096	17036	12579	17636
7515	5799	5172	6461	4639	7089	4333	7478
7320	31226	29748	32739	28448	34133	27684	34981
7206	18157	17035	19315	16054	20389	15482	21045
7315	19784	18612	20992	17586	22111	16987	22794
7435	8953	8170	9772	7496	10540	7106	11013
7316	22622	21367	23913	20267	25106	19623	25834
7025	22213	20970	23492	19880	24675	19243	25396
7415	13287	12329	14280	11498	15206	11014	15773
7100	29165	27738	30628	26483	31977	25746	32797
7015	18188	17065	19347	16083	20422	15510	21079
9908	3760	3259	4297	2838	4811	2601	5132
6410	43785	42032	45574	40484	47215	39572	48211
6420	38432	36791	40109	35343	41650	34491	42586
5535	31678	30190	33202	28880	34605	28110	35459
5600	16857	15776	17974	14833	19010	14283	19644
5546	19397	18236	20594	17222	21702	16628	22379
4706	14009	13025	15029	12170	15977	11672	16559
6605	13423	12460	14421	11624	15351	11138	15921
6910	5497	4887	6142	4369	6754	4073	7134
6606	6499	5835	7199	5267	7860	4941	8270
9909	6380	5722	7074	5160	7729	4838	8136
9011	11113	10239	12023	9482	12873	9043	13396
5525	16059	15004	17149	14085	18162	13549	18782
5515	29470	28035	30941	26773	32296	26033	33121
6326	25101	23778	26460	22617	27714	21937	28478
9914	20626	19428	21859	18381	23001	17768	23697
5545	17516	16414	18654	15452	19709	14890	20355
6223	28239	26835	29679	25601	31007	24876	31815
5306	24712	23400	26060	22248	27305	21573	28064
6325	37020	35410	38666	33990	40179	33154	41099
9009	5690	5070	6346	4541	6968	4239	7354
9006	13425	12462	14423	11626	15353	11140	15924
6225	21214	19999	22465	18936	23621	18314	24327
9018	21468	20246	22726	19176	23889	18550	24599
5425	41960	40244	43711	38730	45319	37838	46295
5305	29436	28002	30906	26741	32260	26001	33085
5426	23051	21784	24354	20674	25558	20023	26292
6226	33263	31737	34824	30394	36261	29604	37135
6126	14016	13032	15036	12176	15985	11678	16567
6224	23581	22299	24898	21176	26116	20517	26858
6216	16513	15443	17618	14511	18645	13967	19272
6316	30211	28758	31700	27480	33071	26729	33906
6215	23763	22476	25085	21348	26307	20687	27052
5100	8700	7929	9507	7264	10265	6881	10732
6213	19347	18188	20542	17174	21649	16582	22325
9005	6654	5982	7362	5407	8031	5077	8445
6124	27068	25694	28478	24486	29779	23778	30571
6125	10432	9586	11314	8854	12139	8430	12647
6214	345	206	520	111	708	68	835
5415	16537	15467	17643	14533	18670	13989	19298
5205	13025	12077	14009	11254	14925	10775	15488
9916	17144	16054	18270	15103	19315	14547	19954
9913	7529	6813	8281	6198	8989	5844	9427
9915	23576	22294	24893	21171	26110	20513	26852
4606	28109	26708	29546	25477	30870	24754	31677
6115	23525	22245	24841	21123	26057	20465	26798
4820	8406	7648	9200	6996	9945	6620	10405
9017	3780	3278	4318	2856	4834	2617	5156
6123	18440	17309	19607	16321	20689	15743	21350
6114	35694	34113	37311	32720	38797	31900	39701
4607	30343	28887	31835	27606	33209	26853	34046
6505	14197	13207	15223	12345	16178	11844	16763
5020	26072	24723	27456	23540	28734	22845	29512
6113	41655	39946	43400	38437	45002	37548	45975
5010	20684	19485	21919	18435	23062	17821	23760
6020	15315	14286	16380	13389	17370	12867	17976
4900	9958	9131	10820	8418	11628	8004	12125
6010	11693	10796	12626	10018	13497	9567	14032
4400	23806	22518	25130	21389	26352	20727	27098
9900	10789	9928	11686	9183	12524	8751	13040
9904	13700	12727	14708	11882	15647	11390	16223
9902	31335	29855	32851	28552	34247	27787	35096
4810	11071	10198	11979	9443	12828	9005	13350
5720	38256	36619	39929	35175	41467	34325	42400
9901	9022	8236	9844	7559	10614	7168	11089
5826	6166	5519	6848	4968	7494	4651	7894
5825	3513	3029	4033	2624	4531	2396	4843
5925	26605	25243	28003	24046	29293	23344	30079
9015	15689	14647	16767	13739	17768	13210	18381
4506	18607	17471	19779	16478	20866	15897	21530
4605	26296	24942	27686	23752	28969	23055	29750
9002	39095	37440	40786	35979	42340	35120	43283
4226	19537	18372	20738	17353	21850	16758	22529
4505	17252	16158	18381	15204	19429	14647	20070
4225	18394	17264	19560	16277	20640	15701	21300
5716	26343	24987	27734	23797	29018	23099	29800
5916	37593	35970	39252	34539	40776	33697	41702
4300	12125	11211	13075	10419	13961	9958	14505
5815	5200	4608	5828	4105	6425	3818	6795
9004	20199	19014	21420	17978	22550	17371	23240
5715	18111	16990	19268	16011	20340	15439	20996
3330	15212	14186	16274	13293	17260	12772	17865
6506	16710	15634	17822	14695	18854	14148	19485
5915	21310	20093	22563	19027	23723	18403	24430
3905	11853	10950	12792	10167	13669	9712	14207
4130	17952	16836	19104	15862	20172	15292	20825
6930	10504	9655	11389	8920	12217	8495	12726
3825	22272	21027	23553	19936	24737	19298	25460
4120	21982	20745	23255	19662	24431	19028	25149
3816	25754	24414	27130	23237	28400	22547	29174
4210	28082	26682	29518	25451	30842	24729	31648
9016	14189	13199	15215	12338	16170	11836	16755
4005	16693	15617	17804	14680	18836	14132	19467
4230	12438	11512	13400	10709	14297	10242	14847
3815	21074	19863	22320	18804	23474	18184	24177
3705	33561	32029	35129	30679	36572	29886	37450
3900	6643	5971	7351	5397	8019	5067	8432
4110	21466	20244	22724	19174	23887	18548	24597
3416	24562	23254	25906	22106	27147	21433	27904
3413	11092	10219	12001	9463	12851	9024	13373
3706	18533	17399	19703	16408	20787	15829	21450
3600	22033	20795	23307	19710	24485	19075	25204
3415	30710	29245	32211	27956	33593	27199	34434
3320	30834	29366	32338	28074	33723	27315	34566
3505	45408	43623	47229	42045	48900	41115	49914
3414	30091	28641	31577	27366	32946	26616	33779
6900	9560	8750	10405	8052	11197	7648	11685
2940	20395	19204	21621	18163	22757	17553	23450
2216	20615	19418	21848	18370	22989	17757	23686
3046	25404	24073	26771	22905	28032	22220	28801
2225	17054	15967	18177	15018	19219	14465	19857
3426	24979	23659	26334	22502	27586	21823	28348
3427	25018	23697	26374	22539	27627	21859	28390
3045	29863	28418	31343	27148	32707	26402	33537
3310	21695	20466	22959	19391	24129	18761	24842
3030	46695	44884	48542	43284	50235	42340	51263
3130	16529	15459	17635	14526	18662	13981	19290
3010	45332	43548	47152	41972	48821	41043	49834
3020	24965	23646	26320	22488	27571	21810	28333
3425	21990	20753	23263	19670	24440	19035	25158
2100	21387	20167	22643	19099	23804	18474	24513
1606	13142	12190	14130	11363	15051	10882	15615
2215	19076	17925	20263	16919	21362	16331	22034
1720	26984	25612	28392	24407	29691	23699	30482
3120	25664	24326	27038	23152	28305	22463	29078
1900	890	655	1160	475	1435	381	1612
3110	9912	9087	10772	8375	11578	7963	12074
3200	22682	21425	23974	20324	25169	19679	25898
1605	17251	16157	18380	15203	19428	14646	20069
2000	13591	12622	14596	11781	15531	11291	16104
1820	7114	6418	7846	5822	8535	5479	8962
1200	19036	17886	20222	16881	21320	16294	21991
1710	22303	21057	23585	19966	24770	19326	25493
1810	3986	3470	4538	3035	5066	2789	5396
900	11395	10510	12316	9743	13177	9298	13705
806	35316	33744	36924	32358	38403	31543	39302
1506	23419	22142	24732	21022	25945	20366	26685
1410	12094	11181	13043	10390	13928	9930	14471
1505	22091	20851	23367	19765	24546	19129	25266
1330	24142	22845	25475	21708	26706	21041	27456
1000	10149	9314	11019	8593	11834	8176	12335
1320	18546	17411	19716	16420	20801	15841	21464
1420	13290	12332	14284	11500	15209	11017	15777
1130	6115	5471	6795	4922	7437	4607	7836
1116	18981	17833	20165	16830	21262	16243	21932
1310	28575	27162	30023	25921	31359	25192	32171
805	25079	23757	26437	22596	27691	21916	28455
1115	15915	14865	17001	13951	18009	13417	18626
205	13284	12327	14277	11495	15203	11011	15770
136	11357	10473	12277	9708	13136	9263	13664
1120	36823	35217	38465	33801	39974	32968	40891
705	21612	20386	22874	19312	24041	18684	24754
120	12146	11231	13097	10438	13983	9977	14528
325	25826	24484	27204	23306	28476	22615	29250
135	17624	16518	18765	15553	19824	14990	20471
706	13768	12793	14779	11945	15720	11452	16297
206	13950	12968	14967	12115	15914	11618	16495
2910	4100	3576	4660	3135	5195	2885	5528
315	15223	14197	16285	13303	17272	12782	17877
2935	10651	9796	11542	9056	12376	8627	12888
605	25525	24191	26895	23020	28159	22333	28930
606	27458	26074	28878	24857	30188	24144	30985
506	29454	28019	30924	26758	32279	26017	33104
110	5085	4499	5706	4003	6297	3719	6664
505	55127	53158	57132	51415	58968	50386	60081
2936	8204	7455	8988	6812	9726	6441	10180
405	29494	28059	30965	26796	32321	26055	33146
2926	26703	25338	28104	24139	29396	23436	30183
2925	17031	15944	18153	14997	19195	14443	19832
2927	8216	7467	9001	6823	9739	6451	10194
