faz_id mean lower_50 upper_50 lower_80 upper_80 lower_90 upper_90
8935	4577	3978	5218	3474	5831	3189	6214
8927	1077	797	1399	581	1724	468	1936
8926	1949	1565	2375	1256	2794	1087	3061
8936	3387	2875	3941	2449	4477	2211	4813
8500	10153	9251	11097	8474	11984	8025	12531
8406	253	128	420	52	606	22	734
8320	8193	7384	9044	6692	9845	6294	10342
8925	2596	2150	3084	1784	3559	1582	3860
8937	8612	7783	9483	7071	10304	6662	10812
8405	877	627	1169	437	1469	340	1664
8310	9907	9016	10840	8249	11717	7807	12257
8910	2736	2278	3236	1901	3723	1692	4030
7905	5047	4417	5719	3885	6360	3584	6760
7606	761	529	1035	356	1317	269	1503
7805	3204	2706	3744	2294	4266	2064	4594
8220	12525	11520	13572	10652	14550	10148	15152
8000	38155	36386	39966	34829	41633	33913	42647
8906	1289	981	1639	739	1990	611	2217
8210	24769	23348	26232	22104	27586	21376	28412
9020	4266	3688	4886	3204	5479	2931	5851
8125	6453	5738	7210	5130	7928	4782	8374
8126	8029	7229	8871	6544	9666	6151	10157
8905	1011	741	1323	533	1641	425	1847
7806	1493	1160	1868	896	2242	754	2482
7700	5035	4406	5706	3875	6347	3574	6746
7526	10254	9347	11203	8566	12094	8115	12643
7340	3822	3276	4410	2821	4975	2565	5329
7605	1091	809	1415	592	1742	478	1954
7537	14687	13597	15819	12652	16874	12103	17521
8115	11303	10350	12298	9527	13231	9051	13805
7335	10846	9913	11821	9108	12736	8643	13299
8600	10900	9964	11878	9157	12794	8691	13359
7425	4144	3575	4755	3099	5341	2830	5708
7535	5608	4943	6315	4379	6988	4059	7407
7525	2679	2226	3174	1853	3656	1647	3961
7436	2355	1931	2821	1586	3276	1395	3565
9019	5012	4384	5682	3855	6321	3554	6720
7026	1640	1290	2032	1010	2421	860	2670
7205	6982	6237	7769	5602	8513	5239	8975
7515	7455	6685	8267	6027	9035	5650	9510
7320	8077	7274	8922	6587	9718	6193	10211
7206	18426	17203	19691	16137	20866	15516	21586
7315	4710	4102	5360	3590	5981	3301	6369
7435	4069	3505	4675	3034	5256	2768	5620
7316	4524	3929	5161	3428	5771	3145	6153
7025	11227	10277	12219	9457	13148	8983	13721
7415	12552	11546	13600	10676	14579	10172	15182
7100	10246	9339	11195	8559	12085	8108	12634
7015	5288	4643	5975	4097	6630	3787	7039
9908	3364	2853	3917	2430	4450	2192	4786
6410	15322	14209	16477	13242	17554	12680	18214
6420	8890	8047	9775	7324	10608	6907	11123
5535	5655	4987	6365	4421	7041	4099	7461
5600	15534	14413	16697	13439	17781	12873	18445
5546	12278	11284	13314	10424	14284	9926	14880
4706	2427	1997	2899	1645	3361	1451	3653
6605	2539	2098	3022	1737	3493	1537	3790
6910	916	660	1214	465	1519	364	1718
6606	1584	1240	1970	967	2353	819	2599
9909	1320	1008	1674	763	2029	633	2257
9011	6128	5432	6866	4840	7567	4503	8003
5525	6822	6086	7600	5459	8336	5100	8793
5515	5818	5140	6538	4565	7222	4238	7648
6326	12856	11838	13916	10957	14907	10446	15516
9914	3810	3265	4397	2811	4961	2555	5315
5545	4170	3599	4783	3121	5371	2851	5739
6223	9259	8398	10162	7659	11011	7233	11535
5306	19626	18363	20931	17262	22142	16619	22883
6325	8087	7284	8932	6596	9729	6202	10222
9009	2417	1987	2889	1637	3349	1443	3641
9006	1806	1438	2216	1142	2622	981	2881
6225	17280	16096	18506	15066	19645	14466	20344
9018	11524	10561	12529	9730	13470	9249	14049
5425	31314	29713	32957	28308	34472	27483	35395
5305	24768	23347	26231	22103	27585	21375	28411
5426	13280	12245	14357	11349	15363	10829	15981
6226	6986	6241	7773	5606	8518	5242	8980
6126	3065	2579	3593	2177	4105	1952	4428
6224	8048	7247	8891	6561	9686	6167	10179
6216	9930	9038	10864	8270	11742	7827	12283
6316	20504	19213	21837	18086	23074	17428	23830
6215	16745	15580	17952	14567	19075	13977	19763
5100	1673	1319	2069	1036	2461	884	2712
6213	15712	14584	16882	13605	17971	13035	18639
9005	455	281	671	159	902	103	1057
6124	13266	12231	14343	11336	15348	10816	15966
6125	10863	9929	11839	9123	12754	8658	13318
6214	29876	28313	31481	26941	32962	26137	33865
5415	64524	62217	66873	60175	69024	58970	70328
5205	35066	33371	36803	31880	38404	31005	39377
9916	2163	1758	2610	1429	3049	1248	3328
9913	5949	5263	6677	4681	7368	4350	7798
9915	2943	2467	3461	2074	3964	1855	4281
4606	3669	3135	4245	2690	4800	2440	5148
6115	9326	8462	10232	7720	11084	7292	11610
4820	6154	5456	6894	4863	7596	4525	8033
9017	285	151	461	67	655	33	787
6123	61741	59485	64039	57489	66145	56311	67421
6114	20385	19098	21714	17974	22948	17318	23702
4607	6194	5494	6936	4899	7641	4559	8078
6505	3124	2633	3657	2226	4173	1999	4498
5020	9467	8596	10380	7848	11238	7417	11767
6113	42777	40903	44693	39250	46455	38278	47526
5010	15906	14771	17083	13785	18179	13211	18850
6020	81994	79391	84639	77082	87057	75717	88521
4900	52263	50189	54379	48357	56321	47277	57499
6010	128489	125225	131795	122321	134808	120600	136628
4400	9538	8664	10454	7913	11315	7480	11846
9900	1772	1407	2179	1115	2581	956	2838
9904	6740	6009	7513	5386	8246	5030	8700
9902	24192	22788	25638	21559	26977	20840	27794
4810	7955	7159	8793	6477	9584	6086	10074
5720	12518	11514	13564	10645	14543	10142	15144
9901	4787	4174	5442	3658	6068	3365	6459
5826	8766	7929	9645	7211	10473	6798	10984
5825	50510	48471	52591	46671	54500	45611	55659
5925	20616	19321	21953	18191	23193	17531	23951
9015	1864	1489	2281	1188	2692	1024	2954
4506	30441	28863	32061	27478	33556	26665	34466
4605	16102	14960	17286	13968	18388	13390	19064
9002	9722	8839	10647	8080	11515	7643	12051
4226	3562	3036	4130	2598	4677	2353	5021
4505	1444	1117	1813	858	2182	719	2418
4225	3369	2858	3922	2434	4456	2196	4792
5716	8583	7755	9453	7045	10273	6637	10779
5916	8257	7445	9111	6750	9916	6350	10413
4300	12197	11206	13230	10349	14196	9853	14791
5815	27928	26417	29481	25093	30915	24317	31789
9004	5700	5029	6413	4461	7091	4137	7513
5715	2266	1851	2723	1513	3171	1327	3455
3330	2656	2205	3149	1834	3630	1629	3933
6506	6678	5950	7448	5330	8177	4976	8630
5915	5328	4680	6018	4132	6675	3821	7085
3905	20372	19085	21701	17962	22934	17306	23688
4130	26003	24546	27502	23270	28888	22523	29733
6930	3642	3110	4216	2667	4769	2418	5116
3825	9005	8156	9896	7428	10734	7008	11251
4120	3810	3265	4397	2811	4961	2555	5315
3816	4892	4272	5554	3750	6186	3453	6581
4210	5644	4977	6353	4411	7028	4089	7448
9016	1903	1524	2324	1219	2739	1053	3003
4005	1972	1586	2400	1274	2821	1104	3090
4230	2144	1741	2589	1413	3026	1234	3304
3815	10876	9941	11853	9135	12768	8669	13332
3705	34604	32920	36330	31440	37920	30570	38888
3900	26901	25419	28425	24120	29834	23359	30693
4110	32263	30638	33930	29210	35467	28372	36404
3416	3393	2880	3948	2454	4483	2216	4820
3413	1615	1268	2004	991	2391	842	2638
3706	4038	3477	4641	3007	5221	2742	5584
3600	54658	52536	56822	50662	58806	49556	60010
3415	5095	4462	5770	3928	6414	3624	6816
3320	6117	5421	6855	4831	7555	4493	7990
3505	22422	21071	23815	19890	25106	19199	25895
3414	3149	2656	3684	2247	4202	2019	4528
6900	1977	1591	2405	1278	2827	1108	3096
2940	3041	2557	3567	2156	4077	1933	4399
2216	3999	3440	4600	2973	5176	2710	5538
3046	8799	7960	9680	7241	10509	6827	11021
2225	6772	6039	7547	5414	8281	5057	8737
3426	3485	2965	4047	2533	4589	2290	4930
3427	6203	5502	6946	4907	7651	4567	8089
3045	3981	3424	4580	2958	5156	2695	5517
3310	3686	3151	4263	2704	4819	2454	5168
3030	11145	10199	12133	9382	13060	8910	13630
3130	25022	23593	26493	22343	27853	21611	28683
3010	11184	10236	12174	9418	13102	8945	13673
3020	22217	20872	23604	19697	24889	19010	25674
3425	3437	2921	3995	2492	4534	2251	4873
2100	2624	2176	3114	1808	3592	1604	3894
1606	3504	2983	4067	2549	4611	2306	4952
2215	7024	6277	7813	5640	8560	5275	9023
1720	7626	6847	8447	6181	9223	5799	9703
3120	16412	15259	17607	14256	18719	13673	19401
1900	14986	13885	16129	12930	17194	12374	17848
3110	3342	2833	3893	2411	4425	2175	4759
3200	9381	8514	10290	7770	11144	7341	11671
1605	7358	6593	8165	5940	8928	5565	9401
2000	15242	14132	16394	13167	17468	12607	18127
1820	28724	27192	30298	25848	31752	25060	32638
1200	5681	5011	6393	4444	7070	4121	7491
1710	13036	12011	14103	11123	15101	10608	15713
1810	16298	15149	17489	14150	18597	13569	19277
900	12641	11632	13692	10759	14675	10252	15279
806	4434	3845	5065	3350	5670	3070	6048
1506	4357	3773	4983	3283	5583	3006	5958
1410	15346	14232	16502	13264	17580	12701	18240
1505	6765	6032	7540	5408	8273	5051	8729
1330	6102	5407	6839	4817	7538	4481	7973
1000	2301	1882	2762	1541	3212	1354	3498
1320	5153	4516	5832	3979	6479	3673	6883
1420	15673	14547	16841	13568	17929	12999	18597
1130	3593	3065	4163	2625	4713	2378	5058
1116	8488	7665	9353	6959	10169	6553	10673
1310	6496	5778	7256	5168	7976	4819	8423
805	5246	4603	5931	4060	6583	3752	6990
1115	4947	4323	5613	3798	6248	3500	6644
205	13730	12677	14825	11765	15847	11235	16475
136	4448	3858	5080	3362	5686	3082	6064
1120	12228	11236	13262	10378	14230	9881	14825
705	3251	2749	3795	2334	4320	2101	4651
120	1442	1115	1811	856	2179	718	2416
325	6162	5464	6902	4871	7605	4532	8042
135	3352	2842	3904	2419	4436	2183	4771
706	3773	3231	4357	2779	4919	2525	5271
206	8726	7891	9603	7175	10429	6763	10939
2910	1027	754	1342	545	1661	436	1868
315	7189	6433	7987	5788	8742	5418	9209
2935	20185	18904	21508	17786	22735	17134	23486
605	4495	3902	5130	3403	5739	3121	6119
606	4681	4075	5329	3565	5949	3276	6336
506	5795	5118	6514	4545	7197	4218	7622
110	1096	814	1420	595	1748	481	1961
505	10768	9838	11740	9036	12651	8573	13213
2936	2911	2438	3426	2047	3927	1830	4242
405	4012	3453	4613	2985	5191	2721	5553
2926	2770	2309	3273	1929	3763	1718	4072
2925	2614	2166	3104	1799	3580	1596	3882
2927	1714	1356	2114	1069	2511	913	2765
