faz_id mean lower_50 upper_50 lower_80 upper_80 lower_90 upper_90
8935	4868	4250	5528	3729	6159	3433	6553
8927	1091	809	1415	592	1742	478	1954
8926	2426	1996	2898	1644	3360	1450	3652
8936	3464	2946	4024	2515	4565	2273	4905
8500	11135	10189	12123	9373	13049	8901	13619
8406	261	134	430	55	618	25	747
8320	9158	8302	10056	7567	10901	7144	11422
8925	2867	2397	3379	2010	3875	1795	4189
8937	9520	8647	10435	7896	11295	7464	11826
8405	944	683	1247	485	1555	382	1756
8310	9951	9058	10886	8289	11764	7846	12306
8910	2857	2388	3368	2002	3864	1787	4177
7905	5191	4552	5872	4012	6522	3705	6927
7606	776	542	1052	367	1337	278	1524
7805	3401	2888	3956	2461	4493	2222	4830
8220	12892	11872	13954	10990	14946	10479	15555
8000	38354	36580	40170	35019	41841	34101	42857
8906	1323	1011	1677	765	2032	635	2261
8210	28101	26586	29658	25257	31097	24478	31974
9020	4453	3862	5086	3367	5691	3086	6070
8125	6644	5918	7412	5300	8140	4947	8591
8126	8737	7901	9615	7185	10441	6772	10952
8905	1043	768	1360	556	1681	446	1890
7806	1497	1163	1873	899	2247	757	2487
7700	5108	4474	5784	3939	6429	3635	6831
7526	10674	9748	11642	8950	12549	8489	13109
7340	3931	3377	4527	2915	5099	2654	5458
7605	1099	816	1424	597	1752	483	1965
7537	14883	13786	16022	12834	17084	12281	17735
8115	11788	10814	12804	9973	13755	9486	14340
7335	11149	10202	12138	9386	13064	8913	13635
8600	11466	10506	12468	9677	13407	9197	13985
7425	4638	4035	5283	3528	5900	3240	6285
7535	5971	5284	6700	4701	7393	4368	7823
7525	2794	2331	3299	1949	3791	1737	4101
7436	2472	2037	2949	1682	3414	1485	3708
9019	5182	4543	5863	4004	6512	3698	6916
7026	1683	1328	2080	1044	2473	891	2725
7205	7605	6827	8425	6162	9200	5780	9680
7515	7713	6929	8539	6259	9319	5875	9801
7320	8718	7883	9595	7168	10420	6756	10930
7206	19755	18488	21064	17383	22279	16738	23022
7315	4831	4215	5489	3696	6117	3402	6510
7435	4317	3736	4940	3248	5537	2973	5911
7316	4612	4011	5255	3505	5871	3219	6255
7025	11710	10739	12723	9901	13671	9416	14254
7415	12796	11780	13854	10902	14842	10392	15450
7100	11885	10907	12905	10062	13860	9573	14447
7015	5496	4838	6196	4281	6863	3964	7278
9908	3395	2882	3950	2456	4486	2217	4823
6410	16160	15016	17346	14022	18450	13443	19127
6420	8880	8037	9765	7314	10597	6898	11112
5535	5532	4871	6235	4312	6903	3994	7320
5600	16111	14969	17295	13976	18398	13398	19074
5546	12468	11466	13512	10599	14489	10097	15089
4706	2522	2083	3003	1723	3473	1524	3770
6605	2717	2260	3216	1885	3701	1677	4007
6910	1045	770	1362	558	1684	447	1893
6606	1631	1282	2022	1003	2410	853	2659
9909	1347	1032	1704	784	2062	651	2292
9011	6165	5466	6906	4873	7608	4535	8045
5525	6829	6093	7607	5465	8344	5106	8801
5515	5947	5261	6675	4680	7366	4348	7796
6326	13735	12682	14830	11770	15852	11240	16480
9914	3885	3335	4477	2875	5047	2616	5403
5545	4235	3660	4852	3177	5444	2905	5815
6223	9820	8933	10749	8170	11622	7730	12160
5306	20547	19254	21882	18126	23120	17467	23877
6325	8263	7451	9117	6756	9922	6356	10420
9009	2458	2025	2933	1670	3397	1475	3691
9006	1915	1535	2337	1229	2753	1062	3018
6225	17472	16282	18704	15246	19850	14642	20552
9018	11726	10755	12739	9916	13688	9430	14272
5425	38455	36679	40273	35115	41946	34196	42964
5305	26529	25057	28043	23768	29442	23013	30295
5426	13922	12862	15024	11943	16053	11409	16685
6226	7150	6396	7946	5753	8699	5385	9165
6126	3213	2715	3753	2302	4276	2071	4605
6224	8343	7527	9201	6828	10010	6426	10510
6216	10259	9352	11208	8571	12099	8120	12648
6316	21444	20123	22807	18969	24070	18295	24843
6215	18559	17332	19828	16262	21008	15638	21730
5100	1701	1344	2100	1058	2495	904	2748
6213	15810	14679	16983	13696	18076	13124	18746
9005	464	288	682	165	915	107	1071
6124	13776	12721	14873	11807	15896	11277	16525
6125	11051	10109	12035	9296	12958	8826	13526
6214	30127	28557	31739	27180	33226	26372	34132
5415	62259	59993	64567	57989	66681	56806	67962
5205	35934	34218	37692	32708	39312	31821	40297
9916	2190	1782	2640	1451	3081	1269	3361
9913	6092	5398	6828	4808	7527	4472	7962
9915	3014	2532	3538	2134	4046	1912	4366
4606	3647	3115	4221	2671	4775	2422	5122
6115	9470	8599	10383	7851	11241	7419	11771
4820	6172	5473	6913	4879	7616	4541	8053
9017	294	158	472	71	669	36	802
6123	65397	63074	67762	61019	69927	59805	71239
6114	21025	19717	22375	18575	23626	17908	24392
4607	6697	5968	7468	5347	8198	4992	8651
6505	3145	2652	3680	2244	4198	2016	4524
5020	9868	8979	10799	8214	11674	7772	12214
6113	43530	41639	45463	39972	47240	38991	48319
5010	15989	14851	17169	13862	18267	13287	18941
6020	88397	85693	91143	83294	93651	81875	95169
4900	67137	64783	69533	62700	71726	61469	73055
6010	136156	132795	139559	129805	142659	128032	144530
4400	9938	9045	10873	8277	11750	7834	12292
9900	1792	1425	2201	1131	2605	971	2863
9904	6787	6053	7563	5428	8298	5070	8754
9902	25162	23729	26637	22475	28001	21741	28833
4810	8461	7639	9325	6935	10139	6530	10642
5720	13344	12306	14424	11408	15432	10886	16051
9901	5231	4589	5915	4047	6567	3739	6973
5826	9053	8202	9946	7472	10786	7051	11305
5825	53149	51057	55283	49209	57240	48120	58428
5925	21279	19963	22637	18814	23896	18143	24665
9015	1909	1530	2330	1224	2746	1057	3011
4506	30838	29250	32468	27855	33973	27037	34889
4605	17988	16780	19238	15728	20400	15115	21111
9002	9853	8964	10784	8200	11658	7759	12197
4226	3751	3211	4333	2760	4894	2507	5245
4505	1487	1155	1861	891	2235	750	2474
4225	3451	2934	4010	2504	4550	2263	4889
5716	9070	8218	9964	7487	10805	7066	11324
5916	8521	7696	9388	6989	10205	6582	10710
4300	13564	12518	14652	11611	15668	11085	16293
5815	28237	26718	29798	25386	31240	24605	32119
9004	6038	5347	6771	4760	7467	4426	7900
5715	2331	1910	2794	1566	3248	1377	3535
3330	2609	2162	3098	1795	3575	1592	3876
6506	7750	6964	8578	6292	9359	5907	9843
5915	5742	5069	6457	4498	7138	4173	7561
3905	20662	19366	22000	18234	23242	17573	24000
4130	27323	25829	28859	24520	30278	23753	31143
6930	3765	3224	4348	2772	4910	2518	5262
3825	9544	8670	10460	7918	11321	7485	11853
4120	4064	3501	4669	3029	5250	2764	5614
3816	5061	4430	5734	3898	6376	3596	6776
4210	5987	5299	6717	4715	7411	4382	7842
9016	1956	1572	2382	1262	2802	1092	3070
4005	2051	1657	2487	1338	2916	1163	3188
4230	2180	1773	2629	1443	3069	1261	3349
3815	11297	10344	12292	9522	13224	9046	13798
3705	35942	34226	37700	32716	39320	31829	40305
3900	29603	28047	31201	26682	32676	25881	33574
4110	32886	31245	34569	29803	36121	28957	37065
3416	3388	2876	3942	2450	4478	2212	4814
3413	1684	1329	2081	1045	2475	892	2726
3706	4165	3595	4777	3117	5365	2847	5733
3600	62909	60631	65229	58616	67354	57427	68641
3415	5192	4553	5873	4013	6523	3706	6928
3320	6819	6083	7597	5457	8333	5098	8790
3505	24070	22669	25513	21444	26848	20727	27663
3414	3222	2723	3763	2309	4287	2078	4616
6900	2021	1630	2454	1314	2880	1141	3151
2940	3198	2701	3737	2289	4259	2059	4587
2216	4412	3824	5042	3331	5645	3052	6022
3046	9293	8431	10197	7690	11048	7263	11573
2225	7141	6388	7936	5745	8689	5377	9155
3426	3823	3277	4411	2822	4976	2566	5330
3427	6304	5597	7053	4997	7763	4654	8204
3045	4134	3566	4744	3090	5330	2822	5696
3310	4205	3632	4820	3151	5410	2880	5780
3030	12129	11141	13159	10287	14123	9792	14716
3130	26429	24960	27940	23673	29336	22920	30188
3010	11660	10691	12671	9855	13617	9371	14199
3020	22788	21426	24192	20234	25493	19538	26288
3425	3585	3057	4155	2618	4704	2371	5049
2100	2684	2230	3180	1857	3662	1651	3967
1606	3790	3247	4375	2794	4938	2539	5291
2215	7065	6316	7856	5677	8605	5311	9069
1720	7624	6845	8445	6179	9221	5797	9701
3120	16967	15794	18182	14774	19312	14180	20004
1900	15411	14294	16570	13325	17649	12761	18311
3110	3449	2932	4008	2502	4548	2261	4887
3200	10001	9106	10938	8335	11819	7890	12362
1605	7468	6697	8281	6039	9049	5661	9525
2000	15401	14285	16559	13315	17638	12752	18300
1820	32220	30596	33886	29169	35422	28332	36358
1200	5846	5166	6568	4590	7254	4262	7680
1710	13469	12426	14554	11523	15566	10999	16189
1810	17629	16433	18867	15392	20018	14786	20722
900	13442	12400	14526	11498	15537	10975	16159
806	4491	3898	5126	3400	5734	3118	6114
1506	4705	4097	5355	3586	5976	3296	6363
1410	15549	14427	16713	13453	17797	12886	18462
1505	7064	6315	7855	5676	8604	5310	9068
1330	6209	5508	6952	4912	7657	4572	8096
1000	2374	1948	2842	1601	3299	1410	3588
1320	5505	4846	6206	4289	6873	3971	7289
1420	17383	16196	18612	15162	19755	14560	20455
1130	3791	3248	4376	2794	4939	2539	5292
1116	8628	7798	9500	7086	10322	6676	10830
1310	6721	5991	7493	5369	8225	5013	8679
805	5370	4719	6063	4169	6722	3857	7133
1115	5109	4475	5785	3940	6430	3636	6832
205	14100	13033	15209	12108	16244	11570	16880
136	4469	3877	5103	3380	5709	3099	6088
1120	12422	11422	13464	10557	14439	10055	15039
705	3875	3326	4466	2867	5035	2608	5392
120	1489	1156	1864	893	2237	751	2477
325	6260	5556	7006	4958	7714	4616	8154
135	3440	2923	3999	2494	4537	2254	4876
706	3871	3322	4462	2863	5031	2605	5387
206	9871	8981	10803	8216	11677	7775	12217
2910	1051	775	1369	562	1692	451	1901
315	7292	6530	8096	5880	8855	5508	9326
2935	20345	19059	21673	17936	22905	17281	23659
605	4753	4142	5406	3628	6030	3337	6419
606	4906	4285	5569	3762	6202	3465	6597
506	6698	5969	7469	5348	8199	4993	8653
110	1171	878	1506	651	1843	531	2061
505	12904	11884	13966	11001	14958	10489	15569
2936	3002	2521	3525	2124	4032	1902	4352
405	4153	3583	4765	3106	5351	2837	5719
2926	2855	2386	3366	2000	3862	1785	4174
2925	2831	2364	3340	1980	3834	1766	4145
2927	1805	1437	2215	1141	2621	980	2880
