faz_id mean lower_50 upper_50 lower_80 upper_80 lower_90 upper_90
8935	5478	4626	6402	3920	7296	3526	7859
8927	1112	748	1548	482	2003	350	2302
8926	3158	2520	3868	2006	4570	1727	5017
8936	3541	2863	4291	2314	5028	2013	5497
8500	12718	11401	14107	10276	15420	9631	16233
8406	280	115	517	28	792	4	984
8320	10496	9303	11761	8290	12963	7711	13709
8925	3298	2645	4023	2118	4738	1831	5193
8937	10565	9368	11834	8351	13039	7770	13788
8405	1004	660	1420	411	1857	291	2146
8310	10342	9158	11598	8153	12791	7579	13533
8910	2980	2361	3671	1865	4355	1596	4792
7905	5602	4740	6536	4025	7439	3625	8007
7606	803	499	1179	287	1579	188	1847
7805	3540	2862	4290	2313	5027	2013	5496
8220	14703	13284	16194	12068	17598	11368	18467
8000	38795	36468	41194	34433	43417	33244	44775
8906	1364	957	1843	652	2336	497	2659
8210	36704	34441	39039	32465	41203	31310	42526
9020	4811	4015	5679	3359	6523	2995	7056
8125	7795	6772	8890	5911	9939	5425	10594
8126	10659	9456	11934	8434	13144	7851	13895
8905	1093	732	1526	469	1977	339	2275
7806	1762	1294	2302	935	2849	747	3205
7700	5166	4340	6064	3657	6935	3276	7484
7526	11230	9994	12538	8943	13777	8342	14546
7340	3968	3248	4760	2661	5535	2338	6026
7605	1157	785	1601	511	2063	376	2367
7537	15431	13976	16958	12728	18394	12009	19281
8115	12130	10844	13488	9748	14772	9120	15568
7335	11472	10223	12793	9159	14045	8551	14821
8600	11932	10657	13279	9571	14553	8949	15344
7425	5008	4195	5893	3524	6752	3151	7294
7535	6737	5788	7758	4995	8739	4549	9354
7525	2908	2297	3591	1808	4268	1544	4701
7436	2500	1936	3136	1490	3770	1251	4178
9019	5407	4561	6325	3860	7214	3469	7774
7026	1731	1268	2266	912	2810	727	3163
7205	8133	7087	9251	6206	10320	5707	10987
7515	8147	7100	9266	6219	10336	5719	11003
7320	9440	8310	10642	7354	11786	6810	12498
7206	23933	22113	25825	20535	27591	19619	28676
7315	4984	4173	5867	3504	6724	3132	7265
7435	4618	3839	5469	3198	6298	2843	6821
7316	4710	3922	5570	3275	6405	2915	6933
7025	12265	10972	13630	9869	14921	9237	15721
7415	12961	11631	14363	10495	15687	9843	16508
7100	13529	12169	14961	11006	16312	10338	17148
7015	5850	4968	6804	4236	7724	3825	8303
9908	3457	2787	4199	2246	4928	1950	5392
6410	17394	15847	19013	14516	20532	13748	21469
6420	8596	7519	9745	6612	10840	6096	11524
5535	5071	4253	5961	3577	6825	3201	7370
5600	16568	15059	18149	13763	19634	13014	20550
5546	13252	11907	14669	10757	16007	10097	16836
4706	2670	2086	3326	1622	3978	1372	4397
6605	2785	2188	3454	1711	4119	1454	4544
6910	1198	819	1649	539	2117	399	2425
6606	1753	1287	2291	928	2838	742	3193
9909	1370	962	1850	656	2344	501	2668
9011	6208	5299	7189	4541	8135	4116	8729
5525	6669	5725	7685	4937	8661	4493	9274
5515	6050	5153	7019	4406	7954	3987	8541
6326	15041	13605	16549	12374	17968	11665	18845
9914	4000	3277	4795	2688	5572	2363	6066
5545	4337	3583	5163	2965	5969	2623	6479
6223	11121	9892	12422	8846	13656	8248	14422
5306	21544	19819	23341	18327	25021	17462	26055
6325	8676	7594	9830	6682	10930	6164	11617
9009	2507	1942	3144	1495	3779	1256	4187
9006	2212	1684	2812	1269	3415	1050	3803
6225	18493	16897	20161	15522	21724	14727	22688
9018	11994	10716	13344	9626	14622	9002	15414
5425	48142	45545	50811	43268	53276	41934	54779
5305	28398	26412	30456	24685	32371	23679	33545
5426	13967	12585	15421	11402	16792	10722	17641
6226	7431	6433	8501	5595	9527	5122	10169
6126	3440	2772	4180	2232	4908	1937	5371
6224	8592	7516	9740	6608	10836	6093	11520
6216	10550	9353	11818	8338	13023	7758	13771
6316	23638	21829	25519	20262	27274	19352	28353
6215	21486	19763	23281	18273	24959	17410	25991
5100	1762	1294	2302	935	2849	747	3205
6213	16095	14609	17653	13332	19118	12596	20023
9005	488	259	789	114	1122	56	1349
6124	14065	12678	15524	11490	16900	10808	17751
6125	11565	10311	12891	9242	14148	8631	14927
6214	30683	28617	32821	26818	34808	25770	36025
5415	62017	59065	65041	56468	67826	54942	69521
5205	39401	37055	41819	35004	44058	33805	45426
9916	2219	1690	2820	1275	3423	1054	3812
9913	6302	5385	7291	4622	8242	4192	8840
9915	3135	2499	3843	1988	4542	1710	4988
4606	3779	3077	4553	2507	5311	2194	5793
6115	9548	8411	10757	7450	11906	6902	12622
4820	6172	5265	7151	4510	8094	4087	8686
9017	311	135	559	39	843	9	1041
6123	68449	65346	71624	62612	74546	61005	76322
6114	22089	20342	23908	18830	25609	17953	26654
4607	7267	6280	8326	5453	9341	4986	9977
6505	3194	2552	3908	2035	4613	1754	5063
5020	10534	9338	11802	8323	13005	7744	13753
6113	44368	41876	46932	39694	49302	38416	50748
5010	16064	14579	17621	13303	19085	12568	19988
6020	91172	87585	94831	84416	98188	82548	100225
4900	80996	77617	84447	74635	87617	72880	89541
6010	144959	140426	149564	136406	153772	134028	156318
4400	10718	9512	11996	8487	13209	7902	13963
9900	1814	1339	2361	973	2915	781	3275
9904	6804	5850	7830	5053	8815	4604	9433
9902	26386	24473	28371	22811	30221	21845	31355
4810	8243	7190	9368	6302	10444	5800	11115
5720	14463	13056	15942	11850	17336	11157	18198
9901	5560	4701	6491	3989	7391	3592	7957
5826	9494	8361	10699	7402	11846	6856	12560
5825	54581	51814	57420	49383	60039	47957	61634
5925	22473	20710	24308	19184	26022	18299	27075
9015	1987	1488	2558	1100	3134	896	3506
4506	30958	28883	33105	27075	35101	26022	36323
4605	20710	19019	22473	17558	24122	16712	25137
9002	9955	8794	11188	7810	12361	7249	13090
4226	3876	3165	4659	2586	5426	2268	5913
4505	1552	1115	2061	784	2580	613	2919
4225	3408	2743	4145	2207	4869	1913	5331
5716	10340	9156	11596	8151	12789	7578	13531
5916	8792	7703	9953	6784	11060	6262	11751
4300	16058	14573	17615	13298	19078	12563	19982
5815	28984	26977	31063	25231	32997	24215	34182
9004	6554	5619	7561	4838	8530	4398	9138
5715	2383	1833	3005	1400	3626	1168	4026
3330	2685	2099	3343	1633	3997	1382	4416
6506	9982	8819	11217	7833	12391	7272	13121
5915	5918	5031	6877	4294	7802	3880	8384
3905	21249	19536	23034	18055	24703	17196	25730
4130	29117	27105	31201	25355	33139	24336	34326
6930	3935	3218	4724	2634	5496	2313	5985
3825	9768	8618	10990	7644	12152	7089	12875
4120	4216	3473	5031	2865	5827	2530	6331
3816	5373	4529	6289	3831	7175	3442	7733
4210	6419	5494	7416	4722	8376	4288	8978
9016	2013	1511	2587	1120	3166	914	3541
4005	2235	1704	2838	1287	3443	1065	3833
4230	2253	1719	2859	1301	3466	1078	3857
3815	12459	11156	13834	10043	15135	9406	15941
3705	38217	35907	40599	33889	42805	32709	44154
3900	35344	33124	37636	31186	39762	30055	41061
4110	34553	32358	36820	30444	38922	29326	40208
3416	3491	2818	4236	2274	4969	1976	5435
3413	1785	1314	2328	951	2879	762	3236
3706	4264	3516	5084	2905	5883	2567	6390
3600	71670	68494	74918	65695	77905	64048	79721
3415	5285	4449	6193	3757	7073	3371	7627
3320	7254	6268	8312	5442	9326	4975	9961
3505	26950	25016	28956	23336	30824	22359	31970
3414	3283	2631	4007	2106	4720	1820	5174
6900	2067	1557	2649	1160	3234	950	3612
2940	3307	2653	4033	2126	4749	1838	5205
2216	4738	3948	5600	3298	6438	2937	6967
3046	9721	8574	10940	7602	12100	7049	12821
2225	7508	6504	8584	5662	9614	5186	10259
3426	4175	3436	4986	2831	5779	2498	6281
3427	6654	5711	7669	4924	8644	4480	9256
3045	4272	3524	5092	2911	5893	2573	6399
3310	4927	4121	5805	3456	6658	3087	7196
3030	13343	11993	14765	10839	16107	10176	16938
3130	28877	26874	30952	25132	32883	24117	34065
3010	12362	11064	13732	9956	15028	9322	15831
3020	23199	21407	25063	19855	26803	18955	27872
3425	3698	3004	4464	2441	5215	2132	5692
2100	2746	2153	3411	1681	4071	1426	4494
1606	3988	3266	4782	2678	5558	2354	6051
2215	7119	6143	8167	5325	9173	4863	9803
1720	7916	6884	9020	6017	10075	5526	10735
3120	17572	16017	19199	14679	20725	13906	21666
1900	16875	15352	18470	14042	19968	13287	20892
3110	3580	2898	4334	2345	5075	2043	5546
3200	10436	9246	11698	8236	12896	7660	13641
1605	7680	6664	8768	5811	9809	5329	10459
2000	15649	14184	17186	12926	18632	12201	19525
1820	39250	36909	41663	34862	43898	33665	45263
1200	6396	5472	7392	4702	8350	4269	8951
1710	14150	12759	15613	11567	16993	10882	17846
1810	20432	18753	22183	17302	23822	16462	24830
900	14135	12744	15598	11554	16976	10869	17829
806	4610	3831	5461	3192	6288	2837	6812
1506	4913	4108	5790	3444	6642	3075	7179
1410	16231	14738	17796	13456	19267	12716	20174
1505	7168	6188	8220	5367	9229	4904	9860
1330	6396	5472	7392	4702	8350	4269	8951
1000	2407	1854	3032	1418	3656	1185	4057
1320	5684	4815	6625	4095	7533	3691	8105
1420	21083	19377	22861	17902	24524	17047	25547
1130	4420	3658	5254	3034	6066	2688	6580
1116	8928	7830	10098	6903	11213	6376	11908
1310	6902	5941	7935	5137	8927	4684	9548
805	5446	4596	6368	3893	7259	3500	7820
1115	5360	4517	6274	3820	7160	3431	7717
205	15019	13584	16526	12354	17944	11646	18821
136	4536	3764	5380	3130	6202	2779	6722
1120	13590	12227	15025	11061	16379	10392	17217
705	4910	4105	5787	3442	6638	3073	7175
120	1583	1142	2096	806	2620	633	2962
325	6408	5483	7405	4712	8364	4279	8965
135	3665	2975	4427	2414	5176	2107	5651
706	3986	3264	4780	2676	5556	2352	6048
206	11018	9794	12314	8754	13542	8160	14305
2910	1181	805	1629	527	2095	389	2401
315	7484	6482	8558	5641	9587	5166	10231
2935	20716	19025	22479	17564	24129	16717	25143
605	4957	4148	5838	3481	6693	3110	7232
606	5187	4359	6087	3675	6960	3293	7509
506	8538	7465	9683	6561	10775	6047	11457
110	1260	870	1722	580	2200	435	2513
505	15252	13806	16770	12566	18199	11851	19081
2936	3191	2549	3905	2033	4609	1752	5059
405	4800	4005	5667	3350	6510	2986	7042
2926	2948	2332	3636	1840	4316	1573	4752
2925	2950	2334	3638	1841	4319	1574	4754
2927	2092	1579	2677	1179	3265	967	3645
