faz_id mean lower_50 upper_50 lower_80 upper_80 lower_90 upper_90
8935	6137	5531	6774	5013	7375	4714	7747
8927	2692	2296	3119	1966	3531	1781	3790
8926	7655	6977	8365	6393	9031	6055	9442
8936	7721	7040	8434	6453	9103	6114	9515
8500	8916	8183	9681	7549	10397	7182	10837
8406	1225	963	1518	754	1810	641	1996
8320	5895	5302	6520	4794	7110	4503	7475
8925	7597	6921	8304	6340	8968	6004	9378
8937	8889	8157	9653	7524	10367	7158	10807
8405	8070	7373	8798	6772	9481	6425	9902
8310	14031	13107	14986	12302	15874	11832	16417
8910	8394	7683	9137	7069	9832	6714	10261
7905	11459	10625	12324	9902	13130	9481	13624
7606	2134	1783	2516	1494	2887	1334	3122
7805	10102	9320	10915	8643	11674	8250	12141
8220	10421	9627	11247	8939	12017	8539	12490
8000	6430	5810	7082	5278	7696	4972	8076
8906	3781	3309	4285	2911	4765	2685	5065
8210	7817	7131	8534	6541	9207	6200	9622
9020	9499	8742	10288	8086	11025	7706	11479
8125	8557	7839	9307	7219	10009	6860	10441
8126	7778	7094	8493	6505	9165	6165	9578
8905	4236	3735	4768	3311	5274	3070	5589
7806	3749	3279	4251	2883	4729	2658	5028
7700	3667	3202	4163	2811	4637	2589	4933
7526	6531	5906	7188	5369	7806	5061	8189
7340	11492	10657	12358	9932	13165	9511	13660
7605	801	592	1041	431	1285	347	1442
7537	13480	12575	14417	11786	15288	11327	15821
8115	15792	14811	16805	13954	17744	13454	18318
7335	16116	15125	17139	14259	18087	13753	18667
8600	8287	7581	9025	6971	9716	6619	10142
7425	11926	11075	12808	10336	13630	9906	14133
7535	14252	13321	15215	12509	16109	12035	16656
7525	7524	6852	8228	6273	8889	5939	9296
7436	2341	1973	2741	1668	3127	1498	3371
9019	8506	7790	9253	7172	9954	6815	10385
7026	4360	3852	4900	3421	5412	3176	5732
7205	6455	5833	7108	5300	7723	4994	8104
7515	2505	2124	2918	1807	3317	1630	3567
7320	12747	11867	13658	11101	14506	10656	15026
7206	8598	7878	9349	7257	10053	6897	10486
7315	8216	7513	8951	6906	9640	6555	10064
7435	3463	3012	3946	2633	4407	2418	4696
7316	8735	8009	9492	7383	10201	7020	10637
7025	10524	9726	11354	9034	12128	8632	12603
7415	5373	4807	5970	4325	6535	4048	6885
7100	14218	13288	15180	12477	16073	12004	16619
7015	8093	7395	8822	6793	9506	6446	9928
9908	1145	892	1429	692	1712	584	1894
6410	24285	23064	25537	21992	26692	21363	27395
6420	20776	19648	21935	18659	23006	18080	23659
5535	14554	13613	15527	12792	16430	12313	16982
5600	7483	6812	8185	6235	8844	5902	9251
5546	8211	7508	8946	6901	9634	6551	10058
4706	5555	4979	6162	4488	6736	4206	7091
6605	5623	5044	6234	4549	6811	4265	7168
6910	2696	2300	3124	1970	3536	1785	3795
6606	3138	2709	3598	2350	4040	2147	4316
9909	2872	2463	3313	2121	3737	1928	4003
9011	5857	5266	6480	4760	7068	4469	7432
5525	7374	6708	8071	6136	8726	5806	9130
5515	12525	11653	13429	10894	14269	10453	14785
6326	12138	11280	13028	10534	13856	10099	14364
9914	8584	7865	9335	7244	10038	6885	10471
5545	6761	6124	7429	5578	8058	5263	8446
6223	14297	13364	15261	12551	16157	12077	16705
5306	11478	10644	12344	9919	13150	9498	13645
6325	16936	15919	17984	15031	18955	14511	19548
9009	2429	2054	2836	1743	3229	1569	3476
9006	6127	5522	6764	5004	7364	4706	7736
6225	11420	10588	12284	9865	13088	9445	13582
9018	10227	9440	11045	8759	11809	8363	12278
5425	18980	17903	20089	16959	21114	16407	21740
5305	13493	12587	14430	11798	15301	11339	15835
5426	9359	8607	10142	7957	10875	7580	11325
6226	14760	13812	15740	12985	16649	12502	17205
6126	6157	5550	6795	5031	7397	4732	7769
6224	11377	10547	12239	9826	13042	9406	13535
6216	6942	6297	7619	5743	8255	5423	8648
6316	15627	14651	16635	13799	17569	13301	18140
6215	11857	11009	12737	10272	13556	9843	14058
5100	3103	2677	3561	2320	4000	2119	4275
6213	10320	9530	11142	8845	11909	8448	12380
9005	3172	2741	3635	2380	4078	2176	4356
6124	14827	13877	15809	13048	16720	12564	17277
6125	5613	5034	6223	4540	6800	4257	7157
6214	238	131	376	62	527	33	630
5415	7235	6576	7926	6009	8574	5682	8975
5205	6267	5655	6911	5130	7518	4829	7893
9916	7585	6910	8292	6329	8955	5993	9364
9913	3555	3098	4044	2713	4511	2495	4803
9915	10869	10058	11712	9354	12498	8945	12980
4606	10902	10089	11746	9384	12533	8975	13016
6115	11791	10945	12668	10211	13485	9783	13986
4820	3797	3324	4302	2925	4783	2698	5083
9017	1796	1476	2148	1214	2492	1069	2710
6123	12195	11335	13087	10587	13917	10151	14426
6114	18315	17257	19404	16331	20412	15789	21028
4607	12358	11492	13256	10739	14091	10300	14603
6505	5195	4639	5783	4165	6339	3894	6684
5020	10978	10162	11825	9455	12615	9044	13099
6113	27608	26306	28942	25159	30170	24486	30917
5010	9198	8453	9975	7809	10701	7436	11148
6020	10824	10014	11665	9312	12450	8904	12931
4900	6995	6347	7674	5791	8313	5470	8707
6010	7666	6987	8376	6403	9043	6065	9454
4400	9672	8907	10468	8246	11212	7862	11669
9900	5066	4517	5646	4050	6196	3782	6537
9904	6571	5944	7230	5406	7850	5096	8233
9902	14405	13469	15373	12652	16272	12176	16821
4810	4856	4319	5425	3862	5964	3601	6298
5720	19255	18170	20372	17219	21404	16663	22034
9901	4511	3994	5060	3555	5581	3305	5905
5826	3459	3008	3941	2629	4403	2414	4691
5825	2037	1695	2411	1413	2774	1257	3004
5925	12088	11231	12976	10487	13803	10054	14309
9015	6624	5994	7285	5454	7908	5142	8293
4506	8169	7468	8902	6863	9589	6513	10012
4605	10985	10169	11832	9461	12622	9050	13107
9002	18543	17478	19639	16547	20653	16001	21272
4226	7930	7239	8652	6644	9330	6300	9747
4505	6140	5534	6777	5015	7378	4717	7750
4225	7637	6959	8346	6376	9012	6039	9422
5716	11435	10602	12299	9879	13104	9459	13598
5916	15456	14485	16458	13638	17387	13144	17956
4300	5697	5114	6312	4616	6892	4330	7251
5815	2319	1953	2717	1650	3102	1481	3345
9004	9470	8714	10258	8059	10994	7680	11447
5715	8139	7439	8870	6836	9556	6487	9979
3330	6574	5946	7233	5408	7853	5098	8237
6506	7175	6519	7863	5955	8509	5629	8908
5915	8283	7577	9021	6968	9712	6615	10138
3905	4864	4326	5433	3869	5972	3608	6307
4130	8477	7762	9223	7146	9922	6789	10353
6930	4580	4059	5133	3616	5657	3364	5983
3825	9161	8417	9936	7775	10661	7402	11107
4120	9358	8606	10141	7956	10874	7579	11324
3816	10609	9808	11442	9113	12219	8709	12696
4210	11432	10599	12296	9877	13101	9456	13595
9016	6695	6062	7360	5518	7986	5205	8372
4005	6921	6277	7597	5723	8232	5405	8625
4230	4968	4425	5543	3962	6088	3698	6426
3815	8912	8179	9677	7545	10392	7179	10833
3705	14330	13396	15295	12582	16192	12107	16740
3900	3731	3262	4231	2867	4709	2642	5007
4110	10051	9271	10862	8596	11620	8204	12085
3416	10019	9241	10829	8567	11585	8175	12050
3413	4603	4080	5157	3637	5683	3384	6010
3706	7429	6761	8129	6186	8785	5855	9191
3600	10083	9302	10895	8626	11654	8233	12120
3415	12518	11646	13421	10888	14262	10446	14777
3320	11712	10869	12586	10137	13401	9711	13900
3505	19104	18023	20216	17077	21245	16523	21873
3414	10939	10125	11785	9419	12573	9008	13057
6900	4400	3889	4942	3457	5457	3210	5777
2940	10137	9354	10952	8676	11712	8282	12179
2216	8498	7782	9245	7165	9945	6808	10376
3046	10976	10161	11823	9453	12613	9042	13097
2225	8445	7732	9190	7116	9888	6760	10317
3426	8986	8250	9754	7613	10472	7245	10914
3427	9713	8947	10511	8284	11256	7899	11714
3045	12369	11502	13267	10749	14103	10310	14615
3310	10816	10007	11657	9305	12441	8897	12922
3030	19157	18075	20271	17127	21301	16572	21929
3130	7953	7261	8676	6665	9355	6321	9773
3010	18146	17093	19230	16172	20234	15633	20847
3020	11493	10658	12359	9933	13166	9512	13661
3425	8975	8239	9742	7603	10460	7235	10902
2100	8285	7579	9023	6969	9714	6617	10140
1606	6051	5450	6684	4935	7281	4639	7650
2215	8063	7366	8791	6766	9474	6419	9894
1720	13032	12142	13953	11367	14810	10916	15335
3120	11475	10641	12341	9917	13147	9495	13642
1900	553	382	755	255	964	192	1102
3110	3712	3244	4211	2850	4688	2627	4985
3200	9689	8924	10486	8262	11230	7878	11688
1605	8264	7559	9001	6950	9692	6598	10117
2000	5982	5384	6611	4873	7205	4579	7573
1820	5051	4503	5631	4036	6179	3769	6520
1200	7989	7296	8714	6698	9394	6353	9812
1710	11482	10648	12348	9923	13155	9502	13649
1810	2943	2528	3389	2182	3818	1987	4087
900	5081	4531	5662	4063	6213	3795	6554
806	14914	13961	15899	13129	16812	12644	17371
1506	10106	9324	10919	8647	11679	8254	12145
1410	5511	4938	6116	4448	6687	4168	7041
1505	9613	8851	10407	8191	11148	7809	11604
1330	8883	8151	9646	7519	10361	7153	10801
1000	4082	3591	4605	3175	5102	2939	5412
1320	7396	6729	8094	6156	8750	5825	9154
1420	7811	7126	8528	6535	9200	6194	9615
1130	2939	2525	3385	2178	3813	1983	4082
1116	8292	7585	9030	6976	9722	6623	10148
1310	10821	10011	11662	9309	12446	8901	12928
805	9967	9191	10775	8518	11529	8128	11993
1115	6986	6339	7665	5783	8303	5462	8697
205	5917	5322	6543	4814	7134	4522	7499
136	5181	4626	5768	4152	6323	3882	6668
1120	16130	15138	17153	14272	18102	13766	18682
705	10277	9488	11097	8805	11862	8409	12333
120	5322	4759	5917	4279	6479	4004	6828
325	10769	9961	11608	9261	12391	8854	12871
135	7220	6562	7910	5996	8558	5669	8958
706	6092	5489	6727	4972	7326	4675	7696
206	6115	5510	6751	4993	7351	4695	7722
2910	1781	1462	2132	1201	2474	1058	2691
315	6459	5837	7112	5304	7728	4997	8108
2935	3004	2585	3455	2234	3887	2037	4158
605	10679	9875	11515	9178	12294	8773	12773
606	12133	11275	13023	10529	13851	10095	14358
506	12312	11447	13208	10696	14042	10258	14553
110	2300	1935	2696	1634	3080	1465	3322
505	22686	21507	23897	20472	25014	19865	25695
2936	3098	2672	3555	2316	3994	2114	4269
405	12430	11561	13330	10806	14168	10366	14681
2926	10403	9610	11228	8922	11998	8523	12471
2925	8099	7401	8829	6799	9513	6451	9934
2927	5219	4662	5808	4187	6365	3914	6711
