faz_id mean lower_50 upper_50 lower_80 upper_80 lower_90 upper_90
8935	4577	3913	5293	3360	5982	3049	6415
8927	1077	768	1438	535	1807	415	2048
8926	1949	1525	2425	1187	2899	1005	3202
8936	3387	2820	4006	2353	4609	2094	4989
8500	10153	9151	11207	8294	12200	7801	12814
8406	253	117	441	39	655	12	803
8320	8193	7296	9142	6533	10041	6096	10599
8925	2596	2102	3142	1702	3677	1483	4018
8937	8612	7692	9584	6907	10504	6458	11075
8405	877	601	1205	397	1545	295	1768
8310	9907	8918	10948	8072	11930	7586	12538
8910	2736	2229	3295	1816	3844	1590	4192
7905	5047	4349	5797	3764	6518	3434	6969
7606	761	506	1068	320	1390	229	1602
7805	3204	2653	3807	2201	4395	1951	4767
8220	12525	11410	13692	10450	14788	9896	15464
8000	38155	36189	40173	34463	42035	33451	43169
8906	1289	949	1681	687	2079	551	2337
8210	24769	23190	26400	21813	27913	21009	28839
9020	4266	3626	4958	3094	5626	2796	6045
8125	6453	5660	7298	4990	8104	4609	8606
8126	8029	7141	8969	6386	9860	5955	10413
8905	1011	713	1361	489	1721	375	1957
7806	1493	1125	1913	838	2336	687	2609
7700	5035	4337	5785	3754	6504	3425	6955
7526	10254	9247	11313	8385	12310	7890	12928
7340	3822	3218	4478	2718	5114	2439	5515
7605	1091	780	1454	545	1825	424	2067
7537	14687	13477	15949	12432	17130	11827	17856
8115	11303	10245	12413	9336	13457	8813	14102
7335	10846	9810	11934	8921	12958	8410	13591
8600	10900	9861	11991	8970	13017	8458	13652
7425	4144	3514	4826	2990	5486	2697	5900
7535	5608	4870	6398	4251	7153	3900	7626
7525	2679	2177	3233	1770	3776	1546	4121
7436	2355	1886	2876	1508	3389	1303	3717
9019	5012	4316	5760	3734	6478	3406	6928
7026	1640	1253	2079	949	2519	787	2802
7205	6982	6156	7860	5456	8695	5058	9215
7515	7455	6601	8361	5875	9222	5462	9758
7320	8077	7187	9019	6429	9913	5996	10467
7206	18426	17068	19836	15889	21151	15204	21957
7315	4710	4036	5436	3474	6134	3157	6572
7435	4069	3445	4745	2927	5399	2637	5811
7316	4524	3864	5236	3314	5921	3006	6352
7025	11227	10173	12333	9267	13374	8746	14017
7415	12552	11436	13720	10475	14817	9920	15494
7100	10246	9240	11304	8378	12302	7883	12919
7015	5288	4572	6056	3973	6791	3634	7252
9908	3364	2799	3981	2334	4582	2076	4962
6410	15322	14086	16610	13017	17815	12398	18556
6420	8890	7955	9877	7157	10811	6699	11390
5535	5655	4914	6448	4291	7206	3939	7680
5600	15534	14289	16831	13212	18043	12588	18789
5546	12278	11174	13434	10224	14519	9676	15189
4706	2427	1951	2955	1566	3476	1356	3807
6605	2539	2051	3079	1656	3609	1440	3947
6910	916	633	1251	423	1596	318	1824
6606	1584	1204	2016	907	2449	749	2729
9909	1320	976	1716	710	2118	571	2378
9011	6128	5356	6952	4705	7739	4335	8230
5525	6822	6006	7690	5315	8517	4922	9031
5515	5818	5066	6622	4434	7390	4075	7870
6326	12856	11726	14038	10752	15147	10190	15831
9914	3810	3207	4465	2708	5100	2429	5500
5545	4170	3537	4854	3012	5515	2718	5931
6223	9259	8304	10266	7488	11218	7020	11807
5306	19626	18223	21081	17005	22435	16296	23266
6325	8087	7196	9030	6438	9924	6005	10479
9009	2417	1942	2944	1558	3464	1349	3795
9006	1806	1399	2265	1076	2724	904	3018
6225	17280	15966	18646	14826	19922	14165	20705
9018	11524	10455	12645	9537	13698	9008	14349
5425	31314	29535	33145	27978	34838	27067	35871
5305	24768	23189	26399	21812	27912	21008	28838
5426	13280	12131	14481	11140	15607	10568	16301
6226	6986	6160	7864	5460	8700	5062	9220
6126	3065	2526	3656	2086	4232	1843	4597
6224	8048	7159	8989	6403	9881	5971	10434
6216	9930	8940	10972	8093	11955	7606	12564
6316	20504	19070	21990	17823	23373	17097	24221
6215	16745	15451	18091	14331	19347	13681	20119
5100	1673	1282	2116	974	2560	810	2845
6213	15712	14460	17016	13377	18235	12749	18985
9005	455	263	699	135	962	79	1140
6124	13266	12117	14467	11128	15592	10556	16286
6125	10863	9826	11952	8937	12977	8425	13610
6214	29876	28139	31665	26620	33320	25731	34330
5415	64524	61960	67140	59695	69541	58360	70998
5205	35066	33182	37002	31531	38789	30562	39879
9916	2163	1715	2663	1356	3158	1161	3475
9913	5949	5188	6762	4548	7538	4185	8022
9915	2943	2416	3522	1985	4088	1748	4447
4606	3669	3077	4313	2589	4937	2317	5330
6115	9326	8367	10337	7548	11292	7078	11883
4820	6154	5380	6980	4728	7768	4357	8260
9017	285	139	483	52	706	20	860
6123	61741	59233	64301	57019	66651	55715	68077
6114	20385	18955	21867	17712	23246	16988	24091
4607	6194	5417	7023	4763	7813	4391	8306
6505	3124	2580	3720	2135	4301	1888	4669
5020	9467	8501	10485	7675	11447	7201	12042
6113	42777	40694	44912	38862	46879	37787	48077
5010	15906	14646	17218	13556	18444	12923	19198
6020	81994	79100	84940	76538	87638	75026	89272
4900	52263	49958	54620	47926	56788	46731	58105
6010	128489	124860	132170	121636	135530	119727	137561
4400	9538	8568	10560	7739	11525	7263	12122
9900	1772	1369	2227	1050	2682	880	2974
9904	6740	5929	7603	5243	8425	4852	8937
9902	24192	22632	25804	21271	27300	20478	28216
4810	7955	7071	8891	6320	9778	5891	10328
5720	12518	11403	13685	10443	14780	9889	15456
9901	4787	4107	5519	3540	6222	3221	6663
5826	8766	7837	9747	7045	10675	6592	11250
5825	50510	48244	52828	46248	54960	45074	56255
5925	20616	19178	22106	17927	23493	17199	24342
9015	1864	1450	2330	1121	2795	945	3093
4506	30441	28688	32246	27153	33916	26256	34936
4605	16102	14834	17422	13737	18655	13100	19413
9002	9722	8743	10753	7905	11727	7424	12329
4226	3562	2979	4197	2499	4813	2232	5201
4505	1444	1082	1857	801	2274	653	2544
4225	3369	2803	3987	2338	4588	2080	4968
5716	8583	7664	9554	6881	10472	6433	11042
5916	8257	7356	9210	6590	10112	6151	10672
4300	12197	11097	13349	10150	14431	9604	15099
5815	27928	26250	29658	24783	31261	23926	32240
9004	5700	4956	6496	4331	7257	3977	7733
5715	2266	1807	2777	1437	3282	1237	3605
3330	2656	2156	3208	1751	3749	1529	4093
6506	6678	5871	7537	5188	8356	4800	8866
5915	5328	4610	6098	4007	6837	3667	7298
3905	20372	18943	21853	17700	23232	16976	24077
4130	26003	24385	27673	22972	29222	22146	30169
6930	3642	3053	4283	2566	4906	2295	5298
3825	9005	8063	9999	7260	10938	6799	11520
4120	3810	3207	4465	2708	5100	2429	5500
3816	4892	4205	5631	3630	6341	3307	6787
4210	5644	4904	6436	4282	7194	3930	7668
9016	1903	1484	2374	1151	2842	973	3143
4005	1972	1545	2451	1205	2927	1022	3231
4230	2144	1698	2642	1340	3135	1147	3451
3815	10876	9839	11965	8949	12991	8436	13625
3705	34604	32733	36527	31093	38303	30131	39386
3900	26901	25254	28600	23816	30174	22976	31136
4110	32263	30457	34121	28876	35838	27950	36886
3416	3393	2825	4013	2358	4616	2099	4997
3413	1615	1231	2051	930	2488	770	2769
3706	4038	3416	4712	2900	5363	2612	5773
3600	54658	52300	57068	50221	59283	48997	60628
3415	5095	4393	5849	3805	6572	3474	7025
3320	6117	5345	6941	4695	7727	4326	8217
3505	22422	20921	23975	19614	25418	18852	26302
3414	3149	2603	3747	2155	4330	1908	4700
6900	1977	1550	2456	1209	2933	1026	3238
2940	3041	2505	3629	2066	4204	1824	4567
2216	3999	3380	4670	2867	5319	2581	5727
3046	8799	7868	9782	7075	10711	6620	11287
2225	6772	5959	7637	5271	8461	4880	8974
3426	3485	2909	4113	2435	4723	2171	5108
3427	6203	5426	7032	4770	7823	4398	8317
3045	3981	3364	4650	2852	5298	2566	5705
3310	3686	3093	4331	2603	4957	2330	5351
3030	11145	10094	12248	9193	13285	8674	13926
3130	25022	23435	26661	22050	28182	21242	29112
3010	11184	10132	12288	9228	13328	8708	13969
3020	22217	20723	23763	19422	25200	18664	26080
3425	3437	2865	4061	2395	4667	2133	5050
2100	2624	2128	3172	1725	3711	1504	4053
1606	3504	2926	4134	2451	4745	2186	5131
2215	7024	6195	7905	5494	8742	5094	9264
1720	7626	6761	8543	6027	9412	5608	9953
3120	16412	15132	17744	14023	18989	13380	19754
1900	14986	13764	16260	12707	17452	12095	18186
3110	3342	2778	3958	2315	4556	2059	4935
3200	9381	8419	10395	7598	11352	7126	11945
1605	7358	6509	8259	5789	9114	5379	9647
2000	15242	14009	16527	12943	17729	12326	18468
1820	28724	27022	30478	25533	32103	24663	33095
1200	5681	4938	6476	4314	7236	3961	7711
1710	13036	11898	14226	10917	15343	10350	16031
1810	16298	15022	17626	13918	18866	13277	19628
900	12641	11520	13814	10556	14914	9999	15593
806	4434	3781	5139	3237	5818	2932	6245
1506	4357	3710	5056	3172	5730	2870	6154
1410	15346	14109	16635	13039	17841	12419	18582
1505	6765	5952	7630	5265	8453	4874	8966
1330	6102	5331	6925	4682	7710	4314	8200
1000	2301	1838	2816	1465	3325	1262	3649
1320	5153	4447	5911	3856	6638	3522	7093
1420	15673	14422	16976	13341	18193	12713	18942
1130	3593	3008	4230	2525	4849	2257	5239
1116	8488	7575	9453	6796	10367	6351	10935
1310	6496	5700	7344	5028	8152	4646	8656
805	5246	4533	6011	3936	6744	3599	7202
1115	4947	4256	5690	3678	6404	3352	6851
205	13730	12561	14951	11553	16095	10970	16800
136	4448	3794	5154	3249	5835	2944	6262
1120	12228	11126	13382	10179	14465	9632	15133
705	3251	2696	3858	2240	4450	1987	4824
120	1442	1081	1855	800	2272	652	2541
325	6162	5388	6988	4735	7777	4364	8269
135	3352	2788	3968	2324	4568	2066	4947
706	3773	3173	4425	2676	5057	2400	5456
206	8726	7799	9705	7009	10630	6557	11204
2910	1027	726	1380	500	1742	385	1979
315	7189	6350	8080	5640	8926	5235	9453
2935	20185	18762	21660	17525	23032	16805	23874
605	4495	3837	5205	3290	5888	2982	6318
606	4681	4009	5405	3449	6101	3134	6538
506	5795	5045	6597	4414	7364	4056	7843
110	1096	784	1460	548	1832	427	2074
505	10768	9736	11852	8851	12873	8341	13504
2936	2911	2387	3487	1959	4051	1724	4408
405	4012	3392	4684	2878	5334	2591	5742
2926	2770	2259	3333	1844	3884	1615	4234
2925	2614	2119	3161	1717	3699	1497	4041
2927	1714	1318	2162	1006	2610	839	2899
