faz_id mean lower_50 upper_50 lower_80 upper_80 lower_90 upper_90
8935	12859	11917	13837	11100	14748	10625	15307
8927	5931	5297	6601	4757	7234	4448	7627
8926	14729	13720	15774	12842	16746	12330	17341
8936	17457	16357	18593	15397	19647	14836	20291
8500	19297	18139	20491	17127	21596	16536	22271
8406	1931	1577	2321	1289	2702	1130	2945
8320	12444	11518	13406	10714	14303	10248	14854
8925	15139	14116	16198	13225	17183	12705	17786
8937	14345	13349	15377	12483	16336	11979	16924
8405	17375	16277	18508	15320	19560	14760	20203
8310	31716	30227	33241	28916	34645	28146	35499
8910	16176	15118	17270	14195	18286	13657	18908
7905	24967	23648	26322	22490	27573	21812	28336
7606	4655	4096	5250	3622	5817	3353	6170
7805	23056	21789	24359	20678	25563	20028	26297
8220	17271	16177	18401	15222	19449	14664	20091
8000	14487	13486	15524	12616	16488	12109	17078
8906	9019	8233	9841	7556	10611	7165	11086
8210	9671	8857	10521	8154	11317	7747	11808
9020	18515	17381	19684	16391	20768	15812	21431
8125	19761	18589	20969	17565	22087	16965	22770
8126	14121	13133	15145	12274	16097	11774	16681
8905	10323	9481	11201	8753	12022	8332	12527
7806	6216	5567	6901	5013	7549	4695	7950
7700	8484	7722	9281	7067	10030	6689	10492
7526	15942	14891	17028	13976	18038	13442	18655
7340	28250	26845	29690	25611	31018	24887	31826
7605	2023	1660	2422	1364	2811	1201	3058
7537	27640	26251	29065	25031	30379	24314	31179
8115	31453	29970	32972	28665	34370	27898	35221
7335	36486	34887	38120	33478	39623	32649	40536
8600	18942	17795	20125	16793	21220	16207	21890
7425	30967	29496	32474	28201	33862	27441	34706
7535	29191	27763	30655	26508	32004	25770	32825
7525	16150	15092	17243	14171	18259	13633	18880
7436	6143	5498	6824	4947	7468	4631	7868
9019	16719	15643	17831	14704	18863	14156	19495
7026	11055	10183	11963	9429	12811	8991	13332
7205	14856	13842	15905	12960	16881	12446	17479
7515	5609	4993	6261	4469	6878	4169	7262
7320	30162	28710	31650	27433	33020	26683	33854
7206	17948	16832	19100	15858	20168	15289	20820
7315	18380	17251	19545	16264	20625	15688	21285
7435	8540	7776	9340	7118	10091	6739	10554
7316	21679	20451	22943	19375	24112	18746	24825
7025	21712	20483	22977	19407	24147	18777	24861
7415	12363	11440	13322	10639	14216	10174	14765
7100	27007	25634	28416	24428	29715	23721	30506
7015	18002	16884	19155	15909	20225	15339	20878
9908	3789	3286	4328	2864	4844	2625	5166
6410	40852	39159	42580	37666	44168	36786	45131
6420	36280	34686	37910	33281	39408	32454	40319
5535	29646	28207	31121	26941	32480	26198	33307
5600	16204	15145	17299	14221	18316	13683	18938
5546	18278	17152	19440	16168	20517	15593	21176
4706	13911	12931	14927	12079	15873	11583	16452
6605	12698	11762	13670	10950	14575	10478	15131
6910	4920	4344	5532	3856	6113	3578	6475
6606	5888	5257	6555	4718	7187	4410	7579
9909	5537	4925	6185	4405	6799	4107	7180
9011	10241	9402	11115	8678	11933	8258	12437
5525	15241	14214	16304	13320	17291	12799	17896
5515	28271	26866	29712	25631	31040	24906	31849
6326	24828	23512	26179	22358	27427	21682	28187
9914	18893	17748	20074	16747	21169	16162	21837
5545	16492	15423	17597	14491	18622	13947	19250
6223	28102	26701	29539	25470	30863	24748	31669
5306	24240	22940	25576	21800	26809	21132	27561
6325	36850	35243	38492	33827	40002	32994	40920
9009	5344	4743	5981	4233	6584	3941	6960
9006	11816	10914	12754	10132	13629	9678	14167
6225	20417	19226	21644	18183	22780	17574	23473
9018	19029	17879	20214	16875	21312	16288	21983
5425	40192	38513	41907	37032	43481	36160	44437
5305	28729	27312	30181	26067	31520	25336	32335
5426	22313	21067	23595	19975	24780	19336	25503
6226	33234	31709	34795	30366	36231	29577	37104
6126	13976	12993	14994	12139	15942	11642	16523
6224	23364	22088	24675	20970	25887	20315	26626
6216	16424	15357	17526	14427	18550	13885	19176
6316	29802	28359	31281	27090	32643	26345	33472
6215	23730	22444	25052	21317	26272	20656	27017
5100	8691	7920	9498	7256	10255	6873	10722
6213	19136	17983	20325	16976	21426	16387	22098
9005	6172	5525	6855	4973	7500	4657	7900
6124	26733	25367	28135	24168	29428	23464	30215
6125	10200	9363	11073	8640	11889	8222	12392
6214	341	203	515	109	703	66	829
5415	15995	14943	17083	14025	18094	13491	18712
5205	12796	11857	13771	11041	14680	10567	15238
9916	15249	14222	16312	13327	17300	12806	17905
9913	7433	6721	8181	6111	8884	5760	9319
9915	20759	19558	21996	18506	23141	17891	23840
4606	26501	25141	27897	23947	29184	23247	29968
6115	23238	21966	24546	20851	25755	20197	26492
4820	8359	7603	9151	6953	9894	6578	10353
9017	3544	3058	4066	2651	4566	2422	4880
6123	18050	16931	19205	15954	20276	15383	20930
6114	34640	33083	36233	31711	37698	30904	38589
4607	27994	26596	29428	25368	30750	24646	31555
6505	14228	13236	15255	12374	16211	11872	16797
5020	25965	24619	27347	23438	28621	22745	29398
6113	37899	36269	39564	34832	41095	33987	42025
5010	20413	19222	21640	18180	22776	17570	23469
6020	15020	14001	16075	13113	17056	12596	17657
4900	9022	8236	9844	7559	10614	7168	11089
6010	11455	10567	12379	9798	13241	9352	13771
4400	23703	22418	25024	21291	26244	20631	26988
9900	9976	9149	10839	8434	11647	8021	12145
9904	12468	11541	13431	10737	14329	10269	14880
9902	30134	28683	31621	27407	32991	26657	33824
4810	10820	9958	11718	9212	12558	8779	13074
5720	37789	36162	39452	34727	40980	33882	41909
9901	8127	7382	8908	6742	9642	6372	10095
5826	5981	5344	6653	4802	7290	4491	7684
5825	3251	2786	3751	2399	4233	2180	4535
5925	26324	24969	27715	23779	28998	23081	29780
9015	14931	13915	15983	13030	16961	12515	17560
4506	18198	17074	19358	16093	20432	15520	21090
4605	25266	23939	26629	22774	27887	22091	28654
9002	34665	33107	36259	31735	37724	30928	38615
4226	18371	17242	19536	16256	20616	15679	21276
4505	17066	15978	18189	15029	19232	14476	19869
4225	17590	16486	18730	15521	19788	14959	20435
5716	26331	24976	27722	23786	29006	23088	29788
5916	37359	35741	39013	34315	40533	33475	41456
4300	11540	10649	12467	9877	13333	9429	13864
5815	5160	4570	5786	4069	6380	3784	6750
9004	18765	17624	19942	16626	21033	16044	21700
5715	18070	16950	19226	15973	20297	15401	20952
3330	13857	12879	14871	12028	15815	11533	16394
6506	15740	14696	16820	13787	17823	13257	18437
5915	21244	20028	22495	18964	23653	18342	24360
3905	11238	10359	12153	9598	13008	9156	13533
4130	17776	16666	18922	15696	19985	15130	20635
6930	10423	9577	11305	8846	12130	8422	12637
3825	21724	20495	22989	19418	24159	18788	24873
4120	21576	20351	22837	19278	24003	18650	24715
3816	24983	23663	26339	22505	27590	21826	28353
4210	26099	24750	27484	23565	28762	22870	29541
9016	12903	11960	13882	11141	14795	10665	15355
4005	15586	14547	16660	13643	17659	13115	18270
4230	11527	10636	12454	9865	13319	9417	13850
3815	20897	19692	22138	18637	23287	18019	23988
3705	32880	31363	34432	30028	35861	29243	36730
3900	6227	5577	6913	5022	7561	4704	7963
4110	20421	19230	21648	18187	22784	17577	23478
3416	24038	22744	25368	21609	26596	20944	27345
3413	9855	9033	10713	8323	11516	7912	12011
3706	17913	16798	19064	15825	20130	15256	20783
3600	21370	20151	22625	19083	23786	18459	24494
3415	28262	26857	29703	25623	31031	24898	31839
3320	29723	28282	31200	27015	32561	26270	33389
3505	43610	41861	45395	40316	47034	39405	48028
3414	29254	27824	30719	26568	32070	25830	32892
6900	8540	7776	9340	7118	10091	6739	10554
2940	17557	16454	18696	15490	19753	14928	20399
2216	19638	18470	20842	17449	21957	16852	22638
3046	24808	23493	26159	22339	27406	21663	28166
2225	15474	14439	16545	13538	17539	13012	18149
3426	23249	21977	24557	20861	25766	20208	26503
3427	24053	22758	25383	21623	26612	20958	27361
3045	28807	27389	30261	26142	31602	25410	32417
3310	20408	19217	21635	18175	22770	17565	23464
3030	41617	39908	43361	38400	44963	37512	45935
3130	16145	15088	17238	14166	18253	13628	18875
3010	43881	42126	45672	40576	47315	39663	48312
3020	24396	23092	25736	21948	26973	21278	27727
3425	20197	19012	21418	17976	22548	17370	23237
2100	20759	19558	21996	18506	23141	17891	23840
1606	12798	11859	13773	11043	14682	10569	15240
2215	18192	17068	19351	16087	20426	15514	21083
1720	26340	24984	27731	23794	29015	23096	29797
3120	24907	23589	26261	22433	27510	21755	28272
1900	879	646	1148	467	1421	373	1598
3110	9628	8816	10476	8114	11271	7709	11760
3200	21096	19885	22343	18824	23497	18204	24201
1605	17089	16001	18213	15051	19256	14497	19894
2000	12322	11400	13279	10601	14172	10137	14720
1820	6903	6218	7624	5631	8304	5294	8725
1200	18071	16951	19227	15973	20298	15402	20953
1710	21687	20459	22951	19383	24120	18753	24834
1810	3596	3106	4121	2696	4625	2465	4941
900	10938	10071	11841	9320	12685	8885	13204
806	31668	30180	33192	28870	34595	28101	35448
1506	22689	21432	23982	20331	25176	19686	25905
1410	11973	11065	12917	10278	13798	9821	14339
1505	21545	20321	22805	19249	23971	18621	24682
1330	23269	21996	24578	20880	25787	20226	26525
1000	9855	9033	10713	8323	11516	7912	12011
1320	18469	17337	19637	16348	20720	15770	21381
1420	12744	11807	13717	10993	14624	10520	15181
1130	5668	5049	6323	4522	6944	4220	7329
1116	17845	16732	18993	15761	20058	15194	20709
1310	28133	26731	29570	25500	30896	24777	31702
805	22936	21672	24236	20565	25437	19916	26169
1115	13966	12984	14984	12130	15932	11633	16512
205	13103	12152	14090	11327	15009	10846	15573
136	11275	10394	12192	9632	13048	9189	13574
1120	34458	32905	36047	31537	37508	30732	38397
705	19417	18256	20614	17240	21723	16647	22400
120	11791	10890	12728	10109	13602	9656	14139
325	24777	23463	26127	22310	27373	21634	28133
135	17099	16010	18224	15060	19267	14506	19905
706	13064	12115	14049	11290	14967	10811	15530
206	13728	12754	14737	11908	15677	11416	16253
2910	3772	3270	4310	2849	4825	2611	5146
315	15037	14017	16093	13129	17074	12612	17675
2935	10762	9902	11658	9158	12495	8727	13010
605	23414	22137	24727	21017	25940	20362	26680
606	23732	22446	25054	21319	26275	20658	27019
506	27235	25856	28650	24645	29954	23935	30749
110	5042	4459	5661	3965	6249	3683	6614
505	48965	47110	50856	45471	52589	44503	53640
2936	7943	7207	8715	6574	9441	6210	9889
405	26528	25168	27924	23973	29212	23272	29997
2926	26044	24696	27428	23513	28704	22819	29482
2925	16276	15214	17374	14289	18393	13749	19016
2927	7110	6414	7841	5818	8531	5476	8957
