faz_id mean lower_50 upper_50 lower_80 upper_80 lower_90 upper_90
8935	16034	14384	17773	12975	19416	12167	20434
8927	7438	6329	8637	5406	9793	4889	10520
8926	20375	18510	22330	16906	24167	15982	25301
8936	20388	18522	22344	16918	24181	15993	25316
8500	22516	20553	24569	18861	26494	17884	27681
8406	3284	2562	4096	1988	4903	1680	5421
8320	16027	14378	17766	12969	19409	12161	20426
8925	20630	18753	22597	17139	24445	16208	25585
8937	24303	22262	26434	20500	28430	19480	29658
8405	23366	21365	25456	19640	27415	18642	28622
8310	35331	32860	37891	30712	40273	29461	41733
8910	22630	20662	24688	18966	26618	17986	27807
7905	31903	29558	34338	27522	36607	26339	38000
7606	6113	5112	7204	4286	8263	3827	8932
7805	28639	26419	30948	24497	33105	23381	34430
8220	21667	19742	23682	18085	25572	17128	26739
8000	16050	14399	17790	12990	19434	12181	20452
8906	10536	9207	11954	8087	13308	7452	14153
8210	15188	13584	16882	12215	18484	11431	19477
9020	23995	21967	26113	20217	28096	19205	29318
8125	21514	19596	23522	17945	25406	16992	26569
8126	17744	16006	19571	14518	21294	13662	22359
8905	11825	10415	13325	9221	14752	8542	15641
7806	10351	9034	11757	7925	13100	7296	13939
7700	8734	7528	10029	6519	11273	5950	12051
7526	16429	14759	18189	13331	19851	12511	20880
7340	32137	29783	34581	27739	36858	26551	38255
7605	2177	1597	2846	1152	3525	920	3967
7537	30566	28271	32950	26281	35174	25125	36540
8115	34877	32423	37421	30289	39789	29047	41240
7335	40103	37468	42828	35171	45358	33832	46907
8600	23014	21029	25089	19317	27034	18328	28233
7425	35166	32701	37720	30558	40097	29311	41554
7535	32041	29690	34481	27650	36755	26464	38151
7525	19012	17212	20902	15667	22681	14777	23779
7436	6441	5412	7560	4562	8644	4088	9327
9019	22077	20133	24110	18460	26018	17493	27194
7026	11480	10091	12959	8917	14367	8249	15244
7205	15822	14184	17550	12785	19183	11982	20195
7515	6261	5247	7365	4410	8435	3944	9110
7320	33856	31439	36363	29338	38697	28116	40129
7206	19273	17460	21176	15904	22966	15008	24071
7315	21950	20012	23977	18344	25880	17380	27053
7435	9666	8395	11026	7327	12328	6723	13142
7316	23621	21609	25722	19874	27692	18870	28905
7025	23205	21211	25288	19492	27241	18499	28444
7415	14744	13164	16414	11817	17994	11047	18974
7100	31690	29353	34117	27324	36379	26145	37768
7015	19131	17325	21027	15775	22811	14882	23913
9908	3685	2917	4542	2303	5391	1970	5933
6410	54367	51292	57532	48598	60459	47022	62245
6420	47343	44476	50299	41971	53039	40507	54712
5535	35992	33498	38576	31329	40979	30065	42451
5600	18237	16475	20089	14964	21833	14095	22912
5546	20918	19027	22898	17401	24758	16463	25906
4706	14733	13153	16402	11808	17982	11037	18962
6605	16058	14407	17799	12997	19443	12188	20461
6910	7150	6063	8326	5161	9462	4656	10177
6606	8583	7388	9868	6388	11101	5825	11874
9909	7611	6488	8823	5554	9992	5030	10725
9011	13763	12238	15378	10941	16908	10200	17859
5525	17856	16113	19689	14619	21416	13760	22485
5515	31246	28925	33656	26912	35903	25742	37283
6326	25192	23113	27361	21317	29391	20277	30640
9914	22882	20903	24951	19196	26891	18210	28086
5545	19066	17263	20959	15716	22740	14825	23840
6223	29804	27539	32159	25575	34356	24435	35706
5306	25658	23559	27846	21746	29894	20695	31153
6325	37206	34670	39832	32462	42274	31176	43769
9009	6324	5305	7433	4463	8508	3994	9186
9006	16469	14796	18231	13367	19895	12546	20925
6225	22162	20215	24199	18537	26110	17569	27288
9018	24303	22262	26434	20500	28430	19480	29658
5425	44961	42168	47843	39730	50516	38306	52149
5305	30476	28185	32857	26198	35078	25044	36441
5426	24612	22557	26756	20784	28764	19757	30000
6226	33388	30988	35878	28902	38197	27690	39619
6126	14174	12626	15812	11308	17364	10554	18327
6224	23689	21674	25793	19936	27765	18931	28980
6216	16548	14871	18314	13438	19981	12615	21014
6316	30035	27761	32399	25789	34604	24644	35959
6215	23565	21556	25664	19822	27631	18820	28843
5100	8772	7563	10070	6552	11316	5981	12096
6213	19583	17755	21500	16186	23304	15281	24418
9005	8469	7282	9745	6290	10971	5731	11740
6124	27328	25161	29585	23285	31694	22198	32991
6125	10515	9188	11932	8069	13285	7434	14129
6214	352	146	648	37	991	6	1231
5415	17147	15439	18944	13978	20639	13139	21688
5205	13803	12276	15420	10977	16953	10234	17905
9916	19394	17575	21302	16014	23098	15114	24206
9913	7755	6621	8978	5677	10156	5147	10896
9915	27504	25329	29768	23448	31884	22357	33184
4606	31254	28933	33665	26919	35912	25749	37291
6115	23827	21806	25937	20063	27915	19054	29132
4820	8591	7395	9876	6395	11110	5832	11883
9017	4439	3592	5375	2906	6295	2530	6880
6123	19637	17807	21557	16235	23363	15329	24478
6114	36556	34042	39159	31855	41580	30581	43064
4607	35522	33045	38089	30890	40477	29636	41941
6505	14743	13163	16413	11817	17993	11046	18973
5020	26795	24649	29030	22793	31120	21718	32405
6113	43449	40704	46283	38309	48912	36911	50520
5010	21213	19309	23207	17670	25079	16725	26234
6020	15801	14164	17528	12766	19160	11964	20171
4900	11464	10076	12942	8903	14349	8235	15226
6010	11915	10499	13420	9301	14853	8618	15745
4400	24249	22210	26378	20450	28371	19432	29599
9900	11857	10445	13359	9249	14788	8569	15678
9904	15030	13434	16715	12074	18310	11294	19298
9902	32342	29980	34793	27930	37078	26738	38479
4810	11320	9941	12789	8776	14188	8113	15060
5720	38885	36291	41569	34031	44062	32714	45589
9901	11745	10340	13240	9150	14663	8474	15549
5826	6627	5582	7761	4718	8859	4236	9551
5825	3713	2942	4573	2325	5424	1990	5969
5925	27434	25262	29695	23383	31808	22294	33107
9015	17260	15547	19063	14080	20763	13238	21815
4506	19738	17903	21663	16327	23473	15418	24591
4605	28035	25839	30320	23938	32455	22836	33767
9002	45624	42810	48527	40353	51218	38918	52863
4226	20677	18798	22646	17182	24496	16249	25637
4505	17629	15897	19451	14414	21168	13561	22230
4225	20064	18213	22004	16623	23828	15706	24954
5716	26592	24455	28819	22606	30901	21535	32182
5916	38534	35952	41206	33703	43688	32392	45208
4300	13283	11785	14870	10513	16376	9787	17312
5815	5295	4366	6314	3606	7307	3186	7937
9004	25153	23075	27320	21281	29348	20242	30597
5715	18216	16455	20067	14945	21810	14077	22888
3330	17956	16208	19794	14710	21526	13848	22597
6506	19174	17366	21072	15814	22857	14920	23961
5915	21374	19462	23375	17817	25254	16868	26413
3905	12447	10999	13985	9771	15446	9071	16355
4130	18647	16864	20519	15336	22282	14456	23371
6930	10717	9376	12147	8246	13512	7604	14363
3825	23164	21172	25245	19455	27197	18462	28399
4120	22839	20861	24906	19157	26844	18172	28039
3816	26424	24293	28644	22451	30720	21384	31997
4210	31093	28778	33497	26770	35739	25603	37116
9016	18020	16268	19861	14768	21596	13904	22668
4005	17915	16169	19751	14673	21481	13812	22551
4230	13839	12310	15458	11009	16993	10265	17946
3815	21342	19432	23342	17788	25219	16839	26377
3705	35126	32663	37679	30521	40054	29274	41511
3900	8020	6866	9263	5904	10459	5363	11210
4110	24485	22436	26624	20667	28626	19643	29859
3416	25900	23791	28098	21969	30155	20913	31420
3413	12899	11424	14464	10172	15949	9458	16873
3706	18990	17191	20879	15647	22657	14758	23755
3600	23881	21858	25994	20112	27973	19103	29192
3415	33745	31332	36248	29235	38579	28015	40008
3320	32917	30534	35390	28464	37693	27261	39106
3505	47312	44446	50267	41942	53006	40478	54679
3414	30808	28504	33202	26506	35434	25345	36804
6900	11647	10248	13136	9064	14554	8390	15436
2940	27191	25029	29442	23159	31547	22075	32840
2216	22929	20947	25000	19240	26942	18252	28138
3046	26330	24203	28546	22365	30619	21299	31893
2225	21375	19463	23376	17818	25255	16869	26414
3426	26967	24814	29209	22952	31305	21873	32594
3427	27245	25081	29499	23209	31605	22123	32900
3045	31501	29171	33921	27149	36177	25974	37561
3310	30320	28035	32695	26053	34910	24902	36271
3030	54049	50983	57205	48298	60124	46726	61905
3130	17725	15988	19551	14501	21273	13645	22337
3010	47746	44867	50715	42350	53465	40879	55145
3020	26013	23899	28216	22073	30277	21014	31544
3425	24548	22496	26689	20725	28695	19700	29929
2100	22143	20196	24179	18520	26089	17552	27267
1606	13687	12166	15297	10873	16824	10134	17772
2215	20379	18513	22334	16910	24171	15985	25306
1720	29497	27243	31840	25291	34027	24157	35370
3120	28931	26700	31252	24767	33419	23645	34750
1900	919	558	1369	310	1852	196	2175
3110	10117	8816	11508	7721	12837	7100	13667
3200	25402	23314	27580	21510	29617	20466	30871
1605	17471	15747	19285	14271	20994	13423	22052
2000	15549	13925	17262	12539	18882	11745	19886
1820	8115	6954	9365	5986	10568	5441	11322
1200	20480	18610	22440	17002	24281	16075	25418
1710	25691	23591	27881	21776	29929	20725	31190
1810	5435	4493	6466	3722	7472	3295	8108
900	12142	10712	13661	9501	15106	8811	16005
806	41413	38735	44181	36399	46750	35036	48323
1506	24607	22553	26751	20779	28758	19753	29994
1410	12975	11495	14544	10240	16034	9523	16960
1505	23067	21079	25144	19366	27091	18375	28291
1330	24463	22415	26601	20647	28603	19624	29835
1000	10516	9188	11933	8070	13286	7435	14130
1320	18481	16707	20345	15185	22100	14310	23185
1420	16923	15227	18709	13776	20393	12943	21436
1130	6840	5778	7992	4898	9105	4407	9806
1116	20132	18278	22075	16685	23902	15767	25030
1310	28642	26422	30951	24499	33108	23384	34433
805	27491	25317	29755	23436	31870	22345	33170
1115	18601	16821	20471	15294	22231	14415	23320
205	13519	12008	15120	10724	16638	9990	17581
136	11465	10077	12943	8903	14350	8236	15227
1120	41207	38535	43968	36206	46532	34847	48100
705	28295	26089	30591	24179	32735	23070	34053
120	13042	11559	14615	10299	16108	9580	17036
325	27235	25071	29488	23199	31594	22114	32889
135	18048	16295	19891	14793	21627	13929	22700
706	16358	14691	18114	13267	19773	12449	20800
206	13910	12377	15533	11072	17071	10326	18026
2910	4907	4014	5889	3287	6850	2887	7460
315	15928	14284	17662	12880	19300	12075	20314
2935	10393	9074	11802	7962	13148	7331	13987
605	28864	26635	31182	24705	33347	23584	34676
606	33136	30745	35617	28668	37927	27460	39345
506	35108	32645	37660	30504	40035	29258	41491
110	5313	4382	6333	3621	7329	3200	7959
505	65409	62031	68876	59066	72075	57327	74024
2936	8456	7270	9731	6279	10956	5721	11724
405	34278	31845	36800	29731	39149	28501	40588
2926	28983	26750	31306	24815	33475	23692	34807
2925	21920	19984	23946	18316	25847	17353	27019
2927	13843	12313	15462	11012	16997	10269	17950
