faz_id mean lower_50 upper_50 lower_80 upper_80 lower_90 upper_90
8935	16034	14980	17124	14062	18135	13526	18755
8927	7438	6726	8186	6115	8890	5764	9325
8926	20375	19185	21601	18144	22736	17535	23428
8936	20388	19198	21614	18156	22749	17547	23442
8500	22516	21264	23804	20167	24994	19525	25720
8406	3284	2817	3787	2427	4270	2207	4574
8320	16027	14974	17116	14055	18128	13520	18747
8925	20630	19432	21863	18384	23005	17771	23702
8937	24303	23002	25640	21860	26875	21191	27628
8405	23366	22090	24678	20972	25889	20317	26628
8310	35331	33758	36940	32372	38419	31557	39318
8910	22630	21375	23921	20275	25114	19631	25842
7905	31903	30409	33432	29095	34841	28322	35697
7606	6113	5469	6793	4920	7435	4605	7834
7805	28639	27225	30089	25982	31426	25252	32239
8220	21667	20439	22931	19364	24099	18735	24812
8000	16050	14996	17140	14077	18152	13541	18772
8906	10536	9685	11423	8950	12252	8523	12762
8210	15188	14163	16249	13270	17235	12750	17839
9020	23995	22702	25324	21568	26551	20904	27299
8125	21514	20291	22773	19219	23938	18592	24649
8126	17744	16635	18889	15666	19951	15101	20601
8905	11825	10923	12763	10141	13639	9687	14176
7806	10351	9508	11230	8779	12052	8357	12558
7700	8734	7961	9543	7295	10302	6911	10770
7526	16429	15362	17532	14432	18555	13889	19182
7340	32137	30638	33672	29318	35085	28543	35944
7605	2177	1800	2590	1491	2992	1320	3247
7537	30566	29104	32063	27819	33443	27063	34282
8115	34877	33314	36475	31938	37946	31128	38839
7335	40103	38426	41816	36947	43389	36075	44344
8600	23014	21748	24316	20639	25519	19989	26252
7425	35166	33597	36771	32214	38247	31401	39144
7535	32041	30544	33574	29227	34985	28452	35843
7525	19012	17863	20197	16859	21294	16272	21965
7436	6441	5780	7138	5215	7797	4891	8204
9019	22077	20837	23352	19752	24532	19116	25251
7026	11480	10591	12405	9821	13268	9375	13799
7205	15822	14775	16904	13863	17910	13332	18525
7515	6261	5609	6949	5053	7598	4734	8001
7320	33856	32317	35431	30961	36880	30164	37761
7206	19273	18116	20466	17105	21571	16514	22246
7315	21950	20714	23222	19632	24398	18998	25115
7435	9666	8852	10516	8149	11312	7743	11802
7316	23621	22338	24940	21214	26158	20555	26900
7025	23205	21934	24512	20820	25720	20167	26456
7415	14744	13734	15790	12856	16762	12344	17357
7100	31690	30201	33214	28891	34618	28121	35472
7015	19131	17978	20319	16971	21420	16382	22093
9908	3685	3189	4217	2773	4726	2538	5045
6410	54367	52412	56358	50681	58182	49660	59287
6420	47343	45520	49202	43908	50907	42958	51941
5535	35992	34404	37615	33005	39108	32182	40015
5600	18237	17112	19398	16130	20474	15556	21131
5546	20918	19712	22160	18656	23309	18039	24010
4706	14733	13724	15778	12845	16750	12334	17345
6605	16058	15003	17148	14084	18161	13548	18781
6910	7150	6452	7884	5855	8575	5511	9002
6606	8583	7817	9385	7158	10138	6777	10602
9909	7611	6891	8367	6272	9079	5916	9519
9011	13763	12788	14774	11941	15715	11448	16291
5525	17856	16743	19005	15771	20070	15204	20721
5515	31246	29768	32760	28468	34154	27703	35002
6326	25192	23867	26553	22704	27810	22022	28575
9914	22882	21620	24180	20514	25380	19866	26111
5545	19066	17915	20252	16910	21352	16322	22023
6223	29804	28361	31283	27092	32645	26347	33475
5306	25658	24320	27031	23146	28299	22458	29071
6325	37206	35592	38856	34168	40373	33330	41295
9009	6324	5669	7015	5110	7668	4789	8072
9006	16469	15401	17573	14470	18598	13926	19225
6225	22162	20920	23440	19832	24621	19195	25342
9018	24303	23002	25640	21860	26875	21191	27628
5425	44961	43184	46773	41615	48436	40690	49445
5305	30476	29017	31971	27733	33349	26979	34187
5426	24612	23302	25958	22153	27200	21480	27957
6226	33388	31860	34952	30514	36392	29722	37267
6126	14174	13184	15199	12324	16154	11823	16738
6224	23689	22404	25009	21278	26229	20618	26973
6216	16548	15477	17655	14544	18682	13999	19310
6316	30035	28586	31520	27312	32887	26564	33719
6215	23565	22284	24882	21161	26099	20502	26841
5100	8772	7997	9583	7330	10343	6945	10812
6213	19583	18417	20785	17397	21899	16801	22579
9005	8469	7708	9266	7053	10014	6676	10475
6124	27328	25947	28745	24734	30052	24022	30847
6125	10515	9665	11401	8930	12229	8505	12738
6214	352	211	529	115	718	71	846
5415	17147	16057	18273	15105	19318	14550	19957
5205	13803	12827	14815	11978	15757	11484	16335
9916	19394	18233	20590	17219	21699	16626	22376
9913	7755	7028	8518	6403	9236	6044	9680
9915	27504	26118	28925	24901	30236	24187	31034
4606	31254	29776	32768	28475	34162	27711	35010
6115	23827	22539	25151	21409	26374	20747	27120
4820	8591	7825	9393	7165	10147	6784	10611
9017	4439	3893	5021	3432	5575	3170	5921
6123	19637	18469	20841	17448	21956	16851	22637
6114	36556	34956	38192	33545	39696	32715	40610
4607	35522	33945	37135	32555	38618	31738	39519
6505	14743	13733	15788	12855	16761	12343	17356
5020	26795	25428	28198	24227	29493	23522	30281
6113	43449	41703	45231	40161	46866	39252	47859
5010	21213	19998	22463	18935	23620	18313	24326
6020	15801	14755	16883	13844	17888	13312	18503
4900	11464	10576	12388	9807	13251	9360	13781
6010	11915	11009	12857	10224	13735	9768	14275
4400	24249	22949	25585	21809	26818	21141	27570
9900	11857	10953	12796	10170	13673	9716	14212
9904	15030	14010	16085	13123	17067	12606	17668
9902	32342	30838	33882	29514	35299	28736	36161
4810	11320	10437	12238	9673	13096	9230	13623
5720	38885	37234	40572	35778	42121	34921	43063
9901	11745	10846	12680	10067	13553	9614	14089
5826	6627	5956	7334	5382	8001	5053	8414
5825	3713	3215	4247	2798	4758	2562	5078
5925	27434	26050	28854	24835	30163	24121	30960
9015	17260	16166	18390	15212	19438	14654	20079
4506	19738	18567	20945	17543	22062	16944	22745
4605	28035	26636	29470	25407	30793	24685	31598
9002	45624	43834	47450	42253	49124	41321	50140
4226	20677	19478	21912	18429	23055	17815	23752
4505	17629	16523	18771	15558	19829	14994	20477
4225	20064	18883	21281	17850	22407	17246	23095
5716	26592	25230	27990	24034	29280	23332	30065
5916	38534	36891	40213	35441	41756	34588	42693
4300	13283	12326	14276	11494	15201	11010	15769
5815	5295	4697	5929	4189	6530	3899	6904
9004	25153	23829	26513	22667	27769	21985	28534
5715	18216	17092	19376	16110	20452	15536	21109
3330	17956	16840	19108	15865	20176	15296	20829
6506	19174	18020	20364	17011	21466	16422	22139
5915	21374	20155	22629	19087	23790	18462	24499
3905	12447	11521	13409	10717	14306	10250	14857
4130	18647	17509	19821	16515	20908	15934	21573
6930	10717	9859	11611	9117	12447	8686	12961
3825	23164	21894	24470	20781	25677	20129	26413
4120	22839	21578	24136	20473	25334	19826	26065
3816	26424	25066	27818	23874	29103	23175	29886
4210	31093	29619	32603	28321	33994	27559	34840
9016	18020	16902	19174	15926	20244	15355	20898
4005	17915	16800	19066	15827	20133	15258	20785
4230	13839	12861	14852	12012	15796	11517	16374
3815	21342	20124	22596	19057	23756	18433	24464
3705	35126	33558	36730	32176	38205	31363	39102
3900	8020	7280	8796	6644	9525	6278	9975
4110	24485	23179	25827	22033	27067	21361	27822
3416	25900	24556	27280	23376	28553	22684	29329
3413	12899	11956	13878	11137	14790	10661	15350
3706	18990	17842	20174	16838	21271	16252	21941
3600	23881	22591	25207	21460	26431	20797	27178
3415	33745	32208	35318	30855	36764	30059	37644
3320	32917	31399	34470	30063	35900	29278	36769
3505	47312	45489	49171	43878	50875	42928	51909
3414	30808	29340	32311	28049	33696	27291	34538
6900	11647	10752	12578	9976	13448	9526	13982
2940	27191	25813	28604	24603	29908	23893	30702
2216	22929	21665	24228	20558	25429	19909	26162
3046	26330	24975	27721	23785	29005	23087	29786
2225	21375	20156	22630	19088	23791	18463	24500
3426	26967	25595	28375	24390	29673	23683	30464
3427	27245	25866	28660	24655	29965	23944	30759
3045	31501	30017	33021	28711	34420	27943	35272
3310	30320	28864	31812	27584	33185	26832	34021
3030	54049	52099	56034	50374	57853	49356	58955
3130	17725	16616	18870	15648	19931	15083	20580
3010	47746	45915	49613	44296	51325	43342	52364
3020	26013	24666	27396	23483	28672	22790	29449
3425	24548	23240	25892	22093	27133	21420	27889
2100	22143	20902	23420	19814	24601	19178	25322
1606	13687	12715	14695	11870	15633	11378	16209
2215	20379	19189	21605	18148	22740	17538	23433
1720	29497	28061	30968	26799	32324	26058	33149
3120	28931	27509	30388	26260	31732	25526	32549
1900	919	680	1193	496	1471	400	1651
3110	10117	9284	10986	8564	11800	8147	12300
3200	25402	24071	26769	22903	28030	22218	28799
1605	17471	16370	18608	15410	19662	14849	20306
2000	15549	14512	16622	13608	17619	13081	18230
1820	8115	7371	8895	6731	9629	6362	10081
1200	20480	19287	21709	18243	22846	17632	23541
1710	25691	24352	27065	23178	28334	22489	29107
1810	5435	4829	6077	4314	6685	4020	7064
900	12142	11227	13092	10434	13979	9974	14523
806	41413	39709	43153	38204	44751	37318	45721
1506	24607	23297	25952	22149	27195	21475	27952
1410	12975	12029	13957	11208	14872	10730	15433
1505	23067	21800	24370	20689	25575	20038	26309
1330	24463	23157	25805	22012	27043	21341	27798
1000	10516	9666	11402	8931	12230	8505	12740
1320	18481	17348	19649	16359	20732	15781	21394
1420	16923	15840	18042	14895	19080	14344	19715
1130	6840	6158	7558	5574	8235	5239	8654
1116	20132	18949	21351	17914	22479	17309	23168
1310	28642	27228	30092	25985	31429	25255	32242
805	27491	26106	28912	24889	30223	24175	31021
1115	18601	17465	19773	16472	20859	15892	21523
205	13519	12553	14521	11714	15454	11225	16026
136	11465	10577	12389	9807	13252	9361	13782
1120	41207	39507	42943	38007	44537	37123	45504
705	28295	26889	29736	25654	31065	24929	31874
120	13042	12093	14026	11270	14944	10791	15506
325	27235	25856	28650	24645	29954	23935	30749
135	18048	16929	19203	15952	20274	15381	20928
706	16358	15294	17458	14366	18480	13824	19105
206	13910	12930	14926	12078	15872	11582	16451
2910	4907	4332	5518	3845	6098	3567	6460
315	15928	14878	17014	13963	18023	13429	18640
2935	10393	9548	11274	8818	12097	8395	12604
605	28864	27444	30320	26196	31661	25463	32478
606	33136	31613	34694	30273	36129	29485	37001
506	35108	33540	36712	32159	38186	31346	39083
110	5313	4714	5948	4205	6550	3915	6924
505	65409	63263	67591	61360	69587	60236	70795
2936	8456	7696	9252	7042	10000	6664	10461
405	34278	32729	35863	31365	37321	30562	38207
2926	28983	27560	30442	26309	31786	25575	32604
2925	21920	20685	23191	19603	24366	18970	25083
2927	13843	12865	14857	12015	15800	11521	16379
