faz_id mean lower_50 upper_50 lower_80 upper_80 lower_90 upper_90
8935	4868	4122	5676	3503	6457	3157	6948
8927	1091	754	1490	504	1902	378	2173
8926	2426	1909	3005	1496	3580	1273	3948
8936	3464	2840	4150	2330	4822	2050	5247
8500	11135	9991	12341	9014	13480	8453	14186
8406	261	112	472	31	715	7	884
8320	9158	8123	10255	7245	11295	6743	11942
8925	2867	2302	3494	1846	4112	1597	4506
8937	9520	8465	10637	7567	11697	7054	12355
8405	944	633	1317	406	1706	294	1963
8310	9951	8871	11093	7952	12174	7426	12845
8910	2857	2293	3483	1838	4100	1590	4493
7905	5191	4420	6024	3778	6828	3418	7333
7606	776	497	1117	298	1478	204	1717
7805	3401	2783	4081	2279	4747	2001	5170
8220	12892	11659	14187	10601	15407	9992	16161
8000	38354	36204	40566	34321	42611	33219	43858
8906	1323	949	1759	665	2205	519	2495
8210	28101	26265	29999	24665	31761	23732	32839
9020	4453	3741	5227	3153	5977	2825	6450
8125	6644	5767	7583	5031	8481	4614	9043
8126	8737	7727	9809	6871	10827	6382	11460
8905	1043	714	1434	471	1838	350	2105
7806	1497	1097	1959	790	2428	630	2732
7700	5108	4343	5935	3707	6732	3351	7234
7526	10674	9555	11855	8600	12972	8052	13665
7340	3931	3264	4660	2716	5370	2412	5819
7605	1099	761	1499	509	1913	383	2184
7537	14883	13556	16272	12413	17577	11754	18381
8115	11788	10610	13028	9602	14198	9023	14922
7335	11149	10004	12356	9026	13496	8465	14202
8600	11466	10305	12689	9312	13844	8742	14559
7425	4638	3911	5427	3309	6191	2973	6672
7535	5971	5142	6862	4448	7718	4057	8254
7525	2794	2236	3414	1787	4025	1543	4414
7436	2472	1949	3057	1532	3636	1306	4007
9019	5182	4411	6015	3771	6817	3411	7322
7026	1683	1257	2171	927	2663	753	2982
7205	7605	6665	8607	5871	9563	5421	10158
7515	7713	6766	8722	5966	9684	5512	10283
7320	8718	7709	9789	6854	10806	6366	11439
7206	19755	18221	21351	16892	22841	16122	23757
7315	4831	4088	5636	3472	6414	3127	6903
7435	4317	3616	5080	3038	5819	2717	6286
7316	4612	3887	5399	3287	6161	2952	6641
7025	11710	10536	12946	9532	14112	8955	14834
7415	12796	11567	14087	10514	15302	9908	16053
7100	11885	10702	13130	9690	14304	9108	15031
7015	5496	4702	6352	4039	7177	3667	7694
9908	3395	2777	4075	2274	4740	1997	5162
6410	16160	14776	17606	13582	18962	12891	19797
6420	8880	7862	9960	6998	10986	6505	11624
5535	5532	4735	6391	4070	7218	3696	7737
5600	16111	14729	17555	13537	18909	12848	19743
5546	12468	11256	13742	10217	14943	9619	15685
4706	2522	1994	3112	1571	3697	1342	4071
6605	2717	2168	3328	1726	3932	1486	4317
6910	1045	716	1436	473	1841	351	2108
6606	1631	1212	2112	888	2598	718	2912
9909	1347	969	1787	682	2236	535	2528
9011	6165	5322	7070	4615	7939	4217	8482
5525	6829	5940	7780	5192	8690	4769	9258
5515	5947	5119	6837	4427	7691	4037	8226
6326	13735	12461	15071	11367	16327	10736	17103
9914	3885	3222	4610	2678	5316	2376	5763
5545	4235	3541	4991	2970	5724	2652	6187
6223	9820	8748	10954	7835	12029	7313	12696
5306	20547	18982	22174	17625	23693	16838	24625
6325	8263	7282	9306	6451	10299	5978	10917
9009	2458	1937	3041	1521	3619	1296	3989
9006	1915	1459	2433	1101	2953	911	3288
6225	17472	16031	18975	14787	20381	14066	21247
9018	11726	10551	12963	9546	14130	8969	14852
5425	38455	36302	40670	34417	42717	33313	43966
5305	26529	24746	28374	23194	30088	22289	31138
5426	13922	12639	15267	11537	16531	10901	17311
6226	7150	6239	8123	5472	9051	5038	9631
6126	3213	2613	3875	2125	4525	1858	4937
6224	8343	7357	9391	6522	10388	6046	11009
6216	10259	9162	11418	8227	12515	7692	13195
6316	21444	19844	23106	18457	24655	17651	25606
6215	18559	17073	20107	15788	21554	15043	22444
5100	1701	1273	2191	940	2686	765	3006
6213	15810	14441	17241	13261	18583	12579	19410
9005	464	255	735	120	1032	63	1234
6124	13776	12500	15114	11404	16372	10772	17149
6125	11051	9911	12253	8938	13388	8380	14091
6214	30127	28225	32091	26566	33912	25597	35026
5415	62259	59512	65068	57090	67652	55666	69221
5205	35934	33854	38076	32034	40058	30969	41268
9916	2190	1700	2742	1312	3292	1103	3646
9913	6092	5254	6992	4552	7856	4156	8397
9915	3014	2434	3656	1964	4288	1707	4690
4606	3647	3006	4350	2481	5037	2191	5472
6115	9470	8417	10585	7523	11641	7011	12298
4820	6172	5328	7078	4621	7947	4222	8490
9017	294	134	516	43	769	13	944
6123	65397	62580	68276	60097	70921	58635	72528
6114	21025	19441	22671	18068	24206	17271	25148
4607	6697	5817	7639	5077	8541	4659	9104
6505	3145	2552	3800	2070	4444	1806	4853
5020	9868	8793	11005	7878	12082	7354	12751
6113	43530	41238	45884	39227	48057	38047	49382
5010	15989	14612	17428	13425	18777	12739	19608
6020	88397	85117	91739	82217	94801	80505	96657
4900	67137	64283	70053	61765	72732	60283	74360
6010	136156	132078	140296	128459	144077	126318	146363
4400	9938	8859	11079	7940	12160	7415	12830
9900	1792	1352	2294	1008	2800	827	3126
9904	6787	5901	7735	5155	8642	4734	9209
9902	25162	23427	26959	21917	28631	21038	29655
4810	8461	7468	9516	6626	10520	6147	11144
5720	13344	12089	14661	11011	15901	10391	16666
9901	5231	4457	6067	3812	6874	3451	7380
5826	9053	8025	10143	7151	11179	6653	11822
5825	53149	50613	55747	48382	58140	47071	59596
5925	21279	19686	22934	18304	24478	17501	25426
9015	1909	1453	2427	1096	2946	907	3280
4506	30838	28914	32824	27234	34666	26252	35792
4605	17988	16526	19512	15262	20938	14529	21816
9002	9853	8779	10989	7864	12066	7341	12734
4226	3751	3100	4464	2567	5159	2272	5599
4505	1487	1089	1947	783	2415	624	2719
4225	3451	2828	4136	2320	4806	2040	5231
5716	9070	8041	10161	7166	11197	6668	11841
5916	8521	7524	9580	6679	10587	6198	11213
4300	13564	12298	14892	11211	16141	10585	16912
5815	28237	26397	30139	24793	31905	23857	32986
9004	6038	5204	6934	4506	7794	4112	8333
5715	2331	1824	2900	1421	3465	1204	3827
3330	2609	2071	3209	1640	3802	1406	4181
6506	7750	6801	8761	5999	9725	5543	10326
5915	5742	4929	6617	4250	7458	3868	7985
3905	20662	19092	22294	17732	23816	16942	24751
4130	27323	25513	29195	23937	30933	23018	31997
6930	3765	3113	4479	2578	5176	2283	5616
3825	9544	8487	10663	7588	11723	7075	12382
4120	4064	3385	4805	2827	5525	2517	5980
3816	5061	4300	5884	3667	6679	3313	7178
4210	5987	5156	6880	4461	7736	4070	8273
9016	1956	1495	2479	1132	3004	939	3342
4005	2051	1578	2586	1205	3121	1005	3466
4230	2180	1691	2731	1304	3280	1096	3633
3815	11297	10144	12511	9160	13658	8594	14369
3705	35942	33862	38084	32042	40066	30977	41276
3900	29603	27718	31550	26074	33356	25114	34461
4110	32886	30898	34936	29160	36836	28145	37996
3416	3388	2771	4067	2268	4732	1991	5154
3413	1684	1258	2172	928	2664	754	2983
3706	4165	3477	4915	2911	5643	2596	6102
3600	62909	60147	65733	57713	68329	56281	69906
3415	5192	4421	6025	3779	6829	3419	7334
3320	6819	5931	7769	5183	8679	4760	9246
3505	24070	22373	25829	20899	27465	20040	28469
3414	3222	2621	3885	2133	4535	1865	4948
6900	2021	1551	2553	1182	3084	984	3427
2940	3198	2599	3859	2113	4507	1846	4919
2216	4412	3703	5183	3118	5930	2792	6401
3046	9293	8251	10397	7365	11445	6859	12096
2225	7141	6231	8113	5465	9041	5030	9621
3426	3823	3166	4542	2626	5243	2328	5687
3427	6304	5451	7219	4736	8096	4332	8645
3045	4134	3449	4881	2885	5607	2572	6065
3310	4205	3514	4958	2945	5689	2628	6151
3030	12129	10934	13386	9910	14572	9322	15305
3130	26429	24650	28270	23100	29981	22198	31029
3010	11660	10489	12893	9487	14057	8911	14778
3020	22788	21138	24500	19705	26095	18872	27073
3425	3585	2949	4283	2430	4964	2143	5396
2100	2684	2138	3292	1700	3892	1461	4276
1606	3790	3135	4506	2599	5205	2302	5647
2215	7065	6160	8032	5398	8956	4966	9533
1720	7624	6683	8627	5888	9584	5437	10180
3120	16967	15548	18448	14322	19836	13613	20690
1900	15411	14060	16824	12896	18150	12223	18967
3110	3449	2826	4134	2318	4804	2038	5229
3200	10001	8918	11146	7997	12229	7469	12902
1605	7468	6537	8461	5751	9409	5305	10000
2000	15401	14050	16814	12887	18139	12215	18956
1820	32220	30252	34250	28533	36131	27529	37280
1200	5846	5026	6728	4340	7576	3954	8107
1710	13469	12208	14792	11125	16037	10501	16806
1810	17629	16182	19138	14931	20551	14207	21420
900	13442	12182	14764	11100	16008	10477	16776
806	4491	3776	5268	3185	6021	2855	6496
1506	4705	3972	5500	3365	6269	3026	6753
1410	15549	14192	16968	13022	18300	12346	19121
1505	7064	6159	8031	5397	8955	4965	9531
1330	6209	5363	7117	4653	7989	4253	8534
1000	2374	1862	2948	1455	3517	1235	3882
1320	5505	4710	6362	4047	7187	3674	7705
1420	17383	15946	18882	14705	20285	13986	21149
1130	3791	3136	4508	2600	5206	2303	5648
1116	8628	7625	9693	6774	10706	6289	11336
1310	6721	5839	7665	5098	8568	4679	9132
805	5370	4585	6217	3931	7033	3564	7545
1115	5109	4344	5936	3708	6734	3352	7235
205	14100	12809	15453	11699	16725	11059	17510
136	4469	3756	5244	3166	5996	2838	6469
1120	12422	11212	13694	10175	14893	9579	15634
705	3875	3213	4599	2670	5304	2369	5750
120	1489	1090	1950	784	2418	625	2722
325	6260	5410	7172	4698	8046	4295	8594
135	3440	2818	4124	2311	4793	2031	5218
706	3871	3209	4595	2666	5300	2365	5745
206	9871	8796	11008	7880	12086	7357	12754
2910	1051	721	1443	477	1849	355	2116
315	7292	6372	8274	5597	9211	5157	9796
2935	20345	18788	21964	17438	23476	16655	24404
605	4753	4016	5552	3406	6324	3065	6810
606	4906	4157	5717	3536	6500	3188	6993
506	6698	5818	7640	5078	8542	4659	9106
110	1171	821	1583	559	2007	426	2285
505	12904	11670	14200	10612	15420	10003	16174
2936	3002	2423	3643	1954	4274	1698	4675
405	4153	3466	4902	2901	5629	2587	6088
2926	2855	2291	3481	1836	4098	1588	4491
2925	2831	2270	3454	1817	4069	1570	4461
2927	1805	1363	2309	1018	2816	835	3143
