faz_id mean lower_50 upper_50 lower_80 upper_80 lower_90 upper_90
8935	13657	12473	14895	11452	16056	10862	16772
8927	6132	5347	6971	4686	7772	4312	8272
8926	16187	14895	17533	13778	18790	13130	19564
8936	18475	17093	19911	15894	21250	15198	22072
8500	20019	18579	21512	17329	22903	16601	23756
8406	2259	1793	2779	1420	3292	1217	3621
8320	13183	12020	14400	11018	15542	10440	16246
8925	16663	15352	18028	14217	19303	13559	20087
8937	17129	15799	18512	14648	19804	13980	20598
8405	18939	17539	20392	16325	21747	15619	22579
8310	32725	30877	34627	29258	36386	28311	37459
8910	17969	16606	19385	15425	20707	14739	21518
7905	27611	25916	29360	24435	30981	23569	31972
7606	5299	4571	6080	3962	6830	3618	7299
7805	24934	23324	26598	21920	28142	21101	29086
8220	18109	16741	19531	15555	20857	14866	21671
8000	15089	13843	16389	12766	17606	12143	18355
8906	9408	8429	10440	7594	11416	7115	12020
8210	11648	10556	12794	9619	13871	9079	14537
9020	20348	18896	21853	17635	23255	16901	24115
8125	20290	18840	21793	17581	23193	16848	24052
8126	15193	13942	16497	12862	17718	12236	18469
8905	10699	9654	11798	8758	12834	8243	13474
7806	7551	6677	8479	5936	9360	5514	9908
7700	8619	7684	9608	6887	10545	6431	11126
7526	16047	14761	17387	13648	18640	13004	19410
7340	29841	28077	31658	26535	33341	25633	34369
7605	2086	1639	2586	1283	3083	1091	3401
7537	28551	26826	30329	25319	31977	24438	32983
8115	32402	30563	34295	28953	36045	28010	37113
7335	37656	35671	39694	33930	41576	32909	42722
8600	20430	18975	21938	17711	23343	16976	24204
7425	32320	30483	34210	28875	35959	27934	37026
7535	30293	28516	32124	26961	33819	26052	34854
7525	16701	15388	18067	14252	19344	13593	20129
7436	6314	5517	7164	4846	7976	4465	8483
9019	18242	16869	19669	15678	21000	14987	21817
7026	11245	10173	12371	9253	13431	8724	14086
7205	15001	13758	16297	12685	17511	12064	18258
7515	5799	5037	6615	4396	7396	4033	7884
7320	31226	29421	33084	27842	34804	26918	35854
7206	18157	16787	19581	15599	20909	14910	21724
7315	19784	18353	21269	17110	22652	16387	23500
7435	8953	7999	9961	7186	10914	6720	11505
7316	22622	21090	24208	19756	25682	18979	26585
7025	22213	20695	23785	19374	25246	18604	26141
7415	13287	12119	14509	11113	15655	10532	16361
7100	29165	27422	30962	25898	32626	25007	33643
7015	18188	16817	19613	15628	20942	14938	21758
9908	3760	3151	4422	2649	5065	2369	5470
6410	43785	41643	45981	39760	48004	38654	49236
6420	38432	36427	40491	34667	42391	33635	43549
5535	31678	29860	33550	28269	35281	27337	36338
5600	16857	15538	18230	14396	19512	13734	20300
5546	19397	17980	20867	16750	22238	16035	23078
4706	14009	12809	15263	11774	16438	11176	17162
6605	13423	12249	14651	11238	15802	10653	16512
6910	5497	4755	6292	4133	7055	3782	7532
6606	6499	5690	7361	5008	8184	4620	8697
9909	6380	5579	7235	4903	8051	4520	8559
9011	11113	10047	12233	9133	13287	8607	13938
5525	16059	14772	17399	13660	18652	13015	19423
5515	29470	27717	31276	26185	32949	25289	33971
6326	25101	23486	26770	22077	28319	21255	29267
9914	20626	19164	22141	17894	23552	17154	24417
5545	17516	16171	18915	15006	20220	14329	21022
6223	28239	26524	30008	25026	31647	24150	32648
5306	24712	23109	26368	21712	27906	20897	28847
6325	37020	35053	39041	33327	40907	32315	42045
9009	5690	4935	6499	4301	7273	3943	7757
9006	13425	12251	14653	11239	15805	10655	16515
6225	21214	19731	22751	18442	24180	17691	25057
9018	21468	19976	23014	18679	24451	17923	25333
5425	41960	39864	44110	38022	46092	36940	47299
5305	29436	27685	31241	26153	32913	25258	33934
5426	23051	21504	24652	20157	26139	19372	27050
6226	33263	31399	35180	29767	36953	28811	38034
6126	14016	12816	15270	11781	16445	11182	17169
6224	23581	22016	25200	20653	26703	19858	27624
6216	16513	15208	17872	14079	19142	13424	19922
6316	30211	28436	32039	26884	33732	25976	34766
6215	23763	22192	25388	20823	26897	20025	27821
5100	8700	7760	9694	6960	10635	6501	11218
6213	19347	17932	20816	16704	22184	15990	23024
9005	6654	5835	7526	5144	8358	4751	8876
6124	27068	25390	28800	23924	30406	23068	31388
6125	10432	9400	11518	8517	12541	8009	13174
6214	345	179	564	76	808	35	974
5415	16537	15231	17897	14101	19167	13445	19948
5205	13025	11869	14235	10874	15370	10299	16071
9916	17144	15814	18528	14662	19820	13993	20615
9913	7529	6656	8455	5917	9335	5495	9883
9915	23576	22011	25194	20648	26698	19853	27618
4606	28109	26398	29874	24903	31509	24030	32508
6115	23525	21962	25142	20600	26644	19807	27563
4820	8406	7483	9383	6697	10309	6248	10884
9017	3780	3170	4444	2666	5088	2385	5494
6123	18440	17059	19874	15862	21212	15166	22033
6114	35694	33763	37679	32069	39513	31077	40631
4607	30343	28564	32175	27008	33872	26098	34907
6505	14197	12989	15459	11947	16641	11344	17370
5020	26072	24425	27773	22988	29350	22149	30315
6113	41655	39566	43797	37731	45773	36654	46975
5010	20684	19220	22202	17948	23614	17207	24480
6020	15315	14059	16625	12974	17850	12346	18604
4900	9958	8951	11019	8089	12021	7595	12641
6010	11693	10599	12841	9660	13920	9119	14587
4400	23806	22234	25432	20863	26943	20065	27867
9900	10789	9739	11892	8840	12932	8322	13575
9904	13700	12514	14940	11491	16103	10900	16819
9902	31335	29527	33197	27945	34919	27019	35971
4810	11071	10007	12188	9095	13241	8570	13891
5720	38256	36256	40310	34500	42206	33470	43361
9901	9022	8064	10033	7248	10990	6780	11584
5826	6166	5379	7007	4716	7810	4340	8311
5825	3513	2926	4154	2442	4778	2174	5172
5925	26605	24941	28323	23489	29915	22641	30889
9015	15689	14418	17014	13318	18254	12682	19016
4506	18607	17220	20048	16017	21391	15318	22216
4605	26296	24642	28004	23198	29588	22356	30556
9002	39095	37072	41171	35297	43087	34255	44254
4226	19537	18115	21013	16880	22388	16163	23231
4505	17252	15917	18640	14761	19937	14091	20733
4225	18394	17015	19827	15819	21163	15125	21983
5716	26343	24688	28052	23243	29637	22399	30607
5916	37593	35610	39630	33870	41510	32850	42655
4300	12125	11011	13293	10053	14391	9501	15069
5815	5200	4479	5974	3876	6718	3536	7183
9004	20199	18753	21699	17496	23096	16765	23952
5715	18111	16743	19533	15557	20859	14868	21674
3330	15212	13960	16517	12879	17739	12253	18490
6506	16710	15397	18077	14260	19354	13601	20138
5915	21310	19824	22850	18531	24283	17779	25161
3905	11853	10751	13008	9805	14095	9260	14766
4130	17952	16590	19368	15410	20689	14724	21500
6930	10504	9469	11593	8582	12620	8072	13255
3825	22272	20752	23846	19429	25309	18658	26205
4120	21982	20472	23546	19158	25000	18393	25891
3816	25754	24117	27444	22690	29013	21856	29972
4210	28082	26372	29846	24878	31480	24005	32479
9016	14189	12981	15451	11939	16633	11337	17361
4005	16693	15381	18059	14245	19335	13586	20120
4230	12438	11309	13621	10338	14732	9778	15418
3815	21074	19596	22606	18311	24031	17563	24904
3705	33561	31689	35487	30049	37267	29089	38353
3900	6643	5825	7515	5134	8346	4742	8864
4110	21466	19974	23011	18677	24449	17921	25330
3416	24562	22964	26213	21572	27746	20759	28685
3413	11092	10027	12211	9114	13264	8589	13915
3706	18533	17149	19971	15948	21312	15251	22135
3600	22033	20521	23598	19206	25054	18440	25946
3415	30710	28920	32553	27355	34259	26439	35301
3320	30834	29041	32681	27472	34390	26554	35434
3505	45408	43226	47644	41307	49703	40180	50956
3414	30091	28320	31916	26771	33605	25865	34637
6900	9560	8573	10600	7731	11583	7248	12192
2940	20395	18942	21902	17679	23305	16944	24166
2216	20615	19154	22130	17883	23541	17144	24405
3046	25404	23779	27083	22361	28641	21534	29594
2225	17054	15727	18434	14578	19724	13912	20516
3426	24979	23368	26644	21962	28190	21143	29135
3427	25018	23405	26684	21999	28231	21178	29177
3045	29863	28099	31681	26556	33364	25653	34392
3310	21695	20195	23249	18890	24694	18131	25579
3030	46695	44482	48962	42535	51049	41391	52319
3130	16529	15223	17888	14093	19159	13438	19940
3010	45332	43152	47566	41235	49623	40108	50875
3020	24965	23354	26630	21949	28175	21130	29120
3425	21990	20480	23554	19166	25008	18400	25899
2100	21387	19898	22930	18603	24365	17849	25245
1606	13142	11981	14357	10981	15497	10403	16200
2215	19076	17671	20534	16452	21894	15744	22728
1720	26984	25308	28714	23845	30317	22990	31297
3120	25664	24030	27351	22605	28917	21773	29875
1900	890	608	1226	399	1575	296	1804
3110	9912	8907	10971	8048	11970	7554	12589
3200	22682	21148	24270	19812	25746	19034	26650
1605	17251	15916	18639	14761	19935	14090	20732
2000	13591	12409	14826	11391	15985	10803	16699
1820	7114	6267	8015	5549	8873	5141	9407
1200	19036	17633	20493	16415	21851	15707	22684
1710	22303	20782	23878	19458	25342	18687	26239
1810	3986	3358	4667	2839	5327	2549	5742
900	11395	10315	12528	9389	13595	8856	14254
806	35316	33395	37291	31711	39115	30724	40228
1506	23419	21860	25032	20501	26531	19709	27448
1410	12094	10981	13261	10025	14357	9473	15035
1505	22091	20577	23658	19260	25116	18493	26009
1330	24142	22558	25779	21178	27300	20373	28231
1000	10149	9132	11220	8261	12231	7762	12856
1320	18546	17161	19984	15960	21326	15262	22149
1420	13290	12122	14512	11116	15658	10535	16365
1130	6115	5331	6952	4672	7753	4298	8252
1116	18981	17580	20436	16364	21792	15657	22624
1310	28575	26850	30354	25342	32002	24461	33009
805	25079	23464	26747	22056	28296	21235	29243
1115	15915	14634	17249	13527	18497	12885	19265
205	13284	12116	14506	11110	15652	10530	16358
136	11357	10279	12488	9355	13553	8822	14211
1120	36823	34861	38839	33140	40700	32131	41835
705	21612	20115	23163	18813	24605	18055	25489
120	12146	11031	13315	10072	14414	9519	15092
325	25826	24187	27519	22757	29089	21922	30049
135	17624	16275	19027	15106	20336	14427	21141
706	13768	12579	15011	11553	16177	10961	16895
206	13950	12753	15201	11720	16374	11123	17096
2910	4100	3463	4791	2936	5458	2641	5879
315	15223	13971	16529	12889	17751	12263	18503
2935	10651	9608	11748	8715	12781	8201	13420
605	25525	23896	27208	22475	28769	21645	29725
606	27458	25767	29202	24291	30819	23428	31808
506	29454	27702	31260	26170	32932	25274	33953
110	5085	4373	5851	3777	6587	3442	7048
505	55127	52720	57588	50599	59849	49350	61224
2936	8204	7292	9170	6517	10085	6074	10654
405	29494	27741	31301	26208	32974	25311	33996
2926	26703	25036	28424	23581	30019	22731	30995
2925	17031	15705	18411	14557	19699	13891	20491
2927	8216	7303	9182	6527	10099	6084	10668
