faz_id mean lower_50 upper_50 lower_80 upper_80 lower_90 upper_90
8935	4577	3849	5368	3248	6134	2912	6617
8927	1077	740	1477	491	1891	366	2163
8926	1949	1485	2476	1121	3005	928	3345
8936	3387	2765	4072	2259	4742	1981	5168
8500	10153	9054	11315	8117	12416	7582	13099
8406	253	106	463	27	706	5	876
8320	8193	7209	9240	6376	10238	5902	10859
8925	2596	2056	3199	1623	3797	1388	4178
8937	8612	7602	9685	6746	10705	6258	11340
8405	877	576	1241	359	1623	254	1875
8310	9907	8821	11056	7897	12144	7369	12820
8910	2736	2180	3355	1734	3966	1491	4356
7905	5047	4281	5876	3645	6676	3289	7180
7606	761	483	1102	286	1463	193	1704
7805	3204	2600	3871	2110	4525	1842	4941
8220	12525	11300	13813	10251	15026	9648	15777
8000	38155	35994	40379	34102	42436	32994	43691
8906	1289	918	1723	637	2169	493	2459
8210	24769	23034	26567	21525	28240	20647	29266
9020	4266	3564	5031	2986	5773	2665	6242
8125	6453	5583	7386	4853	8280	4441	8840
8126	8029	7055	9066	6231	10054	5763	10670
8905	1011	686	1399	446	1803	328	2069
7806	1493	1091	1958	782	2431	622	2738
7700	5035	4270	5863	3635	6662	3280	7165
7526	10254	9149	11422	8208	12528	7669	13214
7340	3822	3160	4547	2617	5255	2317	5702
7605	1091	752	1493	500	1909	374	2183
7537	14687	13358	16079	12215	17386	11556	18193
8115	11303	10141	12528	9149	13685	8579	14401
7335	10846	9709	12046	8738	13181	8182	13885
8600	10900	9760	12103	8787	13241	8229	13946
7425	4144	3453	4898	2885	5631	2569	6094
7535	5608	4799	6480	4124	7319	3745	7846
7525	2679	2130	3291	1689	3897	1449	4284
7436	2355	1842	2931	1434	3504	1214	3871
9019	5012	4249	5838	3616	6636	3261	7138
7026	1640	1217	2126	890	2618	719	2936
7205	6982	6076	7951	5313	8878	4882	9457
7515	7455	6517	8456	5727	9411	5278	10007
7320	8077	7100	9117	6274	10108	5804	10725
7206	18426	16934	19981	15644	21435	14897	22330
7315	4710	3971	5512	3360	6288	3018	6777
7435	4069	3385	4816	2822	5544	2510	6003
7316	4524	3801	5310	3203	6073	2870	6553
7025	11227	10069	12448	9080	13601	8513	14316
7415	12552	11326	13841	10276	15056	9672	15807
7100	10246	9141	11414	8200	12519	7662	13205
7015	5288	4503	6136	3850	6953	3484	7466
9908	3364	2744	4046	2240	4715	1963	5139
6410	15322	13964	16743	12795	18076	12120	18899
6420	8890	7863	9980	6992	11015	6496	11659
5535	5655	4842	6531	4165	7373	3783	7901
5600	15534	14167	16964	12989	18307	12309	19134
5546	12278	11066	13553	10028	14756	9431	15499
4706	2427	1906	3011	1490	3592	1266	3963
6605	2539	2005	3136	1578	3728	1347	4106
6910	916	608	1287	384	1675	275	1932
6606	1584	1169	2062	849	2547	682	2861
9909	1320	944	1759	659	2209	513	2502
9011	6128	5281	7038	4572	7912	4172	8459
5525	6822	5926	7781	5174	8698	4748	9271
5515	5818	4993	6706	4305	7559	3917	8094
6326	12856	11615	14160	10551	15389	9939	16148
9914	3810	3149	4534	2607	5241	2307	5687
5545	4170	3477	4926	2906	5661	2589	6126
6223	9259	8210	10371	7320	11425	6812	12081
5306	19626	18085	21230	16751	22728	15978	23649
6325	8087	7109	9128	6282	10119	5812	10737
9009	2417	1897	3000	1482	3580	1258	3951
9006	1806	1361	2314	1013	2826	830	3157
6225	17280	15836	18787	14590	20198	13868	21067
9018	11524	10351	12760	9348	13928	8772	14651
5425	31314	29359	33332	27653	35203	26656	36347
5305	24768	23033	26566	21524	28239	20646	29265
5426	13280	12018	14605	10935	15852	10312	16623
6226	6986	6079	7956	5317	8883	4885	9462
6126	3065	2475	3718	1998	4360	1737	4768
6224	8048	7073	9086	6248	10076	5779	10692
6216	9930	8843	11080	7918	12170	7389	12846
6316	20504	18928	22143	17563	23672	16771	24612
6215	16745	15324	18229	14098	19619	13389	20476
5100	1673	1245	2164	914	2659	740	2980
6213	15712	14337	17150	13152	18500	12467	19332
9005	455	247	726	114	1024	58	1226
6124	13266	12005	14590	10923	15837	10300	16607
6125	10863	9725	12064	8753	13200	8197	13904
6214	29876	27967	31848	26303	33677	25331	34796
5415	64524	61704	67407	59219	70057	57756	71667
5205	35066	32996	37199	31185	39174	30126	40381
9916	2163	1672	2717	1285	3269	1077	3624
9913	5949	5115	6846	4417	7708	4025	8248
9915	2943	2366	3583	1899	4214	1645	4616
4606	3669	3021	4380	2491	5075	2198	5515
6115	9326	8274	10441	7380	11500	6869	12158
4820	6154	5305	7066	4594	7941	4193	8489
9017	285	127	506	39	759	10	935
6123	61741	58984	64561	56554	67155	55125	68732
6114	20385	18814	22019	17453	23545	16663	24482
4607	6194	5342	7109	4629	7987	4227	8536
6505	3124	2528	3783	2045	4430	1781	4842
5020	9467	8406	10591	7505	11656	6990	12319
6113	42777	40487	45130	38479	47303	37301	48627
5010	15906	14522	17353	13329	18710	12640	19547
6020	81994	78812	85239	75999	88216	74341	90022
4900	52263	49729	54860	47500	57254	46191	58710
6010	128489	124497	132544	120956	136249	118862	138491
4400	9538	8473	10666	7568	11735	7051	12399
9900	1772	1331	2276	988	2784	807	3112
9904	6740	5850	7693	5102	8605	4680	9175
9902	24192	22478	25969	20988	27624	20121	28638
4810	7955	6985	8988	6166	9971	5700	10585
5720	12518	11294	13805	10245	15019	9642	15769
9901	4787	4042	5595	3425	6377	3080	6869
5826	8766	7747	9848	6882	10877	6390	11517
5825	50510	48019	53064	45829	55418	44544	56851
5925	20616	19036	22259	17667	23793	16872	24735
9015	1864	1411	2380	1057	2899	869	3234
4506	30441	28514	32431	26833	34277	25851	35406
4605	16102	14709	17558	13509	18923	12815	19764
9002	9722	8647	10860	7732	11939	7210	12609
4226	3562	2924	4263	2403	4949	2115	5384
4505	1444	1049	1902	747	2368	591	2672
4225	3369	2749	4052	2245	4721	1967	5146
5716	8583	7575	9654	6720	10673	6234	11307
5916	8257	7269	9308	6432	10309	5956	10932
4300	12197	10989	13468	9955	14667	9361	15408
5815	27928	26084	29835	24477	31607	23540	32691
9004	5700	4884	6579	4203	7424	3820	7955
5715	2266	1763	2832	1364	3395	1150	3757
3330	2656	2109	3266	1670	3869	1432	4255
6506	6678	5792	7627	5048	8535	4628	9103
5915	5328	4540	6179	3885	6999	3517	7514
3905	20372	18801	22006	17441	23531	16651	24467
4130	26003	24225	27844	22677	29557	21775	30606
6930	3642	2996	4351	2468	5043	2177	5482
3825	9005	7971	10102	7094	11143	6594	11791
4120	3810	3149	4534	2607	5241	2307	5687
3816	4892	4138	5709	3514	6498	3164	6994
4210	5644	4832	6519	4155	7360	3774	7888
9016	1903	1445	2424	1086	2947	896	3285
4005	1972	1505	2502	1138	3033	944	3375
4230	2144	1656	2695	1270	3246	1064	3599
3815	10876	9737	12078	8765	13214	8208	13919
3705	34604	32548	36723	30749	38686	29698	39885
3900	26901	25092	28773	23516	30514	22598	31579
4110	32263	30278	34311	28545	36208	27532	37368
3416	3393	2771	4078	2264	4749	1986	5175
3413	1615	1195	2098	871	2586	702	2903
3706	4038	3356	4783	2796	5507	2486	5965
3600	54658	52065	57314	49784	59759	48444	61247
3415	5095	4325	5928	3686	6731	3328	7237
3320	6117	5271	7026	4562	7899	4163	8446
3505	22422	20773	24134	19341	25730	18509	26709
3414	3149	2551	3810	2066	4460	1800	4873
6900	1977	1509	2508	1142	3039	947	3382
2940	3041	2454	3691	1978	4331	1719	4738
2216	3999	3321	4740	2764	5462	2455	5918
3046	8799	7778	9883	6912	10914	6418	11555
2225	6772	5880	7727	5130	8641	4706	9213
3426	3485	2854	4179	2339	4858	2056	5289
3427	6203	5350	7118	4637	7997	4234	8547
3045	3981	3304	4721	2749	5441	2441	5896
3310	3686	3036	4399	2505	5095	2211	5536
3030	11145	9992	12361	9007	13511	8442	14223
3130	25022	23278	26829	21761	28510	20878	29541
3010	11184	10028	12402	9042	13554	8476	14267
3020	22217	20575	23921	19151	25510	18323	26486
3425	3437	2810	4127	2300	4801	2019	5230
2100	2624	2081	3230	1645	3831	1409	4214
1606	3504	2871	4200	2355	4881	2071	5312
2215	7024	6115	7996	5350	8926	4917	9506
1720	7626	6677	8638	5877	9603	5422	10204
3120	16412	15006	17881	13793	19259	13092	20107
1900	14986	13643	16392	12488	17711	11822	18525
3110	3342	2725	4022	2223	4689	1947	5112
3200	9381	8325	10500	7429	11561	6916	12220
1605	7358	6427	8352	5642	9302	5197	9894
2000	15242	13888	16659	12722	17989	12049	18810
1820	28724	26853	30658	25222	32453	24271	33552
1200	5681	4867	6558	4187	7403	3805	7932
1710	13036	11786	14349	10714	15585	10097	16350
1810	16298	14897	17762	13688	19135	12990	19981
900	12641	11411	13934	10356	15153	9750	15907
806	4434	3718	5213	3127	5968	2798	6445
1506	4357	3648	5129	3063	5879	2737	6352
1410	15346	13987	16768	12817	18102	12142	18925
1505	6765	5873	7720	5124	8633	4700	9204
1330	6102	5257	7010	4549	7882	4151	8428
1000	2301	1794	2871	1391	3438	1175	3802
1320	5153	4379	5990	3735	6798	3375	7306
1420	15673	14299	17110	13116	18457	12433	19288
1130	3593	2952	4297	2428	4985	2139	5422
1116	8488	7485	9554	6636	10567	6153	11198
1310	6496	5623	7432	4890	8329	4477	8890
805	5246	4465	6090	3815	6905	3450	7417
1115	4947	4189	5768	3560	6561	3209	7060
205	13730	12446	15077	11344	16343	10709	17126
136	4448	3731	5228	3139	5985	2809	6462
1120	12228	11018	13501	9983	14701	9388	15443
705	3251	2643	3922	2148	4581	1877	5000
120	1442	1047	1900	746	2366	590	2669
325	6162	5312	7075	4601	7950	4200	8499
135	3352	2734	4033	2231	4701	1954	5125
706	3773	3115	4494	2576	5197	2279	5642
206	8726	7709	9806	6847	10833	6356	11471
2910	1027	699	1418	457	1824	337	2092
315	7189	6269	8172	5494	9112	5055	9698
2935	20185	18622	21811	17268	23330	16482	24262
605	4495	3774	5279	3179	6039	2847	6518
606	4681	3945	5480	3335	6254	2995	6742
506	5795	4972	6681	4285	7533	3898	8067
110	1096	756	1499	504	1916	377	2190
505	10768	9635	11964	8668	13095	8114	13797
2936	2911	2337	3548	1874	4176	1621	4576
405	4012	3333	4754	2775	5477	2465	5934
2926	2770	2211	3392	1761	4007	1516	4398
2925	2614	2072	3219	1637	3818	1402	4201
2927	1714	1281	2210	945	2711	768	3035
