faz_id mean lower_50 upper_50 lower_80 upper_80 lower_90 upper_90
8935	7032	6618	7459	6255	7854	6043	8096
8927	2879	2616	3155	2390	3413	2260	3573
8926	8439	7984	8906	7586	9338	7352	9601
8936	8151	7704	8610	7313	9035	7083	9294
8500	11349	10821	11890	10356	12388	10082	12690
8406	1345	1167	1535	1018	1717	934	1831
8320	7993	7551	8448	7163	8868	6936	9125
8925	9049	8578	9533	8165	9979	7922	10251
8937	10973	10454	11505	9997	11995	9728	12293
8405	9246	8770	9735	8352	10186	8106	10460
8310	15913	15286	16552	14733	17139	14406	17495
8910	9371	8892	9863	8471	10317	8224	10593
7905	13533	12956	14123	12446	14665	12147	14994
7606	2265	2032	2510	1834	2742	1720	2885
7805	10773	10258	11300	9806	11786	9540	12081
8220	10952	10433	11483	9977	11973	9708	12270
8000	6925	6514	7349	6154	7741	5944	7981
8906	3895	3588	4214	3323	4513	3169	4696
8210	7721	7286	8168	6906	8582	6683	8834
9020	10202	9701	10715	9261	11188	9003	11476
8125	9075	8603	9559	8189	10006	7946	10278
8126	8472	8016	8940	7617	9373	7383	9636
8905	4467	4138	4809	3852	5127	3686	5323
7806	4375	4049	4713	3767	5029	3603	5222
7700	3705	3406	4017	3147	4308	2997	4488
7526	6763	6357	7182	6001	7570	5794	7807
7340	12434	11881	13000	11393	13520	11107	13836
7605	812	675	961	563	1106	501	1198
7537	14417	13821	15026	13295	15585	12985	15924
8115	17775	17112	18450	16526	19069	16181	19444
7335	17556	16897	18227	16315	18842	15972	19215
8600	8917	8449	9397	8039	9840	7799	10110
7425	12801	12240	13375	11745	13903	11454	14223
7535	16218	15585	16863	15026	17455	14697	17814
7525	8799	8335	9276	7927	9716	7688	9985
7436	2353	2116	2603	1913	2838	1797	2984
9019	9310	8832	9800	8413	10253	8166	10529
7026	4392	4066	4731	3783	5047	3618	5241
7205	6949	6537	7374	6177	7767	5966	8007
7515	2802	2543	3074	2320	3330	2192	3487
7320	14326	13732	14933	13207	15490	12898	15829
7206	8980	8511	9462	8099	9906	7858	10177
7315	9376	8896	9868	8475	10322	8228	10599
7435	3542	3250	3847	2997	4132	2851	4308
7316	9084	8612	9569	8198	10016	7955	10288
7025	10729	10216	11255	9764	11740	9499	12034
7415	5665	5294	6049	4970	6406	4781	6624
7100	15859	15233	16497	14681	17083	14355	17438
7015	8551	8093	9021	7692	9456	7457	9720
9908	1142	979	1318	842	1487	766	1593
6410	27035	26216	27866	25490	28626	25060	29085
6420	22858	22106	23623	21439	24323	21045	24746
5535	17864	17200	18541	16612	19161	16265	19537
5600	8055	7611	8512	7222	8934	6994	9191
5546	8775	8311	9251	7904	9691	7666	9959
4706	5669	5298	6053	4974	6410	4785	6628
6605	6175	5787	6576	5448	6947	5251	7174
6910	2973	2706	3253	2476	3516	2343	3678
6606	3500	3209	3803	2959	4087	2813	4262
9909	3989	3678	4312	3409	4614	3253	4800
9011	6997	6584	7423	6222	7817	6011	8058
5525	7862	7423	8313	7039	8730	6814	8985
5515	12969	12404	13547	11906	14078	11613	14400
6326	12571	12015	13140	11524	13663	11236	13981
9914	8781	8317	9257	7910	9697	7671	9965
5545	7122	6705	7552	6340	7950	6126	8192
6223	14547	13948	15158	13420	15720	13108	16061
5306	11771	11233	12322	10759	12828	10480	13136
6325	16982	16334	17642	15762	18247	15424	18615
9009	2549	2302	2809	2090	3053	1968	3204
9006	6583	6182	6996	5832	7379	5627	7614
6225	11341	10813	11882	10348	12379	10075	12682
9018	10941	10422	11472	9966	11961	9698	12259
5425	20049	19345	20766	18721	21422	18353	21820
5305	13545	12967	14135	12458	14678	12158	15007
5426	10152	9653	10664	9214	11136	8956	11423
6226	14916	14309	15535	13774	16103	13459	16448
6126	6320	5927	6725	5585	7101	5384	7331
6224	11320	10792	11860	10328	12357	10055	12660
6216	6953	6541	7378	6181	7771	5970	8011
6316	15582	14962	16215	14414	16795	14092	17147
6215	11842	11302	12394	10827	12903	10547	13211
5100	3121	2847	3408	2611	3677	2475	3842
6213	10306	9803	10822	9361	11297	9101	11586
9005	3522	3231	3826	2979	4111	2833	4286
6124	14842	14237	15460	13703	16027	13388	16371
6125	5614	5244	5996	4922	6351	4734	6569
6214	238	167	322	114	408	87	464
5415	8448	7993	8915	7594	9347	7360	9610
5205	6806	6398	7226	6042	7615	5834	7853
9916	8298	7847	8761	7452	9189	7220	9450
9913	3603	3308	3910	3053	4198	2906	4375
9915	12107	11561	12665	11080	13179	10798	13491
4606	11658	11123	12206	10651	12710	10374	13017
6115	11892	11351	12445	10875	12955	10595	13264
4820	3827	3523	4144	3260	4440	3107	4622
9017	2164	1937	2404	1743	2630	1632	2771
6123	12185	11637	12745	11155	13260	10871	13574
6114	18365	17691	19051	17095	19680	16744	20061
4607	13662	13082	14255	12570	14799	12269	15130
6505	5550	5182	5930	4862	6283	4676	6499
5020	11828	11289	12380	10814	12888	10534	13197
6113	28041	27207	28888	26467	29661	26029	30128
5010	9578	9093	10075	8667	10534	8418	10813
6020	11031	10510	11564	10052	12055	9783	12354
4900	7928	7488	8381	7102	8800	6876	9055
6010	8033	7590	8489	7201	8910	6973	9168
4400	9906	9413	10412	8980	10878	8725	11162
9900	5351	4990	5724	4676	6071	4493	6284
9904	7232	6812	7665	6444	8066	6229	8310
9902	14901	14295	15520	13760	16088	13444	16433
4810	4989	4641	5350	4338	5685	4162	5891
5720	19274	18584	19977	17973	20621	17612	21011
9901	5760	5385	6147	5059	6507	4868	6726
5826	3506	3215	3809	2964	4093	2819	4268
5825	2039	1819	2272	1631	2492	1524	2629
5925	12260	11711	12822	11227	13339	10942	13653
9015	6747	6341	7165	5986	7553	5779	7790
4506	8524	8067	8994	7666	9427	7431	9692
4605	11726	11189	12276	10716	12781	10438	13089
9002	20584	19870	21310	19239	21975	18865	22378
4226	8084	7639	8541	7249	8964	7021	9222
4505	6293	5901	6697	5559	7072	5359	7301
4225	8200	7752	8661	7359	9086	7129	9346
5716	11778	11240	12329	10766	12836	10487	13144
5916	15866	15240	16504	14688	17090	14362	17445
4300	6008	5625	6403	5292	6770	5097	6994
5815	2372	2134	2623	1930	2859	1813	3006
9004	10694	10181	11219	9731	11703	9466	11997
5715	8159	7712	8619	7320	9043	7091	9302
3330	6915	6504	7339	6145	7731	5935	7970
6506	7867	7428	8318	7044	8736	6819	8990
5915	8464	8009	8932	7609	9364	7375	9628
3905	5046	4696	5409	4391	5746	4214	5953
4130	8800	8336	9277	7928	9717	7689	9986
6930	4601	4267	4948	3977	5271	3808	5469
3825	9724	9235	10225	8806	10687	8554	10968
4120	9887	9394	10392	8961	10858	8707	11142
3816	11362	10833	11903	10368	12401	10095	12704
4210	11920	11378	12474	10902	12984	10621	13294
9016	7294	6872	7729	6502	8131	6286	8377
4005	7688	7254	8134	6875	8547	6652	8799
4230	5134	4781	5500	4473	5840	4294	6048
3815	8962	8493	9443	8082	9888	7841	10158
3705	15864	15238	16502	14686	17088	14360	17443
3900	3930	3622	4251	3355	4551	3200	4735
4110	12038	11494	12595	11014	13107	10732	13418
3416	11198	10673	11735	10212	12230	9940	12531
3413	4799	4458	5153	4161	5482	3989	5684
3706	7559	7129	8002	6753	8411	6532	8661
3600	11778	11240	12329	10766	12836	10487	13144
3415	13790	13207	14386	12693	14933	12390	15265
3320	12124	11578	12683	11097	13197	10814	13509
3505	20688	19973	21416	19339	22082	18965	22486
3414	11296	10769	11836	10305	12332	10033	12634
6900	4884	4540	5241	4240	5573	4066	5777
2940	11030	10509	11563	10051	12054	9782	12353
2216	8952	8484	9433	8072	9877	7831	10148
3046	11249	10723	11787	10260	12283	9988	12585
2225	9978	9483	10486	9048	10953	8793	11238
3426	9515	9032	10011	8607	10468	8358	10746
3427	10277	9775	10792	9333	11267	9074	11555
3045	12888	12325	13464	11828	13993	11536	14315
3310	13465	12889	14054	12381	14594	12082	14923
3030	20049	19345	20766	18721	21422	18353	21820
3130	8648	8188	9121	7784	9558	7547	9824
3010	19234	18544	19936	17934	20579	17574	20969
3020	13819	13235	14415	12721	14963	12418	15295
3425	9511	9028	10007	8604	10464	8355	10742
2100	8655	8194	9128	7791	9565	7554	9831
1606	6181	5793	6582	5454	6953	5256	7181
2215	8328	7876	8792	7480	9221	7248	9482
1720	13269	12697	13853	12193	14390	11896	14716
3120	13955	13369	14554	12851	15104	12546	15438
1900	553	441	677	351	800	303	878
3110	3742	3441	4055	3181	4348	3031	4528
3200	10225	9724	10739	9283	11212	9025	11500
1605	8355	7903	8820	7506	9249	7274	9511
2000	6447	6050	6856	5704	7235	5502	7467
1820	4982	4634	5342	4332	5678	4155	5883
1200	8291	7840	8754	7445	9182	7214	9443
1710	12552	11996	13120	11506	13643	11218	13961
1810	3437	3149	3737	2901	4019	2757	4192
900	5329	4969	5702	4656	6048	4473	6260
806	16401	15765	17050	15202	17645	14871	18006
1506	10409	9903	10927	9459	11405	9198	11695
1410	5762	5387	6149	5061	6509	4870	6729
1505	9848	9356	10352	8924	10817	8671	11100
1330	9052	8581	9536	8167	9982	7925	10254
1000	4133	3817	4462	3543	4769	3384	4957
1320	7410	6984	7848	6612	8254	6394	8501
1420	10251	9749	10765	9308	11239	9049	11528
1130	3217	2939	3508	2699	3781	2560	3949
1116	8609	8150	9081	7747	9517	7511	9782
1310	10854	10338	11383	9883	11870	9616	12167
805	10573	10063	11095	9615	11576	9352	11869
1115	7218	6798	7651	6431	8051	6216	8295
205	6016	5633	6411	5299	6778	5104	7003
136	5244	4887	5614	4576	5957	4395	6168
1120	17546	16888	18217	16306	18832	15962	19205
705	13048	12481	13627	11981	14160	11687	14484
120	5395	5033	5770	4717	6118	4533	6332
325	11193	10668	11730	10207	12225	9935	12525
135	7255	6834	7689	6465	8090	6250	8335
706	6724	6319	7142	5965	7529	5758	7765
206	6185	5797	6586	5458	6958	5260	7185
2910	2150	1924	2389	1731	2615	1620	2755
315	6549	6149	6961	5800	7343	5596	7577
2935	2977	2710	3257	2479	3520	2347	3682
605	11256	10730	11795	10267	12291	9995	12592
606	13292	12720	13877	12215	14414	11918	14741
506	14869	14263	15487	13729	16055	13414	16399
110	2463	2220	2718	2012	2959	1893	3108
505	25942	25140	26756	24429	27501	24008	27951
2936	3394	3108	3693	2861	3972	2718	4145
405	13459	12883	14047	12375	14588	12076	14916
2926	11109	10586	11644	10127	12137	9856	12437
2925	9849	9357	10353	8925	10818	8672	11101
2927	7715	7281	8162	6900	8575	6677	8828
