faz_id mean lower_50 upper_50 lower_80 upper_80 lower_90 upper_90
8935	7032	6518	7565	6072	8062	5813	8367
8927	2879	2554	3224	2277	3551	2120	3754
8926	8439	7875	9022	7384	9564	7098	9896
8936	8151	7597	8725	7115	9258	6834	9584
8500	11349	10694	12024	10120	12649	9784	13030
8406	1345	1126	1584	945	1815	844	1962
8320	7993	7444	8561	6967	9089	6689	9413
8925	9049	8465	9653	7955	10213	7658	10556
8937	10973	10329	11637	9765	12251	9435	12627
8405	9246	8655	9856	8140	10422	7839	10769
8310	15913	15135	16710	14451	17445	14049	17893
8910	9371	8776	9985	8257	10555	7954	10904
7905	13533	12816	14269	12188	14949	11819	15363
7606	2265	1978	2572	1735	2865	1598	3048
7805	10773	10135	11431	9576	12040	9250	12412
8220	10952	10308	11615	9745	12229	9416	12604
8000	6925	6415	7454	5973	7948	5715	8251
8906	3895	3515	4294	3190	4671	3002	4904
8210	7721	7182	8279	6713	8799	6440	9118
9020	10202	9581	10842	9038	11436	8721	11799
8125	9075	8490	9680	7980	10241	7682	10584
8126	8472	7907	9057	7415	9600	7128	9932
8905	4467	4059	4894	3709	5295	3507	5543
7806	4375	3972	4798	3625	5195	3425	5441
7700	3705	3335	4095	3018	4463	2836	4690
7526	6763	6259	7286	5822	7774	5568	8074
7340	12434	11747	13140	11146	13793	10793	14191
7605	812	644	1000	509	1185	436	1304
7537	14417	13677	15177	13027	15877	12646	16304
8115	17775	16952	18617	16228	19393	15802	19864
7335	17556	16738	18393	16019	19164	15596	19632
8600	8917	8337	9516	7831	10073	7537	10413
7425	12801	12104	13517	11493	14179	11135	14583
7535	16218	15433	17023	14742	17765	14336	18216
7525	8799	8223	9395	7721	9948	7428	10286
7436	2353	2060	2666	1813	2964	1672	3150
9019	9310	8717	9922	8200	10490	7898	10838
7026	4392	3988	4816	3641	5214	3440	5460
7205	6949	6438	7479	5995	7974	5737	8277
7515	2802	2481	3142	2209	3465	2054	3666
7320	14326	13588	15083	12941	15782	12561	16207
7206	8980	8398	9582	7891	10140	7594	10482
7315	9376	8781	9990	8262	10560	7959	10909
7435	3542	3180	3923	2871	4284	2693	4507
7316	9084	8499	9689	7988	10250	7690	10594
7025	10729	10092	11386	9535	11994	9209	12365
7415	5665	5205	6145	4807	6594	4576	6870
7100	15859	15082	16655	14400	17389	13999	17835
7015	8551	7983	9138	7489	9684	7200	10018
9908	1142	941	1363	776	1578	685	1715
6410	27035	26018	28072	25119	29022	24588	29598
6420	22858	21924	23812	21099	24688	20613	25219
5535	17864	17039	18708	16313	19486	15886	19958
5600	8055	7504	8625	7025	9155	6746	9480
5546	8775	8200	9370	7698	9922	7406	10260
4706	5669	5209	6149	4811	6598	4580	6874
6605	6175	5694	6675	5278	7143	5036	7430
6910	2973	2642	3323	2361	3655	2200	3862
6606	3500	3140	3879	2833	4237	2657	4459
9909	3989	3604	4393	3275	4774	3085	5009
9011	6997	6484	7529	6039	8025	5781	8329
5525	7862	7318	8425	6845	8950	6569	9271
5515	12969	12268	13690	11653	14356	11292	14762
6326	12571	11881	13281	11276	13937	10921	14337
9914	8781	8206	9376	7704	9928	7412	10266
5545	7122	6605	7659	6156	8159	5894	8466
6223	14547	13804	15310	13151	16014	12768	16442
5306	11771	11103	12458	10519	13094	10176	13482
6325	16982	16178	17806	15471	18564	15055	19025
9009	2549	2243	2874	1985	3183	1838	3376
9006	6583	6086	7099	5655	7581	5405	7877
6225	11341	10686	12016	10112	12640	9777	13021
9018	10941	10298	11604	9735	12218	9406	12592
5425	20049	19175	20943	18404	21765	17950	22264
5305	13545	12828	14282	12199	14962	11830	15376
5426	10152	9533	10791	8991	11383	8675	11745
6226	14916	14163	15688	13502	16401	13114	16834
6126	6320	5833	6826	5412	7299	5167	7589
6224	11320	10665	11994	10092	12618	9757	12999
6216	6953	6442	7483	5999	7978	5741	8281
6316	15582	14812	16371	14136	17099	13738	17542
6215	11842	11172	12531	10586	13169	10242	13558
5100	3121	2782	3480	2493	3819	2328	4030
6213	10306	9682	10950	9136	11546	8818	11910
9005	3522	3161	3902	2853	4262	2676	4484
6124	14842	14091	15613	13431	16323	13044	16756
6125	5614	5156	6092	4760	6538	4531	6813
6214	238	151	344	90	456	61	531
5415	8448	7884	9032	7392	9574	7106	9906
5205	6806	6301	7331	5862	7820	5607	8121
9916	8298	7739	8877	7252	9414	6968	9744
9913	3603	3238	3988	2926	4351	2747	4575
9915	12107	11430	12804	10836	13448	10489	13841
4606	11658	10994	12342	10412	12975	10071	13361
6115	11892	11221	12583	10633	13221	10289	13611
4820	3827	3450	4223	3128	4596	2943	4827
9017	2164	1883	2464	1647	2751	1513	2931
6123	12185	11505	12884	10910	13530	10561	13925
6114	18365	17528	19221	16792	20009	16359	20487
4607	13662	12942	14402	12310	15084	11939	15501
6505	5550	5095	6025	4701	6469	4473	6743
5020	11828	11159	12517	10572	13154	10229	13543
6113	28041	27005	29096	26089	30064	25548	30650
5010	9578	8977	10199	8452	10775	8145	11127
6020	11031	10385	11697	9820	12313	9489	12689
4900	7928	7382	8494	6906	9020	6630	9342
6010	8033	7483	8602	7004	9132	6726	9456
4400	9906	9294	10537	8760	11122	8448	11480
9900	5351	4904	5818	4518	6254	4295	6523
9904	7232	6711	7773	6258	8277	5995	8585
9902	14901	14148	15673	13487	16385	13099	16819
4810	4989	4558	5440	4186	5863	3971	6123
5720	19274	18417	20151	17662	20957	17217	21447
9901	5760	5296	6244	4894	6696	4662	6974
5826	3506	3146	3886	2838	4244	2662	4466
5825	2039	1767	2331	1538	2610	1409	2785
5925	12260	11578	12961	10981	13609	10631	14005
9015	6747	6244	7270	5807	7757	5554	8056
4506	8524	7957	9110	7463	9655	7176	9988
4605	11726	11060	12412	10476	13046	10134	13434
9002	20584	19698	21490	18916	22322	18456	22828
4226	8084	7532	8655	7052	9186	6772	9512
4505	6293	5807	6798	5387	7270	5143	7559
4225	8200	7644	8775	7160	9310	6879	9637
5716	11778	11110	12465	10525	13101	10183	13489
5916	15866	15089	16662	14406	17396	14005	17843
4300	6008	5534	6502	5123	6963	4885	7247
5815	2372	2078	2686	1829	2985	1688	3172
9004	10694	10058	11350	9502	11957	9177	12327
5715	8159	7605	8733	7122	9266	6841	9593
3330	6915	6405	7444	5963	7937	5706	8240
6506	7867	7323	8431	6850	8955	6574	9276
5915	8464	7899	9048	7407	9591	7121	9923
3905	5046	4612	5499	4238	5924	4022	6186
4130	8800	8224	9396	7722	9949	7429	10287
6930	4601	4187	5034	3831	5441	3626	5692
3825	9724	9118	10350	8589	10930	8280	11284
4120	9887	9276	10518	8742	11102	8430	11460
3816	11362	10706	12037	10132	12662	9796	13044
4210	11920	11248	12612	10659	13251	10315	13641
9016	7294	6770	7837	6316	8343	6051	8653
4005	7688	7150	8245	6683	8764	6410	9082
4230	5134	4696	5591	4319	6020	4101	6284
3815	8962	8381	9563	7874	10121	7578	10462
3705	15864	15087	16660	14404	17394	14003	17841
3900	3930	3548	4331	3221	4709	3033	4943
4110	12038	11363	12733	10771	13375	10425	13767
3416	11198	10547	11869	9977	12489	9644	12868
3413	4799	4376	5241	4012	5656	3802	5912
3706	7559	7026	8112	6562	8626	6293	8941
3600	11778	11110	12465	10525	13101	10183	13489
3415	13790	13066	14533	12431	15219	12059	15637
3320	12124	11446	12821	10852	13466	10505	13859
3505	20688	19800	21596	19016	22430	18555	22937
3414	11296	10642	11969	10070	12593	9735	12973
6900	4884	4457	5330	4090	5749	3877	6007
2940	11030	10384	11696	9819	12312	9488	12688
2216	8952	8371	9553	7864	10110	7569	10451
3046	11249	10596	11921	10025	12543	9691	12923
2225	9978	9364	10612	8828	11199	8514	11558
3426	9515	8916	10134	8393	10708	8087	11059
3427	10277	9654	10920	9109	11515	8791	11879
3045	12888	12189	13607	11576	14271	11217	14675
3310	13465	12750	14199	12123	14877	11755	15291
3030	20049	19175	20943	18404	21765	17950	22264
3130	8648	8077	9238	7580	9787	7289	10123
3010	19234	18378	20110	17623	20915	17179	21405
3020	13819	13095	14563	12459	15249	12086	15668
3425	9511	8912	10130	8389	10704	8083	11055
2100	8655	8084	9246	7586	9794	7296	10130
1606	6181	5700	6682	5283	7149	5041	7437
2215	8328	7768	8908	7280	9446	6996	9776
1720	13269	12559	13998	11937	14671	11572	15082
3120	13955	13227	14702	12588	15392	12213	15813
1900	553	416	710	309	867	253	969
3110	3742	3370	4134	3051	4503	2868	4732
3200	10225	9603	10866	9060	11460	8743	11823
1605	8355	7794	8936	7305	9475	7021	9805
2000	6447	5955	6958	5529	7435	5282	7728
1820	4982	4551	5433	4179	5855	3965	6115
1200	8291	7732	8869	7246	9407	6962	9736
1710	12552	11862	13261	11258	13917	10903	14317
1810	3437	3081	3813	2776	4168	2602	4388
900	5329	4883	5795	4498	6231	4275	6499
806	16401	15611	17210	14916	17956	14508	18410
1506	10409	9782	11056	9233	11655	8913	12021
1410	5762	5298	6246	4896	6698	4664	6976
1505	9848	9238	10477	8705	11061	8394	11418
1330	9052	8468	9656	7958	10216	7661	10559
1000	4133	3741	4544	3405	4931	3212	5170
1320	7410	6882	7957	6424	8467	6157	8779
1420	10251	9629	10893	9085	11488	8767	11851
1130	3217	2873	3581	2579	3925	2411	4139
1116	8609	8039	9198	7543	9745	7254	10080
1310	10854	10213	11514	9653	12126	9325	12499
805	10573	9941	11225	9388	11829	9065	12197
1115	7218	6697	7758	6245	8262	5982	8570
205	6016	5541	6510	5131	6972	4892	7256
136	5244	4802	5706	4420	6139	4199	6405
1120	17546	16729	18383	16009	19153	15586	19622
705	13048	12344	13771	11728	14439	11366	14846
120	5395	4946	5863	4558	6302	4334	6572
325	11193	10542	11863	9973	12484	9639	12863
135	7255	6733	7797	6279	8301	6015	8611
706	6724	6222	7246	5786	7732	5533	8031
206	6185	5704	6686	5287	7154	5045	7441
2910	2150	1870	2449	1635	2736	1502	2914
315	6549	6053	7064	5624	7545	5374	7840
2935	2977	2646	3327	2365	3660	2204	3866
605	11256	10603	11928	10032	12550	9698	12930
606	13292	12582	14022	11959	14696	11594	15106
506	14869	14117	15640	13457	16351	13069	16785
110	2463	2163	2783	1909	3087	1765	3277
505	25942	24946	26958	24066	27889	23546	28454
2936	3394	3040	3768	2738	4121	2565	4339
405	13459	12744	14193	12117	14871	11750	15284
2926	11109	10461	11777	9893	12395	9561	12773
2925	9849	9239	10478	8706	11062	8395	11419
2927	7715	7176	8273	6708	8793	6435	9111
