faz_id mean lower_50 upper_50 lower_80 upper_80 lower_90 upper_90
8935	7032	6322	7780	5715	8485	5367	8922
8927	2879	2432	3364	2061	3833	1854	4129
8926	8439	7660	9256	6990	10025	6604	10499
8936	8151	7385	8955	6728	9710	6349	10177
8500	11349	10442	12294	9658	13177	9203	13720
8406	1345	1045	1683	807	2019	680	2235
8320	7993	7235	8789	6584	9538	6210	10001
8925	9049	8241	9895	7546	10688	7145	11178
8937	10973	10081	11902	9311	12771	8865	13306
8405	9246	8429	10101	7726	10902	7320	11397
8310	15913	14836	17028	13898	18065	13351	18700
8910	9371	8549	10231	7840	11038	7431	11536
7905	13533	12541	14563	11680	15523	11179	16112
7606	2265	1870	2697	1547	3119	1368	3386
7805	10773	9890	11694	9127	12556	8685	13086
8220	10952	10061	11880	9292	12749	8846	13283
8000	6925	6221	7667	5619	8368	5273	8802
8906	3895	3371	4456	2932	4994	2684	5331
8210	7721	6976	8504	6338	9241	5970	9696
9020	10202	9343	11099	8602	11939	8173	12456
8125	9075	8266	9922	7570	10717	7168	11207
8126	8472	7691	9291	7020	10061	6633	10536
8905	4467	3905	5067	3431	5639	3162	5996
7806	4375	3819	4969	3351	5536	3085	5890
7700	3705	3195	4253	2768	4779	2527	5108
7526	6763	6067	7497	5473	8190	5132	8619
7340	12434	11484	13422	10660	14344	10182	14910
7605	812	583	1079	410	1351	320	1528
7537	14417	13392	15479	12502	16469	11984	17075
8115	17775	16635	18953	15641	20045	15061	20714
7335	17556	16423	18726	15436	19813	14859	20477
8600	8917	8115	9757	7425	10545	7027	11031
7425	12801	11837	13803	11000	14738	10515	15312
7535	16218	15130	17344	14183	18390	13630	19030
7525	8799	8003	9633	7318	10417	6923	10900
7436	2353	1950	2793	1620	3222	1437	3494
9019	9310	8490	10167	7784	10972	7377	11468
7026	4392	3835	4987	3366	5555	3099	5909
7205	6949	6243	7692	5640	8394	5294	8829
7515	2802	2361	3281	1996	3745	1792	4037
7320	14326	13305	15385	12417	16371	11901	16976
7206	8980	8175	9822	7483	10613	7083	11101
7315	9376	8553	10236	7845	11044	7436	11541
7435	3542	3044	4078	2627	4593	2393	4916
7316	9084	8275	9931	7578	10727	7176	11217
7025	10729	9848	11648	9086	12508	8645	13037
7415	5665	5030	6338	4490	6976	4182	7373
7100	15859	14783	16972	13847	18007	13301	18641
7015	8551	7766	9374	7092	10147	6703	10624
9908	1142	867	1455	652	1768	538	1971
6410	27035	25625	28483	24387	29819	23661	30633
6420	22858	21563	24191	20429	25424	19765	26176
5535	17864	16721	19044	15724	20140	15143	20810
5600	8055	7294	8854	6641	9606	6265	10070
5546	8775	7980	9608	7296	10391	6901	10873
4706	5669	5034	6342	4494	6981	4185	7378
6605	6175	5511	6877	4945	7541	4621	7953
6910	2973	2518	3466	2141	3942	1929	4241
6606	3500	3005	4033	2591	4545	2358	4867
9909	3989	3459	4557	3014	5100	2762	5440
9011	6997	6289	7743	5684	8447	5336	8883
5525	7862	7110	8651	6466	9395	6095	9854
5515	12969	11998	13978	11156	14918	10667	15496
6326	12571	11615	13564	10787	14491	10306	15060
9914	8781	7985	9614	7301	10397	6907	10880
5545	7122	6407	7874	5796	8584	5445	9024
6223	14547	13518	15614	12623	16607	12102	17216
5306	11771	10847	12733	10047	13631	9583	14184
6325	16982	15868	18133	14898	19203	14332	19857
9009	2549	2129	3007	1783	3451	1591	3732
9006	6583	5897	7307	5311	7991	4975	8416
6225	11341	10434	12285	9650	13168	9196	13711
9018	10941	10051	11869	9281	12737	8836	13271
5425	20049	18837	21298	17778	22456	17159	23163
5305	13545	12552	14575	11691	15536	11190	16125
5426	10152	9295	11047	8556	11884	8128	12400
6226	14916	13873	15996	12967	17002	12439	17618
6126	6320	5648	7030	5075	7701	4747	8118
6224	11320	10414	12264	9631	13146	9177	13688
6216	6953	6247	7697	5644	8399	5298	8833
6316	15582	14516	16686	13588	17712	13048	18341
6215	11842	10915	12807	10113	13708	9647	14261
5100	3121	2654	3625	2266	4112	2049	4418
6213	10306	9443	11207	8697	12051	8266	12571
9005	3522	3025	4057	2610	4570	2376	4893
6124	14842	13802	15920	12898	16923	12372	17537
6125	5614	4982	6284	4445	6920	4138	7315
6214	238	123	391	51	561	23	677
5415	8448	7668	9266	6998	10034	6612	10509
5205	6806	6108	7542	5512	8237	5169	8667
9916	8298	7525	9109	6862	9871	6479	10342
9913	3603	3100	4144	2680	4663	2443	4988
9915	12107	11170	13082	10358	13993	9887	14552
4606	11658	10739	12615	9943	13510	9481	14059
6115	11892	10963	12859	10159	13761	9692	14316
4820	3827	3308	4384	2873	4917	2628	5251
9017	2164	1779	2587	1464	3001	1290	3263
6123	12185	11245	13163	10430	14077	9957	14638
6114	18365	17206	19562	16195	20672	15604	21350
4607	13662	12665	14697	11800	15661	11296	16252
6505	5550	4921	6216	4388	6849	4083	7242
5020	11828	10902	12792	10100	13693	9635	14246
6113	28041	26605	29515	25343	30875	24603	31704
5010	9578	8746	10447	8030	11263	7616	11765
6020	11031	10137	11963	9364	12834	8917	13370
4900	7928	7173	8721	6525	9467	6153	9928
6010	8033	7273	8831	6621	9582	6245	10046
4400	9906	9060	10790	8330	11618	7908	12128
9900	5351	4734	6006	4211	6627	3913	7014
9904	7232	6512	7990	5896	8705	5541	9147
9902	14901	13859	15981	12953	16986	12425	17601
4810	4989	4394	5622	3891	6224	3604	6599
5720	19274	18086	20499	17049	21635	16443	22330
9901	5760	5119	6438	4575	7082	4263	7481
5826	3506	3010	4039	2596	4552	2363	4874
5825	2039	1665	2450	1361	2853	1194	3109
5925	12260	11317	13241	10499	14157	10025	14720
9015	6747	6052	7480	5458	8172	5118	8601
4506	8524	7740	9345	7067	10117	6679	10594
4605	11726	10804	12686	10006	13583	9543	14134
9002	20584	19356	21850	18282	23022	17655	23738
4226	8084	7321	8884	6667	9637	6290	10103
4505	6293	5622	7001	5051	7672	4724	8087
4225	8200	7432	9006	6772	9764	6393	10232
5716	11778	10854	12740	10054	13639	9590	14191
5916	15866	14790	16980	13854	18015	13308	18649
4300	6008	5353	6701	4796	7357	4477	7764
5815	2372	1968	2814	1636	3245	1452	3517
9004	10694	9814	11612	9054	12470	8614	12999
5715	8159	7393	8963	6735	9719	6356	10186
3330	6915	6211	7657	5610	8357	5264	8790
6506	7867	7115	8657	6470	9400	6099	9860
5915	8464	7683	9282	7013	10052	6626	10527
3905	5046	4448	5682	3941	6288	3652	6664
4130	8800	8004	9634	7319	10418	6924	10901
6930	4601	4030	5209	3549	5790	3275	6151
3825	9724	8886	10600	8163	11421	7746	11927
4120	9887	9042	10770	8313	11598	7891	12107
3816	11362	10455	12307	9670	13191	9215	13734
4210	11920	10990	12888	10185	13792	9718	14347
9016	7294	6571	8055	5952	8773	5596	9217
4005	7688	6945	8469	6308	9205	5941	9659
4230	5134	4530	5776	4019	6386	3727	6765
3815	8962	8158	9804	7467	10594	7067	11081
3705	15864	14788	16978	13852	18013	13306	18647
3900	3930	3404	4494	2963	5034	2713	5371
4110	12038	11103	13010	10294	13919	9824	14476
3416	11198	10297	12137	9518	13014	9067	13554
3413	4799	4216	5420	3723	6011	3443	6380
3706	7559	6822	8333	6191	9063	5828	9515
3600	11778	10854	12740	10054	13639	9590	14191
3415	13790	12788	14829	11919	15798	11413	16392
3320	12124	11186	13100	10373	14011	9902	14571
3505	20688	19457	21957	18380	23132	17751	23850
3414	11296	10391	12239	9609	13120	9155	13662
6900	4884	4296	5510	3798	6107	3515	6478
2940	11030	10136	11962	9363	12833	8916	13369
2216	8952	8149	9793	7457	10583	7058	11070
3046	11249	10346	12190	9565	13069	9113	13610
2225	9978	9129	10865	8396	11696	7973	12208
3426	9515	8686	10382	7972	11194	7559	11695
3427	10277	9415	11177	8671	12020	8240	12539
3045	12888	11920	13894	11081	14831	10594	15407
3310	13465	12475	14492	11617	15450	11117	16037
3030	20049	18837	21298	17778	22456	17159	23163
3130	8648	7859	9475	7180	10252	6789	10732
3010	19234	18048	20458	17011	21593	16406	22287
3020	13819	12816	14860	11945	15829	11439	16424
3425	9511	8682	10377	7968	11190	7556	11691
2100	8655	7865	9482	7187	10260	6795	10740
1606	6181	5517	6883	4951	7548	4627	7960
2215	8328	7554	9140	6889	9904	6506	10375
1720	13269	12287	14289	11435	15240	10939	15824
3120	13955	12947	15001	12072	15974	11563	16572
1900	553	368	776	233	1010	167	1164
3110	3742	3229	4293	2800	4821	2557	5151
3200	10225	9365	11123	8623	11963	8194	12481
1605	8355	7579	9168	6913	9933	6529	10405
2000	6447	5768	7164	5189	7841	4857	8262
1820	4982	4387	5614	3884	6216	3598	6591
1200	8291	7519	9101	6855	9863	6473	10334
1710	12552	11597	13545	10770	14471	10289	15040
1810	3437	2946	3965	2537	4474	2306	4792
900	5329	4713	5982	4191	6603	3894	6989
806	16401	15307	17533	14354	18585	13798	19228
1506	10409	9541	11315	8792	12162	8358	12684
1410	5762	5121	6441	4576	7084	4265	7484
1505	9848	9004	10729	8277	11555	7856	12064
1330	9052	8244	9898	7549	10692	7147	11181
1000	4133	3593	4711	3139	5263	2882	5608
1320	7410	6681	8177	6056	8900	5697	9347
1420	10251	9390	11150	8647	11992	8217	12510
1130	3217	2743	3729	2348	4222	2127	4532
1116	8609	7822	9434	7145	10210	6754	10688
1310	10854	9967	11778	9201	12643	8758	13175
805	10573	9698	11486	8943	12340	8505	12865
1115	7218	6499	7975	5883	8690	5529	9132
205	6016	5361	6709	4803	7365	4484	7773
136	5244	4634	5892	4116	6508	3821	6892
1120	17546	16414	18716	15426	19802	14850	20467
705	13048	12074	14060	11229	15003	10739	15582
120	5395	4776	6052	4250	6676	3950	7065
325	11193	10292	12131	9514	13009	9062	13548
135	7255	6534	8014	5916	8730	5562	9173
706	6724	6030	7456	5438	8147	5098	8575
206	6185	5520	6887	4954	7552	4630	7965
2910	2150	1766	2572	1452	2984	1279	3245
315	6549	5865	7271	5280	7954	4946	8377
2935	2977	2522	3470	2144	3946	1933	4246
605	11256	10353	12197	9572	13077	9119	13618
606	13292	12309	14313	11456	15265	10960	15849
506	14869	13828	15948	12923	16951	12396	17567
110	2463	2051	2913	1711	3351	1523	3628
505	25942	24561	27361	23350	28671	22640	29469
2936	3394	2907	3919	2500	4425	2271	4741
405	13459	12470	14486	11611	15443	11112	16031
2926	11109	10212	12044	9436	12918	8987	13456
2925	9849	9005	10730	8278	11556	7857	12065
2927	7715	6971	8497	6332	9234	5965	9690
