faz_id mean lower_50 upper_50 lower_80 upper_80 lower_90 upper_90
8935	5478	4821	6177	4265	6843	3948	7258
8927	1112	827	1439	607	1769	491	1982
8926	3158	2664	3694	2255	4213	2027	4539
8936	3541	3017	4107	2580	4653	2336	4996
8500	12718	11705	13773	10830	14758	10322	15364
8406	280	148	454	64	647	31	779
8320	10496	9578	11456	8787	12356	8331	12911
8925	3298	2793	3845	2374	4374	2139	4707
8937	10565	9644	11528	8851	12431	8392	12988
8405	1004	735	1315	528	1632	421	1837
8310	10342	9431	11295	8647	12189	8193	12740
8910	2980	2501	3501	2105	4007	1885	4325
7905	5602	4937	6309	4374	6982	4054	7400
7606	803	564	1084	385	1372	294	1561
7805	3540	3016	4106	2580	4652	2335	4995
8220	14703	13613	15835	12667	16891	12117	17539
8000	38795	37011	40621	35440	42302	34517	43323
8906	1364	1047	1723	797	2083	663	2315
8210	36704	34969	38481	33443	40117	32546	41112
9020	4811	4196	5468	3679	6095	3385	6487
8125	7795	7007	8625	6333	9409	5946	9894
8126	10659	9734	11626	8937	12533	8476	13092
8905	1093	811	1417	593	1745	479	1957
7806	1762	1398	2168	1107	2569	949	2825
7700	5166	4528	5846	3990	6494	3684	6898
7526	11230	10280	12222	9460	13152	8986	13724
7340	3968	3412	4566	2947	5141	2685	5501
7605	1157	866	1490	640	1825	522	2042
7537	15431	14314	16590	13343	17671	12779	18333
8115	12130	11142	13160	10287	14124	9793	14717
7335	11472	10511	12475	9682	13413	9202	13991
8600	11932	10952	12954	10105	13910	9615	14499
7425	5008	4380	5678	3851	6316	3551	6715
7535	6737	6006	7510	5383	8242	5027	8697
7525	2908	2435	3423	2045	3923	1827	4239
7436	2500	2063	2979	1705	3447	1507	3743
9019	5407	4754	6102	4202	6764	3888	7176
7026	1731	1371	2133	1082	2532	926	2786
7205	8133	7328	8980	6638	9780	6242	10274
7515	8147	7341	8995	6651	9795	6254	10290
7320	9440	8571	10351	7824	11208	7393	11737
7206	23933	22536	25372	21314	26703	20599	27517
7315	4984	4358	5652	3830	6290	3531	6687
7435	4618	4016	5262	3510	5877	3224	6262
7316	4710	4102	5360	3590	5981	3301	6369
7025	12265	11271	13301	10412	14270	9914	14866
7415	12961	11939	14025	11054	15020	10541	15631
7100	13529	12484	14616	11579	15631	11054	16254
7015	5850	5170	6572	4594	7258	4265	7685
9908	3457	2939	4017	2509	4557	2267	4896
6410	17394	16206	18624	15173	19767	14570	20467
6420	8596	7767	9467	7057	10287	6648	10794
5535	5071	4439	5745	3906	6387	3604	6788
5600	16568	15409	17769	14402	18886	13815	19571
5546	13252	12218	14328	11323	15333	10803	15951
4706	2670	2217	3165	1846	3646	1640	3950
6605	2785	2322	3290	1942	3780	1730	4090
6910	1198	902	1536	671	1877	549	2097
6606	1753	1390	2158	1100	2558	942	2814
9909	1370	1052	1730	801	2091	667	2322
9011	6208	5507	6951	4911	7656	4571	8094
5525	6669	5942	7438	5322	8167	4968	8620
5515	6050	5358	6784	4771	7481	4436	7914
6326	15041	13938	16186	12981	17253	12424	17908
9914	4000	3441	4601	2974	5177	2711	5539
5545	4337	3754	4962	3266	5560	2990	5934
6223	11121	10176	12108	9360	13034	8888	13604
5306	21544	20220	22910	19063	24176	18388	24950
6325	8676	7843	9551	7129	10374	6719	10883
9009	2507	2069	2987	1711	3455	1513	3751
9006	2212	1802	2664	1469	3107	1285	3388
6225	18493	17268	19760	16200	20937	15578	21658
9018	11994	11011	13019	10162	13977	9671	14567
5425	48142	46152	50174	44396	52040	43362	53172
5305	28398	26875	29963	25539	31409	24756	32290
5426	13967	12905	15071	11984	16101	11450	16734
6226	7431	6662	8242	6005	9008	5629	9483
6126	3440	2923	3999	2494	4537	2254	4876
6224	8592	7764	9462	7053	10282	6645	10789
6216	10550	9630	11512	8837	12415	8379	12971
6316	23638	22250	25068	21036	26392	20326	27200
6215	21486	20164	22850	19009	24115	18334	24888
5100	1762	1398	2168	1107	2569	949	2825
6213	16095	14953	17279	13961	18381	13384	19056
9005	488	307	711	179	949	119	1107
6124	14065	12999	15173	12075	16207	11539	16841
6125	11565	10600	12572	9768	13514	9286	14094
6214	30683	29099	32309	27708	33810	26892	34724
5415	62017	59756	64320	57755	66430	56575	67709
5205	39401	37603	41241	36019	42934	35088	43964
9916	2219	1808	2672	1474	3115	1291	3397
9913	6302	5595	7051	4995	7761	4652	8202
9915	3135	2643	3669	2236	4186	2008	4512
4606	3779	3237	4363	2784	4926	2530	5278
6115	9548	8674	10464	7922	11326	7488	11857
4820	6172	5473	6913	4879	7616	4541	8053
9017	311	170	494	80	694	42	830
6123	68449	66072	70868	63968	73082	62725	74423
6114	22089	20748	23472	19576	24754	18891	25537
4607	7267	6507	8069	5858	8828	5486	9298
6505	3194	2697	3733	2285	4254	2055	4582
5020	10534	9614	11496	8822	12398	8364	12953
6113	44368	42459	46319	40775	48113	39784	49202
5010	16064	14923	17247	13932	18347	13355	19022
6020	91172	88426	93960	85989	96507	84547	98047
4900	80996	78409	83625	76115	86029	74758	87483
6010	144959	141491	148469	138403	151666	136572	153596
4400	10718	9790	11688	8991	12597	8528	13157
9900	1814	1445	2225	1148	2632	987	2891
9904	6804	6069	7581	5443	8317	5085	8773
9902	26386	24918	27896	23633	29291	22879	30142
4810	8243	7432	9096	6737	9900	6338	10398
5720	14463	13382	15586	12444	16634	11899	17277
9901	5560	4898	6264	4337	6935	4018	7352
5826	9494	8622	10408	7873	11267	7441	11797
5825	54581	52461	56743	50588	58726	49483	59929
5925	22473	21120	23868	19938	25160	19247	25949
9015	1987	1599	2417	1286	2839	1115	3108
4506	30958	29367	32591	27969	34099	27149	35016
4605	20710	19412	22050	18279	23292	17618	24052
9002	9955	9062	10890	8293	11769	7849	12311
4226	3876	3326	4468	2867	5036	2609	5393
4505	1552	1212	1934	942	2314	796	2558
4225	3408	2894	3964	2467	4501	2228	4838
5716	10340	9429	11293	8645	12187	8192	12738
5916	8792	7954	9672	7235	10501	6821	11013
4300	16058	14918	17240	13927	18341	13350	19016
5815	28984	27445	30565	26094	32025	25303	32915
9004	6554	5833	7317	5220	8040	4869	8489
5715	2383	1957	2851	1609	3309	1417	3599
3330	2685	2231	3181	1858	3663	1652	3968
6506	9982	9087	10919	8318	11798	7873	12341
5915	5918	5234	6644	4654	7334	4323	7763
3905	21249	19934	22606	18786	23864	18115	24633
4130	29117	27574	30702	26221	32165	25427	33057
6930	3935	3381	4531	2918	5103	2658	5462
3825	9768	8883	10695	8122	11565	7683	12102
4120	4216	3642	4832	3161	5423	2889	5793
3816	5373	4722	6066	4172	6726	3859	7137
4210	6419	5706	7174	5099	7890	4753	8335
9016	2013	1623	2445	1307	2870	1135	3141
4005	2235	1823	2689	1487	3134	1303	3417
4230	2253	1839	2709	1502	3156	1317	3439
3815	12459	11457	13503	10591	14479	10089	15079
3705	38217	36446	40030	34888	41698	33972	42712
3900	35344	33642	37088	32145	38694	31266	39672
4110	34553	32870	36278	31391	37867	30522	38834
3416	3491	2971	4053	2538	4596	2295	4937
3413	1785	1419	2193	1125	2597	965	2854
3706	4264	3687	4883	3202	5477	2929	5849
3600	71670	69238	74144	67083	76409	65810	77780
3415	5285	4640	5972	4095	6627	3785	7035
3320	7254	6494	8056	5846	8813	5475	9283
3505	26950	25467	28475	24166	29885	23405	30745
3414	3283	2779	3829	2361	4357	2127	4689
6900	2067	1671	2505	1351	2935	1176	3208
2940	3307	2801	3855	2381	4384	2146	4718
2216	4738	4128	5390	3615	6013	3324	6402
3046	9721	8838	10646	8080	11514	7642	12050
2225	7508	6735	8323	6075	9093	5696	9570
3426	4175	3604	4788	3125	5376	2855	5744
3427	6654	5927	7423	5309	8151	4955	8603
3045	4272	3694	4892	3209	5486	2936	5858
3310	4927	4305	5591	3780	6225	3483	6621
3030	13343	12305	14423	11407	15431	10886	16050
3130	28877	27341	30455	25993	31913	25203	32801
3010	12362	11364	13402	10501	14374	10001	14973
3020	23199	21824	24616	20622	25928	19919	26729
3425	3698	3162	4276	2715	4833	2463	5182
2100	2746	2287	3247	1909	3735	1699	4042
1606	3988	3430	4588	2964	5164	2701	5525
2215	7119	6367	7913	5725	8664	5358	9130
1720	7916	7122	8752	6442	9542	6052	10030
3120	17572	16378	18808	15339	19957	14733	20660
1900	16875	15705	18086	14688	19214	14096	19904
3110	3580	3053	4149	2614	4698	2367	5043
3200	10436	9521	11393	8732	12291	8277	12845
1605	7680	6898	8504	6229	9282	5846	9764
2000	15649	14524	16816	13546	17904	12977	18571
1820	39250	37455	41087	35875	42777	34946	43804
1200	6396	5684	7150	5079	7865	4733	8309
1710	14150	13081	15261	12154	16298	11616	16934
1810	20432	19143	21763	18018	22998	17361	23753
900	14135	13066	15246	12140	16282	11602	16918
806	4610	4009	5253	3503	5868	3217	6253
1506	4913	4292	5576	3768	6210	3471	6605
1410	16231	15084	17420	14088	18526	13508	19204
1505	7168	6413	7965	5769	8719	5400	9186
1330	6396	5684	7150	5079	7865	4733	8309
1000	2407	1978	2878	1628	3337	1435	3629
1320	5684	5014	6396	4447	7073	4123	7494
1420	21083	19773	22435	18630	23688	17962	24454
1130	4420	3832	5050	3338	5654	3059	6031
1116	8928	8083	9815	7358	10650	6941	11165
1310	6902	6162	7684	5531	8425	5170	8884
805	5446	4791	6143	4236	6807	3921	7221
1115	5360	4710	6052	4161	6711	3848	7122
205	15019	13917	16163	12960	17229	12404	17884
136	4536	3940	5174	3439	5785	3155	6167
1120	13590	12543	14679	11635	15696	11109	16321
705	4910	4289	5573	3765	6206	3468	6601
120	1583	1239	1969	966	2352	818	2597
325	6408	5695	7163	5090	7878	4743	8323
135	3665	3131	4241	2686	4795	2437	5143
706	3986	3428	4586	2962	5162	2700	5522
206	11018	10077	12001	9266	12922	8796	13490
2910	1181	887	1517	658	1855	538	2074
315	7484	6712	8298	6053	9067	5675	9543
2935	20716	19418	22056	18285	23299	17623	24059
605	4957	4333	5623	3807	6259	3508	6656
606	5187	4548	5868	4008	6517	3702	6922
506	8538	7712	9406	7004	10223	6597	10729
110	1260	956	1606	718	1954	591	2179
505	15252	14141	16405	13177	17479	12616	18138
2936	3191	2694	3730	2283	4251	2053	4579
405	4800	4186	5456	3669	6083	3376	6474
2926	2948	2471	3467	2078	3970	1859	4287
2925	2950	2473	3469	2080	3972	1861	4289
2927	2092	1694	2532	1371	2965	1194	3239
