faz_id mean lower_50 upper_50 lower_80 upper_80 lower_90 upper_90
8935	5536	5169	5916	4849	6268	4663	6484
8927	2418	2178	2671	1972	2910	1854	3057
8926	6702	6298	7119	5944	7505	5737	7742
8936	7266	6845	7700	6476	8102	6260	8347
8500	8102	7657	8560	7266	8983	7038	9241
8406	967	817	1129	693	1286	624	1385
8320	5062	4711	5425	4406	5763	4229	5970
8925	6636	6234	7051	5882	7436	5676	7671
8937	7369	6945	7806	6573	8210	6356	8457
8405	7151	6733	7582	6367	7980	6153	8224
8310	13056	12489	13636	11989	14168	11695	14492
8910	7349	6925	7785	6554	8189	6337	8436
7905	10501	9993	11021	9546	11501	9284	11793
7606	1966	1750	2195	1566	2412	1461	2546
7805	9288	8811	9778	8392	10230	8146	10505
8220	9300	8822	9790	8403	10242	8157	10518
8000	6197	5808	6598	5469	6970	5271	7198
8906	3523	3231	3827	2980	4112	2834	4287
8210	7066	6651	7494	6287	7890	6075	8132
9020	8775	8311	9251	7904	9691	7666	9959
8125	8141	7695	8600	7303	9024	7074	9283
8126	7053	6638	7481	6275	7877	6062	8118
8905	3978	3668	4301	3399	4602	3243	4787
7806	3176	2900	3465	2661	3736	2524	3903
7700	3632	3336	3941	3080	4229	2932	4407
7526	6346	5953	6752	5609	7128	5408	7359
7340	10932	10414	11463	9958	11952	9690	12249
7605	769	636	914	527	1056	467	1146
7537	12836	12274	13411	11778	13939	11487	14260
8115	14731	14128	15346	13596	15911	13283	16254
7335	15313	14698	15940	14156	16516	13836	16865
8600	7808	7371	8258	6988	8673	6764	8927
7425	11334	10806	11874	10341	12372	10068	12675
7535	13662	13082	14255	12570	14799	12269	15130
7525	6734	6329	7152	5974	7539	5767	7776
7436	2297	2063	2544	1863	2777	1748	2921
9019	7703	7269	8150	6889	8563	6666	8815
7026	4304	3981	4639	3701	4952	3538	5144
7205	6135	5748	6534	5411	6905	5214	7131
7515	2345	2108	2594	1906	2830	1790	2975
7320	12040	11496	12597	11016	13109	10734	13421
7206	8084	7639	8541	7249	8964	7021	9222
7315	7674	7241	8120	6861	8532	6639	8784
7435	3313	3030	3608	2787	3885	2646	4055
7316	8518	8061	8987	7661	9421	7426	9685
7025	10266	9764	10781	9322	11255	9063	11544
7415	5107	4755	5472	4448	5811	4270	6019
7100	13662	13082	14255	12570	14799	12269	15130
7015	7744	7309	8192	6928	8606	6704	8859
9908	1161	996	1338	859	1509	781	1616
6410	20831	20113	21561	19477	22230	19102	22635
6420	17580	16921	18252	16338	18867	15995	19240
5535	13092	12524	13672	12024	14206	11729	14530
5600	7040	6625	7467	6263	7863	6050	8104
5546	7784	7348	8233	6965	8648	6742	8901
4706	5412	5049	5787	4733	6136	4549	6350
6605	5060	4709	5423	4404	5761	4227	5968
6910	2402	2162	2654	1957	2892	1840	3039
6606	2664	2411	2929	2195	3179	2070	3333
9909	2608	2358	2871	2144	3118	2020	3271
9011	5242	4885	5612	4574	5955	4393	6166
5525	6926	6515	7350	6155	7742	5945	7982
5515	12139	11592	12698	11111	13212	10828	13525
6326	12204	11656	12765	11173	13280	10889	13594
9914	8255	7805	8717	7411	9144	7180	9405
5545	6481	6083	6891	5736	7271	5533	7504
6223	13766	13184	14361	12670	14908	12367	15240
5306	11123	10600	11658	10140	12152	9870	12451
6325	16851	16206	17509	15636	18112	15300	18477
9009	2284	2050	2530	1851	2763	1736	2906
9006	5554	5186	5934	4866	6287	4679	6504
6225	11119	10596	11654	10136	12147	9866	12447
9018	9677	9190	10177	8762	10638	8510	10919
5425	18314	17641	18999	17046	19627	16695	20008
5305	13259	12688	13843	12184	14380	11887	14706
5426	9083	8611	9568	8197	10015	7954	10287
6226	14678	14076	15292	13545	15856	13233	16198
6126	6067	5682	6464	5347	6833	5151	7058
6224	11350	10822	11891	10357	12389	10083	12691
6216	6895	6485	7318	6126	7710	5916	7949
6316	15695	15073	16330	14523	16912	14199	17266
6215	11848	11308	12400	10833	12909	10553	13218
5100	3077	2805	3362	2571	3629	2435	3793
6213	10278	9776	10793	9334	11268	9075	11556
9005	2792	2533	3063	2311	3319	2183	3476
6124	14808	14204	15425	13670	15991	13356	16335
6125	5583	5214	5964	4893	6318	4706	6535
6214	238	167	322	114	408	87	464
5415	6760	6354	7179	5999	7567	5791	7804
5205	6020	5637	6416	5303	6783	5108	7007
9916	7174	6755	7605	6389	8004	6175	8248
9913	3519	3228	3823	2976	4107	2830	4283
9915	10132	9633	10643	9195	11115	8937	11402
4606	10286	9783	10801	9342	11276	9082	11565
6115	11750	11212	12300	10739	12806	10461	13114
4820	3720	3420	4032	3161	4324	3011	4504
9017	1643	1446	1853	1279	2052	1184	2177
6123	12031	11487	12588	11008	13100	10726	13411
6114	17938	17272	18616	16683	19238	16336	19615
4607	11324	10796	11864	10332	12362	10059	12664
6505	5009	4660	5370	4357	5707	4180	5913
5020	10723	10210	11249	9758	11733	9493	12028
6113	27233	26411	28067	25682	28830	25251	29290
5010	8993	8523	9475	8111	9920	7870	10191
6020	10802	10287	11330	9834	11816	9567	12112
4900	6616	6214	7030	5863	7414	5658	7649
6010	7592	7161	8035	6784	8446	6563	8696
4400	9574	9089	10071	8664	10530	8414	10809
9900	4816	4474	5171	4177	5501	4004	5703
9904	6259	5868	6662	5527	7036	5328	7265
9902	14215	13623	14820	13101	15375	12793	15712
4810	4784	4443	5137	4147	5466	3975	5668
5720	19130	18442	19830	17834	20472	17474	20860
9901	3863	3557	4181	3293	4478	3140	4661
5826	3244	2965	3536	2724	3810	2584	3979
5825	2024	1805	2256	1618	2476	1511	2612
5925	11662	11126	12210	10655	12715	10378	13021
9015	6314	5922	6719	5579	7095	5379	7324
4506	7753	7317	8201	6936	8615	6713	8868
4605	10597	10087	11120	9638	11601	9374	11894
9002	17272	16619	17938	16041	18548	15701	18918
4226	7772	7336	8221	6954	8635	6730	8889
4505	6084	5699	6482	5363	6851	5167	7076
4225	7239	6818	7672	6450	8073	6235	8318
5716	11110	10587	11645	10128	12138	9857	12438
5916	14729	14126	15344	13594	15909	13281	16252
4300	5434	5070	5810	4754	6160	4569	6374
5815	2204	1975	2446	1779	2674	1667	2816
9004	8339	7887	8803	7491	9233	7259	9494
5715	8119	7673	8577	7282	9001	7054	9259
3330	6100	5714	6498	5378	6868	5181	7093
6506	6692	6288	7109	5935	7495	5728	7731
5915	8060	7616	8517	7227	8939	6999	9196
3905	4674	4337	5023	4045	5349	3875	5548
4130	8284	7834	8747	7439	9175	7207	9436
6930	4546	4214	4891	3926	5212	3758	5409
3825	8763	8300	9239	7893	9678	7655	9946
4120	9091	8619	9576	8204	10023	7961	10296
3816	10439	9933	10958	9487	11436	9226	11727
4210	10832	10316	11361	9862	11847	9596	12143
9016	5880	5502	6271	5171	6634	4979	6856
4005	6499	6101	6910	5753	7291	5550	7523
4230	4744	4405	5096	4110	5424	3938	5625
3815	8881	8414	9360	8005	9802	7765	10072
3705	13490	12914	14079	12405	14620	12106	14949
3900	3480	3190	3782	2940	4065	2795	4240
4110	9220	8744	9708	8327	10158	8082	10433
3416	9547	9063	10044	8638	10502	8388	10780
3413	4278	3956	4612	3677	4924	3515	5116
3706	7361	6937	7798	6566	8202	6348	8449
3600	9688	9200	10188	8772	10649	8521	10930
3415	11909	11368	12463	10891	12972	10611	13282
3320	11254	10728	11793	10265	12288	9993	12590
3505	18653	17974	19345	17373	19978	17019	20362
3414	10732	10218	11258	9767	11743	9501	12037
6900	4023	3711	4348	3441	4651	3284	4837
2940	8880	8413	9359	8004	9801	7764	10071
2216	8083	7638	8540	7248	8963	7020	9221
3046	10616	10105	11139	9656	11621	9392	11915
2225	7426	7000	7865	6627	8271	6409	8518
3426	8530	8073	9000	7672	9434	7437	9698
3427	9255	8779	9744	8360	10195	8115	10470
3045	12029	11485	12586	11006	13098	10724	13409
3310	8958	8489	9439	8078	9883	7837	10154
3030	17987	17320	18666	16731	19289	16383	19666
3130	7624	7192	8068	6814	8479	6593	8730
3010	17510	16852	18180	16271	18795	15928	19167
3020	10946	10427	11477	9971	11966	9703	12264
3425	8435	7980	8902	7582	9334	7348	9597
2100	8056	7612	8513	7223	8935	6995	9192
1606	5965	5584	6359	5251	6724	5057	6948
2215	7803	7366	8253	6983	8668	6759	8922
1720	12207	11659	12768	11176	13283	10892	13597
3120	10504	9996	11025	9549	11504	9287	11796
1900	550	439	674	349	796	300	875
3110	3635	3339	3944	3083	4233	2934	4410
3200	9082	8610	9566	8196	10014	7953	10286
1605	8213	7765	8674	7371	9100	7141	9360
2000	5645	5274	6028	4951	6384	4763	6602
1820	4781	4440	5134	4144	5463	3972	5665
1200	7757	7321	8205	6940	8620	6716	8873
1710	10020	9524	10529	9088	10997	8832	11283
1810	2379	2141	2630	1937	2867	1819	3013
900	4874	4530	5231	4231	5563	4057	5766
806	13756	13174	14351	12660	14897	12358	15229
1506	9864	9372	10369	8940	10834	8686	11117
1410	5170	4816	5537	4507	5878	4327	6088
1505	9375	8895	9867	8474	10321	8227	10598
1330	8764	8301	9240	7894	9680	7656	9947
1000	3998	3687	4322	3418	4624	3262	4809
1320	7350	6926	7786	6555	8190	6338	8437
1420	6188	5800	6589	5461	6961	5263	7188
1130	2801	2542	3073	2319	3328	2191	3486
1116	7954	7513	8408	7126	8827	6900	9083
1310	10722	10209	11248	9757	11732	9492	12027
805	9506	9023	10002	8599	10459	8350	10737
1115	6604	6203	7018	5852	7402	5647	7636
205	5809	5433	6198	5105	6559	4914	6779
136	5149	4795	5515	4487	5856	4308	6065
1120	15066	14456	15688	13918	16259	13601	16606
705	8334	7882	8798	7486	9227	7254	9489
120	5141	4788	5507	4480	5848	4301	6056
325	10501	9993	11021	9546	11501	9284	11793
135	7145	6727	7575	6362	7974	6148	8217
706	5500	5134	5878	4815	6230	4630	6445
206	6066	5681	6463	5346	6831	5150	7057
2910	1622	1426	1830	1261	2029	1166	2152
315	6297	5905	6701	5563	7076	5363	7306
2935	3042	2772	3325	2539	3591	2404	3755
605	10116	9618	10627	9180	11098	8922	11385
606	11009	10489	11542	10031	12032	9762	12331
506	10993	10473	11525	10016	12016	9747	12314
110	2250	2018	2494	1820	2725	1707	2868
505	20677	19962	21405	19328	22071	18954	22475
2936	3012	2743	3294	2511	3558	2378	3721
405	11493	10961	12037	10493	12538	10218	12843
2926	9809	9318	10312	8887	10776	8634	11059
2925	6802	6394	7222	6038	7611	5830	7849
2927	3880	3574	4199	3309	4497	3155	4680
