faz_id mean lower_50 upper_50 lower_80 upper_80 lower_90 upper_90
8935	6137	5679	6613	5281	7057	5051	7329
8927	2692	2392	3010	2136	3312	1990	3499
8926	7655	7142	8185	6696	8678	6435	8980
8936	7721	7206	8254	6757	8749	6496	9052
8500	8916	8362	9488	7878	10018	7596	10342
8406	1225	1025	1443	861	1654	769	1787
8320	5895	5446	6362	5057	6797	4831	7064
8925	7597	7086	8126	6642	8617	6382	8917
8937	8889	8336	9460	7853	9989	7571	10313
8405	8070	7543	8614	7084	9120	6816	9429
8310	14031	13334	14746	12721	15405	12361	15807
8910	8394	7857	8949	7388	9464	7114	9779
7905	11459	10830	12106	10278	12704	9955	13069
7606	2134	1867	2418	1643	2690	1515	2859
7805	10102	9512	10710	8995	11273	8693	11617
8220	10421	9821	11038	9296	11610	8989	11958
8000	6430	5961	6917	5554	7371	5317	7649
8906	3781	3423	4156	3116	4510	2940	4728
8210	7817	7299	8353	6847	8851	6584	9156
9020	9499	8927	10089	8427	10635	8134	10969
8125	8557	8014	9117	7541	9637	7265	9955
8126	7778	7261	8313	6811	8809	6548	9113
8905	4236	3857	4633	3531	5006	3342	5235
7806	3749	3393	4123	3087	4475	2911	4692
7700	3667	3315	4037	3013	4385	2839	4601
7526	6531	6058	7022	5647	7479	5409	7759
7340	11492	10862	12140	10309	12739	9986	13104
7605	801	641	979	512	1154	442	1265
7537	13480	12797	14181	12197	14828	11844	15221
8115	15792	15052	16550	14400	17248	14017	17672
7335	16116	15368	16882	14710	17586	14323	18015
8600	8287	7753	8839	7288	9351	7016	9664
7425	11926	11284	12586	10721	13195	10391	13567
7535	14252	13549	14973	12931	15637	12569	16041
7525	7524	7016	8050	6573	8539	6315	8838
7436	2341	2061	2638	1825	2921	1690	3098
9019	8506	7965	9065	7493	9583	7218	9900
7026	4360	3975	4763	3644	5140	3453	5373
7205	6455	5985	6943	5577	7397	5339	7676
7515	2505	2216	2812	1970	3104	1830	3286
7320	12747	12083	13429	11500	14058	11158	14442
7206	8598	8054	9160	7579	9681	7302	9999
7315	8216	7685	8765	7221	9275	6951	9587
7435	3463	3121	3823	2828	4162	2660	4372
7316	8735	8187	9301	7708	9826	7429	10147
7025	10524	9921	11144	9394	11718	9085	12069
7415	5373	4945	5819	4575	6236	4360	6492
7100	14218	13516	14938	12899	15601	12537	16005
7015	8093	7566	8638	7106	9144	6838	9454
9908	1145	952	1356	794	1560	706	1690
6410	24285	23365	25223	22551	26083	22072	26604
6420	20776	19926	21644	19175	22441	18733	22925
5535	14554	13844	15282	13219	15953	12852	16361
5600	7483	6976	8008	6535	8495	6278	8794
5546	8211	7680	8760	7216	9270	6946	9582
4706	5555	5120	6008	4743	6432	4524	6692
6605	5623	5185	6079	4805	6505	4585	6766
6910	2696	2395	3014	2140	3316	1994	3504
6606	3138	2813	3481	2535	3805	2376	4006
9909	2872	2561	3200	2297	3511	2146	3704
9011	5857	5410	6322	5022	6756	4797	7023
5525	7374	6871	7895	6433	8379	6178	8676
5515	12525	11867	13201	11289	13825	10950	14205
6326	12138	11490	12804	10922	13418	10589	13793
9914	8584	8041	9145	7566	9666	7289	9984
5545	6761	6280	7260	5861	7725	5618	8010
6223	14297	13593	15019	12974	15684	12611	16089
5306	11478	10848	12126	10296	12724	9973	13089
6325	16936	16169	17721	15494	18443	15096	18881
9009	2429	2144	2732	1903	3020	1765	3199
9006	6127	5669	6603	5272	7046	5042	7318
6225	11420	10792	12066	10241	12663	9919	13027
9018	10227	9633	10839	9113	11405	8809	11751
5425	18980	18168	19810	17451	20573	17029	21036
5305	13493	12809	14194	12209	14841	11857	15235
5426	9359	8791	9945	8295	10487	8005	10819
6226	14760	14045	15493	13416	16169	13046	16580
6126	6157	5698	6634	5300	7078	5069	7351
6224	11377	10750	12022	10201	12618	9879	12981
6216	6942	6454	7448	6030	7918	5783	8207
6316	15627	14891	16381	14243	17076	13862	17498
6215	11857	11217	12515	10655	13123	10326	13493
5100	3103	2780	3444	2504	3766	2346	3966
6213	10320	9723	10935	9201	11503	8895	11850
9005	3172	2845	3517	2566	3842	2406	4044
6124	14827	14110	15562	13479	16239	13109	16651
6125	5613	5175	6069	4796	6494	4576	6755
6214	238	155	339	95	445	67	515
5415	7235	6737	7751	6303	8231	6051	8525
5205	6267	5804	6748	5402	7196	5169	7471
9916	7585	7075	8113	6630	8604	6371	8904
9913	3555	3208	3919	2912	4263	2741	4475
9915	10869	10256	11499	9720	12082	9406	12438
4606	10902	10288	11533	9751	12117	9436	12473
6115	11791	11153	12447	10593	13053	10265	13423
4820	3797	3439	4173	3131	4527	2954	4746
9017	1796	1552	2058	1348	2308	1233	2465
6123	12195	11546	12862	10976	13478	10642	13854
6114	18315	17517	19131	16814	19880	16400	20336
4607	12358	11704	13030	11131	13650	10794	14028
6505	5195	4774	5634	4410	6044	4200	6296
5020	10978	10362	11612	9823	12197	9507	12555
6113	27608	26626	28607	25757	29523	25244	30077
5010	9198	8635	9779	8143	10317	7856	10646
6020	10824	10213	11453	9677	12035	9364	12390
4900	6995	6505	7502	6079	7975	5832	8264
6010	7666	7153	8197	6706	8690	6446	8992
4400	9672	9095	10267	8590	10818	8295	11155
9900	5066	4651	5499	4292	5905	4084	6154
9904	6571	6097	7063	5685	7522	5445	7803
9902	14405	13698	15129	13077	15797	12712	16203
4810	4856	4449	5280	4099	5678	3895	5922
5720	19255	18437	20091	17715	20859	17290	21326
9901	4511	4119	4920	3782	5304	3587	5541
5826	3459	3117	3819	2825	4157	2657	4367
5825	2037	1777	2315	1558	2580	1434	2746
5925	12088	11441	12752	10874	13366	10542	13740
9015	6624	6148	7118	5734	7578	5493	7860
4506	8169	7639	8717	7177	9225	6907	9536
4605	10985	10369	11619	9830	12205	9514	12562
9002	18543	17740	19364	17032	20118	16616	20576
4226	7930	7408	8470	6953	8971	6688	9278
4505	6140	5682	6616	5284	7060	5053	7332
4225	7637	7125	8167	6679	8659	6419	8961
5716	11435	10806	12081	10255	12679	9933	13043
5916	15456	14724	16206	14079	16897	13701	17317
4300	5697	5256	6156	4874	6584	4652	6848
5815	2319	2041	2615	1805	2897	1672	3072
9004	9470	8899	10059	8399	10605	8108	10938
5715	8139	7610	8686	7149	9193	6880	9504
3330	6574	6100	7066	5687	7525	5448	7806
6506	7175	6679	7689	6247	8167	5996	8460
5915	8283	7749	8834	7284	9346	7012	9659
3905	4864	4457	5289	4106	5686	3903	5931
4130	8477	7937	9035	7466	9552	7191	9869
6930	4580	4185	4992	3845	5379	3649	5617
3825	9161	8599	9740	8109	10278	7822	10606
4120	9358	8790	9944	8294	10486	8004	10818
3816	10609	10004	11232	9474	11808	9164	12160
4210	11432	10803	12078	10253	12676	9930	13040
9016	6695	6216	7192	5800	7654	5558	7938
4005	6921	6434	7426	6010	7896	5764	8184
4230	4968	4557	5397	4201	5799	3996	6046
3815	8912	8358	9484	7874	10014	7592	10338
3705	14330	13625	15053	13006	15718	12642	16124
3900	3731	3376	4104	3071	4455	2896	4672
4110	10051	9462	10658	8947	11219	8646	11562
3416	10019	9431	10625	8917	11185	8616	11528
3413	4603	4207	5016	3866	5404	3669	5643
3706	7429	6924	7952	6484	8438	6228	8735
3600	10083	9493	10691	8977	11253	8676	11596
3415	12518	11860	13194	11282	13818	10944	14198
3320	11712	11076	12366	10518	12970	10191	13339
3505	19104	18289	19937	17570	20702	17147	21167
3414	10939	10324	11571	9786	12156	9471	12513
6900	4400	4013	4804	3681	5184	3488	5418
2940	10137	9546	10746	9028	11310	8726	11654
2216	8498	7957	9056	7486	9575	7210	9892
3046	10976	10360	11609	9821	12195	9505	12552
2225	8445	7906	9002	7436	9518	7161	9834
3426	8986	8430	9560	7944	10092	7660	10417
3427	9713	9134	10309	8628	10862	8333	11199
3045	12369	11715	13041	11141	13661	10804	14039
3310	10816	10205	11445	9670	12026	9356	12381
3030	19157	18341	19991	17621	20757	17197	21223
3130	7953	7430	8494	6975	8996	6709	9303
3010	18146	17352	18958	16652	19704	16240	20158
3020	11493	10863	12141	10310	12740	9987	13105
3425	8975	8419	9549	7934	10081	7650	10406
2100	8285	7751	8837	7286	9348	7014	9662
1606	6051	5596	6524	5202	6964	4973	7235
2215	8063	7537	8607	7078	9113	6810	9422
1720	13032	12360	13721	11771	14358	11425	14745
3120	11475	10845	12122	10293	12721	9970	13086
1900	553	422	702	319	852	264	948
3110	3712	3358	4084	3054	4434	2879	4651
3200	9689	9111	10285	8606	10836	8310	11173
1605	8264	7731	8815	7266	9326	6995	9639
2000	5982	5530	6452	5138	6890	4910	7160
1820	5051	4636	5484	4278	5888	4070	6137
1200	7989	7465	8531	7008	9034	6742	9342
1710	11482	10852	12130	10300	12728	9977	13093
1810	2943	2628	3275	2360	3590	2207	3785
900	5081	4665	5515	4305	5921	4097	6171
806	14914	14195	15651	13562	16330	13191	16743
1506	10106	9516	10714	8999	11277	8697	11621
1410	5511	5077	5962	4702	6384	4484	6643
1505	9613	9037	10206	8534	10756	8240	11092
1330	8883	8330	9454	7847	9983	7565	10307
1000	4082	3710	4472	3390	4838	3206	5064
1320	7396	6892	7918	6454	8403	6198	8700
1420	7811	7293	8347	6842	8844	6579	9149
1130	2939	2625	3271	2357	3585	2203	3780
1116	8292	7758	8844	7292	9356	7021	9669
1310	10821	10210	11450	9674	12032	9361	12387
805	9967	9381	10571	8868	11130	8568	11472
1115	6986	6497	7493	6071	7965	5823	8254
205	5917	5467	6384	5078	6821	4851	7089
136	5181	4761	5619	4398	6029	4187	6281
1120	16130	15382	16896	14723	17601	14336	18030
705	10277	9682	10890	9160	11458	8856	11804
120	5322	4896	5766	4528	6181	4314	6436
325	10769	10159	11397	9625	11977	9313	12331
135	7220	6722	7735	6289	8215	6037	8509
706	6092	5636	6566	5240	7008	5010	7280
206	6115	5658	6590	5261	7033	5031	7305
2910	1781	1538	2041	1335	2291	1220	2448
315	6459	5989	6947	5580	7402	5343	7681
2935	3004	2686	3340	2415	3657	2260	3854
605	10679	10072	11304	9540	11882	9229	12235
606	12133	11485	12799	10917	13413	10584	13788
506	12312	11659	12982	11087	13601	10751	13979
110	2300	2023	2595	1789	2875	1655	3050
505	22686	21797	23593	21012	24425	20548	24929
2936	3098	2775	3439	2499	3761	2341	3960
405	12430	11774	13104	11199	13725	10861	14104
2926	10403	9804	11020	9279	11591	8973	11939
2925	8099	7571	8644	7111	9151	6843	9461
2927	5219	4797	5659	4433	6070	4221	6322
