faz_id mean lower_50 upper_50 lower_80 upper_80 lower_90 upper_90
8935	5204	4825	5597	4496	5963	4305	6188
8927	2223	1978	2482	1769	2728	1650	2881
8926	6080	5670	6504	5313	6899	5105	7140
8936	6918	6480	7370	6098	7790	5875	8046
8500	7682	7220	8158	6817	8599	6581	8869
8406	829	682	990	562	1148	496	1247
8320	4700	4340	5074	4029	5423	3848	5637
8925	6101	5690	6526	5333	6921	5124	7163
8937	6257	5841	6687	5478	7087	5267	7332
8405	6374	5954	6808	5588	7212	5374	7459
8310	12672	12077	13282	11553	13843	11245	14184
8910	6658	6229	7102	5854	7514	5636	7766
7905	9737	9216	10272	8759	10766	8492	11068
7606	1848	1625	2085	1437	2311	1329	2452
7805	8628	8138	9132	7709	9598	7458	9883
8220	8324	7843	8819	7422	9278	7176	9558
8000	6003	5596	6425	5241	6817	5034	7057
8906	3342	3040	3658	2780	3956	2630	4139
8210	5804	5404	6219	5055	6605	4852	6841
9020	8116	7641	8605	7226	9058	6983	9335
8125	7952	7482	8436	7071	8885	6831	9159
8126	6370	5950	6804	5584	7208	5371	7454
8905	3798	3475	4135	3197	4451	3036	4645
7806	2723	2451	3009	2218	3280	2084	3447
7700	3613	3299	3942	3028	4250	2871	4440
7526	6313	5895	6745	5531	7147	5318	7393
7340	10457	9917	11011	9443	11523	9165	11834
7605	766	625	921	510	1073	447	1170
7537	12314	11727	12915	11211	13468	10908	13805
8115	14288	13656	14935	13098	15529	12770	15891
7335	14941	14294	15602	13724	16210	13388	16579
8600	7259	6810	7722	6418	8151	6189	8414
7425	10741	10194	11303	9713	11821	9431	12136
7535	13260	12651	13883	12115	14457	11800	14806
7525	6316	5898	6748	5534	7150	5321	7396
7436	2259	2012	2520	1801	2768	1681	2922
9019	7001	6560	7456	6176	7878	5951	8136
7026	4278	3935	4635	3639	4969	3467	5174
7205	5961	5555	6381	5202	6772	4996	7011
7515	2261	2014	2523	1803	2770	1683	2924
7320	11667	11096	12252	10594	12791	10300	13120
7206	7898	7430	8381	7020	8828	6781	9101
7315	7290	6840	7754	6448	8184	6218	8447
7435	3181	2886	3490	2633	3780	2487	3960
7316	8309	7828	8804	7408	9262	7162	9541
7025	10083	9553	10627	9088	11130	8815	11436
7415	4841	4476	5220	4159	5574	3975	5792
7100	12823	12224	13436	11697	14000	11387	14344
7015	7634	7174	8109	6771	8548	6536	8817
9908	1170	994	1360	848	1544	766	1659
6410	18525	17804	19260	17167	19935	16791	20344
6420	15877	15210	16558	14621	17184	14275	17564
5535	12325	11738	12926	11222	13480	10918	13817
5600	6749	6317	7196	5939	7610	5719	7864
5546	7458	7003	7927	6606	8362	6373	8628
4706	5294	4912	5690	4580	6060	4387	6286
6605	4681	4322	5054	4011	5403	3831	5617
6910	2096	1858	2348	1656	2587	1541	2736
6606	2374	2120	2642	1904	2895	1781	3053
9909	2360	2107	2627	1892	2880	1768	3037
9011	4860	4494	5240	4177	5595	3993	5813
5525	6595	6168	7037	5795	7447	5578	7698
5515	11832	11257	12421	10752	12964	10455	13294
6326	12033	11453	12627	10943	13174	10644	13507
9914	7769	7305	8248	6898	8691	6661	8962
5545	6142	5730	6569	5371	6965	5162	7208
6223	13277	12668	13901	12131	14475	11816	14824
5306	11039	10484	11608	9996	12133	9710	12453
6325	16726	16041	17425	15437	18067	15080	18457
9009	2184	1941	2441	1735	2685	1617	2837
9006	4978	4608	5363	4286	5721	4100	5942
6225	10772	10224	11335	9742	11853	9460	12169
9018	9079	8576	9596	8136	10074	7878	10365
5425	17743	17037	18463	16414	19124	16047	19524
5305	13044	12440	13662	11908	14231	11596	14577
5426	8715	8223	9222	7791	9690	7539	9976
6226	14619	13979	15273	13415	15874	13083	16240
6126	6039	5630	6462	5275	6855	5067	7096
6224	11322	10760	11899	10266	12430	9976	12754
6216	6830	6395	7279	6015	7696	5794	7951
6316	15630	14968	16306	14384	16927	14041	17304
6215	11835	11260	12424	10754	12967	10458	13298
5100	3083	2793	3387	2544	3674	2401	3850
6213	10211	9677	10759	9209	11265	8935	11573
9005	2511	2250	2786	2027	3046	1900	3208
6124	14726	14084	15382	13518	15986	13185	16353
6125	5566	5174	5972	4833	6351	4635	6582
6214	236	161	325	106	418	78	479
5415	6812	6378	7261	5998	7677	5777	7932
5205	5820	5419	6235	5070	6622	4867	6858
9916	6671	6241	7115	5866	7527	5647	7780
9913	3478	3170	3801	2904	4104	2751	4290
9915	9336	8826	9860	8379	10344	8117	10640
4606	9718	9198	10253	8741	10746	8474	11047
6115	11682	11111	12267	10609	12807	10314	13135
4820	3697	3379	4030	3105	4341	2946	4533
9017	1526	1324	1742	1155	1949	1059	2078
6123	11608	11039	12192	10538	12730	10244	13057
6114	17612	16909	18329	16288	18987	15922	19387
4607	10321	9785	10872	9314	11380	9038	11690
6505	4944	4575	5327	4255	5685	4069	5904
5020	10458	9918	11012	9444	11524	9166	11835
6113	26851	25981	27735	25210	28543	24755	29033
5010	8846	8350	9356	7915	9828	7661	10116
6020	10736	10189	11298	9708	11816	9426	12131
4900	6178	5765	6606	5405	7003	5195	7247
6010	7645	7184	8120	6782	8560	6546	8829
4400	9478	8964	10006	8514	10494	8250	10791
9900	4597	4241	4967	3933	5312	3755	5525
9904	6015	5607	6437	5252	6830	5045	7070
9902	13955	13330	14594	12779	15182	12456	15540
4810	4722	4361	5097	4049	5447	3868	5662
5720	18976	18246	19720	17601	20403	17220	20817
9901	3496	3187	3820	2921	4123	2767	4310
5826	3164	2870	3472	2618	3762	2472	3941
5825	1923	1696	2165	1503	2395	1393	2538
5925	11344	10781	11921	10287	12453	9996	12777
9015	6006	5598	6428	5244	6820	5037	7060
4506	7528	7071	7999	6671	8436	6438	8703
4605	10212	9678	10760	9210	11266	8936	11574
9002	16004	15334	16688	14743	17316	14395	17698
4226	7514	7057	7985	6658	8421	6425	8688
4505	5996	5589	6417	5234	6809	5028	7049
4225	6959	6520	7413	6136	7833	5913	8090
5716	10874	10323	11439	9839	11960	9555	12278
5916	14345	13711	14993	13153	15589	12824	15951
4300	5224	4844	5618	4515	5985	4323	6210
5815	2162	1920	2418	1715	2661	1598	2812
9004	7539	7082	8011	6682	8448	6448	8715
5715	8072	7598	8560	7184	9012	6942	9287
3330	5643	5248	6052	4905	6433	4705	6666
6506	6252	5836	6682	5474	7082	5262	7327
5915	7935	7466	8419	7055	8867	6815	9140
3905	4545	4191	4913	3885	5256	3708	5468
4130	8118	7643	8607	7228	9060	6985	9337
6930	4540	4187	4908	3881	5251	3703	5462
3825	8590	8101	9093	7673	9558	7423	9842
4120	8897	8399	9409	7964	9882	7708	10171
3816	10010	9482	10553	9018	11053	8747	11359
4210	10214	9680	10762	9212	11268	8937	11576
9016	5243	4863	5638	4532	6005	4340	6231
4005	6286	5869	6717	5506	7118	5294	7363
4230	4473	4122	4838	3819	5179	3643	5389
3815	8780	8286	9289	7853	9759	7600	10046
3705	13248	12639	13871	12103	14444	11788	14793
3900	3057	2768	3360	2521	3645	2378	3821
4110	8761	8267	9269	7835	9739	7582	10025
3416	9324	8814	9848	8368	10332	8106	10627
3413	3948	3619	4291	3335	4613	3170	4811
3706	7246	6798	7709	6406	8138	6177	8400
3600	9203	8697	9723	8253	10204	7993	10498
3415	11293	10732	11869	10238	12400	9948	12723
3320	10856	10306	11421	9822	11941	9539	12259
3505	18133	17420	18861	16789	19528	16418	19933
3414	10499	9958	11054	9483	11567	9204	11879
6900	3640	3324	3970	3052	4279	2895	4470
2940	7681	7219	8157	6816	8598	6580	8868
2216	7637	7177	8112	6774	8552	6539	8820
3046	10413	9874	10966	9401	11477	9124	11788
2225	6876	6439	7327	6059	7745	5836	8001
3426	8142	7666	8632	7250	9086	7007	9362
3427	8847	8351	9357	7916	9829	7662	10117
3045	11665	11094	12250	10592	12789	10298	13117
3310	7422	6968	7890	6572	8324	6340	8589
3030	16400	15722	17092	15123	17728	14771	18114
3130	7365	6913	7831	6518	8264	6287	8528
3010	16998	16308	17703	15698	18350	15339	18742
3020	10691	10145	11251	9665	11768	9384	12083
3425	7922	7453	8405	7043	8853	6803	9126
2100	7934	7465	8418	7054	8866	6814	9139
1606	5874	5471	6291	5120	6679	4916	6917
2215	7562	7104	8034	6703	8472	6470	8740
1720	11680	11109	12265	10607	12805	10312	13133
3120	9976	9449	10518	8986	11018	8715	11322
1900	550	432	683	337	814	286	899
3110	3570	3257	3897	2988	4203	2833	4393
3200	8601	8112	9104	7684	9570	7433	9854
1605	8155	7679	8645	7262	9099	7019	9376
2000	5275	4894	5671	4562	6039	4370	6266
1820	4579	4224	4948	3917	5293	3738	5505
1200	7440	6986	7909	6589	8343	6357	8608
1710	9384	8873	9909	8425	10395	8162	10691
1810	2107	1869	2360	1666	2600	1550	2749
900	4706	4346	5080	4034	5430	3853	5644
806	12677	12082	13287	11558	13848	11250	14189
1506	9648	9130	10181	8675	10673	8408	10973
1410	4941	4572	5324	4252	5682	4066	5901
1505	9151	8646	9670	8204	10150	7945	10442
1330	8536	8049	9038	7622	9501	7373	9785
1000	3934	3606	4277	3322	4598	3158	4795
1320	7335	6884	7800	6490	8232	6260	8496
1420	5553	5161	5959	4821	6337	4623	6568
1130	2679	2409	2963	2178	3231	2046	3397
1116	7703	7241	8180	6836	8621	6600	8891
1310	10625	10081	11184	9603	11699	9322	12013
805	8935	8436	9448	8000	9922	7744	10211
1115	6030	5622	6453	5266	6846	5059	7086
205	5734	5336	6146	4990	6530	4788	6765
136	5104	4729	5493	4403	5856	4214	6079
1120	14344	13710	14992	13152	15588	12823	15950
705	7625	7165	8099	6763	8539	6528	8807
120	4988	4617	5373	4296	5732	4109	5952
325	10076	9546	10620	9081	11123	8808	11429
135	7020	6579	7475	6194	7898	5969	8156
706	5097	4722	5486	4397	5849	4208	6071
206	6005	5598	6427	5243	6819	5036	7059
2910	1472	1274	1684	1108	1888	1014	2015
315	6153	5740	6580	5381	6977	5172	7219
2935	3056	2767	3359	2520	3644	2377	3820
605	9414	8902	9940	8453	10427	8190	10723
606	9952	9425	10493	8963	10992	8692	11297
506	10119	9588	10664	9122	11168	8849	11475
110	2183	1940	2440	1734	2684	1616	2835
505	18669	17945	19407	17305	20084	16928	20495
2936	2975	2690	3274	2446	3556	2306	3730
405	10531	9989	11087	9513	11600	9234	11913
2926	9415	8903	9941	8454	10428	8191	10724
2925	6205	5791	6634	5430	7032	5219	7276
2927	3120	2828	3426	2578	3714	2433	3892
