faz_id mean lower_50 upper_50 lower_80 upper_80 lower_90 upper_90
8935	5536	5123	5965	4764	6366	4556	6612
8927	2418	2147	2705	1918	2976	1786	3145
8926	6702	6246	7174	5850	7612	5619	7881
8936	7266	6791	7757	6377	8213	6136	8492
8500	8102	7600	8620	7162	9100	6906	9394
8406	967	799	1151	661	1331	585	1444
8320	5062	4667	5473	4325	5857	4127	6093
8925	6636	6183	7105	5788	7542	5558	7809
8937	7369	6891	7863	6474	8322	6231	8603
8405	7151	6680	7638	6270	8090	6030	8367
8310	13056	12417	13711	11855	14315	11525	14683
8910	7349	6871	7843	6455	8301	6212	8581
7905	10501	9929	11089	9427	11633	9133	11965
7606	1966	1723	2225	1518	2472	1401	2626
7805	9288	8750	9842	8279	10355	8004	10667
8220	9300	8762	9854	8291	10367	8015	10680
8000	6197	5759	6651	5378	7073	5157	7333
8906	3523	3195	3867	2913	4191	2751	4391
8210	7066	6598	7550	6190	8000	5952	8275
9020	8775	8252	9314	7795	9812	7528	10117
8125	8141	7638	8660	7199	9141	6942	9436
8126	7053	6585	7537	6178	7986	5940	8261
8905	3978	3629	4343	3328	4686	3154	4897
7806	3176	2865	3503	2598	3812	2445	4002
7700	3632	3299	3981	3012	4310	2847	4512
7526	6346	5903	6805	5517	7233	5293	7495
7340	10932	10348	11532	9835	12087	9535	12424
7605	769	620	934	499	1097	434	1200
7537	12836	12202	13486	11645	14085	11318	14449
8115	14731	14052	15427	13453	16067	13102	16456
7335	15313	14620	16022	14010	16674	13651	17071
8600	7808	7315	8317	6886	8788	6635	9077
7425	11334	10739	11945	10217	12509	9911	12853
7535	13662	13008	14332	12433	14949	12095	15325
7525	6734	6277	7207	5880	7646	5648	7916
7436	2297	2034	2577	1810	2842	1682	3007
9019	7703	7214	8208	6787	8677	6538	8964
7026	4304	3940	4684	3627	5039	3445	5258
7205	6135	5699	6587	5321	7007	5100	7265
7515	2345	2079	2627	1853	2895	1724	3062
7320	12040	11426	12670	10888	13250	10572	13604
7206	8084	7583	8601	7145	9081	6889	9374
7315	7674	7186	8178	6760	8646	6511	8932
7435	3313	2995	3647	2722	3962	2565	4156
7316	8518	8003	9049	7553	9541	7290	9841
7025	10266	9700	10848	9204	11386	8914	11714
7415	5107	4710	5520	4367	5905	4167	6142
7100	13662	13008	14332	12433	14949	12095	15325
7015	7744	7254	8250	6826	8720	6576	9008
9908	1161	976	1362	823	1557	738	1680
6410	20831	20021	21657	19306	22414	18884	22873
6420	17580	16837	18339	16182	19036	15796	19460
5535	13092	12452	13748	11889	14353	11559	14721
5600	7040	6573	7523	6166	7972	5928	8247
5546	7784	7292	8292	6863	8763	6613	9051
4706	5412	5003	5837	4649	6233	4443	6476
6605	5060	4665	5471	4323	5855	4125	6091
6910	2402	2132	2688	1903	2959	1773	3127
6606	2664	2380	2964	2137	3249	1999	3425
9909	2608	2327	2905	2087	3187	1950	3361
9011	5242	4840	5660	4492	6050	4289	6290
5525	6926	6463	7405	6059	7851	5824	8124
5515	12139	11523	12771	10982	13354	10664	13709
6326	12204	11586	12838	11044	13422	10725	13778
9914	8255	7748	8778	7306	9262	7047	9558
5545	6481	6033	6945	5643	7377	5416	7641
6223	13766	13109	14439	12532	15058	12192	15435
5306	11123	10534	11728	10017	12287	9713	12628
6325	16851	16124	17594	15482	18278	15105	18692
9009	2284	2021	2563	1798	2827	1671	2992
9006	5554	5140	5984	4781	6385	4572	6632
6225	11119	10530	11724	10013	12283	9710	12624
9018	9677	9128	10242	8647	10765	8365	11084
5425	18314	17555	19089	16886	19800	16492	20232
5305	13259	12615	13919	12048	14528	11716	14898
5426	9083	8551	9631	8086	10138	7814	10448
6226	14678	14000	15372	13403	16011	13052	16400
6126	6067	5634	6516	5257	6935	5038	7191
6224	11350	10755	11961	10232	12526	9926	12870
6216	6895	6433	7373	6030	7818	5795	8090
6316	15695	14993	16413	14375	17073	14012	17474
6215	11848	11239	12473	10705	13049	10392	13400
5100	3077	2771	3399	2509	3703	2358	3891
6213	10278	9712	10860	9216	11398	8925	11727
9005	2792	2501	3099	2252	3390	2110	3570
6124	14808	14127	15505	13527	16147	13174	16537
6125	5583	5168	6014	4808	6416	4598	6663
6214	238	159	333	101	433	73	499
5415	6760	6302	7234	5904	7674	5672	7944
5205	6020	5589	6468	5214	6884	4996	7140
9916	7174	6702	7662	6291	8115	6051	8392
9913	3519	3191	3863	2909	4187	2747	4386
9915	10132	9570	10710	9077	11245	8789	11571
4606	10286	9720	10869	9223	11407	8932	11735
6115	11750	11144	12372	10612	12946	10300	13296
4820	3720	3383	4074	3092	4406	2925	4611
9017	1643	1421	1881	1236	2108	1131	2251
6123	12031	11418	12660	10879	13241	10563	13594
6114	17938	17187	18705	16525	19409	16135	19836
4607	11324	10729	11935	10207	12499	9901	12842
6505	5009	4616	5418	4276	5800	4079	6035
5020	10723	10144	11318	9637	11867	9340	12202
6113	27233	26306	28176	25485	29039	25000	29561
5010	8993	8464	9538	8001	10043	7730	10351
6020	10802	10221	11399	9712	11950	9414	12286
4900	6616	6163	7085	5769	7521	5540	7788
6010	7592	7106	8094	6683	8559	6436	8844
4400	9574	9028	10136	8550	10656	8270	10974
9900	4816	4431	5217	4098	5592	3905	5823
9904	6259	5819	6715	5436	7140	5214	7400
9902	14215	13548	14898	12960	15528	12615	15910
4810	4784	4400	5184	4068	5558	3876	5787
5720	19130	18355	19921	17670	20648	17267	21089
9901	3863	3519	4223	3223	4561	3052	4770
5826	3244	2929	3575	2660	3886	2505	4079
5825	2024	1777	2287	1569	2537	1450	2693
5925	11662	11058	12282	10528	12854	10218	13202
9015	6314	5872	6772	5488	7198	5264	7460
4506	7753	7262	8260	6834	8730	6584	9017
4605	10597	10022	11188	9518	11734	9222	12067
9002	17272	16536	18024	15886	18716	15504	19136
4226	7772	7281	8279	6852	8750	6602	9038
4505	6084	5650	6534	5273	6953	5054	7210
4225	7239	6765	7729	6352	8184	6111	8462
5716	11110	10521	11715	10004	12274	9701	12614
5916	14729	14050	15424	13451	16065	13100	16454
4300	5434	5024	5860	4669	6257	4463	6500
5815	2204	1946	2478	1728	2738	1603	2900
9004	8339	7830	8864	7385	9351	7125	9649
5715	8119	7617	8637	7178	9118	6922	9412
3330	6100	5666	6550	5288	6970	5069	7227
6506	6692	6237	7163	5840	7602	5609	7870
5915	8060	7559	8577	7122	9056	6867	9348
3905	4674	4295	5069	3967	5439	3777	5666
4130	8284	7776	8808	7333	9293	7074	9589
6930	4546	4172	4936	3849	5301	3662	5525
3825	8763	8241	9301	7784	9800	7517	10104
4120	9091	8559	9639	8093	10146	7821	10456
3816	10439	9868	11026	9368	11568	9075	11899
4210	10832	10250	11430	9741	11981	9442	12318
9016	5880	5454	6322	5083	6735	4868	6987
4005	6499	6050	6964	5660	7396	5433	7661
4230	4744	4362	5142	4031	5514	3840	5743
3815	8881	8355	9423	7895	9925	7627	10231
3705	13490	12840	14156	12269	14769	11933	15143
3900	3480	3154	3822	2874	4144	2713	4343
4110	9220	8684	9772	8215	10283	7941	10595
3416	9547	9002	10108	8524	10628	8245	10945
3413	4278	3916	4657	3603	5011	3422	5230
3706	7361	6883	7855	6466	8314	6223	8594
3600	9688	9138	10254	8657	10777	8376	11096
3415	11909	11299	12535	10763	13113	10449	13465
3320	11254	10661	11863	10141	12425	9836	12768
3505	18653	17887	19435	17212	20152	16814	20588
3414	10732	10153	11327	9646	11876	9348	12211
6900	4023	3672	4390	3369	4735	3194	4947
2940	8880	8354	9422	7894	9923	7626	10230
2216	8083	7582	8600	7144	9080	6888	9373
3046	10616	10040	11208	9536	11754	9240	12087
2225	7426	6946	7922	6527	8383	6283	8664
3426	8530	8015	9061	7565	9553	7302	9854
3427	9255	8718	9808	8248	10320	7973	10632
3045	12029	11416	12658	10877	13239	10561	13592
3310	8958	8430	9502	7968	10006	7698	10314
3030	17987	17235	18755	16572	19460	16182	19888
3130	7624	7137	8127	6713	8593	6465	8878
3010	17510	16768	18268	16114	18964	15729	19386
3020	10946	10361	11547	9849	12101	9548	12439
3425	8435	7923	8963	7475	9453	7214	9752
2100	8056	7556	8572	7119	9051	6863	9344
1606	5965	5536	6411	5162	6825	4946	7080
2215	7803	7311	8311	6881	8783	6630	9071
1720	12207	11589	12841	11047	13425	10728	13781
3120	10504	9931	11093	9430	11636	9136	11968
1900	550	425	691	326	831	274	922
3110	3635	3302	3985	3015	4313	2850	4516
3200	9082	8550	9630	8085	10137	7813	10447
1605	8213	7708	8734	7266	9218	7008	9513
2000	5645	5227	6079	4865	6483	4655	6731
1820	4781	4397	5181	4066	5554	3873	5784
1200	7757	7266	8264	6838	8734	6588	9022
1710	10020	9461	10595	8971	11127	8685	11451
1810	2379	2111	2663	1883	2933	1753	3101
900	4874	4487	5277	4151	5655	3957	5886
806	13756	13100	14428	12522	15048	12183	15424
1506	9864	9309	10435	8824	10962	8539	11284
1410	5170	4771	5585	4425	5973	4224	6211
1505	9375	8835	9931	8362	10446	8085	10761
1330	8764	8242	9302	7785	9801	7518	10105
1000	3998	3648	4364	3346	4708	3172	4919
1320	7350	6872	7844	6456	8302	6213	8582
1420	6188	5750	6642	5370	7064	5149	7323
1130	2801	2509	3109	2260	3400	2117	3580
1116	7954	7457	8467	7023	8943	6769	9234
1310	10722	10143	11317	9636	11866	9339	12201
805	9506	8962	10066	8485	10585	8206	10901
1115	6604	6152	7072	5758	7508	5529	7775
205	5809	5385	6249	5017	6659	4804	6910
136	5149	4751	5563	4405	5950	4205	6188
1120	15066	14379	15769	13774	16416	13418	16810
705	8334	7825	8859	7380	9346	7120	9643
120	5141	4743	5555	4398	5942	4198	6180
325	10501	9929	11089	9427	11633	9133	11965
135	7145	6674	7632	6264	8084	6025	8361
706	5500	5088	5928	4731	6327	4523	6573
206	6066	5633	6515	5256	6933	5038	7190
2910	1622	1402	1858	1217	2085	1113	2226
315	6297	5856	6755	5472	7180	5248	7441
2935	3042	2738	3362	2477	3665	2328	3852
605	10116	9554	10694	9062	11228	8774	11554
606	11009	10423	11611	9908	12168	9607	12507
506	10993	10407	11595	9893	12151	9592	12490
110	2250	1989	2527	1768	2790	1642	2953
505	20677	19871	21500	19158	22254	18738	22712
2936	3012	2709	3331	2450	3632	2301	3818
405	11493	10894	12108	10368	12676	10059	13022
2926	9809	9256	10378	8772	10904	8488	11225
2925	6802	6343	7277	5943	7719	5710	7989
2927	3880	3535	4241	3238	4580	3067	4788
