faz_id mean lower_50 upper_50 lower_80 upper_80 lower_90 upper_90
8935	6137	5750	6536	5413	6907	5216	7133
8927	2692	2438	2959	2220	3210	2094	3365
8926	7655	7222	8100	6843	8512	6622	8763
8936	7721	7286	8168	6906	8582	6683	8834
8500	8916	8449	9396	8038	9839	7798	10109
8406	1225	1056	1407	914	1582	834	1691
8320	5895	5516	6287	5186	6650	4993	6872
8925	7597	7166	8041	6789	8451	6568	8701
8937	8889	8422	9368	8013	9811	7772	10080
8405	8070	7626	8527	7236	8949	7008	9207
8310	14031	13443	14632	12924	15183	12619	15518
8910	8394	7941	8860	7543	9290	7310	9553
7905	11459	10928	12002	10461	12503	10186	12807
7606	2134	1909	2372	1716	2597	1606	2737
7805	10102	9604	10613	9166	11083	8909	11370
8220	10421	9915	10940	9470	11417	9209	11708
8000	6430	6034	6839	5688	7217	5486	7449
8906	3781	3479	4096	3217	4390	3066	4571
8210	7817	7380	8267	6997	8683	6772	8937
9020	9499	9016	9994	8592	10451	8343	10729
8125	8557	8099	9027	7698	9462	7462	9727
8126	7778	7342	8227	6960	8642	6736	8895
8905	4236	3916	4569	3638	4879	3477	5070
7806	3749	3448	4063	3188	4356	3037	4536
7700	3667	3369	3977	3112	4267	2963	4446
7526	6531	6132	6943	5783	7324	5579	7558
7340	11492	10960	12036	10492	12537	10217	12842
7605	801	665	949	554	1094	492	1185
7537	13480	12904	14069	12396	14610	12096	14939
8115	15792	15168	16429	14616	17013	14291	17368
7335	16116	15485	16759	14928	17349	14600	17707
8600	8287	7837	8750	7442	9178	7210	9439
7425	11926	11384	12480	10907	12990	10627	13300
7535	14252	13659	14857	13136	15413	12828	15751
7525	7524	7095	7966	6720	8374	6500	8623
7436	2341	2105	2590	1902	2825	1786	2971
9019	8506	8050	8975	7649	9408	7415	9672
7026	4360	4035	4698	3753	5012	3589	5206
7205	6455	6058	6864	5712	7244	5509	7476
7515	2505	2260	2762	2050	3005	1930	3155
7320	12747	12187	13320	11693	13846	11402	14166
7206	8598	8139	9070	7736	9505	7500	9770
7315	8216	7767	8677	7374	9103	7144	9363
7435	3463	3174	3765	2925	4047	2780	4221
7316	8735	8272	9210	7866	9649	7628	9916
7025	10524	10016	11045	9568	11525	9306	11817
7415	5373	5011	5747	4697	6095	4513	6308
7100	14218	13626	14823	13104	15378	12796	15715
7015	8093	7648	8551	7258	8974	7029	9232
9908	1145	982	1321	845	1490	768	1597
6410	24285	23509	25073	22822	25794	22415	26230
6420	20776	20059	21506	19424	22173	19049	22578
5535	14554	13955	15166	13426	15727	13115	16068
5600	7483	7055	7923	6681	8331	6462	8579
5546	8211	7763	8672	7370	9098	7139	9358
4706	5555	5187	5935	4867	6289	4680	6505
6605	5623	5253	6006	4931	6361	4743	6578
6910	2696	2442	2963	2224	3214	2098	3369
6606	3138	2863	3425	2627	3695	2490	3861
9909	2872	2609	3147	2384	3406	2253	3565
9011	5857	5479	6247	5150	6610	4958	6831
5525	7374	6949	7811	6578	8216	6360	8463
5515	12525	11970	13093	11480	13615	11193	13932
6326	12138	11591	12697	11110	13211	10827	13524
9914	8584	8125	9055	7723	9490	7487	9756
5545	6761	6355	7180	6000	7568	5792	7805
6223	14297	13703	14903	13179	15460	12871	15798
5306	11478	10947	12022	10479	12522	10204	12827
6325	16936	16289	17595	15718	18200	15381	18566
9009	2429	2188	2683	1982	2922	1863	3070
9006	6127	5741	6526	5403	6896	5206	7123
6225	11420	10890	11963	10424	12462	10149	12766
9018	10227	9726	10741	9285	11214	9027	11502
5425	18980	18295	19678	17689	20317	17331	20704
5305	13493	12916	14082	12408	14623	12109	14952
5426	9359	8880	9851	8459	10304	8212	10581
6226	14760	14157	15376	13624	15941	13310	16285
6126	6157	5770	6557	5431	6928	5234	7155
6224	11377	10848	11918	10383	12417	10109	12720
6216	6942	6530	7366	6170	7759	5960	7999
6316	15627	15006	16261	14458	16842	14134	17195
6215	11857	11317	12410	10841	12918	10562	13227
5100	3103	2830	3389	2595	3657	2459	3822
6213	10320	9817	10836	9374	11312	9114	11601
9005	3172	2896	3461	2658	3732	2520	3899
6124	14827	14222	15444	13689	16011	13374	16355
6125	5613	5243	5995	4921	6350	4733	6567
6214	238	167	322	114	408	87	464
5415	7235	6814	7668	6447	8069	6231	8314
5205	6267	5876	6671	5535	7045	5335	7273
9916	7585	7154	8028	6777	8438	6556	8688
9913	3555	3262	3860	3009	4146	2863	4322
9915	10869	10352	11398	9898	11886	9630	12183
4606	10902	10384	11432	9929	11920	9661	12217
6115	11791	11252	12342	10778	12849	10499	13158
4820	3797	3494	4112	3232	4407	3080	4589
9017	1796	1590	2015	1415	2223	1315	2352
6123	12195	11647	12755	11165	13271	10881	13584
6114	18315	17642	19000	17047	19628	16696	20009
4607	12358	11806	12922	11321	13441	11035	13756
6505	5195	4840	5563	4530	5905	4350	6115
5020	10978	10459	11510	10002	12000	9733	12298
6113	27608	26781	28448	26046	29215	25612	29679
5010	9198	8723	9686	8306	10135	8062	10409
6020	10824	10308	11352	9855	11839	9588	12135
4900	6995	6582	7421	6220	7815	6009	8056
6010	7666	7233	8112	6854	8524	6632	8775
4400	9672	9185	10172	8757	10633	8506	10913
9900	5066	4715	5429	4410	5768	4232	5975
9904	6571	6171	6984	5821	7367	5616	7601
9902	14405	13809	15014	13283	15572	12973	15912
4810	4856	4513	5212	4214	5543	4040	5746
5720	19255	18565	19958	17954	20601	17594	20991
9901	4511	4180	4854	3893	5174	3726	5371
5826	3459	3170	3760	2921	4043	2777	4216
5825	2037	1817	2270	1629	2490	1522	2627
5925	12088	11543	12646	11062	13159	10780	13471
9015	6624	6222	7039	5871	7423	5665	7658
4506	8169	7722	8629	7330	9054	7100	9313
4605	10985	10465	11517	10008	12007	9740	12305
9002	18543	17866	19233	17267	19864	16914	20247
4226	7930	7489	8383	7103	8802	6877	9057
4505	6140	5753	6539	5415	6910	5218	7137
4225	7637	7205	8082	6826	8493	6605	8744
5716	11435	10905	11978	10438	12478	10164	12781
5916	15456	14838	16086	14293	16664	13972	17015
4300	5697	5325	6082	5000	6440	4811	6658
5815	2319	2084	2567	1882	2801	1767	2946
9004	9470	8988	9965	8565	10421	8316	10699
5715	8139	7693	8598	7301	9022	7072	9281
3330	6574	6173	6987	5824	7370	5619	7604
6506	7175	6756	7606	6390	8006	6176	8249
5915	8283	7833	8746	7438	9174	7206	9434
3905	4864	4520	5220	4222	5552	4048	5755
4130	8477	8021	8945	7622	9378	7387	9641
6930	4580	4247	4926	3957	5248	3789	5446
3825	9161	8687	9648	8271	10097	8027	10370
4120	9358	8879	9850	8458	10303	8211	10580
3816	10609	10098	11132	9649	11614	9386	11907
4210	11432	10902	11975	10435	12474	10161	12778
9016	6695	6291	7112	5937	7498	5731	7734
4005	6921	6510	7345	6150	7737	5940	7977
4230	4968	4621	5328	4319	5663	4143	5868
3815	8912	8445	9392	8034	9835	7794	10105
3705	14330	13736	14937	13211	15494	12902	15833
3900	3731	3431	4044	3171	4336	3021	4516
4110	10051	9554	10560	9118	11030	8861	11316
3416	10019	9523	10528	9087	10996	8831	11282
3413	4603	4269	4950	3979	5273	3810	5471
3706	7429	7003	7868	6630	8274	6411	8521
3600	10083	9585	10593	9148	11063	8891	11350
3415	12518	11963	13086	11474	13608	11186	13925
3320	11712	11175	12261	10703	12767	10425	13074
3505	19104	18417	19804	17809	20445	17450	20833
3414	10939	10420	11470	9964	11959	9696	12257
6900	4400	4073	4739	3790	5055	3626	5249
2940	10137	9638	10648	9200	11120	8942	11407
2216	8498	8042	8967	7642	9400	7407	9664
3046	10976	10457	11508	10000	11998	9731	12296
2225	8445	7990	8912	7591	9344	7358	9607
3426	8986	8517	9468	8105	9913	7863	10184
3427	9713	9225	10214	8796	10676	8544	10957
3045	12369	11817	12933	11331	13452	11045	13768
3310	10816	10300	11344	9847	11831	9580	12126
3030	19157	18469	19858	17860	20500	17500	20889
3130	7953	7512	8407	7125	8826	6899	9082
3010	18146	17476	18828	16884	19453	16535	19832
3020	11493	10961	12037	10493	12538	10218	12843
3425	8975	8506	9457	8094	9901	7853	10172
2100	8285	7835	8748	7440	9176	7208	9437
1606	6051	5667	6448	5332	6816	5136	7041
2215	8063	7619	8520	7229	8942	7001	9200
1720	13032	12465	13611	11966	14143	11672	14467
3120	11475	10944	12019	10476	12519	10201	12824
1900	553	441	677	351	800	303	878
3110	3712	3413	4024	3154	4316	3004	4495
3200	9689	9201	10189	8773	10650	8522	10931
1605	8264	7814	8726	7420	9154	7189	9414
2000	5982	5600	6376	5267	6742	5073	6966
1820	5051	4701	5414	4396	5752	4219	5958
1200	7989	7547	8444	7159	8864	6932	9121
1710	11482	10951	12026	10483	12527	10208	12831
1810	2943	2677	3222	2448	3483	2316	3644
900	5081	4730	5445	4424	5784	4246	5991
806	14914	14308	15533	13772	16101	13457	16446
1506	10106	9608	10617	9170	11087	8913	11374
1410	5511	5145	5890	4826	6242	4640	6457
1505	9613	9127	10111	8701	10571	8450	10851
1330	8883	8416	9362	8007	9805	7767	10074
1000	4082	3768	4409	3495	4714	3337	4901
1320	7396	6971	7834	6599	8239	6381	8486
1420	7811	7374	8261	6991	8677	6767	8930
1130	2939	2673	3217	2445	3479	2313	3640
1116	8292	7841	8755	7446	9183	7215	9444
1310	10821	10305	11349	9852	11836	9585	12132
805	9967	9472	10474	9038	10942	8782	11226
1115	6986	6573	7412	6212	7806	6000	8047
205	5917	5537	6309	5206	6673	5013	6896
136	5181	4826	5548	4517	5890	4337	6100
1120	16130	15499	16774	14942	17364	14613	17722
705	10277	9775	10792	9333	11267	9074	11555
120	5322	4962	5694	4649	6040	4467	6252
325	10769	10255	11296	9802	11781	9536	12077
135	7220	6800	7653	6432	8053	6217	8298
706	6092	5707	6490	5370	6859	5174	7085
206	6115	5729	6514	5392	6883	5195	7110
2910	1781	1576	1999	1401	2206	1302	2335
315	6459	6062	6869	5715	7248	5513	7480
2935	3004	2735	3285	2504	3549	2371	3712
605	10679	10167	11204	9716	11687	9452	11981
606	12133	11587	12692	11105	13206	10822	13519
506	12312	11762	12875	11277	13393	10991	13708
110	2300	2066	2547	1865	2780	1750	2924
505	22686	21937	23448	21272	24145	20880	24567
2936	3098	2825	3384	2590	3652	2454	3817
405	12430	11877	12996	11390	13516	11103	13832
2926	10403	9898	10921	9453	11398	9192	11689
2925	8099	7654	8557	7263	8980	7035	9238
2927	5219	4863	5588	4553	5931	4372	6141
