faz_id	population_2000	population_2010	population_2020	population_2025	population_2030	population_2035	population_2040
8935.0	9011.0	11478.0	12479.0	12994.0	13772.0	15141.0	16915.0
8927.0	4718.0	5314.0	5525.0	5748.0	6170.0	6927.0	7517.0
8926.0	11971.0	13471.0	14768.0	15763.0	17118.0	19098.0	21381.0
8936.0	14758.0	16378.0	18101.0	18756.0	19577.0	20519.0	21470.0
8500.0	12264.0	17577.0	19220.0	20088.0	21125.0	22568.0	25752.0
8406.0	1402.0	1606.0	1708.0	1953.0	2376.0	3104.0	3559.0
8320.0	11552.0	11646.0	12620.0	13166.0	13772.0	15155.0	19232.0
8925.0	11193.0	13606.0	15315.0	16468.0	18005.0	20032.0	23040.0
8937.0	9016.0	10278.0	13938.0	16239.0	19253.0	23074.0	27892.0
8405.0	10570.0	15262.0	16692.0	18478.0	20034.0	22344.0	24710.0
8310.0	26645.0	28552.0	32021.0	33258.0	34320.0	35524.0	37922.0
8910.0	12656.0	14076.0	15894.0	17073.0	18936.0	21493.0	23828.0
7905.0	15692.0	20909.0	24282.0	26488.0	28474.0	30651.0	34036.0
7606.0	1410.0	3391.0	4362.0	5032.0	5547.0	5937.0	6110.0
7805.0	15497.0	19765.0	22137.0	23920.0	26128.0	28247.0	29594.0
8220.0	16453.0	16414.0	17652.0	18235.0	19472.0	21401.0	22190.0
8000.0	11025.0	12596.0	14822.0	15237.0	15598.0	15642.0	16433.0
8906.0	7869.0	8438.0	8969.0	9288.0	9733.0	10305.0	10622.0
8210.0	7665.0	8450.0	10074.0	11365.0	13730.0	15095.0	15057.0
9020.0	12685.0	14879.0	18297.0	20106.0	21689.0	23418.0	24813.0
8125.0	15709.0	16707.0	19469.0	20162.0	20766.0	21482.0	22160.0
8126.0	11598.0	12130.0	14000.0	15054.0	16115.0	17569.0	18789.0
8905.0	8012.0	9489.0	10222.0	10580.0	11117.0	11768.0	12212.0
7806.0	3987.0	4459.0	6148.0	7284.0	8570.0	10158.0	11531.0
7700.0	7866.0	7953.0	8754.0	8787.0	8887.0	8876.0	8883.0
7526.0	14008.0	15671.0	16144.0	16393.0	16554.0	16789.0	17031.0
7340.0	21189.0	26010.0	28956.0	30074.0	31096.0	32211.0	33385.0
7605.0	1815.0	1939.0	2023.0	2039.0	2102.0	2149.0	2154.0
7537.0	17689.0	20168.0	26349.0	27376.0	28304.0	29192.0	30486.0
8115.0	24796.0	26461.0	30944.0	32377.0	33175.0	34902.0	37789.0
7335.0	28856.0	34021.0	36760.0	37960.0	39243.0	40652.0	42814.0
8600.0	14110.0	16054.0	18406.0	19882.0	21200.0	22432.0	23605.0
7425.0	18076.0	28987.0	30407.0	31789.0	33043.0	34535.0	35840.0
7535.0	12711.0	20449.0	28344.0	29876.0	31136.0	31983.0	34806.0
7525.0	14361.0	15246.0	16423.0	16984.0	17735.0	19196.0	21254.0
7436.0	5645.0	5811.0	6120.0	6269.0	6513.0	6585.0	6583.0
9019.0	13389.0	15708.0	17029.0	18081.0	19814.0	21707.0	23156.0
7026.0	9812.0	10151.0	11341.0	11447.0	11588.0	11737.0	11753.0
7205.0	13695.0	13205.0	14376.0	14772.0	15091.0	15687.0	16361.0
7515.0	3255.0	4914.0	5508.0	5657.0	5846.0	6062.0	6464.0
7320.0	20913.0	28125.0	30519.0	31662.0	32626.0	33894.0	36309.0
7206.0	16463.0	16645.0	17862.0	17982.0	18257.0	18611.0	19530.0
7315.0	15300.0	16083.0	18605.0	19725.0	20560.0	22064.0	24090.0
7435.0	7483.0	7927.0	8587.0	8900.0	9304.0	9805.0	9970.0
7316.0	17525.0	19838.0	21763.0	22559.0	23417.0	23963.0	24446.0
7025.0	18563.0	17223.0	23014.0	23626.0	24139.0	24610.0	24554.0
7415.0	6707.0	10369.0	12090.0	13291.0	13968.0	14476.0	15059.0
7100.0	19808.0	19692.0	27510.0	29647.0	31633.0	32948.0	35393.0
7015.0	15802.0	16438.0	18654.0	18899.0	19170.0	19581.0	20068.0
9908.0	4285.0	3873.0	3630.0	3613.0	3573.0	3565.0	3511.0
6410.0	34263.0	36048.0	42224.0	45030.0	49059.0	55296.0	59763.0
6420.0	30899.0	32214.0	37653.0	39583.0	42626.0	48238.0	52148.0
5535.0	19903.0	23557.0	29528.0	31511.0	33525.0	36084.0	40853.0
5600.0	12164.0	14339.0	16573.0	17346.0	17986.0	18528.0	19451.0
5546.0	15248.0	15919.0	18391.0	19538.0	20450.0	21324.0	22220.0
4706.0	11271.0	14153.0	14689.0	15025.0	15396.0	15774.0	15971.0
6605.0	9697.0	11585.0	12427.0	13019.0	13879.0	15019.0	16377.0
6910.0	3205.0	3816.0	4746.0	5290.0	6034.0	6816.0	7532.0
6606.0	4888.0	5129.0	5809.0	6329.0	6967.0	8116.0	9268.0
9909.0	4159.0	4560.0	5486.0	6111.0	6767.0	7773.0	9105.0
9011.0	6925.0	8368.0	10265.0	11139.0	12296.0	13881.0	15912.0
5525.0	12305.0	13719.0	15316.0	16050.0	17042.0	17229.0	18228.0
5515.0	23476.0	24962.0	29297.0	30268.0	31132.0	31977.0	32651.0
6326.0	21379.0	23050.0	25323.0	25545.0	25669.0	25539.0	26346.0
9914.0	14875.0	16468.0	19289.0	20848.0	22085.0	23001.0	23199.0
5545.0	11359.0	13892.0	16634.0	17639.0	18618.0	19337.0	19950.0
6223.0	25460.0	26883.0	29013.0	29582.0	30201.0	30314.0	30305.0
5306.0	20662.0	21890.0	24830.0	25335.0	25591.0	26218.0	26508.0
6325.0	32878.0	34908.0	37427.0	37617.0	37979.0	37995.0	37733.0
9009.0	4212.0	4927.0	5358.0	5591.0	5949.0	6274.0	6537.0
9006.0	8717.0	10130.0	11963.0	13470.0	15053.0	16192.0	17000.0
6225.0	17294.0	19485.0	20867.0	21465.0	21919.0	22535.0	22813.0
9018.0	14279.0	14531.0	19466.0	21505.0	23092.0	24419.0	25650.0
5425.0	33141.0	36547.0	41125.0	42640.0	44172.0	45302.0	47003.0
5305.0	22495.0	25024.0	29291.0	29947.0	30505.0	30828.0	31033.0
5426.0	13365.0	20709.0	22428.0	23326.0	24177.0	24844.0	26214.0
6226.0	28858.0	31161.0	33380.0	33653.0	33765.0	34070.0	34073.0
6126.0	12093.0	12647.0	13923.0	14085.0	14159.0	14298.0	14559.0
6224.0	20528.0	22307.0	23598.0	23818.0	23975.0	23968.0	23761.0
6216.0	14804.0	15801.0	16592.0	16627.0	16665.0	16511.0	16395.0
6316.0	25145.0	28250.0	30373.0	30898.0	31160.0	31097.0	30741.0
6215.0	22123.0	22442.0	23741.0	24373.0	25066.0	24999.0	24682.0
5100.0	7331.0	7916.0	8591.0	8626.0	8672.0	8640.0	8606.0
6213.0	16189.0	17747.0	19178.0	19597.0	19921.0	19977.0	19855.0
9005.0	4689.0	5481.0	5831.0	6219.0	7050.0	8079.0	8986.0
6124.0	22732.0	24886.0	27448.0	27856.0	28146.0	28290.0	28095.0
6125.0	8758.0	9540.0	10393.0	10540.0	10646.0	10731.0	10616.0
6214.0	305.0	334.0	370.0	383.0	390.0	403.0	422.0
5415.0	12666.0	14135.0	15813.0	16175.0	15910.0	16957.0	19264.0
5205.0	11736.0	12289.0	12919.0	13196.0	13554.0	13874.0	14632.0
9916.0	9829.0	10809.0	15167.0	17318.0	18570.0	19324.0	20445.0
9913.0	5353.0	6599.0	7316.0	7465.0	7711.0	7808.0	7903.0
9915.0	13917.0	14302.0	20624.0	23243.0	25536.0	27174.0	29347.0
4606.0	20600.0	23184.0	26603.0	28307.0	30011.0	31189.0	32310.0
6115.0	19977.0	21166.0	23819.0	24145.0	24368.0	24428.0	24383.0
4820.0	6994.0	7643.0	8352.0	8454.0	8601.0	8666.0	8714.0
9017.0	3133.0	3210.0	3711.0	3957.0	4176.0	4643.0	5309.0
6123.0	10620.0	16233.0	19961.0	21345.0	23456.0	24673.0	24618.0
6114.0	29803.0	33022.0	35743.0	36404.0	36848.0	37267.0	37044.0
4607.0	10004.0	25798.0	28286.0	30298.0	32327.0	34580.0	37578.0
6505.0	5119.0	13968.0	14333.0	14555.0	14866.0	15351.0	15936.0
5020.0	24060.0	24898.0	26441.0	26883.0	27395.0	27941.0	28364.0
6113.0	26703.0	32388.0	40577.0	43789.0	44623.0	45300.0	45865.0
5010.0	17875.0	18812.0	20200.0	20590.0	20869.0	20702.0	21744.0
6020.0	8618.0	16066.0	19622.0	23226.0	25288.0	26285.0	26478.0
4900.0	2201.0	7076.0	9196.0	11831.0	14456.0	18474.0	21781.0
6010.0	6069.0	10290.0	13766.0	15740.0	16739.0	17348.0	18125.0
4400.0	21758.0	22375.0	24949.0	25080.0	25247.0	25294.0	25000.0
9900.0	6675.0	6935.0	9659.0	10586.0	11185.0	11782.0	12105.0
9904.0	9762.0	10592.0	13220.0	14184.0	14850.0	15314.0	16061.0
9902.0	20847.0	21729.0	30285.0	31811.0	32567.0	32956.0	33332.0
4810.0	8768.0	9495.0	10716.0	10822.0	11049.0	11225.0	11365.0
5720.0	33868.0	36008.0	39533.0	40081.0	40496.0	40475.0	40219.0
9901.0	7171.0	6683.0	8141.0	9309.0	10411.0	11480.0	13907.0
5826.0	4316.0	5270.0	6178.0	6476.0	6766.0	6950.0	6993.0
5825.0	1930.0	2294.0	3295.0	3519.0	3627.0	3595.0	3570.0
5925.0	24207.0	24813.0	26150.0	26617.0	27049.0	27589.0	27519.0
9015.0	12908.0	14210.0	15205.0	15853.0	16656.0	17425.0	17574.0
4506.0	15793.0	16395.0	18151.0	18524.0	19150.0	19716.0	20321.0
4605.0	19987.0	23798.0	26119.0	27163.0	28118.0	28648.0	29534.0
9002.0	21796.0	23588.0	34535.0	38663.0	41991.0	44936.0	48067.0
4226.0	14364.0	15506.0	18122.0	19230.0	20078.0	20590.0	20806.0
4505.0	15385.0	15633.0	17337.0	17522.0	17711.0	17718.0	17893.0
4225.0	10973.0	17037.0	18046.0	18597.0	19256.0	20310.0	21374.0
5716.0	24027.0	24748.0	25925.0	25970.0	26229.0	26705.0	26776.0
5916.0	33393.0	35475.0	37084.0	37194.0	37482.0	38034.0	38358.0
4300.0	10213.0	10150.0	11662.0	12280.0	12836.0	13327.0	13739.0
5815.0	4658.0	4884.0	5053.0	5079.0	5105.0	5272.0	5218.0
9004.0	14436.0	17223.0	18508.0	19871.0	21690.0	24141.0	26419.0
5715.0	16670.0	17179.0	18410.0	18458.0	18624.0	18628.0	18501.0
3330.0	12181.0	12583.0	13877.0	14902.0	16129.0	17733.0	18775.0
6506.0	13784.0	13897.0	15700.0	16681.0	17722.0	18819.0	20012.0
5915.0	18907.0	19265.0	20616.0	20815.0	20935.0	21171.0	21085.0
3905.0	7689.0	8271.0	10618.0	11269.0	11766.0	12053.0	12296.0
4130.0	12557.0	16787.0	18415.0	18917.0	19029.0	19118.0	19431.0
6930.0	10267.0	10868.0	10993.0	11011.0	11113.0	11201.0	11168.0
3825.0	16736.0	17528.0	21188.0	21850.0	22612.0	23217.0	23809.0
4120.0	16699.0	18685.0	20765.0	21268.0	21922.0	22587.0	23062.0
3816.0	21840.0	21082.0	24788.0	25535.0	25926.0	26872.0	27019.0
4210.0	15818.0	23302.0	26027.0	27776.0	29400.0	30611.0	31618.0
9016.0	10454.0	11495.0	12933.0	14000.0	15763.0	17734.0	19001.0
4005.0	10993.0	12098.0	15438.0	16150.0	16900.0	17662.0	19011.0
4230.0	9469.0	9939.0	11597.0	12426.0	13181.0	13592.0	13972.0
3815.0	18472.0	19123.0	20740.0	20912.0	21118.0	21178.0	21212.0
3705.0	29413.0	29010.0	31667.0	32585.0	33040.0	34162.0	36965.0
3900.0	4876.0	5121.0	6278.0	6663.0	7272.0	7939.0	8069.0
4110.0	16709.0	18212.0	19988.0	20966.0	22244.0	24436.0	27938.0
3416.0	21113.0	22850.0	24221.0	24698.0	25215.0	26286.0	27800.0
3413.0	6514.0	8064.0	9817.0	10813.0	11997.0	12731.0	13094.0
3706.0	15343.0	15381.0	18182.0	18839.0	19145.0	19240.0	19502.0
3600.0	16432.0	19484.0	21232.0	21916.0	22648.0	23655.0	25750.0
3415.0	20227.0	22708.0	28051.0	30387.0	31702.0	32868.0	34947.0
3320.0	24158.0	27518.0	29996.0	30853.0	31989.0	33065.0	33674.0
3505.0	32688.0	35643.0	41587.0	44077.0	45655.0	46455.0	48207.0
3414.0	22931.0	24195.0	28075.0	28962.0	29589.0	29973.0	30161.0
6900.0	7195.0	7679.0	8543.0	9329.0	10306.0	11362.0	12281.0
2940.0	11987.0	14062.0	16887.0	19312.0	22452.0	25694.0	28135.0
2216.0	15732.0	17725.0	19599.0	20759.0	21947.0	22920.0	23608.0
3046.0	22021.0	22303.0	24012.0	24442.0	24862.0	25080.0	25676.0
2225.0	11442.0	13386.0	16066.0	17651.0	19552.0	21793.0	24389.0
3426.0	15279.0	17735.0	21507.0	23657.0	25051.0	26128.0	27026.0
3427.0	16914.0	21635.0	24071.0	25292.0	26136.0	26971.0	27671.0
3045.0	25506.0	25890.0	28743.0	29634.0	30626.0	31584.0	32101.0
3310.0	13327.0	18475.0	20995.0	21946.0	25969.0	29605.0	34144.0
3030.0	28441.0	33461.0	41199.0	46394.0	50718.0	53590.0	55200.0
3130.0	14594.0	15045.0	16508.0	16920.0	17391.0	17728.0	18564.0
3010.0	40619.0	39252.0	42541.0	44323.0	45748.0	47281.0	48568.0
3020.0	21490.0	22107.0	23691.0	24173.0	24723.0	25595.0	29344.0
3425.0	14187.0	17425.0	19802.0	21598.0	23325.0	24503.0	25289.0
2100.0	17974.0	18586.0	20715.0	21426.0	21888.0	22204.0	22675.0
1606.0	12269.0	12058.0	13037.0	13315.0	13492.0	13808.0	13959.0
2215.0	14968.0	16638.0	18277.0	19170.0	19933.0	20448.0	20893.0
1720.0	24246.0	24617.0	26908.0	27316.0	28193.0	29685.0	30082.0
3120.0	22867.0	23175.0	24172.0	24419.0	24927.0	26614.0	31292.0
1900.0	277.0	806.0	955.0	956.0	964.0	961.0	954.0
3110.0	7462.0	8449.0	9437.0	9631.0	9761.0	9812.0	9719.0
3200.0	19129.0	19206.0	20965.0	22018.0	23366.0	24878.0	25914.0
1605.0	16521.0	16513.0	17573.0	17702.0	17966.0	18111.0	18215.0
2000.0	6329.0	10317.0	12038.0	13218.0	14197.0	14954.0	15940.0
1820.0	5467.0	6746.0	7558.0	7721.0	8021.0	8533.0	8693.0
1200.0	14209.0	15860.0	18086.0	19281.0	20369.0	20846.0	21230.0
1710.0	19618.0	20386.0	21963.0	22368.0	22964.0	25142.0	27386.0
1810.0	2873.0	3416.0	3674.0	3796.0	4473.0	5423.0	6367.0
900.0	8600.0	9341.0	10386.0	11014.0	11542.0	11906.0	12344.0
806.0	16093.0	28692.0	32778.0	36211.0	38814.0	41534.0	44071.0
1506.0	21148.0	21447.0	23452.0	24161.0	24622.0	25081.0	25289.0
1410.0	10788.0	11010.0	11529.0	11690.0	11951.0	12464.0	12936.0
1505.0	17772.0	19767.0	21449.0	21997.0	22674.0	23185.0	23507.0
1330.0	20482.0	20588.0	22401.0	23174.0	23716.0	24027.0	23919.0
1000.0	9072.0	9155.0	9917.0	10179.0	10434.0	10518.0	10536.0
1320.0	17449.0	17181.0	18350.0	18382.0	18343.0	18306.0	18109.0
1420.0	10741.0	11750.0	12643.0	13024.0	13975.0	16537.0	20747.0
1130.0	4101.0	4362.0	5554.0	6237.0	6860.0	7059.0	7407.0
1116.0	13422.0	14082.0	17834.0	18831.0	19559.0	20213.0	20596.0
1310.0	24103.0	24766.0	27211.0	27723.0	27937.0	27919.0	27760.0
805.0	16583.0	18862.0	22162.0	24443.0	25739.0	26756.0	27636.0
1115.0	9079.0	10990.0	13559.0	15486.0	17348.0	18377.0	18642.0
205.0	12168.0	12379.0	13209.0	13275.0	13399.0	13359.0	13370.0
136.0	11052.0	10461.0	11460.0	11595.0	11733.0	11797.0	11781.0
1120.0	26989.0	29386.0	34456.0	37147.0	39519.0	41475.0	43715.0
705.0	14288.0	18009.0	19186.0	21177.0	22619.0	27067.0	32361.0
120.0	10805.0	10846.0	11818.0	12155.0	12573.0	13014.0	13272.0
325.0	19023.0	22220.0	23258.0	24678.0	26224.0	26985.0	27198.0
135.0	14443.0	14897.0	16963.0	17544.0	17935.0	17941.0	17942.0
706.0	11558.0	11939.0	12844.0	13567.0	14583.0	15830.0	17227.0
206.0	12072.0	12321.0	13567.0	13766.0	13786.0	13752.0	13776.0
2910.0	1642.0	3416.0	3588.0	3861.0	4200.0	4581.0	5303.0
315.0	13152.0	13200.0	14827.0	15080.0	15503.0	15797.0	15830.0
2935.0	16906.0	7979.0	7439.0	7408.0	7362.0	7238.0	7108.0
605.0	18507.0	19078.0	22329.0	24324.0	26496.0	27925.0	28973.0
606.0	13823.0	19021.0	22636.0	26527.0	29837.0	32251.0	34663.0
506.0	15332.0	22758.0	26133.0	28473.0	30955.0	33991.0	38541.0
110.0	4742.0	4571.0	5059.0	5141.0	5192.0	5243.0	5484.0
505.0	27198.0	42631.0	47066.0	52316.0	57820.0	62483.0	68180.0
2936.0	2149.0	4316.0	6344.0	6696.0	6907.0	7111.0	7694.0
405.0	18235.0	21433.0	24803.0	27611.0	30054.0	32471.0	34181.0
2926.0	23025.0	24053.0	25222.0	25696.0	26641.0	28019.0	29622.0
2925.0	12603.0	14929.0	15560.0	16230.0	17432.0	19914.0	24374.0
2927.0	5094.0	6175.0	7013.0	7906.0	9385.0	11954.0	17703.0
