tract10_id	population_2000	population_2010	population_2020	population_2025	population_2030	population_2035	population_2040
100.0	5379.0	6063.0	6608.0	6858.0	7005.0	7144.0	7031.0
200.0	7251.0	7386.0	7894.0	8049.0	8418.0	8319.0	8546.0
300.0	2419.0	2493.0	2748.0	2769.0	2801.0	2780.0	2727.0
401.0	4364.0	5176.0	5398.0	5523.0	5580.0	5283.0	6018.0
402.0	4384.0	4489.0	4825.0	4715.0	4690.0	4748.0	4709.0
500.0	3216.0	3407.0	4067.0	4128.0	4178.0	4216.0	4217.0
600.0	7006.0	7496.0	8300.0	8425.0	8435.0	8527.0	8687.0
700.0	4140.0	4538.0	4766.0	4859.0	4935.0	4969.0	4875.0
800.0	2527.0	2547.0	2785.0	2824.0	2804.0	2830.0	2817.0
900.0	2090.0	2135.0	2325.0	2332.0	2338.0	2351.0	2332.0
1000.0	1703.0	1870.0	2033.0	2046.0	2092.0	2083.0	2070.0
1100.0	2414.0	2390.0	2647.0	2656.0	2652.0	2665.0	2681.0
1200.0	6031.0	6691.0	7089.0	7427.0	7623.0	8225.0	8562.0
1300.0	4014.0	4217.0	4443.0	4501.0	4553.0	4493.0	4456.0
1400.0	4541.0	4794.0	5310.0	5384.0	5422.0	5512.0	5446.0
1500.0	2331.0	2452.0	2669.0	2672.0	2706.0	2741.0	2734.0
1600.0	3872.0	4015.0	4363.0	4441.0	4536.0	4528.0	4518.0
1701.0	3315.0	3626.0	3634.0	3633.0	3667.0	3646.0	3628.0
1702.0	3738.0	4045.0	4361.0	4391.0	4427.0	4392.0	4373.0
1800.0	3864.0	4448.0	4578.0	4637.0	4683.0	4642.0	4553.0
1900.0	3352.0	4093.0	4717.0	4861.0	4998.0	5112.0	5183.0
2000.0	3149.0	3343.0	3691.0	3704.0	3714.0	3803.0	3790.0
2100.0	3556.0	3900.0	4207.0	4219.0	4233.0	4218.0	4202.0
2200.0	5310.0	5496.0	6015.0	5991.0	5977.0	6115.0	6316.0
2400.0	2862.0	3268.0	3814.0	3870.0	3850.0	3841.0	3805.0
2500.0	2487.0	2746.0	2747.0	2759.0	2751.0	2737.0	2734.0
2600.0	4481.0	4801.0	5028.0	5082.0	5119.0	5123.0	5057.0
2700.0	4925.0	5275.0	5470.0	5529.0	5565.0	5563.0	5524.0
2800.0	4209.0	4480.0	4729.0	4762.0	4794.0	4800.0	4768.0
2900.0	3979.0	4204.0	4537.0	4539.0	4587.0	4573.0	4551.0
3000.0	5250.0	5684.0	5973.0	5953.0	6022.0	6017.0	5954.0
3100.0	5852.0	6088.0	6580.0	6604.0	6612.0	6586.0	6529.0
3200.0	7152.0	7494.0	8196.0	8385.0	8460.0	8494.0	8423.0
3300.0	5791.0	6121.0	6611.0	6701.0	6781.0	6791.0	6715.0
3400.0	3167.0	3318.0	3555.0	3575.0	3619.0	3735.0	3704.0
3500.0	3617.0	3809.0	4193.0	4239.0	4262.0	4244.0	4190.0
3600.0	4814.0	5562.0	5964.0	6064.0	6090.0	6090.0	6044.0
3800.0	1813.0	2037.0	2053.0	2090.0	2085.0	2088.0	2076.0
3900.0	2669.0	2844.0	2897.0	2919.0	2926.0	2950.0	2915.0
4000.0	2335.0	2540.0	2762.0	2849.0	2958.0	3049.0	3038.0
4100.0	7552.0	7999.0	8397.0	8391.0	8391.0	8277.0	8207.0
4200.0	7229.0	7707.0	8075.0	8114.0	8151.0	8109.0	8061.0
4301.0	4311.0	3026.0	3023.0	3042.0	3098.0	3098.0	3022.0
4302.0	1096.0	1418.0	1487.0	1533.0	1539.0	1544.0	1534.0
4400.0	5468.0	5536.0	5792.0	5857.0	5892.0	5848.0	5735.0
4500.0	2364.0	2571.0	2526.0	2516.0	2513.0	2496.0	2485.0
4600.0	3017.0	3226.0	3292.0	3276.0	3311.0	3318.0	3282.0
4700.0	4655.0	6786.0	7138.0	7289.0	7331.0	7088.0	6960.0
4800.0	4266.0	4426.0	4760.0	4836.0	4861.0	4880.0	4829.0
4900.0	5563.0	5875.0	6618.0	6815.0	6981.0	7067.0	7044.0
5000.0	3109.0	3450.0	3646.0	3700.0	3768.0	3770.0	3743.0
5100.0	3448.0	3614.0	3795.0	3829.0	3841.0	3831.0	3802.0
5200.0	5274.0	5752.0	6168.0	6371.0	6614.0	6650.0	6571.0
5301.0	3868.0	4464.0	5076.0	5394.0	5757.0	5708.0	5675.0
5302.0	305.0	334.0	370.0	383.0	390.0	403.0	422.0
5400.0	4106.0	4840.0	5153.0	5281.0	5359.0	5337.0	5295.0
5600.0	6264.0	6407.0	7079.0	7205.0	7249.0	7384.0	7674.0
5700.0	5829.0	6240.0	6844.0	6880.0	6910.0	6914.0	6878.0
5801.0	4456.0	4779.0	5192.0	5263.0	5334.0	5361.0	5291.0
5802.0	4293.0	4751.0	5191.0	5267.0	5304.0	5357.0	5312.0
5900.0	5116.0	5631.0	6019.0	6107.0	6113.0	6130.0	6103.0
6000.0	4527.0	5087.0	5500.0	5553.0	5604.0	5656.0	5587.0
6100.0	4437.0	4831.0	5464.0	5651.0	5705.0	5694.0	5648.0
6200.0	3846.0	3938.0	4270.0	4256.0	4230.0	4189.0	4173.0
6300.0	4661.0	5218.0	5940.0	6101.0	6276.0	6396.0	6475.0
6400.0	3208.0	3210.0	3415.0	3420.0	3414.0	3399.0	3352.0
6500.0	4216.0	4430.0	5240.0	5254.0	5280.0	5287.0	5261.0
6600.0	2887.0	3419.0	3847.0	4167.0	4601.0	4890.0	4933.0
6700.0	5192.0	6413.0	7324.0	7544.0	8192.0	8665.0	8625.0
6800.0	2500.0	2850.0	3030.0	3076.0	3150.0	3173.0	3153.0
6900.0	3798.0	3946.0	4369.0	4385.0	4397.0	4396.0	4350.0
7000.0	6832.0	7414.0	8581.0	8787.0	8935.0	8993.0	8958.0
7100.0	1717.0	3123.0	3428.0	3680.0	3827.0	3822.0	3810.0
7200.0	2578.0	5335.0	8032.0	9869.0	11063.0	11481.0	11427.0
7300.0	1337.0	5133.0	6723.0	8227.0	9379.0	9981.0	9964.0
7401.0	4260.0	4479.0	5264.0	5300.0	5366.0	5369.0	5366.0
7402.0	4494.0	5196.0	6080.0	6154.0	6250.0	6291.0	6299.0
7500.0	5197.0	6414.0	7219.0	7385.0	7455.0	7510.0	7499.0
7600.0	3159.0	3338.0	3603.0	3728.0	3787.0	3813.0	3788.0
7700.0	3991.0	4391.0	4653.0	4706.0	4775.0	4833.0	4809.0
7800.0	5300.0	5391.0	6045.0	6049.0	6049.0	6071.0	6031.0
7900.0	4061.0	5243.0	6072.0	6184.0	6218.0	6197.0	6158.0
8001.0	3001.0	5917.0	6633.0	7219.0	7745.0	8185.0	8394.0
8002.0	2500.0	2933.0	3561.0	3829.0	3896.0	3893.0	3904.0
8100.0	2312.0	4308.0	6061.0	7220.0	7774.0	7848.0	7841.0
8200.0	2463.0	3393.0	5156.0	6367.0	7020.0	7329.0	7693.0
8300.0	2169.0	3132.0	4558.0	5047.0	5213.0	5207.0	5210.0
8400.0	3693.0	4331.0	6322.0	6901.0	6964.0	6977.0	6942.0
8500.0	2528.0	3040.0	4430.0	5848.0	6080.0	6589.0	7182.0
8600.0	2230.0	3200.0	3438.0	3564.0	3617.0	3688.0	3681.0
8700.0	3488.0	3650.0	3876.0	4020.0	4149.0	4192.0	4164.0
8800.0	3461.0	3464.0	3569.0	3592.0	3626.0	3665.0	3612.0
8900.0	4277.0	4574.0	4774.0	4857.0	4929.0	5124.0	5149.0
9000.0	1880.0	2705.0	2867.0	2977.0	3030.0	3089.0	3059.0
9100.0	1744.0	2583.0	2754.0	2751.0	2635.0	2843.0	3271.0
9200.0	1467.0	2397.0	2825.0	2736.0	2728.0	2735.0	2746.0
9300.0	1915.0	2279.0	3281.0	3505.0	3613.0	3581.0	3556.0
9400.0	5036.0	5192.0	5375.0	5582.0	5745.0	6065.0	6051.0
9500.0	5705.0	5845.0	6257.0	6326.0	6475.0	6540.0	6527.0
9600.0	4881.0	5349.0	6044.0	6214.0	6230.0	6218.0	6168.0
9701.0	5413.0	5489.0	6183.0	6261.0	6355.0	6368.0	6352.0
9702.0	5097.0	5247.0	5702.0	5728.0	5756.0	5704.0	5672.0
9800.0	5900.0	6088.0	6767.0	6904.0	6951.0	6944.0	6891.0
9900.0	4429.0	5383.0	6309.0	6602.0	6893.0	7074.0	7119.0
10001.0	3395.0	3515.0	3587.0	3702.0	3775.0	3855.0	3840.0
10002.0	4388.0	4186.0	4457.0	4493.0	4491.0	4462.0	4390.0
10100.0	5671.0	6066.0	6456.0	6494.0	6543.0	6647.0	6682.0
10200.0	4823.0	4866.0	5234.0	5224.0	5229.0	5252.0	5200.0
10300.0	5882.0	5651.0	5864.0	5890.0	5974.0	6119.0	6181.0
10401.0	4041.0	4216.0	4520.0	4668.0	4828.0	5034.0	5450.0
10402.0	4560.0	4410.0	4778.0	4744.0	4732.0	4714.0	4627.0
10500.0	5165.0	6283.0	6567.0	6629.0	6726.0	6685.0	6643.0
10600.0	7301.0	7440.0	8142.0	8220.0	8350.0	8430.0	8365.0
10701.0	3152.0	3226.0	3226.0	3254.0	3248.0	3239.0	3409.0
10702.0	2783.0	2987.0	2812.0	2797.0	2784.0	2748.0	2715.0
10800.0	4199.0	4482.0	4976.0	5028.0	5062.0	5144.0	5083.0
10900.0	1164.0	1232.0	1333.0	1354.0	1361.0	1471.0	1498.0
11001.0	2405.0	4063.0	3972.0	3913.0	3872.0	3805.0	3771.0
11002.0	3532.0	4081.0	3983.0	3984.0	4008.0	4048.0	4012.0
11101.0	4189.0	4206.0	4525.0	4555.0	4580.0	4677.0	4685.0
11102.0	3990.0	4008.0	4242.0	4252.0	4295.0	4421.0	4477.0
11200.0	3494.0	3657.0	3727.0	3732.0	3751.0	3808.0	3727.0
11300.0	5871.0	5892.0	6404.0	6513.0	6568.0	6775.0	6807.0
11401.0	4075.0	4028.0	4236.0	4254.0	4275.0	4362.0	4364.0
11402.0	3942.0	4128.0	4257.0	4107.0	4278.0	4423.0	4384.0
11500.0	4255.0	4298.0	4578.0	4555.0	4572.0	4553.0	4523.0
11600.0	6146.0	6543.0	7100.0	7115.0	7190.0	7201.0	7152.0
11700.0	4924.0	5335.0	5883.0	6007.0	6057.0	6125.0	6029.0
11800.0	7128.0	7034.0	7329.0	7365.0	7385.0	7599.0	7692.0
11900.0	6863.0	6903.0	7411.0	7459.0	7493.0	7442.0	7356.0
12000.0	3467.0	3521.0	3697.0	3726.0	3743.0	3759.0	3724.0
12100.0	2796.0	2809.0	3029.0	3056.0	3113.0	3110.0	3097.0
20100.0	3121.0	3253.0	3574.0	3590.0	3689.0	3912.0	3984.0
20200.0	5347.0	5366.0	5909.0	5985.0	6011.0	6029.0	6051.0
20300.0	6043.0	6337.0	6803.0	7246.0	7932.0	9020.0	9711.0
20401.0	3516.0	3614.0	4101.0	4366.0	5048.0	6484.0	7850.0
20402.0	5458.0	5428.0	6514.0	6728.0	6837.0	7278.0	7497.0
20500.0	6136.0	6532.0	7626.0	8115.0	9359.0	11519.0	12868.0
20600.0	3562.0	3615.0	3952.0	4079.0	4305.0	4908.0	5270.0
20700.0	3237.0	3335.0	3910.0	4497.0	5412.0	6203.0	6247.0
20800.0	4427.0	4571.0	5280.0	5365.0	5436.0	5543.0	5612.0
20900.0	3047.0	3983.0	6243.0	6818.0	7684.0	8871.0	10009.0
21000.0	5476.0	5584.0	6550.0	7447.0	8587.0	10807.0	12873.0
21100.0	3897.0	4162.0	5027.0	5700.0	6413.0	7562.0	8288.0
21300.0	3762.0	3810.0	4191.0	4257.0	4368.0	4682.0	4792.0
21400.0	3781.0	4008.0	4754.0	4863.0	4975.0	4965.0	4943.0
21500.0	4355.0	4668.0	5448.0	5564.0	5635.0	5753.0	5915.0
21600.0	4541.0	4811.0	5883.0	6173.0	6561.0	6895.0	8053.0
21700.0	5221.0	7676.0	9268.0	9986.0	10934.0	12928.0	16326.0
21802.0	4091.0	5612.0	6540.0	6745.0	7082.0	7605.0	8584.0
21803.0	4127.0	4547.0	5324.0	5600.0	5766.0	5745.0	5800.0
21804.0	3946.0	4180.0	4709.0	5007.0	5144.0	5184.0	5082.0
21903.0	5633.0	5904.0	6776.0	6985.0	6941.0	7340.0	7562.0
21904.0	4718.0	4819.0	5665.0	5920.0	6092.0	6374.0	6530.0
21905.0	4717.0	4933.0	5490.0	5617.0	5785.0	5904.0	6078.0
21906.0	3566.0	3901.0	4350.0	4704.0	5228.0	5719.0	6078.0
22001.0	3843.0	4731.0	5276.0	5544.0	5856.0	5443.0	5903.0
22003.0	5204.0	5047.0	5703.0	5801.0	5848.0	5939.0	6057.0
22005.0	4495.0	4595.0	4881.0	4927.0	4952.0	4999.0	4985.0
22006.0	3461.0	3503.0	4038.0	4039.0	4070.0	4074.0	4079.0
22101.0	4664.0	4935.0	6259.0	6573.0	6735.0	6807.0	6850.0
22102.0	5302.0	5986.0	7972.0	8636.0	9140.0	9297.0	9464.0
22201.0	4691.0	4425.0	4862.0	4844.0	4868.0	4934.0	4954.0
22202.0	6811.0	7417.0	8201.0	8330.0	8684.0	9011.0	9127.0
22203.0	4409.0	5177.0	6395.0	6680.0	6864.0	7068.0	7343.0
22300.0	2585.0	3097.0	4349.0	4823.0	5090.0	5249.0	5388.0
22400.0	7161.0	7961.0	9233.0	9482.0	9729.0	9903.0	9986.0
22500.0	6296.0	7048.0	7951.0	8191.0	8423.0	8578.0	8573.0
22603.0	4537.0	5052.0	5928.0	6055.0	6132.0	6182.0	6312.0
22604.0	3771.0	4431.0	5519.0	5676.0	5751.0	5757.0	5838.0
22605.0	4894.0	5494.0	7071.0	7503.0	7866.0	7729.0	8577.0
22606.0	5490.0	5580.0	6646.0	6855.0	6926.0	7024.0	7015.0
22701.0	2577.0	2774.0	3140.0	3187.0	3285.0	3367.0	3393.0
22702.0	3064.0	3337.0	3949.0	3990.0	4053.0	4055.0	4055.0
22703.0	2254.0	2381.0	2816.0	2860.0	2869.0	2897.0	2870.0
22801.0	7655.0	8330.0	8281.0	8283.0	8356.0	8363.0	8411.0
22802.0	4333.0	4695.0	5240.0	5360.0	5448.0	5674.0	6028.0
22803.0	3641.0	4877.0	5290.0	5425.0	4976.0	5927.0	8168.0
22901.0	3101.0	2973.0	3479.0	3525.0	3573.0	3579.0	3589.0
22902.0	5911.0	6267.0	7020.0	7203.0	7339.0	7425.0	7479.0
23000.0	5051.0	5102.0	5678.0	5733.0	5799.0	5875.0	5877.0
23100.0	3629.0	3618.0	3995.0	4087.0	4126.0	4135.0	4122.0
23201.0	5435.0	6164.0	6046.0	6146.0	6237.0	6326.0	6118.0
23202.0	3945.0	4204.0	4360.0	4470.0	4696.0	4887.0	5315.0
23300.0	6007.0	5820.0	6376.0	6459.0	6549.0	6734.0	6950.0
23401.0	3398.0	3565.0	4003.0	4027.0	4162.0	4499.0	4927.0
23403.0	3807.0	3839.0	4219.0	4278.0	4430.0	4434.0	4425.0
23404.0	3304.0	3437.0	3755.0	3824.0	3840.0	3882.0	3892.0
23500.0	3464.0	3580.0	3788.0	3901.0	3956.0	3950.0	4028.0
23601.0	3566.0	3714.0	4225.0	4346.0	4413.0	4452.0	4913.0
23603.0	5211.0	5956.0	5989.0	6044.0	6118.0	5847.0	6278.0
23604.0	5634.0	5562.0	6198.0	6299.0	6382.0	6453.0	6525.0
23700.0	4085.0	3961.0	4641.0	4916.0	5205.0	5518.0	6228.0
23801.0	2283.0	2678.0	3051.0	3141.0	3253.0	3384.0	3533.0
23803.0	1137.0	3400.0	4142.0	5110.0	6088.0	7762.0	9408.0
23804.0	1064.0	3676.0	5054.0	6721.0	8368.0	10712.0	12451.0
23900.0	6453.0	6767.0	7615.0	7633.0	7748.0	7793.0	7779.0
24000.0	6997.0	7650.0	8359.0	8461.0	8608.0	8673.0	8643.0
24100.0	4321.0	4676.0	5051.0	5051.0	5080.0	5051.0	5049.0
24200.0	2999.0	3232.0	3518.0	3553.0	3570.0	3567.0	3535.0
24300.0	6269.0	7298.0	8058.0	8184.0	8256.0	8291.0	8273.0
24400.0	2508.0	2001.0	2045.0	2080.0	2101.0	2133.0	1857.0
24500.0	4742.0	4866.0	5641.0	5663.0	5697.0	5720.0	5717.0
24601.0	4472.0	4472.0	5126.0	5107.0	5117.0	5116.0	5098.0
24602.0	3767.0	3738.0	4079.0	4046.0	4076.0	4034.0	4055.0
24701.0	3404.0	3735.0	4188.0	4350.0	4477.0	4524.0	4495.0
24702.0	6203.0	7144.0	8632.0	9322.0	9866.0	10146.0	10303.0
24800.0	5303.0	5574.0	6191.0	6412.0	6735.0	6920.0	7100.0
24901.0	5066.0	5068.0	5795.0	5859.0	5892.0	5910.0	6092.0
24902.0	3683.0	3785.0	4179.0	4237.0	4225.0	4220.0	4199.0
24903.0	6631.0	6773.0	7360.0	7423.0	7591.0	7585.0	7595.0
25001.0	4793.0	4681.0	5361.0	5615.0	5790.0	5986.0	6079.0
25003.0	6764.0	7162.0	7437.0	7656.0	7785.0	7888.0	8187.0
25005.0	2454.0	4678.0	4783.0	4907.0	5070.0	5364.0	5685.0
25006.0	1737.0	5180.0	5803.0	6011.0	6380.0	7024.0	7468.0
25101.0	5158.0	5744.0	6679.0	7192.0	7750.0	8217.0	8302.0
25102.0	4458.0	7113.0	7791.0	8529.0	9155.0	9493.0	9680.0
25200.0	6254.0	7721.0	8895.0	9179.0	9487.0	9791.0	9982.0
25301.0	4019.0	5257.0	6006.0	6257.0	6479.0	6473.0	6750.0
25302.0	2971.0	4138.0	4504.0	4523.0	4352.0	4347.0	4107.0
25400.0	6250.0	6307.0	6730.0	6858.0	7091.0	7442.0	7684.0
25500.0	4195.0	4657.0	5140.0	5231.0	5344.0	5354.0	5396.0
25601.0	2127.0	4821.0	4908.0	4979.0	5136.0	5318.0	5565.0
25602.0	4054.0	5580.0	6606.0	7029.0	7312.0	7536.0	8024.0
25701.0	5292.0	5461.0	5749.0	6000.0	6548.0	7405.0	9484.0
25702.0	3377.0	3623.0	3872.0	3937.0	4064.0	4329.0	4880.0
25803.0	4217.0	4490.0	4685.0	4819.0	4930.0	5200.0	5607.0
25804.0	3734.0	3647.0	3771.0	3888.0	4059.0	4516.0	5104.0
25805.0	4422.0	4342.0	5060.0	5357.0	5594.0	5811.0	6389.0
25806.0	3659.0	4820.0	5344.0	5664.0	5957.0	6412.0	6745.0
26001.0	5024.0	5186.0	6032.0	6150.0	6340.0	6594.0	6913.0
26002.0	5557.0	7382.0	7879.0	8111.0	8175.0	8275.0	8547.0
26100.0	5918.0	6865.0	9344.0	9935.0	10497.0	11002.0	12045.0
26200.0	4876.0	5122.0	6276.0	6692.0	7353.0	8412.0	8530.0
26300.0	1322.0	1460.0	2222.0	2363.0	2511.0	2615.0	2607.0
26400.0	5681.0	5622.0	6444.0	6541.0	6916.0	7248.0	7509.0
26500.0	4146.0	3829.0	5690.0	5919.0	6152.0	6336.0	6491.0
26600.0	2105.0	2189.0	2546.0	2689.0	2786.0	2888.0	2874.0
26700.0	5657.0	5535.0	6155.0	6242.0	6267.0	6387.0	6391.0
26801.0	4909.0	4797.0	5088.0	5239.0	5259.0	5408.0	5246.0
26802.0	5032.0	4744.0	5326.0	5468.0	5483.0	5874.0	6038.0
27000.0	3160.0	3520.0	4689.0	4969.0	5091.0	5317.0	5379.0
27100.0	2971.0	3160.0	3946.0	4069.0	4249.0	4280.0	4557.0
27200.0	2107.0	2502.0	3120.0	3301.0	3453.0	3431.0	3454.0
27300.0	5531.0	5604.0	6266.0	6498.0	6577.0	6651.0	6610.0
27400.0	4954.0	5256.0	6133.0	6295.0	6374.0	6388.0	6380.0
27500.0	4513.0	4434.0	4969.0	5029.0	5061.0	5107.0	5154.0
27600.0	4164.0	4267.0	4181.0	4166.0	4204.0	4247.0	4288.0
27701.0	5205.0	5573.0	5759.0	5770.0	5839.0	5877.0	5863.0
27702.0	5062.0	5295.0	5234.0	5241.0	5274.0	5324.0	5305.0
27800.0	3478.0	3596.0	3947.0	3972.0	4003.0	4034.0	4045.0
27900.0	6317.0	6826.0	7643.0	7745.0	7850.0	7790.0	7725.0
28000.0	3441.0	3300.0	3644.0	3692.0	3707.0	3673.0	3568.0
28100.0	2176.0	2279.0	2472.0	2584.0	2652.0	2762.0	3552.0
28200.0	4313.0	4359.0	5357.0	5680.0	5888.0	6101.0	6320.0
28300.0	3263.0	4561.0	5257.0	5472.0	5919.0	6666.0	7490.0
28402.0	4679.0	4836.0	5214.0	5412.0	5541.0	5543.0	5538.0
28403.0	4892.0	4854.0	4993.0	5032.0	5061.0	5182.0	5765.0
28500.0	3643.0	3795.0	5121.0	5521.0	5635.0	5637.0	5662.0
28600.0	6488.0	6438.0	7249.0	7403.0	7516.0	7538.0	7573.0
28700.0	5218.0	5156.0	5815.0	5919.0	5998.0	6069.0	6271.0
28801.0	2767.0	2376.0	2633.0	2691.0	2787.0	2833.0	2915.0
28802.0	5940.0	5777.0	6471.0	6702.0	6746.0	7554.0	9058.0
28901.0	3212.0	3454.0	3829.0	3930.0	4024.0	4055.0	4034.0
28902.0	6105.0	6068.0	6290.0	6344.0	6483.0	6556.0	7145.0
29001.0	4175.0	4140.0	4569.0	4646.0	4766.0	4763.0	4730.0
29003.0	5239.0	5177.0	5859.0	6069.0	6134.0	6214.0	6342.0
29004.0	3284.0	3456.0	3456.0	3443.0	3445.0	3482.0	3415.0
29101.0	1804.0	2793.0	2804.0	2884.0	2910.0	3038.0	3199.0
29102.0	3092.0	3847.0	4143.0	4422.0	4600.0	4617.0	4806.0
29203.0	2630.0	2722.0	3063.0	3095.0	3022.0	3122.0	3405.0
29204.0	5161.0	6417.0	8568.0	9684.0	10356.0	10802.0	11706.0
29205.0	4510.0	4543.0	5095.0	5183.0	5226.0	5313.0	5592.0
29206.0	3750.0	3745.0	3941.0	3983.0	4062.0	4089.0	4741.0
29303.0	5311.0	7076.0	7562.0	7695.0	7734.0	7829.0	8672.0
29304.0	4566.0	4817.0	6589.0	7477.0	7942.0	8263.0	8729.0
29305.0	3646.0	3809.0	5366.0	5991.0	6380.0	6705.0	6613.0
29306.0	2625.0	3110.0	3971.0	4406.0	4697.0	4939.0	5584.0
29307.0	4065.0	3882.0	4548.0	4803.0	4921.0	5103.0	5294.0
29403.0	5348.0	5300.0	6510.0	6834.0	7120.0	7225.0	7097.0
29405.0	5608.0	5562.0	6608.0	6744.0	6868.0	6935.0	7133.0
29406.0	3924.0	4690.0	5612.0	5875.0	6062.0	6157.0	6280.0
29407.0	4742.0	4413.0	4936.0	4977.0	5003.0	5034.0	4995.0
29408.0	3309.0	4230.0	4409.0	4532.0	4536.0	4622.0	4656.0
29502.0	5529.0	6264.0	7450.0	8218.0	8633.0	8909.0	9171.0
29503.0	7100.0	7563.0	7954.0	8077.0	8089.0	8166.0	8580.0
29504.0	4459.0	5103.0	5740.0	5979.0	6322.0	6412.0	6365.0
29601.0	6752.0	6483.0	7580.0	8174.0	8522.0	8816.0	9028.0
29602.0	2983.0	4952.0	6434.0	7211.0	7833.0	8293.0	8703.0
29700.0	5870.0	6616.0	8142.0	8657.0	9011.0	8848.0	9049.0
29801.0	7439.0	7182.0	8075.0	8536.0	8806.0	9054.0	9041.0
29802.0	6932.0	8251.0	9275.0	9856.0	10358.0	10582.0	10741.0
29901.0	4562.0	4716.0	5509.0	6227.0	6845.0	7120.0	7488.0
29902.0	3875.0	4375.0	6332.0	7505.0	8208.0	8606.0	8724.0
30003.0	5351.0	5767.0	7073.0	7397.0	7905.0	8172.0	8495.0
30004.0	7541.0	7525.0	7601.0	7790.0	7828.0	8056.0	8167.0
30005.0	4908.0	5125.0	5523.0	5582.0	5592.0	5739.0	6432.0
30006.0	3508.0	3760.0	4213.0	4285.0	4432.0	4569.0	5002.0
30100.0	7410.0	7440.0	8472.0	8694.0	8912.0	9099.0	9184.0
30201.0	5101.0	5050.0	5487.0	5640.0	5873.0	6134.0	6129.0
30202.0	6320.0	6019.0	6169.0	6365.0	6604.0	6921.0	7854.0
30304.0	2416.0	2795.0	3594.0	4190.0	4783.0	5328.0	5639.0
30305.0	4450.0	4770.0	5193.0	5502.0	5722.0	6042.0	6495.0
30306.0	6166.0	5698.0	6225.0	6336.0	6455.0	6595.0	6606.0
30308.0	7024.0	6246.0	6637.0	6656.0	6665.0	6726.0	6827.0
30309.0	5641.0	5422.0	5806.0	5868.0	5932.0	6077.0	6276.0
30310.0	5118.0	5240.0	5530.0	6036.0	6355.0	6604.0	6882.0
30311.0	5015.0	4762.0	4859.0	4892.0	4879.0	4899.0	4820.0
30312.0	5199.0	4870.0	5349.0	5543.0	5708.0	5781.0	5846.0
30313.0	3325.0	3669.0	4144.0	4185.0	4257.0	4315.0	5527.0
30314.0	3468.0	3578.0	3682.0	3792.0	3876.0	4103.0	4586.0
30401.0	5645.0	7804.0	9609.0	10917.0	12026.0	12811.0	13243.0
30403.0	4123.0	4334.0	4745.0	5067.0	5472.0	5894.0	6162.0
30404.0	3495.0	4193.0	6033.0	7198.0	8210.0	9004.0	9266.0
30501.0	1494.0	1616.0	1811.0	1893.0	1974.0	2038.0	2038.0
30503.0	3339.0	4020.0	4322.0	4552.0	4853.0	5060.0	5761.0
30504.0	4690.0	4292.0	4872.0	4891.0	4890.0	4947.0	4903.0
30600.0	5068.0	5118.0	5513.0	5594.0	5685.0	5700.0	5875.0
30700.0	3734.0	3559.0	3795.0	3794.0	3818.0	3812.0	3824.0
30801.0	5337.0	6137.0	5971.0	5944.0	5917.0	6198.0	7294.0
30802.0	3983.0	3706.0	4118.0	4139.0	4156.0	4118.0	4076.0
30901.0	2981.0	3291.0	3791.0	3871.0	3890.0	3879.0	3832.0
30902.0	4526.0	5214.0	5713.0	5838.0	5947.0	6006.0	5966.0
31000.0	2969.0	3291.0	3340.0	3516.0	3921.0	5130.0	8022.0
31100.0	6930.0	6561.0	7033.0	7119.0	7201.0	7441.0	8171.0
31202.0	5947.0	6209.0	6430.0	6581.0	6757.0	6910.0	7032.0
31204.0	5842.0	6272.0	6708.0	6993.0	7484.0	7879.0	8009.0
31205.0	3995.0	6559.0	8394.0	9583.0	10446.0	10943.0	11509.0
31206.0	4332.0	4592.0	4703.0	5036.0	5418.0	5743.0	5851.0
31301.0	2564.0	2651.0	3205.0	3733.0	4486.0	5281.0	5831.0
31302.0	4624.0	4502.0	4910.0	5116.0	5312.0	5614.0	5884.0
31400.0	5994.0	5844.0	6420.0	6588.0	6817.0	7079.0	7182.0
31501.0	3187.0	3572.0	3845.0	4092.0	4427.0	4921.0	5364.0
31502.0	4001.0	4091.0	4687.0	5228.0	5870.0	6432.0	6907.0
31601.0	4408.0	4753.0	4963.0	5066.0	5239.0	5293.0	5341.0
31603.0	3262.0	5388.0	6047.0	6171.0	9354.0	12373.0	15866.0
31604.0	2526.0	4406.0	4904.0	5292.0	5652.0	5997.0	6584.0
31605.0	3155.0	3964.0	5124.0	5468.0	5778.0	5997.0	6402.0
31703.0	7188.0	7140.0	8222.0	8780.0	9197.0	9533.0	9742.0
31704.0	4039.0	5295.0	6688.0	7300.0	7608.0	7960.0	8357.0
31705.0	1969.0	3644.0	3765.0	3814.0	3975.0	4140.0	4247.0
31706.0	3661.0	5486.0	5305.0	5305.0	5262.0	5221.0	5209.0
31800.0	3936.0	4540.0	5475.0	5927.0	6542.0	6988.0	7150.0
31903.0	5995.0	6424.0	7472.0	8061.0	8619.0	8931.0	9226.0
31904.0	3511.0	3549.0	4162.0	4406.0	4602.0	4695.0	4785.0
31906.0	2618.0	3528.0	4336.0	4882.0	5451.0	5752.0	5948.0
31907.0	5759.0	7470.0	7849.0	7782.0	7863.0	8061.0	8553.0
31908.0	4466.0	4113.0	4114.0	4108.0	4153.0	4185.0	4239.0
31909.0	2872.0	3116.0	3800.0	4094.0	4197.0	4310.0	4285.0
32002.0	2903.0	3028.0	3388.0	3697.0	4135.0	4744.0	4968.0
32003.0	4769.0	4985.0	5336.0	5681.0	6179.0	6817.0	7515.0
32005.0	7055.0	6709.0	7243.0	7325.0	7583.0	7772.0	7763.0
32006.0	4107.0	4445.0	4838.0	5048.0	5249.0	5309.0	5369.0
32007.0	3166.0	3336.0	3800.0	4012.0	4348.0	4716.0	4871.0
32008.0	4277.0	4314.0	4973.0	5062.0	5173.0	5275.0	5418.0
32010.0	3299.0	4863.0	5082.0	5186.0	5287.0	5384.0	5410.0
32011.0	2328.0	3941.0	4166.0	4319.0	4448.0	4701.0	4856.0
32102.0	4503.0	4559.0	5136.0	5506.0	5798.0	6188.0	6389.0
32103.0	4389.0	4256.0	4758.0	4865.0	4938.0	5157.0	5285.0
32104.0	5811.0	5884.0	6890.0	7401.0	7884.0	8156.0	8440.0
32203.0	5101.0	6327.0	8478.0	9651.0	10762.0	11415.0	11758.0
32207.0	2730.0	3279.0	3995.0	4332.0	4535.0	4628.0	4680.0
32208.0	4209.0	7740.0	8460.0	8975.0	9604.0	9973.0	10520.0
32210.0	2040.0	11161.0	11935.0	12466.0	13052.0	13835.0	15079.0
32211.0	4366.0	4733.0	5110.0	5320.0	5418.0	5444.0	5614.0
32212.0	8714.0	8084.0	8599.0	8566.0	8593.0	8626.0	8728.0
32213.0	3167.0	3880.0	4490.0	4711.0	4793.0	4860.0	5027.0
32214.0	3475.0	6200.0	6283.0	6615.0	6871.0	7115.0	7657.0
32215.0	1267.0	4488.0	5495.0	6438.0	7537.0	8705.0	9765.0
32307.0	6766.0	6693.0	6895.0	6992.0	7148.0	7245.0	7238.0
32309.0	3318.0	5026.0	5515.0	5671.0	5926.0	6106.0	5676.0
32311.0	6126.0	5977.0	6300.0	6493.0	6683.0	6848.0	6957.0
32313.0	3689.0	5601.0	5765.0	5874.0	6018.0	5934.0	6574.0
32315.0	5051.0	5270.0	5877.0	6181.0	6493.0	6782.0	6955.0
32316.0	4510.0	5120.0	5947.0	6288.0	6588.0	6864.0	7146.0
32317.0	6053.0	6110.0	6229.0	6318.0	6412.0	6562.0	6658.0
32318.0	4942.0	5639.0	5964.0	6065.0	6264.0	6363.0	6763.0
32319.0	4435.0	5001.0	6048.0	6574.0	7030.0	7760.0	8374.0
32320.0	4008.0	4187.0	5412.0	5927.0	6224.0	6277.0	6561.0
32321.0	3060.0	5167.0	6154.0	6835.0	7574.0	7943.0	8375.0
32322.0	3575.0	3886.0	4813.0	4865.0	4922.0	4976.0	5003.0
32323.0	4871.0	5340.0	5533.0	5729.0	5954.0	6143.0	6438.0
32324.0	4948.0	4853.0	5291.0	5426.0	5619.0	5833.0	5950.0
32325.0	5293.0	5575.0	5846.0	6114.0	6451.0	6811.0	7337.0
32326.0	3827.0	3683.0	3923.0	4004.0	4081.0	4134.0	4139.0
32327.0	1392.0	4565.0	4532.0	4598.0	4701.0	4860.0	4946.0
32328.0	3322.0	3246.0	3545.0	3581.0	3608.0	3623.0	3637.0
32329.0	1301.0	6590.0	7243.0	7692.0	8060.0	8507.0	9050.0
32401.0	4529.0	5728.0	6004.0	6247.0	6625.0	7253.0	8025.0
32402.0	5179.0	5864.0	6430.0	6779.0	7261.0	7773.0	8361.0
32500.0	4884.0	5126.0	5803.0	6322.0	6946.0	8079.0	9218.0
32601.0	2710.0	2818.0	3255.0	3364.0	3412.0	3544.0	3556.0
32602.0	2387.0	11134.0	11054.0	11162.0	11443.0	11812.0	12390.0
32702.0	6323.0	6448.0	7033.0	7356.0	7755.0	8195.0	8742.0
32703.0	1958.0	1964.0	2230.0	2333.0	2466.0	2536.0	2584.0
32704.0	6037.0	6179.0	7344.0	7991.0	8598.0	9282.0	9926.0
32800.0	2707.0	3157.0	3889.0	4347.0	4993.0	5678.0	6354.0
40100.0	4048.0	4047.0	4577.0	4661.0	4802.0	4891.0	4902.0
40200.0	5222.0	5383.0	5303.0	5288.0	5318.0	5633.0	6232.0
40300.0	3207.0	2983.0	3257.0	3269.0	3255.0	3277.0	3199.0
40400.0	3944.0	3956.0	4468.0	4961.0	5949.0	7438.0	7665.0
40500.0	2462.0	2360.0	2637.0	2689.0	2703.0	2680.0	2705.0
40700.0	3164.0	3589.0	4354.0	5185.0	6742.0	7424.0	7293.0
40800.0	2052.0	2520.0	3103.0	3520.0	4406.0	5124.0	5222.0
40900.0	2939.0	3252.0	4372.0	4559.0	4719.0	4894.0	5022.0
41000.0	5141.0	5433.0	6352.0	6981.0	7743.0	8666.0	9167.0
41100.0	4205.0	4545.0	5250.0	5442.0	5644.0	5770.0	6029.0
41201.0	3317.0	3447.0	3706.0	3863.0	3939.0	4024.0	4252.0
41202.0	5260.0	5454.0	6134.0	6298.0	6464.0	6794.0	6857.0
41301.0	4850.0	5297.0	6332.0	6442.0	6536.0	6700.0	6873.0
41303.0	3683.0	4513.0	5207.0	5461.0	5681.0	5540.0	5967.0
41304.0	2475.0	2771.0	3266.0	3313.0	3360.0	3369.0	3561.0
41400.0	5117.0	5402.0	5995.0	6251.0	6412.0	6866.0	7368.0
41500.0	1384.0	1338.0	1698.0	1870.0	2009.0	2088.0	2303.0
41601.0	4378.0	5303.0	6221.0	6728.0	7088.0	7415.0	7670.0
41605.0	5457.0	5746.0	6228.0	6274.0	6321.0	6465.0	6558.0
41606.0	3474.0	5279.0	6278.0	6588.0	6879.0	7182.0	7451.0
41607.0	2653.0	3467.0	3811.0	3927.0	4063.0	4196.0	4446.0
41608.0	5172.0	6176.0	6381.0	6519.0	6707.0	6914.0	7219.0
41701.0	3954.0	4449.0	5609.0	5958.0	6464.0	6887.0	7423.0
41703.0	3844.0	4611.0	5679.0	6243.0	6665.0	7119.0	7473.0
41704.0	1955.0	4680.0	4822.0	4867.0	5003.0	5200.0	5467.0
41805.0	5215.0	5288.0	6163.0	6396.0	6574.0	6786.0	7026.0
41806.0	7435.0	7502.0	9098.0	9418.0	9609.0	10157.0	10920.0
41808.0	3654.0	3905.0	4076.0	4411.0	4553.0	4939.0	5359.0
41809.0	4592.0	4936.0	6287.0	6460.0	6583.0	6822.0	7435.0
41810.0	3900.0	4830.0	5320.0	5692.0	5856.0	6198.0	7049.0
41811.0	4828.0	6291.0	8625.0	8952.0	9308.0	9574.0	10211.0
41812.0	1925.0	5310.0	9695.0	10711.0	11271.0	11539.0	13409.0
41901.0	2732.0	3811.0	7731.0	8556.0	9211.0	9838.0	10400.0
41903.0	6504.0	6319.0	7161.0	7226.0	7460.0	7679.0	8439.0
41904.0	4654.0	5155.0	5342.0	5284.0	5213.0	5193.0	5099.0
41905.0	3804.0	4907.0	6139.0	6331.0	6441.0	6515.0	6580.0
42001.0	5502.0	5789.0	5980.0	6034.0	6063.0	6095.0	6088.0
42003.0	3394.0	3307.0	3699.0	3822.0	3948.0	4272.0	4408.0
42004.0	3748.0	4189.0	4707.0	4903.0	5260.0	5944.0	6792.0
42005.0	4885.0	5334.0	5613.0	5745.0	5848.0	5957.0	6128.0
42006.0	3519.0	4430.0	4429.0	4493.0	4523.0	4606.0	4665.0
50101.0	2766.0	2678.0	3023.0	3203.0	3444.0	3553.0	3630.0
50102.0	4553.0	5188.0	5114.0	5175.0	5201.0	5556.0	6573.0
50200.0	4143.0	4393.0	4910.0	4980.0	5062.0	5119.0	5141.0
50300.0	5465.0	5509.0	6173.0	6191.0	6249.0	6334.0	6325.0
50401.0	7142.0	7047.0	7867.0	7961.0	8006.0	8154.0	8150.0
50402.0	5235.0	5379.0	6202.0	6379.0	6525.0	6730.0	6734.0
50500.0	6191.0	4797.0	8945.0	9286.0	9608.0	9726.0	9670.0
50600.0	926.0	1194.0	1391.0	1407.0	1419.0	1437.0	1578.0
50700.0	5899.0	5978.0	6837.0	6931.0	7018.0	7192.0	7421.0
50800.0	5829.0	5998.0	6883.0	6995.0	7152.0	7393.0	7524.0
50900.0	3132.0	3262.0	3533.0	3556.0	3570.0	3548.0	3537.0
51000.0	4229.0	4230.0	5923.0	6480.0	7100.0	7800.0	8580.0
51100.0	3919.0	3866.0	4369.0	4451.0	4488.0	4460.0	4442.0
51200.0	4470.0	4280.0	7956.0	8754.0	9354.0	9478.0	10378.0
51300.0	7171.0	7287.0	9227.0	9928.0	10660.0	11181.0	12016.0
51400.0	6953.0	7084.0	7721.0	7748.0	7900.0	8086.0	8454.0
51500.0	5351.0	5001.0	5317.0	5409.0	5554.0	5682.0	5649.0
51601.0	4440.0	4523.0	4824.0	5006.0	5169.0	5515.0	6185.0
51602.0	4108.0	3930.0	4493.0	4633.0	4645.0	4774.0	4814.0
51701.0	5430.0	5398.0	5697.0	5701.0	5799.0	5850.0	5927.0
51702.0	4057.0	4145.0	4426.0	4511.0	4536.0	4644.0	5066.0
51802.0	3255.0	4914.0	5508.0	5657.0	5846.0	6062.0	6464.0
51803.0	4053.0	5277.0	6801.0	7019.0	7337.0	7722.0	8137.0
51804.0	1907.0	3573.0	3225.0	3196.0	3222.0	3150.0	3050.0
51905.0	6973.0	7662.0	8769.0	9175.0	9503.0	10542.0	12321.0
51912.0	2377.0	2399.0	2664.0	2736.0	2813.0	2951.0	3016.0
51913.0	4250.0	4261.0	5311.0	5765.0	6051.0	6403.0	6443.0
51914.0	4066.0	4150.0	4513.0	4776.0	4995.0	5116.0	5323.0
51915.0	5269.0	6632.0	7384.0	7647.0	7864.0	7971.0	8020.0
51916.0	3706.0	3859.0	4551.0	4789.0	4992.0	5169.0	5163.0
51917.0	4036.0	4124.0	4363.0	4448.0	4567.0	4636.0	4951.0
51918.0	4549.0	5250.0	5493.0	5703.0	6022.0	6216.0	6341.0
51921.0	3148.0	3775.0	4083.0	4346.0	4526.0	4901.0	5426.0
51922.0	3372.0	4532.0	5204.0	5479.0	5691.0	5906.0	6767.0
51923.0	3355.0	4628.0	4661.0	4692.0	4726.0	4910.0	5289.0
51924.0	4122.0	5899.0	5970.0	6007.0	6082.0	6127.0	6200.0
51925.0	3361.0	5914.0	7222.0	8123.0	8617.0	8992.0	9529.0
51926.0	3346.0	4455.0	4868.0	5168.0	5351.0	5484.0	5530.0
51927.0	4741.0	5027.0	6528.0	7048.0	7471.0	7924.0	8550.0
51928.0	2175.0	4264.0	4073.0	4090.0	4130.0	4126.0	4077.0
52003.0	934.0	7045.0	7425.0	8196.0	8865.0	9588.0	10585.0
52004.0	5919.0	5880.0	6250.0	6314.0	6350.0	6515.0	7033.0
52005.0	5296.0	5589.0	5612.0	5744.0	5902.0	6075.0	6318.0
52006.0	4173.0	4364.0	4287.0	4301.0	4289.0	4272.0	4225.0
52007.0	3748.0	4475.0	4529.0	4561.0	4598.0	4612.0	4907.0
52104.0	1329.0	3382.0	4281.0	4938.0	5458.0	5844.0	6016.0
52105.0	1805.0	1923.0	2006.0	2018.0	2080.0	2127.0	2132.0
52107.0	2910.0	3721.0	4006.0	4325.0	4657.0	5071.0	5219.0
52108.0	5670.0	5832.0	6139.0	6294.0	6532.0	6601.0	6600.0
52112.0	2532.0	2648.0	2851.0	3002.0	3147.0	3268.0	3286.0
52113.0	2577.0	2885.0	3082.0	3172.0	3360.0	3604.0	3686.0
52114.0	4821.0	5033.0	5339.0	5359.0	5420.0	5477.0	5471.0
52115.0	6069.0	6563.0	6729.0	6779.0	6823.0	6841.0	6764.0
52118.0	3321.0	6610.0	6887.0	7105.0	7253.0	7535.0	7777.0
52203.0	3331.0	4940.0	6541.0	7797.0	8881.0	9927.0	11116.0
52204.0	4973.0	5030.0	5195.0	5219.0	5329.0	5441.0	5415.0
52206.0	3347.0	4243.0	4489.0	4660.0	4996.0	5395.0	5629.0
52207.0	4666.0	5247.0	5734.0	5921.0	6126.0	6378.0	6588.0
52208.0	3419.0	3703.0	4122.0	4311.0	4396.0	4509.0	4523.0
52209.0	2380.0	2374.0	2541.0	2548.0	2587.0	2548.0	2544.0
52301.0	4411.0	4804.0	5127.0	5379.0	5683.0	6023.0	6244.0
52302.0	3462.0	3638.0	3846.0	3913.0	4054.0	4286.0	4382.0
52401.0	4681.0	4416.0	5248.0	5285.0	5385.0	5395.0	5418.0
52402.0	3190.0	3540.0	3510.0	3506.0	3508.0	3487.0	3468.0
52502.0	4012.0	4513.0	6202.0	7341.0	8624.0	10210.0	11586.0
52503.0	5611.0	6380.0	6839.0	7239.0	7924.0	8559.0	8959.0
52504.0	2574.0	2627.0	3329.0	3926.0	4585.0	5332.0	5798.0
52603.0	2170.0	2481.0	3073.0	3298.0	3484.0	3816.0	4179.0
52604.0	3872.0	4188.0	5265.0	5663.0	5959.0	6307.0	6414.0
52605.0	5252.0	5732.0	6112.0	6513.0	6851.0	7004.0	7269.0
52606.0	3945.0	4973.0	5639.0	6058.0	6566.0	6974.0	7203.0
52607.0	3339.0	5753.0	6276.0	6641.0	6998.0	7326.0	7568.0
52701.0	1382.0	1542.0	1648.0	1889.0	2312.0	3040.0	3495.0
52705.0	4091.0	6902.0	8065.0	9623.0	11012.0	12750.0	13936.0
52706.0	2676.0	5052.0	5123.0	5384.0	5595.0	5989.0	6338.0
52707.0	1698.0	3398.0	4665.0	5593.0	6544.0	7499.0	9816.0
52708.0	4327.0	5150.0	5254.0	5382.0	5395.0	5442.0	5701.0
52709.0	2136.0	3183.0	3345.0	3446.0	3598.0	4122.0	5044.0
52803.0	5123.0	5106.0	5100.0	5146.0	5209.0	5247.0	5469.0
52804.0	6400.0	6510.0	7483.0	7986.0	8525.0	9870.0	13725.0
52805.0	3962.0	4273.0	4826.0	5223.0	5513.0	5742.0	6206.0
52806.0	5548.0	6311.0	6994.0	7282.0	7455.0	7593.0	7820.0
52903.0	4060.0	3938.0	4365.0	4419.0	4517.0	4558.0	4918.0
52904.0	5511.0	5440.0	5993.0	6289.0	6526.0	6706.0	7189.0
52905.0	2882.0	3925.0	3975.0	3991.0	4129.0	4445.0	4995.0
52906.0	4711.0	4695.0	5905.0	6088.0	6218.0	6518.0	6832.0
53101.0	2762.0	3673.0	3744.0	3889.0	4119.0	4400.0	4588.0
53102.0	4516.0	4378.0	4964.0	5167.0	5326.0	5552.0	6008.0
53201.0	3444.0	3795.0	4159.0	4329.0	4589.0	4907.0	5034.0
53202.0	4032.0	4528.0	5230.0	5367.0	5539.0	5656.0	5836.0
53301.0	4340.0	6013.0	6722.0	7076.0	7406.0	8022.0	9091.0
53302.0	4675.0	5469.0	5761.0	5922.0	6370.0	7123.0	7828.0
53400.0	4718.0	5314.0	5525.0	5748.0	6170.0	6927.0	7511.0
53504.0	4763.0	6232.0	6957.0	7320.0	7680.0	8425.0	9287.0
53505.0	4249.0	4827.0	5270.0	5620.0	6052.0	6635.0	7215.0
53506.0	4883.0	5477.0	5800.0	6008.0	6464.0	6984.0	7481.0
53507.0	3346.0	4544.0	5046.0	5441.0	5984.0	6398.0	6534.0
53508.0	2121.0	3233.0	3369.0	3415.0	3483.0	3504.0	3912.0
53509.0	2054.0	3632.0	3908.0	3978.0	4044.0	4307.0	6091.0
990100.0	0.0	0.0	0.0	0.0	0.0	0.0	7.0
53602.0	4489.0	5696.0	6773.0	7346.0	8179.0	9191.0	10709.0
53603.0	3678.0	3977.0	4273.0	4562.0	4856.0	5418.0	6033.0
53604.0	3025.0	3926.0	4261.0	4552.0	4956.0	5410.0	6284.0
53700.0	2837.0	3171.0	3706.0	4140.0	4609.0	5485.0	6690.0
53801.0	3495.0	3601.0	4201.0	4463.0	4994.0	5639.0	6129.0
53802.0	4171.0	5240.0	5849.0	6400.0	7281.0	8512.0	9813.0
53803.0	4992.0	5237.0	5846.0	6212.0	6663.0	7344.0	7888.0
60200.0	256.0	756.0	905.0	907.0	910.0	907.0	901.0
60300.0	3813.0	3957.0	4230.0	4356.0	4502.0	4693.0	4863.0
60400.0	3958.0	4210.0	4770.0	4789.0	4816.0	4797.0	4777.0
60500.0	3948.0	4019.0	4246.0	4274.0	4309.0	4333.0	4336.0
60600.0	5450.0	5475.0	6125.0	6242.0	6494.0	7093.0	7282.0
60700.0	5521.0	5612.0	5938.0	6205.0	6652.0	7505.0	7757.0
60800.0	5280.0	5206.0	5716.0	5697.0	5787.0	5798.0	5757.0
60903.0	3124.0	3002.0	3309.0	3415.0	3472.0	3544.0	3549.0
60904.0	5272.0	5053.0	5439.0	5485.0	5462.0	5521.0	5497.0
60905.0	6287.0	6320.0	6532.0	6517.0	6603.0	6669.0	6689.0
60906.0	2108.0	2150.0	2265.0	2299.0	2315.0	2312.0	2311.0
61001.0	3738.0	3898.0	4501.0	4583.0	4659.0	4712.0	4712.0
61002.0	4619.0	4405.0	4509.0	4539.0	4636.0	4651.0	4719.0
61100.0	5599.0	6041.0	6452.0	6421.0	6499.0	6598.0	6587.0
61200.0	5045.0	4990.0	5559.0	5821.0	6028.0	6792.0	7435.0
61300.0	4797.0	4665.0	4923.0	4992.0	5169.0	6119.0	6856.0
61400.0	2459.0	2752.0	2959.0	3073.0	3743.0	4697.0	5691.0
61500.0	4194.0	4781.0	5312.0	5501.0	5795.0	6376.0	6551.0
61601.0	1335.0	1927.0	2226.0	2193.0	2195.0	2148.0	2111.0
61602.0	436.0	781.0	826.0	840.0	853.0	847.0	834.0
61700.0	3966.0	4450.0	4832.0	4935.0	5082.0	5458.0	6344.0
61800.0	2863.0	2728.0	2861.0	2818.0	2863.0	2823.0	2806.0
61900.0	1771.0	1883.0	2041.0	2068.0	2088.0	2083.0	2044.0
62000.0	4187.0	4098.0	4387.0	4439.0	4445.0	4432.0	4341.0
62300.0	4315.0	4627.0	5220.0	5383.0	5484.0	5550.0	5460.0
62400.0	5392.0	5423.0	5888.0	5944.0	5871.0	5902.0	5854.0
62500.0	7409.0	7115.0	7529.0	7521.0	7486.0	7463.0	7364.0
62600.0	2465.0	2927.0	3241.0	3539.0	3905.0	4623.0	5762.0
62801.0	6026.0	5982.0	6140.0	6161.0	6200.0	6209.0	6167.0
62802.0	3680.0	3759.0	4080.0	4118.0	4121.0	4113.0	4089.0
62900.0	6284.0	7128.0	7560.0	7748.0	8555.0	10888.0	14471.0
63000.0	3072.0	2962.0	3146.0	3143.0	3140.0	3163.0	3183.0
63100.0	4067.0	4103.0	4373.0	4397.0	4430.0	4410.0	4370.0
63200.0	4688.0	4680.0	5222.0	5318.0	5301.0	5354.0	5338.0
63300.0	6280.0	6724.0	6925.0	6917.0	7094.0	7213.0	7158.0
63400.0	6909.0	7155.0	8111.0	8372.0	8433.0	8407.0	8384.0
63501.0	4106.0	4079.0	4365.0	4438.0	4483.0	4451.0	4413.0
63502.0	4327.0	4754.0	5141.0	5201.0	5293.0	5296.0	5256.0
70100.0	1650.0	3424.0	3596.0	3868.0	4207.0	4593.0	5315.0
70203.0	3769.0	4992.0	5729.0	7103.0	8514.0	12486.0	17132.0
70204.0	3694.0	3398.0	3559.0	3579.0	3677.0	3678.0	3768.0
70205.0	3555.0	3362.0	3557.0	3680.0	3805.0	3926.0	4033.0
70206.0	3820.0	4051.0	4433.0	4724.0	5161.0	5902.0	6717.0
70207.0	4187.0	4534.0	4862.0	5171.0	5618.0	6000.0	6477.0
70307.0	3718.0	4800.0	4960.0	5020.0	5066.0	5222.0	5487.0
70308.0	3461.0	3821.0	5004.0	5675.0	6016.0	6290.0	6351.0
70309.0	4435.0	5340.0	6568.0	7520.0	7857.0	8255.0	8438.0
70310.0	4073.0	5112.0	5576.0	6129.0	6699.0	7069.0	7603.0
70311.0	4656.0	4631.0	5071.0	5182.0	5224.0	5198.0	5301.0
70312.0	1200.0	4677.0	5306.0	6228.0	6542.0	6820.0	7061.0
70313.0	6099.0	6543.0	7992.0	8989.0	9881.0	10837.0	11719.0
70314.0	2194.0	2933.0	3472.0	3793.0	4084.0	4428.0	4930.0
70315.0	2819.0	4551.0	6339.0	7057.0	7769.0	8433.0	8826.0
70316.0	55.0	5201.0	4722.0	5142.0	5484.0	5805.0	6054.0
70401.0	1972.0	1996.0	2168.0	2224.0	2328.0	2520.0	2730.0
70403.0	2968.0	3294.0	3236.0	3257.0	3313.0	3410.0	3541.0
70404.0	1822.0	4271.0	4425.0	4939.0	4737.0	4920.0	5135.0
70703.0	4720.0	5843.0	6148.0	6416.0	6626.0	6753.0	7148.0
71100.0	2338.0	2410.0	2769.0	2861.0	2929.0	2943.0	2942.0
71205.0	4057.0	4624.0	5284.0	5660.0	6163.0	6482.0	6512.0
71206.0	4992.0	6288.0	8186.0	9738.0	11094.0	11805.0	11953.0
71207.0	4524.0	5619.0	6090.0	6597.0	7079.0	7439.0	7901.0
71208.0	5871.0	6663.0	8036.0	8613.0	9119.0	9455.0	9845.0
71209.0	4637.0	4406.0	5027.0	5145.0	5116.0	5123.0	5083.0
71210.0	4643.0	4598.0	6027.0	6865.0	7728.0	8581.0	9530.0
71304.0	4563.0	5931.0	7610.0	8570.0	9158.0	9563.0	10254.0
71305.0	3399.0	3462.0	4070.0	4271.0	4411.0	4544.0	4542.0
71306.0	5213.0	5741.0	7299.0	8515.0	9901.0	10623.0	11193.0
71307.0	3533.0	4454.0	5711.0	6774.0	7710.0	8191.0	8594.0
71309.0	2257.0	4126.0	3992.0	4813.0	5433.0	5917.0	6398.0
71310.0	3454.0	4491.0	5301.0	6348.0	7514.0	8558.0	9476.0
71403.0	3865.0	3846.0	4610.0	4819.0	5019.0	5301.0	5348.0
71406.0	3794.0	5798.0	7977.0	10392.0	12666.0	14675.0	15979.0
71407.0	4876.0	6166.0	6479.0	6853.0	7117.0	7321.0	7555.0
71408.0	3499.0	3771.0	4282.0	4672.0	5022.0	5260.0	5434.0
71409.0	4112.0	4129.0	4714.0	5012.0	5169.0	5273.0	5243.0
71410.0	3358.0	5354.0	6308.0	7296.0	8320.0	9379.0	10377.0
71411.0	3430.0	4382.0	4931.0	5863.0	6583.0	7300.0	7817.0
71503.0	4879.0	4792.0	5521.0	5672.0	6062.0	6373.0	6517.0
71504.0	3893.0	3787.0	4403.0	4457.0	4498.0	4493.0	4406.0
71505.0	4963.0	4998.0	5566.0	5924.0	6308.0	6570.0	6627.0
71506.0	4952.0	4896.0	5414.0	5638.0	5899.0	6214.0	6637.0
71601.0	4005.0	4315.0	4711.0	5131.0	5698.0	6019.0	6064.0
71602.0	4700.0	6899.0	7142.0	7625.0	8222.0	8530.0	8612.0
71703.0	3193.0	3385.0	3371.0	3490.0	3599.0	3681.0	3801.0
71704.0	3868.0	4179.0	4305.0	4411.0	4419.0	4406.0	4362.0
71705.0	3256.0	3440.0	3723.0	4011.0	4275.0	4335.0	4342.0
71706.0	1795.0	1909.0	2002.0	2030.0	2027.0	2025.0	2037.0
71707.0	2582.0	2697.0	2886.0	2906.0	2901.0	2891.0	2855.0
71803.0	4832.0	5230.0	5766.0	5845.0	6015.0	6035.0	6152.0
71805.0	3354.0	3381.0	3535.0	3545.0	3519.0	3459.0	3498.0
71806.0	4213.0	4176.0	4487.0	4456.0	4393.0	4384.0	4374.0
71807.0	3692.0	3470.0	3706.0	3711.0	3711.0	3691.0	3649.0
71808.0	3644.0	3679.0	3737.0	3719.0	3673.0	3633.0	3575.0
71901.0	4507.0	4766.0	5548.0	5768.0	5877.0	5912.0	5907.0
71902.0	5180.0	5408.0	6280.0	6399.0	6478.0	6477.0	6459.0
72000.0	4733.0	4565.0	5053.0	5136.0	5187.0	5238.0	5479.0
72105.0	4673.0	4364.0	4799.0	4877.0	4932.0	4924.0	4887.0
72106.0	6379.0	6097.0	6661.0	6718.0	6801.0	6873.0	6894.0
72107.0	4244.0	4275.0	4968.0	5226.0	5355.0	5366.0	5370.0
72108.0	5040.0	5232.0	5740.0	5943.0	6128.0	6124.0	6139.0
72109.0	3496.0	3630.0	3942.0	4148.0	4391.0	4692.0	4849.0
72111.0	2516.0	2568.0	2826.0	2912.0	2992.0	3056.0	3053.0
72112.0	4803.0	4660.0	5056.0	5102.0	5195.0	5271.0	5375.0
72305.0	6003.0	6056.0	6534.0	6577.0	6612.0	6623.0	6562.0
72307.0	4554.0	4506.0	4821.0	4834.0	4819.0	4825.0	4812.0
72308.0	7164.0	7162.0	7501.0	7756.0	8073.0	8444.0	8633.0
72309.0	5721.0	5897.0	6820.0	7119.0	7199.0	7276.0	7323.0
72310.0	3677.0	3837.0	4263.0	4405.0	4484.0	4489.0	4472.0
72311.0	4117.0	4116.0	4470.0	4631.0	4770.0	4829.0	4789.0
72312.0	5521.0	5978.0	6566.0	6695.0	6978.0	7198.0	7458.0
72313.0	2210.0	3706.0	3975.0	4187.0	4404.0	4626.0	4796.0
72405.0	3967.0	4162.0	4609.0	4833.0	5035.0	5146.0	5233.0
72406.0	4962.0	5561.0	6049.0	6360.0	6670.0	6923.0	7023.0
72407.0	4374.0	4655.0	5085.0	5316.0	5515.0	5664.0	5869.0
72408.0	5478.0	5942.0	6504.0	6688.0	6906.0	7075.0	7176.0
72409.0	2314.0	2561.0	2819.0	2971.0	3031.0	3083.0	3113.0
72410.0	2837.0	3519.0	3918.0	4240.0	4537.0	4691.0	4804.0
72503.0	3894.0	4290.0	4620.0	4857.0	5095.0	5346.0	5515.0
72504.0	2910.0	3713.0	4322.0	4710.0	5148.0	5506.0	5838.0
72505.0	6111.0	6984.0	8411.0	9336.0	10507.0	12074.0	14144.0
72506.0	2642.0	3550.0	4284.0	4685.0	5030.0	5357.0	5666.0
72507.0	2653.0	2812.0	3321.0	3584.0	3958.0	4296.0	4509.0
72601.0	4628.0	5157.0	5601.0	5891.0	6416.0	7022.0	7670.0
72602.0	3362.0	3973.0	4843.0	5757.0	6636.0	7556.0	8154.0
72603.0	3997.0	4932.0	6443.0	7664.0	9400.0	11116.0	12311.0
72800.0	13394.0	12004.0	13490.0	13795.0	13943.0	14029.0	14475.0
72901.0	3501.0	12.0	12.0	12.0	12.0	12.0	12.0
72903.0	1997.0	23.0	37.0	40.0	52.0	50.0	50.0
900202.0	0.0	0.0	0.0	0.0	0.0	0.0	0.0
72906.0	0.0	14.0	14.0	14.0	14.0	14.0	14.0
990002.0	122.0	72.0	149.0	154.0	155.0	158.0	154.0
73001.0	5247.0	5937.0	6126.0	6304.0	6689.0	7349.0	8338.0
73005.0	4600.0	5404.0	5590.0	5783.0	5948.0	6250.0	6791.0
73006.0	2825.0	3652.0	3905.0	4201.0	4853.0	6367.0	9308.0
73108.0	5288.0	6967.0	7643.0	8597.0	9798.0	10780.0	11986.0
73110.0	3375.0	3814.0	4759.0	5263.0	5662.0	6027.0	6676.0
73111.0	3723.0	4170.0	4698.0	5046.0	5275.0	5362.0	5578.0
73113.0	3679.0	5989.0	6441.0	7060.0	7560.0	8670.0	10206.0
73114.0	5564.0	5380.0	5578.0	5609.0	5564.0	5605.0	5555.0
73115.0	4415.0	4462.0	4541.0	4454.0	4476.0	4444.0	4426.0
73116.0	2952.0	3104.0	3300.0	3449.0	3637.0	3859.0	4081.0
73117.0	3374.0	3744.0	3905.0	3920.0	4154.0	4527.0	5036.0
73118.0	4064.0	4368.0	4639.0	4798.0	4996.0	5251.0	5518.0
73119.0	2698.0	3106.0	3366.0	3578.0	3932.0	4455.0	5082.0
73120.0	2693.0	3319.0	3816.0	4384.0	4805.0	5115.0	5594.0
73121.0	3646.0	4946.0	5269.0	5269.0	5481.0	5621.0	5798.0
73122.0	2545.0	4375.0	4734.0	4871.0	5582.0	6186.0	7015.0
73123.0	1968.0	4343.0	5428.0	6163.0	6801.0	7676.0	8999.0
73124.0	1738.0	2756.0	2800.0	3010.0	3193.0	3396.0	3558.0
73125.0	4997.0	9177.0	9603.0	10314.0	11254.0	12102.0	13884.0
73126.0	182.0	3527.0	3507.0	3525.0	3529.0	3513.0	3866.0
73200.0	5092.0	6174.0	7012.0	7907.0	9386.0	11953.0	17743.0
73301.0	4956.0	5247.0	5593.0	5957.0	6296.0	6503.0	6770.0
73302.0	3582.0	4027.0	4708.0	4950.0	5140.0	5296.0	5451.0
73404.0	5983.0	6401.0	8780.0	9541.0	10014.0	10480.0	10823.0
73405.0	3146.0	3343.0	4004.0	4406.0	4760.0	5048.0	5503.0
73406.0	4152.0	4739.0	5257.0	5500.0	5690.0	5801.0	5823.0
73407.0	3435.0	3479.0	3819.0	3860.0	3908.0	3947.0	3938.0
73408.0	4034.0	4282.0	5326.0	5520.0	5730.0	5878.0	5933.0
73500.0	6720.0	6985.0	8512.0	9284.0	10028.0	10330.0	10331.0
80101.0	2316.0	2480.0	3869.0	4461.0	4804.0	5163.0	5316.0
80102.0	4359.0	4455.0	5790.0	6125.0	6381.0	6619.0	6789.0
80200.0	3426.0	3592.0	4702.0	5070.0	5272.0	5462.0	5645.0
80300.0	2865.0	3149.0	3444.0	3558.0	3661.0	3795.0	4082.0
80400.0	3471.0	3851.0	5074.0	5556.0	5917.0	6057.0	6334.0
80500.0	2519.0	2763.0	4357.0	4354.0	4409.0	4404.0	4353.0
80600.0	4853.0	5274.0	6255.0	6351.0	6452.0	6485.0	6504.0
80700.0	3211.0	3750.0	6340.0	7399.0	7862.0	8061.0	8118.0
80800.0	2835.0	2231.0	2016.0	2010.0	1963.0	1953.0	2063.0
80900.0	4334.0	4452.0	6159.0	7361.0	8528.0	9615.0	11969.0
81000.0	4679.0	4252.0	7169.0	7414.0	7499.0	7634.0	8030.0
81100.0	2583.0	2695.0	3012.0	3143.0	3195.0	3198.0	3175.0
81200.0	2973.0	2942.0	3099.0	3105.0	3103.0	3134.0	3118.0
81400.0	40.0	62.0	61.0	59.0	57.0	57.0	54.0
90101.0	4837.0	5587.0	6683.0	7232.0	7762.0	8287.0	8449.0
90102.0	4809.0	5835.0	7769.0	8840.0	9696.0	10754.0	11949.0
90201.0	4204.0	4631.0	5110.0	5423.0	6034.0	6615.0	7028.0
90202.0	3880.0	5063.0	5416.0	5885.0	6646.0	7414.0	8041.0
90300.0	4286.0	3875.0	3636.0	3617.0	3577.0	3569.0	3514.0
90400.0	4203.0	4604.0	5531.0	6161.0	6821.0	7827.0	9160.0
90501.0	3085.0	3939.0	5148.0	5470.0	5873.0	6297.0	6920.0
90502.0	3814.0	4401.0	5089.0	5642.0	6394.0	7555.0	8968.0
90700.0	4820.0	5176.0	6327.0	6882.0	7202.0	7451.0	7426.0
90800.0	4110.0	4461.0	5006.0	5362.0	5730.0	5987.0	6050.0
90900.0	5353.0	6599.0	7316.0	7465.0	7711.0	7808.0	7903.0
91000.0	5945.0	6831.0	7956.0	8604.0	9153.0	9563.0	9723.0
91100.0	4233.0	4949.0	5377.0	5610.0	5968.0	6293.0	6556.0
91201.0	3603.0	3932.0	5690.0	6397.0	7205.0	7768.0	8180.0
91203.0	7984.0	7377.0	8775.0	9335.0	9686.0	10217.0	10945.0
91204.0	2673.0	3202.0	4984.0	5756.0	6185.0	6418.0	6509.0
91301.0	3677.0	4380.0	4648.0	4908.0	5215.0	5568.0	5687.0
91302.0	5051.0	5761.0	7353.0	8630.0	9927.0	10708.0	11392.0
91400.0	3121.0	3198.0	3669.0	3887.0	4085.0	4557.0	5228.0
91500.0	3777.0	3763.0	4938.0	5425.0	6065.0	6504.0	6691.0
91600.0	6816.0	6570.0	8449.0	9247.0	9930.0	10264.0	10955.0
91700.0	7010.0	7771.0	10647.0	12072.0	12904.0	13219.0	13722.0
91800.0	2819.0	3038.0	4520.0	5246.0	5666.0	6105.0	6723.0
91900.0	3322.0	3967.0	7235.0	8569.0	9538.0	10403.0	11698.0
92000.0	4689.0	5481.0	5834.0	6222.0	7053.0	8082.0	8989.0
92100.0	4826.0	6355.0	7107.0	7807.0	8618.0	10034.0	12084.0
92200.0	5757.0	6125.0	10463.0	11073.0	11626.0	12150.0	13602.0
92300.0	5185.0	5761.0	7708.0	9292.0	10622.0	12001.0	12797.0
92400.0	6351.0	6238.0	7784.0	8611.0	9162.0	9552.0	9982.0
92500.0	4503.0	5464.0	8580.0	9687.0	10581.0	11233.0	11686.0
92600.0	5614.0	6286.0	6698.0	6826.0	7046.0	7170.0	7213.0
92701.0	4126.0	4561.0	4820.0	5115.0	5398.0	5744.0	5825.0
92704.0	3168.0	3363.0	3687.0	3912.0	4212.0	4511.0	4536.0
92801.0	4126.0	4399.0	5418.0	6179.0	7478.0	8840.0	9926.0
92802.0	3776.0	4351.0	4566.0	4739.0	5021.0	5305.0	5415.0
92803.0	2543.0	2738.0	2940.0	3073.0	3251.0	3576.0	3647.0
92901.0	4786.0	5523.0	5884.0	6226.0	6814.0	7446.0	7513.0
92902.0	4824.0	5343.0	5484.0	5771.0	6181.0	6569.0	6690.0
940000.0	3035.0	3452.0	3838.0	4027.0	4224.0	4370.0	4409.0
940001.0	8103.0	9321.0	12421.0	14329.0	16782.0	19850.0	23971.0
940002.0	7038.0	7686.0	10331.0	11916.0	13642.0	15173.0	16957.0
940003.0	2942.0	6523.0	6625.0	6805.0	6864.0	6992.0	7224.0
940004.0	6739.0	6750.0	7156.0	7326.0	7513.0	7583.0	7602.0
940005.0	5180.0	5438.0	5940.0	6094.0	6114.0	6145.0	6182.0
940006.0	2665.0	2223.0	2422.0	2801.0	2932.0	3082.0	3266.0
940007.0	3041.0	2928.0	3462.0	3647.0	3780.0	3773.0	3724.0
940008.0	5612.0	5641.0	6107.0	6282.0	6336.0	6382.0	6364.0
940009.0	2575.0	2814.0	3109.0	3194.0	3298.0	3323.0	3312.0
940010.0	4101.0	4362.0	5554.0	6237.0	6860.0	7059.0	7407.0
940011.0	4126.0	4141.0	4741.0	4889.0	4984.0	5055.0	5119.0
940100.0	5291.0	6002.0	6488.0	6752.0	7111.0	7655.0	8058.0
