faz_id mean lower_50 upper_50 lower_80 upper_80 lower_90 upper_90
1	22627	19189	26349	16334	29943	14736	32203
2	215612	204702	226805	195120	237127	189496	243413
3	176072	166227	186200	157603	195564	152553	201276
4	25465	21809	29404	18758	33195	17043	35572
5	30196	26202	34473	22847	38568	20950	41127
6	776270	755443	797381	736928	816635	725960	828265
7	554055	536481	571912	520897	588236	511682	598113
8	142971	134114	152112	126379	160586	121861	165766
9	299480	286597	312646	275238	324746	268551	332095
10	66028	60054	72285	54916	78163	51952	81789
11	23531	20022	27323	17104	30981	15468	33280
12	209541	198788	220577	189347	230758	183807	236960
13	76115	69691	82823	64147	89106	60940	92975
14	152732	143572	162175	135566	170921	130885	176264
15	23647	20129	27448	17203	31114	15562	33418
16	21434	18091	25060	15323	28568	13777	30777
17	71951	65709	78477	60329	84596	57220	88367
18	27741	23919	31847	20719	35786	18914	38254
