faz_id mean lower_50 upper_50 lower_80 upper_80 lower_90 upper_90
1	18943	16362	21713	14199	24369	12978	26032
2	169920	162001	178028	155031	185491	150934	190030
3	142750	135500	150189	129132	157051	125395	161229
4	21982	19194	24959	16845	27801	15513	29575
5	25040	22058	28211	19535	31228	18098	33106
6	703723	687510	720125	673070	735058	664504	744066
7	451979	439004	465143	427481	477159	420660	484422
8	129778	122869	136876	116809	143429	113257	147424
9	250413	240780	260235	232266	269243	227245	274706
10	58999	54372	63815	50366	68315	48043	71080
11	18309	15773	21034	13651	23650	12455	25288
12	167063	159212	175103	152303	182506	148242	187008
13	69656	64620	74881	60246	79748	57703	82734
14	124727	117956	131687	112020	138117	108541	142037
15	21816	19039	24782	16700	27614	15374	29382
16	19756	17118	22583	14904	25290	13653	26984
17	65775	60884	70855	56641	75592	54175	78499
18	25777	22750	28993	20186	32050	18726	33953
