faz_id mean lower_50 upper_50 lower_80 upper_80 lower_90 upper_90
1	22627	20607	24741	18869	26726	17866	27950
2	215612	209279	222040	203656	227909	200328	231457
3	176072	170353	181885	165284	187201	162288	190418
4	25465	23319	27705	21468	29803	20397	31095
5	30196	27855	32631	25828	34905	24652	36302
6	776270	764211	788424	753431	799450	747018	806084
7	554055	543874	564330	534786	573665	529386	579286
8	142971	137823	148214	133267	153016	130578	155926
9	299480	292008	307047	285359	313942	281417	318104
10	66028	62544	69606	59488	72909	57696	74922
11	23531	21470	25686	19695	27708	18670	28954
12	209541	203298	215878	197757	221666	194478	225166
13	76115	72371	79953	69080	83491	67148	85644
14	152732	147409	158149	142696	163109	139913	166113
15	23647	21581	25807	19802	27833	18773	29082
16	21434	19470	23493	17781	25428	16807	26622
17	71951	68312	75684	65116	79127	63241	81223
18	27741	25500	30077	23562	32261	22439	33605
