faz_id mean lower_50 upper_50 lower_80 upper_80 lower_90 upper_90
1	68163	64349	72087	61008	75714	59052	77927
2	346047	337385	354819	329678	362813	325109	367638
3	412028	402571	421595	394148	430304	389151	435558
4	109010	104172	113957	99910	118507	97402	121272
5	101710	97039	106491	92926	110890	90508	113565
6	651396	639491	663411	628864	674325	622548	680898
7	613311	601761	624971	591453	635565	585328	641947
8	321402	313056	329858	305634	337567	301235	342222
9	232319	225232	239516	218943	246092	215222	250069
10	333639	325135	342253	317570	350105	313086	354845
11	77355	73289	81531	69720	85386	67628	87736
12	239991	232787	247305	226392	253986	222609	258026
13	141820	136294	147455	131412	152624	128534	155760
14	553086	542121	564161	532339	574230	526529	580296
15	91874	87437	96420	83536	100609	81244	103157
16	106057	101286	110938	97083	115427	94611	118156
17	189172	182782	195672	177121	201620	173776	205221
18	90472	86070	94984	82199	99142	79926	101672
