faz_id mean lower_50 upper_50 lower_80 upper_80 lower_90 upper_90
1	20696	18766	22720	17109	24624	16155	25799
2	189087	183159	195109	177901	200614	174792	203944
3	154124	148777	159566	144042	164547	141246	167564
4	23825	21751	25993	19964	28027	18932	29280
5	25990	23822	28252	21950	30371	20867	31675
6	738889	727125	750748	716611	761508	710357	767983
7	490183	480610	499850	472069	508638	466996	513932
8	136913	131876	142045	127420	146747	124791	149597
9	275363	268200	282621	261829	289238	258054	293233
10	62345	58961	65823	55995	69036	54256	70995
11	20979	19036	23016	17367	24932	16405	26115
12	184982	179119	190939	173920	196385	170846	199680
13	73069	69402	76830	66180	80299	64289	82411
14	135985	130965	141099	126525	145786	123905	148627
15	22672	20650	24788	18910	26775	17906	28000
16	20509	18588	22524	16939	24420	15990	25590
17	68257	64714	71894	61605	75250	59781	77295
18	26728	24529	29022	22629	31168	21529	32489
