faz_id mean lower_50 upper_50 lower_80 upper_80 lower_90 upper_90
1	75402	68515	82619	62594	89401	59180	93587
2	373587	358054	389449	344348	404017	336275	412861
3	433275	416535	450345	401741	466000	393018	475495
4	117227	108599	126185	101110	134535	96758	139659
5	109315	100989	117971	93772	126049	89582	131010
6	651351	630789	672243	612553	691341	601770	702895
7	639789	619412	660496	601342	679427	590658	690882
8	332763	318113	347743	305201	361516	297604	369884
9	249182	236527	262167	225412	274143	218890	281437
10	349647	334626	364998	321380	379105	313583	387674
11	82884	75655	90443	69427	97532	65829	101902
12	247802	235182	260751	224099	272696	217596	279970
13	143010	133463	152887	125147	162065	120299	167683
14	596729	577055	616733	559619	635031	549314	646106
15	98350	90461	106569	83638	114253	79684	118979
16	113278	104799	122087	97445	130302	93173	135345
17	202581	191187	214305	181207	225146	175364	231760
18	95970	88179	104091	81444	111687	77543	116360
