faz_id mean lower_50 upper_50 lower_80 upper_80 lower_90 upper_90
1	61179	57569	64899	54411	68343	52565	70447
2	323467	315094	331950	307647	339683	303235	344353
3	397588	388299	406987	380028	415545	375121	420708
4	99215	94602	103937	90542	108284	88156	110928
5	90132	85738	94636	81875	98786	79606	101311
6	646804	634941	658776	624352	669653	618059	676203
7	593010	581654	604476	571520	614896	565500	621173
8	313261	305022	321610	297696	329222	293356	333820
9	224207	217245	231278	211070	237741	207417	241650
10	317335	309042	325737	301668	333399	297298	338025
11	71398	67493	75412	64071	79122	62066	81384
12	230357	223300	237524	217038	244073	213334	248033
13	140241	134747	145845	129892	150986	127031	154105
14	514639	504063	525324	494633	535041	489033	540898
15	84309	80061	88667	76330	92685	74140	95132
16	97671	93095	102357	89067	106671	86700	109295
17	178666	172457	184984	166960	190769	163713	194272
18	84384	80134	88743	76401	92764	74210	95211
