faz_id mean lower_50 upper_50 lower_80 upper_80 lower_90 upper_90
1	29035	27436	30680	26034	32200	25213	33127
2	156646	152901	160436	149567	163888	147590	165971
3	177179	173195	181208	169645	184876	167539	187088
4	44138	42161	46161	40419	48021	39394	49151
5	49893	47789	52042	45934	54016	44841	55215
6	326639	321221	332102	316381	337061	313502	340045
7	264419	259547	269337	255198	273804	252613	276495
8	135311	131832	138835	128738	142048	126904	143988
9	106200	103121	109325	100386	112178	98767	113902
10	130169	126757	133626	123723	136778	121926	138682
11	30949	29297	32646	27848	34214	26999	35169
12	107760	104658	110907	101903	113781	100272	115518
13	59186	56893	61524	54866	63669	53672	64970
14	228472	223945	233045	219906	237202	217507	239706
15	38288	36448	40173	34830	41910	33879	42967
16	45319	43315	47368	41549	49252	40510	50397
17	84539	81794	87329	79360	89881	77922	91426
18	38893	37038	40793	35407	42543	34448	43607
