faz_id mean lower_50 upper_50 lower_80 upper_80 lower_90 upper_90
1	20602	19132	22126	17855	23546	17112	24416
2	120627	117032	124277	113840	127610	111952	129626
3	150513	146494	154587	142920	158302	140803	160546
4	33238	31364	35167	29722	36950	28761	38039
5	34402	32495	36364	30823	38177	29844	39283
6	314751	308926	320630	303727	325971	300638	329188
7	229502	224532	234526	220103	239097	217474	241853
8	118581	115016	122200	111853	125506	109981	127505
9	87911	84846	91031	82131	93887	80529	95617
10	107184	103796	110626	100792	113772	99016	115676
11	23987	22399	25630	21015	27156	20208	28090
12	92528	89382	95728	86596	98656	84950	100430
13	55864	53426	58356	51277	60648	50012	62040
14	176296	171944	180703	168071	184718	165774	187141
15	29756	27984	31582	26435	33274	25529	34307
16	34792	32874	36765	31193	38588	30208	39700
17	67878	65188	70623	62811	73141	61411	74669
18	31224	29408	33094	27819	34825	26890	35882
