faz_id mean lower_50 upper_50 lower_80 upper_80 lower_90 upper_90
1	68163	62180	74421	57027	80292	54050	83911
2	346047	332394	359975	320333	372754	313223	380506
3	412028	397117	427213	383924	441124	376137	449554
4	109010	101407	116888	94795	124217	90946	128709
5	101710	94371	109324	87997	116416	84289	120766
6	651396	632613	670454	615932	687853	606058	698369
7	613311	595089	631808	578914	648701	569342	658915
8	321402	308249	334830	296639	347158	289799	354641
9	232319	221157	243756	211340	254291	205572	260701
10	333639	320235	347317	308399	359871	301424	367489
11	77355	70972	84013	65459	90244	62267	94078
12	239991	228644	251613	218660	262315	212793	268824
13	141820	133129	150786	125537	159096	121101	164174
14	553086	535789	570658	520446	586718	511373	596434
15	91874	84906	99117	78865	105875	75358	110026
16	106057	98560	113829	92043	121064	88251	125499
17	189172	179113	199506	170289	209047	165116	214863
18	90472	83558	97661	77567	104370	74088	108491
