faz_id mean lower_50 upper_50 lower_80 upper_80 lower_90 upper_90
1	50592	47314	53980	44456	57125	42788	59049
2	286568	278690	294555	271690	301843	267544	306246
3	370442	361478	379516	353499	387782	348767	392770
4	84328	80080	88686	76348	92705	74157	95152
5	77132	73071	81302	69508	85152	67419	87498
6	628948	617251	640755	606811	651482	600607	657943
7	551807	540854	562870	531084	572926	525281	578986
8	292329	284372	300396	277300	307755	273111	312200
9	208484	201773	215305	195823	221542	192305	225316
10	281618	273809	289537	266871	296762	262762	301128
11	62014	58379	65759	55199	69226	53339	71343
12	216961	210114	223918	204041	230278	200450	234125
13	134977	129588	140476	124828	145522	122023	148584
14	440776	430993	450669	422276	459672	417103	465102
15	70861	66971	74860	63562	78556	61565	80810
16	81264	77095	85543	73434	89491	71286	91895
17	151944	146223	157775	141164	163120	138180	166361
18	71801	67885	75827	64453	79546	62441	81814
