faz_id mean lower_50 upper_50 lower_80 upper_80 lower_90 upper_90
1	75402	68519	82614	62602	89392	59189	93575
2	373587	358064	389439	344366	403998	336298	412836
3	433275	416545	450334	401761	465979	393042	475468
4	117227	108604	126179	101120	134524	96770	139644
5	109315	100994	117966	93782	126038	89594	130996
6	651351	630801	672230	612577	691315	601800	702862
7	639789	619424	660483	601366	679402	590689	690849
8	332763	318122	347733	305218	361497	297626	369860
9	249182	236535	262159	225426	274127	218908	281416
10	349647	334635	364988	321397	379087	313605	387649
11	82884	75660	90438	69435	97523	65839	101889
12	247802	235190	260743	224114	272680	217615	279949
13	143010	133469	152881	125158	162052	120313	167667
14	596729	577067	616720	559642	635006	549343	646075
15	98350	90466	106564	83647	114243	79695	118965
16	113278	104804	122081	97455	130291	93185	135331
17	202581	191194	214298	181220	225132	175381	231742
18	95970	88184	104086	81453	111677	77554	116346
