faz_id mean lower_50 upper_50 lower_80 upper_80 lower_90 upper_90
1	20696	17688	23940	15182	27063	13774	29023
2	189087	179758	198652	171558	207469	166743	212835
3	154124	145713	162771	138339	170761	134019	175633
4	23825	20590	27296	17878	30625	16347	32708
5	25990	22605	29611	19759	33073	18148	35236
6	738889	720332	757682	703821	774810	694034	785149
7	490183	475090	505512	461699	519519	453779	527992
8	136913	128992	145070	122060	152618	118005	157226
9	275363	264080	286882	254121	297457	248254	303877
10	62345	57038	67888	52461	73082	49814	76281
11	20979	17950	24244	15424	27386	14005	29358
12	184982	175756	194444	167649	203168	162890	208479
13	73069	67314	79060	62333	84657	59445	88098
14	135985	128091	144115	121184	151638	117143	156231
15	22672	19519	26061	16881	29316	15394	31354
16	20509	17516	23738	15022	26849	13621	28801
17	68257	62699	74051	57895	79471	55113	82806
18	26728	23294	30398	20403	33905	18766	36095
