faz_id mean lower_50 upper_50 lower_80 upper_80 lower_90 upper_90
1	22589	21181	24042	19952	25390	19234	26214
2	128994	125598	132436	122578	135574	120789	137469
3	155810	152075	159590	148750	163033	146779	165111
4	35996	34213	37825	32645	39510	31725	40536
5	38411	36568	40299	34947	42039	33995	43097
6	319008	313654	324407	308871	329308	306027	332258
7	237409	232794	242070	228676	246306	226229	248858
8	122568	119258	125923	116316	128984	114573	130832
9	91352	88498	94252	85966	96902	84468	98505
10	113656	110469	116888	107639	119837	105962	121619
11	25850	24342	27403	23023	28841	22251	29718
12	96010	93083	98982	90486	101698	88950	103340
13	56853	54606	59145	52621	61249	51451	62525
14	189349	185230	193514	181558	197303	179379	199588
15	32192	30507	33923	29028	35520	28160	36493
16	37805	35977	39678	34369	41405	33425	42455
17	72178	69643	74758	67399	77120	66074	78551
18	33494	31775	35259	30265	36887	29379	37879
