faz_id mean lower_50 upper_50 lower_80 upper_80 lower_90 upper_90
1	25439	23554	27397	21918	29222	20967	30343
2	140324	135847	144874	131877	149033	129530	151550
3	163469	158634	168377	154342	172858	151802	175568
4	39950	37578	42394	35504	44658	34291	46040
5	45061	42540	47655	40331	50053	39038	51516
6	323379	316564	330267	310488	336532	306882	340308
7	247692	241732	253724	236427	259219	233281	262535
8	127162	122902	131495	119127	135459	116897	137859
9	95729	92038	99493	88775	102945	86851	105038
10	120944	116790	125170	113112	129039	110939	131381
11	28227	26239	30287	24511	32205	23505	33381
12	102065	98252	105950	94881	109512	92891	111671
13	57876	55014	60811	52498	63516	51021	65163
14	205719	200291	211220	195464	216236	192604	219265
15	35143	32921	37438	30981	39567	29849	40869
16	41332	38919	43818	36808	46118	35573	47523
17	76775	73473	80150	70561	83251	68847	85135
18	36001	33751	38323	31787	40477	30640	41794
