faz_id mean lower_50 upper_50 lower_80 upper_80 lower_90 upper_90
1	25439	23943	26980	22635	28406	21870	29277
2	140324	136781	143912	133629	147183	131760	149157
3	163469	159643	167340	156236	170866	154215	172992
4	39950	38070	41875	36416	43648	35443	44726
5	45061	43063	47104	41302	48983	40267	50125
6	323379	317989	328815	313173	333749	310309	336719
7	247692	242977	252452	238770	256778	236270	259384
8	127162	123790	130579	120792	133695	119016	135577
9	95729	92806	98697	90213	101408	88679	103048
10	120944	117656	124277	114734	127318	113003	129154
11	28227	26650	29849	25269	31348	24460	32263
12	102065	99047	105129	96367	107927	94781	109618
13	57876	55609	60189	53605	62310	52424	63597
14	205719	201424	210059	197595	214007	195322	216386
15	35143	33381	36950	31833	38616	30925	39631
16	41332	39419	43290	37736	45092	36746	46188
17	76775	74160	79435	71844	81870	70476	83344
18	36001	34218	37830	32650	39516	31730	40542
