faz_id mean lower_50 upper_50 lower_80 upper_80 lower_90 upper_90
1	29035	26294	31912	23941	34620	22586	36293
2	156646	150188	163239	144489	169294	141132	172969
3	177179	170307	184187	164234	190615	160654	194513
4	44138	40742	47670	37800	50967	36093	52992
5	49893	46278	53644	43139	57138	41314	59281
6	326639	317284	336130	308975	344794	304057	350030
7	264419	256009	272965	248551	280778	244141	285505
8	135311	129314	141444	124030	147083	120921	150510
9	106200	100895	111641	96234	116657	93497	119712
10	130169	124288	136185	119109	141720	116062	145084
11	30949	28116	33918	25682	36707	24278	38429
12	107760	102416	113240	97719	118292	94961	121367
13	59186	55243	63265	51808	67055	49806	69375
14	228472	220659	236421	213739	243696	209652	248101
15	38288	35130	41582	32402	44665	30822	46562
16	45319	41877	48897	38894	52235	37161	54286
17	84539	79813	89401	75673	93896	73249	96638
18	38893	35709	42213	32959	45318	31365	47229
