faz_id mean lower_50 upper_50 lower_80 upper_80 lower_90 upper_90
1	25439	23095	27896	21081	30206	19920	31632
2	140324	134743	146019	129813	151244	126907	154415
3	163469	157440	169611	152108	175239	148961	178651
4	39950	36998	43015	34437	45872	32948	47626
5	45061	41923	48313	39193	51338	37604	53192
6	323379	314877	331995	307316	339851	302837	344595
7	247692	240258	255239	233660	262133	229756	266302
8	127162	121851	132586	117166	137567	114406	140592
9	95729	91129	100442	87083	104784	84706	107426
10	120944	115766	126235	111200	131097	108512	134050
11	28227	25755	30812	23626	33238	22395	34733
12	102065	97313	106930	93131	111408	90672	114132
13	57876	54312	61554	51199	64962	49380	67046
14	205719	198949	212602	192949	218898	189403	222709
15	35143	32378	38021	29985	40710	28597	42363
16	41332	38329	44449	35721	47352	34205	49133
17	76775	72661	81002	69053	84906	66939	87285
18	36001	33202	38913	30778	41633	29372	43304
