faz_id mean lower_50 upper_50 lower_80 upper_80 lower_90 upper_90
1	22627	19187	26351	16332	29947	14733	32208
2	215612	204697	226810	195110	237138	189484	243427
3	176072	166222	186205	157594	195574	152542	201289
4	25465	21807	29407	18755	33199	17039	35578
5	30196	26200	34475	22844	38572	20946	41133
6	776270	755432	797391	736909	816655	725936	828291
7	554055	536473	571921	520881	588253	511662	598135
8	142971	134109	152116	126371	160595	121851	165778
9	299480	286591	312653	275226	324758	268536	332111
10	66028	60051	72288	54911	78169	51946	81797
11	23531	20020	27325	17101	30985	15464	33285
12	209541	198783	220583	189337	230769	183795	236974
13	76115	69687	82826	64141	89113	60933	92984
14	152732	143568	162179	135558	170930	130875	176276
15	23647	20127	27450	17200	31118	15558	33423
16	21434	18090	25062	15320	28572	13773	30782
17	71951	65706	78480	60324	84602	57214	88375
18	27741	23917	31849	20715	35791	18910	38259
