faz_id mean lower_50 upper_50 lower_80 upper_80 lower_90 upper_90
1	75402	71388	79526	67867	83334	65803	85655
2	373587	364585	382699	356571	390999	351819	396008
3	433275	423576	443084	414935	452012	409808	457396
4	117227	112208	122355	107782	127068	105177	129930
5	109315	104471	114269	100202	118825	97690	121593
6	651351	639447	663365	628819	674279	622504	680852
7	639789	627991	651697	617460	662514	611202	669030
8	332763	324270	341366	316715	349208	312237	353942
9	249182	241840	256634	235322	263439	231464	267553
10	349647	340940	358464	333192	366499	328599	371349
11	82884	78673	87205	74974	91190	72804	93618
12	247802	240480	255233	233981	262020	230134	266123
13	143010	137461	148669	132558	153859	129667	157007
14	596729	585337	608231	575171	618683	569132	624980
15	98350	93758	103052	89716	107381	87340	110013
16	113278	108346	118320	103997	122955	101438	125771
17	202581	195966	209305	190103	215455	186638	219178
18	95970	91434	100615	87443	104893	85098	107495
