faz_id mean lower_50 upper_50 lower_80 upper_80 lower_90 upper_90
1	22589	20927	24314	19485	25923	18646	26909
2	128994	124979	133073	121417	136801	119310	139056
3	155810	151394	160290	147471	164378	145148	166849
4	35996	33890	38166	32047	40174	30970	41400
5	38411	36234	40651	34328	42723	33213	43987
6	319008	312675	325404	307026	331219	303671	334723
7	237409	231950	242931	227088	247959	224204	250992
8	122568	118655	126545	115185	130181	113133	132381
9	91352	87978	94790	84994	97940	83233	99849
10	113656	109889	117487	106551	120991	104578	123112
11	25850	24070	27693	22521	29408	21619	30458
12	96010	92550	99533	89489	102761	87681	104716
13	56853	54198	59572	51861	62074	50488	63596
14	189349	184477	194284	180144	198783	177577	201499
15	32192	30202	34246	28464	36149	27449	37313
16	37805	35646	40028	33756	42084	32649	43339
17	72178	69182	75237	66539	78046	64982	79752
18	33494	31463	35588	29689	37528	28652	38714
