faz_id mean lower_50 upper_50 lower_80 upper_80 lower_90 upper_90
1	19035	17744	20371	16621	21613	15966	22374
2	113553	110368	116783	107538	119731	105863	121513
3	145143	141539	148792	138332	152117	136431	154125
4	30922	29271	32619	27822	34185	26973	35140
5	32018	30337	33744	28863	35337	27998	36308
6	309200	303929	314516	299222	319342	296422	322247
7	221810	217349	226316	213371	230413	211008	232881
8	114316	111120	117557	108281	120515	106600	122302
9	85033	82280	87831	79839	90391	78396	91939
10	101279	98272	104331	95603	107118	94024	108804
11	22735	21322	24193	20089	25545	19368	26371
12	89933	87101	92810	84589	95440	83104	97032
13	54872	52665	57124	50716	59192	49567	60446
14	163769	159939	167644	156529	171172	154507	173301
15	27741	26178	29349	24809	30836	24008	31743
16	32185	30500	33915	29021	35513	28154	36486
17	62909	60544	65319	58453	67529	57220	68868
18	29319	27712	30972	26303	32499	25478	33430
