faz_id mean lower_50 upper_50 lower_80 upper_80 lower_90 upper_90
1	17653	15875	19526	14354	21293	13480	22387
2	161935	156453	167512	151596	172615	148727	175705
3	134904	129904	139998	125482	144667	122873	147496
4	20481	18562	22495	16914	24389	15965	25559
5	24212	22121	26397	20319	28446	19277	29709
6	671961	660745	683272	650724	693539	644765	699719
7	421216	412345	430181	404437	438336	399742	443252
8	124383	119584	129276	115343	133764	112842	136486
9	233177	226589	239859	220737	245958	217272	249644
10	56005	52800	59304	49995	62356	48353	64218
11	16818	15083	18647	13602	20375	12752	21446
12	158168	152750	163680	147952	168725	145118	171780
13	67012	63502	70616	60422	73943	58616	75970
14	117810	113141	122574	109017	126944	106586	129596
15	20836	18900	22867	17237	24776	16278	25955
16	19189	17333	21140	15742	22977	14827	24113
17	63768	60345	67285	57344	70533	55584	72513
18	25165	23032	27392	21193	29478	20129	30763
