faz_id mean lower_50 upper_50 lower_80 upper_80 lower_90 upper_90
1	20602	19258	21991	18087	23281	17404	24070
2	120627	117344	123956	114425	126992	112697	128827
3	150513	146843	154229	143576	157614	141639	159657
4	33238	31525	34996	30021	36618	29139	37606
5	34402	32659	36190	31128	37839	30230	38844
6	314751	309433	320114	304683	324983	301858	327914
7	229502	224964	234085	220917	238251	218512	240761
8	118581	115326	121882	112433	124893	110719	126712
9	87911	85111	90756	82629	93357	81161	94931
10	107184	104090	110323	101343	113189	99716	114921
11	23987	22535	25484	21267	26871	20525	27718
12	92528	89655	95446	87107	98113	85599	99726
13	55864	53637	58137	51670	60222	50510	61487
14	176296	172322	180315	168781	183974	166681	186181
15	29756	28137	31421	26717	32959	25885	33896
16	34792	33039	36590	31499	38248	30595	39258
17	67878	65421	70381	63246	72673	61963	74063
18	31224	29565	32929	28109	34503	27256	35462
