faz_id mean lower_50 upper_50 lower_80 upper_80 lower_90 upper_90
1	18943	17099	20881	15519	22708	14610	23837
2	169920	164303	175631	159325	180856	156384	184018
3	142750	137606	147989	133053	152788	130366	155695
4	21982	19992	24066	18281	26024	17293	27233
5	25040	22913	27262	21078	29343	20017	30625
6	703723	692243	715297	681986	725801	675885	732123
7	451979	442788	461264	434592	469707	429725	474795
8	129778	124875	134775	120540	139357	117984	142134
9	250413	243584	257336	237515	263652	233920	267468
10	58999	55709	62384	52826	65513	51138	67422
11	18309	16497	20215	14946	22013	14054	23125
12	167063	161494	172726	156559	177908	153643	181044
13	69656	66077	73330	62934	76719	61090	78784
14	124727	119921	129627	115674	134121	113170	136846
15	21816	19834	23893	18129	25844	17146	27048
16	19756	17872	21735	16256	23597	15326	24748
17	65775	62298	69346	59248	72643	57459	74653
18	25777	23618	28030	21755	30140	20676	31440
