faz_id mean lower_50 upper_50 lower_80 upper_80 lower_90 upper_90
1	17653	15487	19960	13658	22160	12619	23530
2	161935	155232	168780	149317	175065	145832	178881
3	134904	128792	141157	123409	146911	120243	150408
4	20481	18143	22961	16158	25315	15026	26779
5	24212	21664	26902	19490	29446	18244	31023
6	671961	658233	685830	645991	698443	638722	706043
7	421216	410362	432212	400708	442236	394987	448288
8	124383	118517	130391	113356	135922	110322	139287
9	233177	225119	241376	217984	248882	213770	253427
10	56005	52092	60059	48690	63832	46709	66144
11	16818	14706	19072	12925	21223	11914	22565
12	158168	151544	164933	145700	171148	142259	174920
13	67012	62725	71440	58986	75550	56804	78063
14	117810	112103	123659	107085	129047	104137	132326
15	20836	18477	23337	16474	25710	15330	27185
16	19189	16928	21592	15013	23877	13922	25299
17	63768	59588	68090	55945	72103	53820	74559
18	25165	22566	27906	20346	30496	19072	32101
