faz_id mean lower_50 upper_50 lower_80 upper_80 lower_90 upper_90
1	55393	51203	59748	47570	63811	45460	66306
2	304507	294571	314607	285765	323845	280559	329436
3	384812	373633	396156	363706	406514	357830	412775
4	91356	85951	96926	81225	102083	78461	105232
5	82217	77094	87505	72621	92408	70009	95406
6	639532	625096	654133	612236	667423	604606	675438
7	573067	559406	586892	547245	599485	540032	607083
8	303957	294030	314048	285232	323278	280031	328863
9	216135	207777	224657	200392	232474	196036	237214
10	299385	289534	309401	280803	318562	275644	324107
11	65886	61308	70628	57327	75040	55009	77744
12	223295	214799	231956	207288	239897	202858	244712
13	137811	131154	144633	125300	150918	121861	154742
14	478346	465872	490984	454780	502508	448207	509466
15	77140	72180	82265	67854	87021	65330	89930
16	89172	83833	94676	79166	99773	76438	102887
17	166723	159393	174218	152932	181109	149130	185296
18	77858	72875	83006	68528	87783	65991	90706
