faz_id mean lower_50 upper_50 lower_80 upper_80 lower_90 upper_90
1	20696	17687	23941	15180	27066	13771	29027
2	189087	179754	198657	171550	207477	166733	212846
3	154124	145709	162775	138333	170769	134011	175643
4	23825	20588	27298	17875	30628	16344	32712
5	25990	22604	29612	19757	33077	18145	35241
6	738889	720323	757691	703805	774826	694014	785170
7	490183	475083	505519	461687	519533	453763	528009
8	136913	128989	145074	122054	152625	117997	157235
9	275363	264075	286887	254112	297468	248242	303890
10	62345	57036	67890	52457	73087	49809	76287
11	20979	17949	24245	15422	27389	14002	29362
12	184982	175752	194449	167641	203176	162880	208490
13	73069	67312	79063	62329	84662	59439	88105
14	135985	128088	144118	121178	151645	117135	156241
15	22672	19517	26063	16878	29319	15391	31359
16	20509	17514	23740	15020	26852	13618	28805
17	68257	62696	74054	57891	79477	55107	82813
18	26728	23293	30400	20401	33908	18762	36099
