faz_id mean lower_50 upper_50 lower_80 upper_80 lower_90 upper_90
1	55393	51960	58935	48963	62220	47212	64227
2	304507	296385	312739	289164	320247	284886	324781
3	384812	375675	394059	367539	402481	362715	407563
4	91356	86932	95890	83042	100067	80757	102609
5	82217	78023	86521	74340	90491	72179	92909
6	639532	627737	651437	617208	662253	610951	668767
7	573067	561904	584340	551945	594586	546029	600758
8	303957	295842	312182	288628	319683	284354	324213
9	216135	209301	223079	203240	229427	199656	233267
10	299385	291332	307548	284173	314993	279933	319491
11	65886	62137	69744	58855	73313	56934	75491
12	223295	216348	230352	210185	236802	206540	240703
13	137811	132365	143367	127554	148464	124718	151557
14	478346	468152	488650	459066	498023	453672	503674
15	77140	73079	81311	69516	85160	67427	87507
16	89172	84802	93652	80960	97780	78704	100293
17	166723	160727	172828	155422	178421	152290	181810
18	77858	73778	82048	70198	85915	68098	88271
