faz_id mean lower_50 upper_50 lower_80 upper_80 lower_90 upper_90
1	68163	62183	74417	57033	80285	54057	83902
2	346047	332401	359967	320347	372738	313241	380486
3	412028	397126	427205	383940	441108	376157	449532
4	109010	101411	116883	94803	124208	90956	128698
5	101710	94375	109319	88004	116407	84299	120755
6	651396	632623	670443	615951	687832	606083	698342
7	613311	595099	631797	578933	648681	569367	658889
8	321402	308256	334822	296652	347143	289816	354621
9	232319	221163	243749	211351	254278	205587	260684
10	333639	320243	347310	308413	359856	301442	367470
11	77355	70976	84009	65466	90236	62275	94068
12	239991	228650	251606	218672	262302	212808	268808
13	141820	133134	150781	125546	159086	121112	164161
14	553086	535799	570648	520464	586699	511396	596409
15	91874	84909	99113	78872	105867	75366	110015
16	106057	98564	113824	92051	121055	88260	125487
17	189172	179119	199500	170300	209036	165130	214848
18	90472	83562	97657	77574	104362	74097	108480
