faz_id mean lower_50 upper_50 lower_80 upper_80 lower_90 upper_90
1	16774	15042	18601	13562	20327	12714	21396
2	154968	149606	160424	144858	165419	142054	168444
3	128749	123866	133727	119549	138290	117002	141057
4	19551	17677	21519	16070	23373	15145	24519
5	24606	22498	26809	20680	28873	19629	30145
6	632694	621812	643671	612092	653637	606313	659637
7	401695	393033	410451	385314	418417	380731	423220
8	120133	115418	124943	111252	129355	108796	132032
9	222961	216520	229496	210800	235463	207414	239069
10	53459	50329	56683	47591	59668	45990	61490
11	15894	14209	17674	12772	19357	11949	20401
12	149553	144286	154914	139624	159823	136871	162797
13	64809	61358	68354	58331	71628	56557	73623
14	113429	108848	118104	104804	122395	102421	124999
15	20161	18257	22159	16623	24040	15682	25201
16	18673	16843	20598	15275	22412	14373	23534
17	61685	58319	65145	55369	68342	53641	70291
18	24454	22352	26650	20541	28708	19493	29977
