faz_id mean lower_50 upper_50 lower_80 upper_80 lower_90 upper_90
1	17653	15488	19960	13659	22158	12620	23529
2	161935	155234	168778	149320	175062	145836	178877
3	134904	128794	141156	123412	146908	120247	150404
4	20481	18143	22960	16159	25314	15027	26778
5	24212	21664	26901	19491	29445	18245	31021
6	671961	658237	685827	645998	698436	638730	706035
7	421216	410365	432209	400713	442230	394993	448281
8	124383	118519	130389	113358	135919	110326	139283
9	233177	225121	241374	217988	248878	213774	253422
10	56005	52093	60058	48691	63830	46711	66142
11	16818	14706	19071	12926	21222	11915	22563
12	158168	151546	164932	145703	171144	142262	174916
13	67012	62726	71439	58988	75548	56806	78061
14	117810	112105	123657	107087	129044	104141	132322
15	20836	18478	23336	16475	25709	15331	27183
16	19189	16929	21591	15014	23875	13923	25297
17	63768	59589	68088	55947	72101	53822	74556
18	25165	22566	27905	20347	30495	19074	32099
