faz_id mean lower_50 upper_50 lower_80 upper_80 lower_90 upper_90
1	29035	26898	31254	25043	33322	23966	34590
2	156646	151629	161745	147180	166407	144550	169228
3	177179	171840	182599	167102	187551	164299	190545
4	44138	41494	46864	39182	49389	37831	50931
5	49893	47079	52789	44615	55466	43172	57100
6	326639	319375	333984	312904	340669	309064	344700
7	264419	257888	271032	252076	277057	248630	280694
8	135311	130651	140053	126523	144394	124086	147022
9	106200	102076	110406	98432	114263	96283	116603
10	130169	125599	134821	121553	139080	119164	141660
11	30949	28741	33238	26823	35370	25707	36677
12	107760	103605	111996	99934	115881	97769	118237
13	59186	56118	62336	53424	65243	51844	67014
14	228472	222404	234622	217009	240230	213813	243617
15	38288	35828	40830	33683	43188	32430	44632
16	45319	42639	48081	40295	50638	38925	52199
17	84539	80864	88296	77624	91749	75717	93847
18	38893	36413	41454	34250	43831	32987	45285
