faz_id mean lower_50 upper_50 lower_80 upper_80 lower_90 upper_90
1	55393	51204	59747	47572	63809	45463	66303
2	304507	294575	314604	285770	323839	280567	329428
3	384812	373636	396153	363712	406507	357838	412766
4	91356	85953	96924	81228	102079	78465	105227
5	82217	77095	87503	72624	92405	70013	95401
6	639532	625101	654128	612245	667414	604617	675427
7	573067	559411	586888	547253	599476	540042	607072
8	303957	294034	314045	285237	323271	280039	328855
9	216135	207780	224655	200396	232469	196043	237207
10	299385	289537	309398	280809	318556	275651	324099
11	65886	61310	70627	57330	75037	55012	77740
12	223295	214801	231953	207293	239892	202864	244706
13	137811	131156	144631	125304	150913	121866	154736
14	478346	465876	490980	454787	502500	448216	509456
15	77140	72182	82263	67857	87018	65334	89926
16	89172	83835	94674	79169	99770	76442	102883
17	166723	159395	174216	152936	181105	149136	185290
18	77858	72876	83004	68531	87780	65995	90701
