faz_id mean lower_50 upper_50 lower_80 upper_80 lower_90 upper_90
1	61179	56105	66472	51724	71427	49188	74477
2	323467	311658	335495	301211	346516	295045	353195
3	397588	384484	410912	372870	423099	366007	430476
4	99215	92724	105926	87066	112157	83766	115971
5	90132	83950	96533	78571	102486	75438	106133
6	646804	630060	663768	615168	679233	606343	688571
7	593010	576982	609258	562735	624078	554296	633031
8	313261	301642	325100	291365	335950	285302	342527
9	224207	214394	234240	205744	243463	200654	249067
10	317335	305640	329250	295295	340169	289190	346786
11	71398	65908	77107	61152	82437	58391	85711
12	230357	220409	240525	211637	249870	206474	255546
13	140241	132503	148199	125722	155553	121750	160039
14	514639	499715	529782	486463	543609	478619	551966
15	84309	78334	90504	73141	96270	70119	99806
16	97671	91231	104330	85620	110515	82348	114301
17	178666	169918	187634	162227	195898	157711	200928
18	84384	78406	90581	73211	96351	70187	99888
