faz_id mean lower_50 upper_50 lower_80 upper_80 lower_90 upper_90
1	18943	16363	21712	14201	24367	12980	26029
2	169920	162004	178025	155037	185485	150941	190022
3	142750	135502	150186	129137	157045	125402	161222
4	21982	19195	24958	16847	27799	15516	29572
5	25040	22059	28209	19537	31225	18101	33103
6	703723	687516	720119	673082	735047	664519	744051
7	451979	439009	465138	427490	477150	420671	484410
8	129778	122872	136873	116814	143424	113263	147417
9	250413	240783	260232	232272	269236	227253	274696
10	58999	54373	63813	50369	68311	48047	71075
11	18309	15774	21033	13653	23647	12457	25285
12	167063	159215	175100	152308	182500	148249	187000
13	69656	64622	74879	60249	79745	57707	82729
14	124727	117959	131684	112024	138112	108547	142030
15	21816	19040	24781	16702	27612	15376	29379
16	19756	17119	22582	14906	25288	13655	26981
17	65775	60886	70853	56644	75588	54179	78494
18	25777	22751	28991	20188	32048	18728	33950
