faz_id mean lower_50 upper_50 lower_80 upper_80 lower_90 upper_90
1	61179	56103	66475	51720	71432	49182	74484
2	323467	311653	335501	301201	346527	295032	353210
3	397588	384478	410918	372859	423111	365992	430492
4	99215	92721	105929	87060	112164	83759	115979
5	90132	83947	96536	78566	102492	75431	106141
6	646804	630052	663776	615153	679249	606325	688591
7	593010	576974	609265	562721	624093	554278	633050
8	313261	301636	325106	291355	335961	285289	342541
9	224207	214389	234244	205736	243472	200643	249079
10	317335	305634	329256	295284	340179	289177	346801
11	71398	65906	77110	61147	82443	58386	85718
12	230357	220404	240530	211629	249879	206463	255559
13	140241	132499	148202	125715	155561	121742	160048
14	514639	499708	529790	486450	543622	478602	551984
15	84309	78331	90507	73136	96276	70112	99814
16	97671	91228	104333	85614	110521	82341	114309
17	178666	169914	187638	162220	195906	157701	200939
18	84384	78403	90584	73205	96356	70181	99895
