faz_id mean lower_50 upper_50 lower_80 upper_80 lower_90 upper_90
1	20602	18963	22309	17544	23905	16722	24886
2	120627	116612	124710	113054	128446	110952	130707
3	150513	146024	155070	142039	159232	139682	161749
4	33238	31146	35397	29321	37400	28255	38625
5	34402	32274	36598	30415	38635	29329	39879
6	314751	308244	321326	302442	327305	298998	330909
7	229502	223951	235121	219010	240240	216080	243329
8	118581	114600	122630	111073	126334	108990	128577
9	87911	84488	91402	81464	94604	79681	96546
10	107184	103401	111035	100052	114561	98075	116697
11	23987	22215	25827	20678	27542	19784	28594
12	92528	89016	96108	85911	99391	84079	101381
13	55864	53142	58654	50750	61224	49344	62788
14	176296	171435	181225	167115	185722	164557	188439
15	29756	27779	31801	26057	33701	25052	34864
16	34792	32651	37001	30782	39048	29689	40299
17	67878	64875	70949	62228	73774	60671	75490
18	31224	29198	33318	27431	35262	26401	36452
