city_id	population_2000	population_2010	population_2020	population_2025	population_2030	population_2035	population_2040
1.0	2413.0	2731.0	3166.0	3240.0	3295.0	3296.0	3286.0
2.0	11741.0	17135.0	18282.0	19018.0	19980.0	21604.0	24677.0
3.0	53820.0	60272.0	68664.0	73148.0	77323.0	81382.0	87973.0
4.0	20228.0	23067.0	25987.0	27680.0	29019.0	30072.0	30517.0
5.0	305.0	287.0	296.0	310.0	313.0	306.0	309.0
6.0	115961.0	126565.0	138565.0	145373.0	152057.0	160683.0	170375.0
7.0	4206.0	5229.0	6840.0	7060.0	10125.0	13425.0	17395.0
8.0	11606.0	17285.0	20853.0	23615.0	25002.0	26440.0	27513.0
9.0	13781.0	16738.0	18742.0	19579.0	20391.0	21357.0	22299.0
10.0	34281.0	35463.0	44620.0	46519.0	48006.0	49529.0	51279.0
11.0	6351.0	6286.0	6969.0	7269.0	7478.0	7899.0	8038.0
12.0	3613.0	3899.0	4196.0	4347.0	4623.0	4801.0	5172.0
13.0	46174.0	47426.0	54275.0	55737.0	56572.0	57116.0	57766.0
14.0	840.0	753.0	750.0	778.0	849.0	961.0	1097.0
15.0	1669.0	1726.0	1881.0	1927.0	2045.0	2100.0	2190.0
16.0	2757.0	2983.0	3146.0	3144.0	3138.0	3160.0	3143.0
17.0	13470.0	16841.0	17728.0	18055.0	18349.0	18761.0	19158.0
18.0	1043.0	1302.0	1421.0	1461.0	1525.0	1661.0	1792.0
19.0	29294.0	29142.0	32327.0	33409.0	34212.0	35044.0	35749.0
20.0	13297.0	11862.0	13724.0	14158.0	14468.0	14927.0	15432.0
21.0	4827.0	5956.0	6324.0	6584.0	7016.0	7412.0	7969.0
22.0	1609.0	2589.0	2658.0	2721.0	2741.0	2776.0	2932.0
23.0	9115.0	9340.0	11039.0	11773.0	12388.0	12784.0	12866.0
24.0	38771.0	38188.0	45576.0	46647.0	47693.0	48267.0	48722.0
25.0	11728.0	11543.0	12930.0	13631.0	14290.0	14965.0	15850.0
26.0	89479.0	97519.0	112246.0	118017.0	124242.0	132735.0	137344.0
27.0	84643.0	85908.0	93200.0	96142.0	99369.0	102411.0	108252.0
28.0	4860.0	8832.0	9169.0	9435.0	9541.0	9561.0	9937.0
29.0	5999.0	6656.0	7126.0	7126.0	7183.0	7156.0	7161.0
30.0	6704.0	7591.0	8698.0	9388.0	10135.0	11077.0	12193.0
31.0	1734.0	2077.0	2217.0	2408.0	2569.0	2648.0	2794.0
32.0	2079.0	3177.0	3487.0	3676.0	3906.0	4222.0	5134.0
33.0	560.0	571.0	688.0	711.0	711.0	716.0	711.0
34.0	223.0	226.0	224.0	226.0	239.0	233.0	226.0
35.0	18434.0	30678.0	33112.0	34333.0	35438.0	36591.0	38023.0
36.0	18054.0	21069.0	26344.0	28379.0	30240.0	33168.0	37879.0
37.0	103214.0	111742.0	128517.0	135929.0	140665.0	144144.0	149901.0
38.0	116571.0	125462.0	134199.0	139611.0	145743.0	152965.0	160591.0
39.0	76249.0	81454.0	93747.0	96549.0	98676.0	100475.0	101288.0
40.0	95935.0	106959.0	119023.0	128094.0	138470.0	149331.0	158700.0
41.0	12986.0	13351.0	15349.0	15718.0	15866.0	16033.0	16113.0
42.0	21506.0	27241.0	30079.0	32554.0	34760.0	36713.0	38647.0
43.0	56463.0	56705.0	62024.0	63274.0	64145.0	64534.0	64978.0
44.0	32560.0	33475.0	36564.0	37442.0	38287.0	39957.0	41480.0
45.0	14692.0	20048.0	21965.0	23163.0	24081.0	24839.0	25476.0
46.0	47370.0	57791.0	64352.0	68591.0	73011.0	78904.0	89095.0
47.0	3018.0	3254.0	3565.0	3588.0	3589.0	3584.0	3570.0
48.0	21758.0	22375.0	24681.0	24774.0	24952.0	24594.0	24786.0
49.0	13944.0	18364.0	19040.0	19484.0	20080.0	20733.0	21784.0
50.0	851.0	978.0	1160.0	1374.0	1629.0	1839.0	1982.0
51.0	11852.0	13434.0	15039.0	16061.0	16995.0	17646.0	18115.0
52.0	19210.0	19679.0	27318.0	29525.0	31498.0	32825.0	36445.0
53.0	17967.0	20197.0	21184.0	21503.0	21736.0	21874.0	22131.0
54.0	7734.0	10581.0	11785.0	12542.0	13226.0	13805.0	14186.0
55.0	6588.0	6558.0	7239.0	7400.0	7567.0	7667.0	7661.0
56.0	5942.0	5804.0	6435.0	6808.0	7070.0	7471.0	8180.0
57.0	3590.0	6121.0	6294.0	6826.0	6628.0	6760.0	6864.0
58.0	5525.0	6224.0	7104.0	7694.0	7988.0	8194.0	8293.0
59.0	141743.0	155160.0	166675.0	173893.0	182815.0	192407.0	207159.0
60.0	9575.0	11487.0	17999.0	19307.0	20555.0	21988.0	25367.0
61.0	6697.0	8920.0	10601.0	11745.0	13080.0	14691.0	17312.0
62.0	33782.0	37205.0	44438.0	47567.0	50061.0	52357.0	54109.0
63.0	44174.0	53224.0	59224.0	60846.0	63346.0	66553.0	70827.0
64.0	72229.0	89666.0	100297.0	104626.0	108854.0	113750.0	121648.0
65.0	805.0	868.0	917.0	921.0	953.0	963.0	1098.0
66.0	718.0	740.0	828.0	946.0	1073.0	1202.0	1374.0
67.0	33212.0	44573.0	49674.0	52831.0	55545.0	58109.0	60641.0
68.0	23529.0	24588.0	27176.0	28058.0	29014.0	30001.0	32730.0
69.0	532577.0	588778.0	647999.0	664824.0	677362.0	685216.0	685185.0
70.0	51265.0	53882.0	62426.0	67469.0	75679.0	86810.0	94479.0
71.0	15672.0	15901.0	21008.0	23097.0	24684.0	25938.0	28533.0
72.0	318.0	290.0	377.0	448.0	570.0	653.0	782.0
73.0	8736.0	9032.0	10533.0	11223.0	11817.0	12729.0	14053.0
74.0	110829.0	121095.0	131695.0	139239.0	148601.0	159989.0	173483.0
75.0	2685.0	10554.0	10536.0	10649.0	10694.0	10805.0	11254.0
76.0	528.0	502.0	587.0	658.0	769.0	918.0	1077.0
77.0	3749.0	5799.0	6261.0	6538.0	6794.0	7180.0	8096.0
78.0	6217.0	6313.0	6896.0	7137.0	7359.0	7555.0	7590.0
79.0	3192.0	4273.0	4597.0	4974.0	5311.0	5760.0	6304.0
80.0	8405.0	9241.0	10344.0	11081.0	11656.0	12357.0	12934.0
81.0	185222.0	190519.0	206376.0	211000.0	216700.0	227239.0	235407.0
82.0	17106.0	18066.0	22285.0	23513.0	25553.0	26736.0	27533.0
83.0	29455.0	31344.0	34272.0	35297.0	36268.0	37226.0	37873.0
84.0	401.0	443.0	507.0	585.0	636.0	688.0	760.0
85.0	10444.0	11571.0	14504.0	16253.0	17746.0	19907.0	20943.0
86.0	960.0	1218.0	1405.0	1435.0	1429.0	1437.0	1441.0
87.0	977.0	1096.0	1181.0	1195.0	1184.0	1186.0	1178.0
88.0	107264.0	123170.0	143931.0	153649.0	161609.0	168171.0	176607.0
89.0	42111.0	44505.0	62362.0	70820.0	77119.0	81730.0	86689.0
90.0	146814.0	181465.0	210072.0	233771.0	260264.0	286116.0	310078.0
91.0	140561.0	177347.0	207839.0	219442.0	230681.0	243264.0	261163.0
92.0	833.0	7113.0	7273.0	7911.0	8388.0	8792.0	9249.0
93.0	13127.0	16377.0	18251.0	19086.0	20004.0	20746.0	21531.0
94.0	4904.0	5998.0	6274.0	6556.0	6887.0	7109.0	7516.0
95.0	178.0	106.0	123.0	124.0	102.0	88.0	87.0
