commute_id	origin_district_id	destination_district_id	commute_trips
1001	1	1	39806
1002	1	2	9387
1003	1	3	20589
1004	1	4	4940
1005	1	5	2936
1006	1	6	4537
1007	1	7	456
1008	1	8	1053
1009	1	9	700
1010	1	10	2101
1011	1	11	1448
1012	1	12	1097
1013	1	13	793
1014	1	14	79
1015	1	15	213
1016	1	16	97
1017	1	17	156
1018	1	18	98
1019	1	19	6246
2001	2	1	20327
2002	2	2	83494
2003	2	3	35042
2004	2	4	20407
2005	2	5	15747
2006	2	6	16426
2007	2	7	2654
2008	2	8	4517
2009	2	9	3310
2010	2	10	6543
2011	2	11	4737
2012	2	12	3571
2013	2	13	2723
2014	2	14	275
2015	2	15	790
2016	2	16	475
2017	2	17	690
2018	2	18	487
2019	2	19	1878
3001	3	1	11541
3002	3	2	11590
3003	3	3	43008
3004	3	4	7980
3005	3	5	4452
3006	3	6	7069
3007	3	7	725
3008	3	8	1335
3009	3	9	826
3010	3	10	3023
3011	3	11	2275
3012	3	12	1506
3013	3	13	1052
3014	3	14	99
3015	3	15	154
3016	3	16	83
3017	3	17	97
3018	3	18	62
3019	3	19	1537
4001	4	1	2727
4002	4	2	7635
4003	4	3	8663
4004	4	4	30226
4005	4	5	11543
4006	4	6	16402
4007	4	7	1733
4008	4	8	3463
4009	4	9	2156
4010	4	10	5881
4011	4	11	4529
4012	4	12	3282
4013	4	13	2096
4014	4	14	195
4015	4	15	386
4016	4	16	193
4017	4	17	242
4018	4	18	109
4019	4	19	417
5001	5	1	1962
5002	5	2	6916
5003	5	3	5891
5004	5	4	13714
5005	5	5	49146
5006	5	6	27114
5007	5	7	7018
5008	5	8	9136
5009	5	9	5882
5010	5	10	9160
5011	5	11	6617
5012	5	12	4987
5013	5	13	3190
5014	5	14	319
5015	5	15	785
5016	5	16	483
5017	5	17	633
5018	5	18	342
5019	5	19	563
6001	6	1	616
6002	6	2	1666
6003	6	3	2032
6004	6	4	4694
6005	6	5	8665
6006	6	6	37616
6007	6	7	3260
6008	6	8	8013
6009	6	9	4887
6010	6	10	14437
6011	6	11	10391
6012	6	12	7730
6013	6	13	4853
6014	6	14	389
6015	6	15	814
6016	6	16	425
6017	6	17	415
6018	6	18	162
6019	6	19	275
7001	7	1	511
7002	7	2	1011
7003	7	3	1095
7004	7	4	2143
7005	7	5	4921
7006	7	6	10529
7007	7	7	28439
7008	7	8	17794
7009	7	9	15611
7010	7	10	6439
7011	7	11	6542
7012	7	12	5354
7013	7	13	3661
7014	7	14	375
7015	7	15	1167
7016	7	16	982
7017	7	17	903
7018	7	18	701
7019	7	19	402
8001	8	1	146
8002	8	2	313
8003	8	3	325
8004	8	4	670
8005	8	5	1379
8006	8	6	4277
8007	8	7	3635
8008	8	8	32221
8009	8	9	11604
8010	8	10	4450
8011	8	11	7181
8012	8	12	4982
8013	8	13	3561
8014	8	14	320
8015	8	15	780
8016	8	16	725
8017	8	17	581
8018	8	18	316
8019	8	19	171
9001	9	1	315
9002	9	2	468
9003	9	3	572
9004	9	4	878
9005	9	5	1721
9006	9	6	5052
9007	9	7	5769
9008	9	8	23212
9009	9	9	78884
9010	9	10	4865
9011	9	11	7994
9012	9	12	6962
9013	9	13	8091
9014	9	14	1666
9015	9	15	5922
9016	9	16	5510
9017	9	17	4069
9018	9	18	2598
9019	9	19	390
10001	10	1	396
10002	10	2	670
10003	10	3	1011
10004	10	4	1624
10005	10	5	2894
10006	10	6	12873
10007	10	7	1801
10008	10	8	6622
10009	10	9	3802
10010	10	10	35593
10011	10	11	16674
10012	10	12	10659
10013	10	13	6286
10014	10	14	523
10015	10	15	927
10016	10	16	365
10017	10	17	415
10018	10	18	167
10019	10	19	442
11001	11	1	37
11002	11	2	53
11003	11	3	62
11004	11	4	82
11005	11	5	124
11006	11	6	481
11007	11	7	128
11008	11	8	546
11009	11	9	441
11010	11	10	1069
11011	11	11	16789
11012	11	12	3307
11013	11	13	881
11014	11	14	54
11015	11	15	108
11016	11	16	41
11017	11	17	59
11018	11	18	24
11019	11	19	87
12001	12	1	96
12002	12	2	200
12003	12	3	282
12004	12	4	497
12005	12	5	864
12006	12	6	3948
12007	12	7	1020
12008	12	8	5315
12009	12	9	4231
12010	12	10	7277
12011	12	11	29029
12012	12	12	35769
12013	12	13	9333
12014	12	14	705
12015	12	15	1122
12016	12	16	430
12017	12	17	501
12018	12	18	198
12019	12	19	278
13001	13	1	193
13002	13	2	319
13003	13	3	576
13004	13	4	779
13005	13	5	1366
13006	13	6	5927
13007	13	7	1398
13008	13	8	9045
13009	13	9	8784
13010	13	10	9894
13011	13	11	22722
13012	13	12	19172
13013	13	13	54360
13014	13	14	3033
13015	13	15	4977
13016	13	16	1928
13017	13	17	2069
13018	13	18	726
13019	13	19	488
14001	14	1	35
14002	14	2	71
14003	14	3	99
14004	14	4	225
14005	14	5	340
14006	14	6	1609
14007	14	7	480
14008	14	8	2624
14009	14	9	3979
14010	14	10	2604
14011	14	11	5056
14012	14	12	4593
14013	14	13	7041
14014	14	14	5828
14015	14	15	4523
14016	14	16	1573
14017	14	17	1837
14018	14	18	571
14019	14	19	117
15001	15	1	244
15002	15	2	279
15003	15	3	405
15004	15	4	482
15005	15	5	789
15006	15	6	2653
15007	15	7	1011
15008	15	8	5746
15009	15	9	10408
15010	15	10	4192
15011	15	11	7925
15012	15	12	6905
15013	15	13	10075
15014	15	14	3394
15015	15	15	35928
15016	15	16	6865
15017	15	17	14668
15018	15	18	3940
15019	15	19	521
16001	16	1	321
16002	16	2	391
16003	16	3	518
16004	16	4	572
16005	16	5	898
16006	16	6	2543
16007	16	7	1843
16008	16	8	8560
16009	16	9	17235
16010	16	10	2989
16011	16	11	4668
16012	16	12	4277
16013	16	13	6812
16014	16	14	2063
16015	16	15	12204
16016	16	16	22085
16017	16	17	13268
16018	16	18	6690
16019	16	19	457
17001	17	1	35
17002	17	2	44
17003	17	3	49
17004	17	4	104
17005	17	5	136
17006	17	6	580
17007	17	7	323
17008	17	8	1624
17009	17	9	3345
17010	17	10	839
17011	17	11	1761
17012	17	12	1435
17013	17	13	1875
17014	17	14	660
17015	17	15	5967
17016	17	16	2803
17017	17	17	20964
17018	17	18	4603
17019	17	19	56
18001	18	1	385
18002	18	2	483
18003	18	3	524
18004	18	4	518
18005	18	5	792
18006	18	6	2000
18007	18	7	1497
18008	18	8	5501
18009	18	9	11859
18010	18	10	2181
18011	18	11	3398
18012	18	12	3005
18013	18	13	4478
18014	18	14	1295
18015	18	15	10318
18016	18	16	7877
18017	18	17	24551
18018	18	18	51841
18019	18	19	543
19001	19	1	8246
19002	19	2	3246
19003	19	3	10010
19004	19	4	2358
19005	19	5	1562
19006	19	6	2622
19007	19	7	429
19008	19	8	1414
19009	19	9	1411
19010	19	10	3528
19011	19	11	15319
19012	19	12	4953
19013	19	13	2410
19014	19	14	624
19015	19	15	2432
19016	19	16	595
19017	19	17	882
19018	19	18	351
19019	19	19	90970
