faz_id	singlefamily_households_2000	singlefamily_households_2010	singlefamily_households_2020	singlefamily_households_2025	singlefamily_households_2030	singlefamily_households_2035	singlefamily_households_2040
8935.0	3206.0	4132.0	4358.0	4513.0	4716.0	5215.0	5924.0
8927.0	1664.0	1915.0	2029.0	2087.0	2204.0	2444.0	2827.0
8926.0	4296.0	4981.0	5442.0	5736.0	6170.0	6917.0	8075.0
8936.0	5242.0	5630.0	6237.0	6461.0	6747.0	7077.0	7510.0
8500.0	4198.0	5341.0	5591.0	5814.0	6038.0	6250.0	6787.0
8406.0	500.0	547.0	579.0	635.0	779.0	999.0	1249.0
8320.0	3223.0	3358.0	3741.0	3920.0	4133.0	4454.0	5790.0
8925.0	3856.0	4758.0	5250.0	5537.0	6032.0	6660.0	7920.0
8937.0	3306.0	3821.0	4973.0	5659.0	6526.0	7869.0	9930.0
8405.0	3334.0	4916.0	5408.0	5784.0	6397.0	7410.0	8477.0
8310.0	7776.0	8233.0	9389.0	9784.0	10071.0	10385.0	10693.0
8910.0	4616.0	5121.0	5746.0	6188.0	6758.0	7507.0	8633.0
7905.0	4708.0	6523.0	7816.0	8608.0	9294.0	9847.0	10687.0
7606.0	515.0	1127.0	1460.0	1621.0	1791.0	1940.0	2126.0
7805.0	4870.0	6300.0	7161.0	7773.0	8462.0	9238.0	10092.0
8220.0	4004.0	3723.0	4028.0	3995.0	3991.0	3947.0	3963.0
8000.0	3504.0	3805.0	4485.0	4599.0	4666.0	4715.0	4902.0
8906.0	2600.0	2920.0	3113.0	3250.0	3387.0	3608.0	3834.0
8210.0	1746.0	1656.0	1803.0	1763.0	1718.0	1656.0	1658.0
9020.0	4878.0	5871.0	6764.0	7234.0	7760.0	8373.0	9014.0
8125.0	4393.0	4679.0	5675.0	5887.0	6009.0	6154.0	6428.0
8126.0	3588.0	3614.0	4138.0	4264.0	4301.0	4341.0	4528.0
8905.0	2665.0	3271.0	3501.0	3592.0	3770.0	4018.0	4346.0
7806.0	1375.0	1552.0	2027.0	2373.0	2720.0	3241.0	3981.0
7700.0	2442.0	2395.0	2653.0	2671.0	2675.0	2688.0	2701.0
7526.0	3974.0	4447.0	4575.0	4635.0	4706.0	4733.0	4818.0
7340.0	6720.0	7849.0	8918.0	9215.0	9509.0	9902.0	10385.0
7605.0	624.0	703.0	733.0	734.0	760.0	768.0	793.0
7537.0	2617.0	3141.0	3328.0	3466.0	3618.0	3875.0	4246.0
8115.0	5285.0	5425.0	5063.0	5131.0	5167.0	5201.0	5266.0
7335.0	8993.0	9953.0	10588.0	10893.0	11152.0	11306.0	11449.0
8600.0	3949.0	4592.0	5443.0	5898.0	6325.0	6770.0	7355.0
7425.0	5712.0	9139.0	9741.0	10151.0	10641.0	11170.0	11786.0
7535.0	3922.0	4968.0	5032.0	5180.0	5272.0	5336.0	5384.0
7525.0	4304.0	4591.0	4920.0	5032.0	5121.0	5109.0	5141.0
7436.0	1878.0	1995.0	2123.0	2160.0	2216.0	2275.0	2295.0
9019.0	5047.0	5941.0	6471.0	6793.0	7284.0	7914.0	8681.0
7026.0	3552.0	3637.0	4018.0	4073.0	4118.0	4152.0	4194.0
7205.0	3894.0	3780.0	4185.0	4247.0	4243.0	4268.0	4319.0
7515.0	989.0	1246.0	1399.0	1425.0	1442.0	1449.0	1449.0
7320.0	7064.0	8706.0	9457.0	9764.0	10033.0	10300.0	10809.0
7206.0	3625.0	3581.0	3876.0	3905.0	3933.0	3974.0	4014.0
7315.0	5018.0	5283.0	6059.0	6348.0	6608.0	6878.0	7033.0
7435.0	2497.0	2711.0	2967.0	3107.0	3242.0	3382.0	3507.0
7316.0	5889.0	6711.0	7360.0	7591.0	7846.0	7981.0	8183.0
7025.0	5332.0	4569.0	5854.0	5882.0	5916.0	5898.0	5911.0
7415.0	2439.0	3712.0	4326.0	4607.0	4887.0	5134.0	5264.0
7100.0	6365.0	6181.0	6356.0	6410.0	6448.0	6520.0	6598.0
7015.0	4929.0	4901.0	5459.0	5526.0	5562.0	5545.0	5592.0
9908.0	1183.0	1184.0	1184.0	1185.0	1185.0	1185.0	1185.0
6410.0	10794.0	10786.0	12058.0	12139.0	12093.0	12042.0	12102.0
6420.0	9644.0	9525.0	10751.0	10787.0	10756.0	10602.0	10604.0
5535.0	5635.0	6382.0	8321.0	8892.0	9210.0	9362.0	9538.0
5600.0	2970.0	3354.0	4035.0	4200.0	4285.0	4322.0	4381.0
5546.0	4357.0	4594.0	5418.0	5669.0	5841.0	5935.0	6036.0
4706.0	3523.0	4754.0	4967.0	5049.0	5168.0	5315.0	5459.0
6605.0	3205.0	3875.0	4198.0	4368.0	4656.0	5075.0	5669.0
6910.0	1164.0	1400.0	1686.0	1858.0	2065.0	2384.0	2815.0
6606.0	1671.0	1803.0	2000.0	2144.0	2344.0	2639.0	3260.0
9909.0	1478.0	1678.0	2008.0	2198.0	2441.0	2742.0	2999.0
9011.0	2793.0	3256.0	3501.0	3714.0	4012.0	4505.0	5283.0
5525.0	3127.0	3559.0	4050.0	4231.0	4380.0	4313.0	4397.0
5515.0	7009.0	7074.0	8459.0	8813.0	9024.0	9177.0	9406.0
6326.0	5950.0	5903.0	6504.0	6517.0	6536.0	6610.0	6657.0
9914.0	5455.0	6043.0	6994.0	7534.0	7964.0	8371.0	8620.0
5545.0	3318.0	4089.0	5141.0	5455.0	5717.0	5920.0	6164.0
6223.0	7052.0	6833.0	7356.0	7369.0	7392.0	7396.0	7401.0
5306.0	4873.0	4897.0	5513.0	5569.0	5633.0	5722.0	5747.0
6325.0	11891.0	11582.0	12333.0	12325.0	12363.0	12394.0	12413.0
9009.0	1564.0	1872.0	2012.0	2092.0	2205.0	2317.0	2493.0
9006.0	3037.0	3614.0	4218.0	4652.0	5181.0	5749.0	6291.0
6225.0	3543.0	3465.0	3606.0	3591.0	3589.0	3580.0	3567.0
9018.0	5066.0	5496.0	6242.0	6707.0	7136.0	7521.0	7997.0
5425.0	7043.0	7133.0	8421.0	8868.0	9139.0	9413.0	9722.0
5305.0	5797.0	6165.0	7363.0	7491.0	7565.0	7574.0	7611.0
5426.0	3733.0	4958.0	5557.0	5809.0	6038.0	6326.0	6702.0
6226.0	10089.0	10015.0	10660.0	10676.0	10747.0	10843.0	10975.0
6126.0	4603.0	4456.0	4931.0	4925.0	4959.0	4980.0	5141.0
6224.0	6538.0	6374.0	6586.0	6564.0	6563.0	6576.0	6577.0
6216.0	4993.0	4887.0	5226.0	5226.0	5230.0	5257.0	5261.0
6316.0	6068.0	5767.0	6034.0	5962.0	5901.0	5873.0	5871.0
6215.0	3656.0	3455.0	3460.0	3454.0	3462.0	3458.0	3458.0
5100.0	2690.0	2782.0	3070.0	3076.0	3083.0	3095.0	3104.0
6213.0	3122.0	2988.0	3057.0	3007.0	2986.0	2979.0	2981.0
9005.0	1666.0	2071.0	2196.0	2293.0	2514.0	2896.0	3414.0
6124.0	4493.0	4297.0	4486.0	4460.0	4455.0	4460.0	4463.0
6125.0	1527.0	1444.0	1509.0	1489.0	1482.0	1480.0	1482.0
6214.0	124.0	140.0	148.0	147.0	149.0	149.0	149.0
5415.0	3481.0	3513.0	3999.0	4082.0	4158.0	4223.0	4266.0
5205.0	1759.0	1724.0	1841.0	1848.0	1872.0	1880.0	1893.0
9916.0	3421.0	3812.0	4876.0	5519.0	5911.0	6170.0	6374.0
9913.0	2419.0	2883.0	2919.0	2929.0	2947.0	2990.0	3025.0
9915.0	4742.0	5007.0	6263.0	7081.0	7797.0	8445.0	8858.0
4606.0	6552.0	7393.0	8627.0	9230.0	9760.0	10229.0	10739.0
6115.0	5263.0	5059.0	5620.0	5627.0	5678.0	5732.0	5799.0
4820.0	1796.0	1847.0	1984.0	1991.0	1996.0	1996.0	2003.0
9017.0	1183.0	1225.0	1386.0	1462.0	1550.0	1680.0	1977.0
6123.0	1114.0	1086.0	1073.0	1060.0	1059.0	1060.0	1061.0
6114.0	6852.0	6698.0	7035.0	7004.0	6931.0	6872.0	6861.0
4607.0	3053.0	6865.0	7834.0	8455.0	9061.0	9830.0	11058.0
6505.0	1713.0	4055.0	4232.0	4319.0	4411.0	4573.0	4919.0
5020.0	6295.0	6075.0	6521.0	6537.0	6556.0	6575.0	6590.0
6113.0	423.0	351.0	325.0	316.0	314.0	309.0	309.0
5010.0	3320.0	3226.0	3515.0	3565.0	3588.0	3612.0	3635.0
6020.0	412.0	402.0	410.0	410.0	410.0	410.0	410.0
4900.0	69.0	70.0	71.0	70.0	71.0	71.0	71.0
6010.0	289.0	506.0	630.0	636.0	639.0	637.0	640.0
4400.0	6845.0	6932.0	7750.0	7756.0	7794.0	7811.0	7845.0
9900.0	2420.0	2534.0	3075.0	3272.0	3439.0	3567.0	3682.0
9904.0	3568.0	3804.0	4660.0	4955.0	5165.0	5338.0	5453.0
9902.0	7805.0	7958.0	8992.0	9425.0	9684.0	9835.0	9836.0
4810.0	2462.0	2427.0	2691.0	2709.0	2708.0	2737.0	2749.0
5720.0	10765.0	10251.0	10961.0	10919.0	10936.0	10956.0	10969.0
9901.0	2477.0	2403.0	2971.0	3275.0	3564.0	3974.0	4751.0
5826.0	1156.0	1118.0	1268.0	1289.0	1279.0	1261.0	1247.0
5825.0	340.0	383.0	449.0	450.0	463.0	463.0	463.0
5925.0	6580.0	6462.0	6872.0	6834.0	6783.0	6687.0	6665.0
9015.0	4597.0	5228.0	5646.0	5837.0	6123.0	6428.0	6649.0
4506.0	4360.0	4282.0	4709.0	4751.0	4770.0	4781.0	4814.0
4605.0	4610.0	5509.0	6320.0	6618.0	6906.0	7186.0	7436.0
9002.0	7838.0	8494.0	10144.0	11408.0	12445.0	13378.0	14260.0
4226.0	4764.0	4896.0	5638.0	5959.0	6272.0	6428.0	6585.0
4505.0	5172.0	5171.0	5723.0	5762.0	5832.0	5889.0	5947.0
4225.0	2717.0	4078.0	4430.0	4689.0	4904.0	5138.0	5403.0
5716.0	5737.0	5884.0	6341.0	6381.0	6383.0	6356.0	6358.0
5916.0	9151.0	9372.0	10149.0	10138.0	10165.0	10171.0	10209.0
4300.0	2218.0	2132.0	2486.0	2630.0	2726.0	2828.0	3001.0
5815.0	1183.0	1192.0	1270.0	1268.0	1252.0	1210.0	1188.0
9004.0	5122.0	6294.0	6873.0	7192.0	7767.0	8553.0	9629.0
5715.0	6601.0	6488.0	6936.0	6934.0	6958.0	6987.0	6997.0
3330.0	4335.0	4600.0	5061.0	5359.0	5739.0	6186.0	6733.0
6506.0	4557.0	4482.0	5082.0	5380.0	5669.0	6098.0	6685.0
5915.0	5426.0	5562.0	6156.0	6218.0	6265.0	6316.0	6347.0
3905.0	1672.0	1858.0	2589.0	2847.0	2970.0	2998.0	3020.0
4130.0	3003.0	3312.0	3666.0	3742.0	3757.0	3756.0	3834.0
6930.0	4061.0	4135.0	4161.0	4154.0	4154.0	4194.0	4209.0
3825.0	4186.0	4150.0	5267.0	5519.0	5613.0	5638.0	5687.0
4120.0	4059.0	4380.0	4961.0	5103.0	5164.0	5230.0	5290.0
3816.0	5255.0	4978.0	5748.0	5869.0	5929.0	5922.0	5962.0
4210.0	4484.0	6411.0	7376.0	7929.0	8397.0	8816.0	9194.0
9016.0	3632.0	4128.0	4652.0	5003.0	5500.0	6201.0	6939.0
4005.0	3550.0	3590.0	4611.0	4838.0	5046.0	5162.0	5188.0
4230.0	3325.0	3475.0	4053.0	4341.0	4567.0	4813.0	4995.0
3815.0	5373.0	5141.0	5537.0	5578.0	5594.0	5617.0	5613.0
3705.0	5787.0	5514.0	6174.0	6311.0	6443.0	6441.0	6426.0
3900.0	549.0	570.0	850.0	915.0	949.0	949.0	953.0
4110.0	3686.0	4143.0	4742.0	4963.0	5192.0	5549.0	6342.0
3416.0	5655.0	5888.0	6337.0	6465.0	6603.0	6840.0	7251.0
3413.0	2275.0	2755.0	3337.0	3629.0	3890.0	4217.0	4516.0
3706.0	4930.0	4792.0	5726.0	5936.0	6034.0	6091.0	6179.0
3600.0	2382.0	3147.0	3621.0	3828.0	4002.0	4083.0	4253.0
3415.0	5560.0	6380.0	8154.0	8775.0	9283.0	9794.0	10222.0
3320.0	7818.0	9083.0	10116.0	10473.0	10824.0	11227.0	11616.0
3505.0	4698.0	5411.0	7395.0	8153.0	8652.0	8894.0	9209.0
3414.0	5833.0	6170.0	7417.0	7829.0	8061.0	8229.0	8352.0
6900.0	2476.0	2640.0	2910.0	3087.0	3343.0	3735.0	4291.0
2940.0	4538.0	5432.0	6409.0	7173.0	8134.0	9347.0	10823.0
2216.0	5333.0	6015.0	6782.0	7125.0	7529.0	7928.0	8368.0
3046.0	4255.0	4178.0	4630.0	4740.0	4865.0	4911.0	4916.0
2225.0	3895.0	4560.0	5512.0	5934.0	6507.0	7332.0	8417.0
3426.0	4156.0	5007.0	6322.0	7089.0	7563.0	7936.0	8400.0
3427.0	5312.0	6686.0	7595.0	7980.0	8304.0	8582.0	8917.0
3045.0	6105.0	6095.0	6883.0	7200.0	7493.0	7767.0	7901.0
3310.0	4379.0	6086.0	6951.0	7188.0	8196.0	9434.0	10923.0
3030.0	9287.0	10483.0	13101.0	14522.0	15996.0	17239.0	18151.0
3130.0	2643.0	2572.0	2900.0	2985.0	3111.0	3169.0	3178.0
3010.0	9926.0	9563.0	10495.0	10840.0	11277.0	11765.0	12185.0
3020.0	3600.0	3579.0	3849.0	3965.0	4052.0	4086.0	4110.0
3425.0	3565.0	4558.0	5457.0	6070.0	6615.0	7108.0	7432.0
2100.0	5681.0	5689.0	6485.0	6673.0	6830.0	7074.0	7374.0
1606.0	3838.0	3756.0	4056.0	4112.0	4182.0	4250.0	4349.0
2215.0	4663.0	5045.0	5682.0	5914.0	6164.0	6372.0	6574.0
1720.0	8199.0	7913.0	8558.0	8554.0	8567.0	8529.0	8538.0
3120.0	4334.0	4206.0	4518.0	4625.0	4795.0	5310.0	6426.0
1900.0	44.0	44.0	47.0	47.0	48.0	46.0	45.0
3110.0	1774.0	1976.0	2375.0	2502.0	2553.0	2580.0	2619.0
3200.0	5936.0	6098.0	6797.0	7105.0	7481.0	7871.0	8539.0
1605.0	4219.0	4140.0	4423.0	4431.0	4445.0	4462.0	4477.0
2000.0	1322.0	2073.0	2682.0	3123.0	3531.0	3778.0	4118.0
1820.0	129.0	114.0	117.0	110.0	96.0	67.0	58.0
1200.0	4471.0	4728.0	5499.0	5820.0	6096.0	6300.0	6431.0
1710.0	5857.0	5670.0	6063.0	6095.0	6105.0	6046.0	6006.0
1810.0	258.0	239.0	243.0	240.0	232.0	204.0	177.0
900.0	2300.0	2362.0	2772.0	2951.0	3092.0	3167.0	3172.0
806.0	5330.0	9176.0	10589.0	11595.0	12541.0	13703.0	14877.0
1506.0	5146.0	5219.0	5795.0	5936.0	6098.0	6330.0	6500.0
1410.0	1900.0	1864.0	2015.0	2038.0	2059.0	2063.0	2065.0
1505.0	3994.0	4618.0	5089.0	5209.0	5345.0	5466.0	5524.0
1330.0	5513.0	5757.0	6435.0	6683.0	6952.0	7080.0	7192.0
1000.0	3248.0	3262.0	3526.0	3616.0	3694.0	3741.0	3820.0
1320.0	5704.0	5459.0	5907.0	5940.0	5945.0	5967.0	5979.0
1420.0	3020.0	2992.0	3150.0	3168.0	3155.0	3107.0	3091.0
1130.0	1198.0	1189.0	1565.0	1730.0	1934.0	2084.0	2121.0
1116.0	4088.0	4134.0	5355.0	5618.0	5779.0	5868.0	5893.0
1310.0	7826.0	7823.0	8805.0	8988.0	9137.0	9210.0	9245.0
805.0	5322.0	6159.0	7487.0	8112.0	8621.0	9090.0	9442.0
1115.0	2593.0	3240.0	4071.0	4614.0	5294.0	5786.0	6080.0
205.0	2253.0	2145.0	2330.0	2371.0	2426.0	2414.0	2398.0
136.0	2481.0	2287.0	2516.0	2529.0	2557.0	2570.0	2583.0
1120.0	6811.0	7238.0	9054.0	9975.0	10767.0	11411.0	12143.0
705.0	4958.0	6040.0	6510.0	7157.0	7779.0	9506.0	11698.0
120.0	3058.0	2988.0	3276.0	3377.0	3493.0	3648.0	3753.0
325.0	3155.0	3716.0	4344.0	4711.0	5216.0	5595.0	5820.0
135.0	5191.0	5131.0	5851.0	6040.0	6190.0	6254.0	6278.0
706.0	3911.0	4125.0	4464.0	4625.0	4912.0	5338.0	6164.0
206.0	2397.0	2216.0	2510.0	2567.0	2602.0	2603.0	2538.0
2910.0	580.0	1213.0	1276.0	1373.0	1484.0	1618.0	1984.0
315.0	3701.0	3478.0	4004.0	4132.0	4316.0	4502.0	4624.0
2935.0	4476.0	2154.0	2183.0	2201.0	2216.0	2236.0	2271.0
605.0	6089.0	6087.0	7241.0	7976.0	8821.0	9533.0	10144.0
606.0	3674.0	5202.0	6393.0	7538.0	8765.0	9859.0	11055.0
506.0	4855.0	6737.0	8087.0	8908.0	9800.0	10969.0	12813.0
110.0	868.0	808.0	927.0	953.0	973.0	960.0	902.0
505.0	8497.0	12986.0	14580.0	16244.0	18160.0	20197.0	22469.0
2936.0	661.0	1339.0	2023.0	2147.0	2266.0	2432.0	2666.0
405.0	5705.0	6447.0	7705.0	8573.0	9633.0	10672.0	11795.0
2926.0	7685.0	8217.0	8723.0	8889.0	9237.0	9774.0	10747.0
2925.0	4332.0	5325.0	5656.0	5824.0	6165.0	6954.0	9261.0
2927.0	1904.0	2101.0	2452.0	2709.0	3192.0	3941.0	6249.0
