faz_id	population_2000	population_2010	population_2020	population_2025	population_2030	population_2035	population_2040
8935.0	9011.0	11478.0	12229.0	12849.0	13463.0	14696.0	16641.0
8927.0	4718.0	5314.0	5584.0	5791.0	6122.0	6589.0	7312.0
8926.0	11969.0	13469.0	14451.0	15373.0	16588.0	18235.0	20271.0
8936.0	14758.0	16378.0	17987.0	18782.0	19655.0	20438.0	21222.0
8500.0	12274.0	17591.0	18968.0	19904.0	20998.0	22733.0	25983.0
8406.0	1392.0	1592.0	1670.0	1842.0	2269.0	2792.0	3290.0
8320.0	11552.0	11646.0	12471.0	13037.0	13628.0	14423.0	17424.0
8925.0	11195.0	13608.0	15045.0	15955.0	17395.0	19059.0	22018.0
8937.0	9016.0	10278.0	13262.0	15358.0	17862.0	21108.0	25209.0
8405.0	10570.0	15262.0	16430.0	17581.0	19193.0	21795.0	24210.0
8310.0	26645.0	28552.0	31715.0	33065.0	34202.0	35614.0	37766.0
8910.0	12656.0	14076.0	15426.0	16856.0	18524.0	20353.0	22439.0
7905.0	15692.0	20909.0	24224.0	26631.0	28509.0	30190.0	33849.0
7606.0	1410.0	3391.0	4287.0	4772.0	5237.0	5671.0	6048.0
7805.0	15497.0	19765.0	21628.0	23454.0	25385.0	27211.0	28864.0
8220.0	16453.0	16414.0	18042.0	18773.0	19728.0	21520.0	22318.0
8000.0	11022.0	12593.0	14718.0	15250.0	15745.0	16201.0	16681.0
8906.0	7869.0	8438.0	8851.0	9261.0	9576.0	10137.0	10478.0
8210.0	7665.0	8450.0	10161.0	11490.0	13301.0	15615.0	15373.0
9020.0	12685.0	14879.0	17927.0	19578.0	21214.0	22744.0	24233.0
8125.0	15712.0	16710.0	19507.0	20188.0	20712.0	21487.0	22149.0
8126.0	11598.0	12130.0	14056.0	15014.0	16231.0	17914.0	18898.0
8905.0	8012.0	9489.0	9982.0	10325.0	10796.0	11328.0	11882.0
7806.0	3987.0	4459.0	5704.0	6737.0	7752.0	9075.0	10736.0
7700.0	7866.0	7953.0	8752.0	8814.0	8850.0	8814.0	8722.0
7526.0	14008.0	15671.0	16016.0	16264.0	16580.0	16829.0	17017.0
7340.0	21189.0	26010.0	28656.0	29589.0	30460.0	31597.0	33148.0
7605.0	1815.0	1939.0	1992.0	1999.0	2086.0	2108.0	2124.0
7537.0	17689.0	20168.0	26797.0	27952.0	28631.0	29261.0	30844.0
8115.0	24796.0	26461.0	31587.0	33046.0	34304.0	36004.0	38790.0
7335.0	28856.0	34021.0	36953.0	38459.0	39956.0	41523.0	43531.0
8600.0	14110.0	16054.0	18203.0	19513.0	20729.0	21753.0	22865.0
7425.0	18072.0	28987.0	30253.0	31412.0	32983.0	34403.0	35910.0
7535.0	12711.0	20449.0	28658.0	30494.0	31899.0	33063.0	35827.0
7525.0	14361.0	15246.0	16181.0	16866.0	17800.0	19606.0	21402.0
7436.0	5649.0	5811.0	6103.0	6243.0	6407.0	6548.0	6550.0
9019.0	13389.0	15708.0	16929.0	17966.0	19354.0	20883.0	22604.0
7026.0	9812.0	10151.0	11125.0	11350.0	11486.0	11551.0	11570.0
7205.0	13695.0	13205.0	14444.0	14875.0	15222.0	15982.0	16815.0
7515.0	3255.0	4914.0	5551.0	5797.0	5984.0	6231.0	6696.0
7320.0	20913.0	28125.0	30321.0	31448.0	32354.0	33679.0	36146.0
7206.0	16463.0	16645.0	17879.0	18151.0	18564.0	19270.0	19967.0
7315.0	15301.0	16084.0	18258.0	19267.0	20289.0	21979.0	23894.0
7435.0	7483.0	7927.0	8494.0	8938.0	9318.0	9570.0	9755.0
7316.0	17528.0	19841.0	21499.0	22275.0	23119.0	23605.0	24268.0
7025.0	18563.0	17223.0	22671.0	23293.0	23880.0	24204.0	24367.0
7415.0	6707.0	10369.0	12034.0	13053.0	14032.0	14864.0	15212.0
7100.0	19808.0	19692.0	27466.0	29747.0	31752.0	32936.0	35949.0
7015.0	15802.0	16438.0	18450.0	18871.0	19262.0	19633.0	20232.0
9908.0	4295.0	3883.0	3885.0	3882.0	3882.0	3882.0	3882.0
6410.0	34263.0	36048.0	41630.0	44510.0	49359.0	55681.0	59985.0
6420.0	30892.0	32207.0	37380.0	39948.0	43477.0	48518.0	52069.0
5535.0	19906.0	23560.0	29290.0	31647.0	33664.0	36778.0	41523.0
5600.0	12164.0	14339.0	16537.0	17238.0	17930.0	18866.0	19471.0
5546.0	15246.0	15917.0	18276.0	19524.0	20488.0	21670.0	22450.0
4706.0	11276.0	14159.0	14658.0	14923.0	15241.0	15584.0	15834.0
6605.0	9697.0	11585.0	12340.0	12843.0	13697.0	14642.0	15986.0
6910.0	3205.0	3816.0	4533.0	5065.0	5639.0	6442.0	7298.0
6606.0	4888.0	5129.0	5662.0	6098.0	6685.0	7453.0	8706.0
9909.0	4159.0	4560.0	5357.0	5952.0	6632.0	7471.0	9235.0
9011.0	6925.0	8368.0	9958.0	10825.0	11812.0	13163.0	15013.0
5525.0	12304.0	13718.0	15343.0	16111.0	16822.0	17126.0	18225.0
5515.0	23477.0	24963.0	29103.0	30406.0	31283.0	31950.0	32497.0
6326.0	21384.0	23055.0	24878.0	24836.0	25188.0	25772.0	26365.0
9914.0	14875.0	16468.0	18816.0	20377.0	21577.0	22485.0	22834.0
5545.0	11356.0	13888.0	16593.0	17593.0	18387.0	18977.0	19731.0
6223.0	25465.0	26888.0	28983.0	29547.0	30109.0	30646.0	30531.0
5306.0	20662.0	21890.0	24680.0	25112.0	25602.0	26220.0	26308.0
6325.0	32878.0	34908.0	37110.0	37338.0	37732.0	37782.0	37576.0
9009.0	4212.0	4927.0	5264.0	5513.0	5828.0	6049.0	6339.0
9006.0	8707.0	10120.0	11525.0	12781.0	14193.0	15457.0	16348.0
6225.0	17284.0	19475.0	20652.0	21530.0	22405.0	23063.0	22974.0
9018.0	14279.0	14531.0	19113.0	20990.0	22474.0	23634.0	24917.0
5425.0	33141.0	36547.0	41068.0	42921.0	44438.0	46318.0	47669.0
5305.0	22495.0	25024.0	29228.0	30021.0	30585.0	30895.0	30807.0
5426.0	13365.0	20709.0	22369.0	23122.0	23785.0	24411.0	25828.0
6226.0	28854.0	31157.0	33157.0	33466.0	33856.0	34043.0	34095.0
6126.0	12093.0	12647.0	13926.0	13966.0	14082.0	14134.0	14366.0
6224.0	20564.0	22345.0	23540.0	23846.0	23986.0	24029.0	23784.0
6216.0	14836.0	15836.0	16697.0	16666.0	16696.0	16693.0	16506.0
6316.0	25107.0	28210.0	30473.0	30861.0	31055.0	31058.0	30452.0
6215.0	22095.0	22411.0	23750.0	24174.0	24621.0	24548.0	24357.0
5100.0	7331.0	7916.0	8602.0	8655.0	8639.0	8665.0	8619.0
6213.0	16191.0	17749.0	19117.0	19500.0	19848.0	19951.0	19850.0
9005.0	4689.0	5481.0	5672.0	5955.0	6538.0	7379.0	8264.0
6124.0	22732.0	24886.0	27299.0	27617.0	27925.0	27985.0	27913.0
6125.0	8758.0	9540.0	10492.0	10589.0	10699.0	10749.0	10719.0
6214.0	305.0	334.0	365.0	376.0	386.0	397.0	399.0
5415.0	12667.0	14136.0	15913.0	15515.0	16029.0	17143.0	18908.0
5205.0	11736.0	12289.0	12916.0	13362.0	13971.0	14486.0	15296.0
9916.0	9829.0	10809.0	14878.0	17126.0	18503.0	19432.0	20279.0
9913.0	5353.0	6599.0	7171.0	7303.0	7442.0	7587.0	7683.0
9915.0	13917.0	14302.0	20195.0	23022.0	25259.0	27125.0	29012.0
4606.0	20600.0	23184.0	26212.0	28041.0	29553.0	30868.0	32039.0
6115.0	19979.0	21167.0	23769.0	24093.0	24434.0	24500.0	24483.0
4820.0	6994.0	7643.0	8284.0	8453.0	8510.0	8601.0	8624.0
9017.0	3133.0	3210.0	3624.0	3848.0	4062.0	4379.0	4973.0
6123.0	10618.0	16232.0	19539.0	21084.0	22532.0	22564.0	22431.0
6114.0	29799.0	33018.0	35642.0	36512.0	37083.0	37532.0	37428.0
4607.0	10004.0	25798.0	28098.0	29949.0	31668.0	33647.0	36176.0
6505.0	5119.0	13968.0	14301.0	14540.0	14729.0	15059.0	15591.0
5020.0	24059.0	24897.0	25932.0	26402.0	26988.0	28024.0	28865.0
6113.0	26703.0	32388.0	40819.0	43876.0	44809.0	45568.0	46342.0
5010.0	17875.0	18812.0	20184.0	20440.0	20703.0	20871.0	21665.0
6020.0	8618.0	16066.0	20920.0	23651.0	25605.0	26302.0	26417.0
4900.0	2201.0	7076.0	9757.0	14112.0	18028.0	23548.0	28950.0
6010.0	6069.0	10290.0	13962.0	15905.0	16693.0	17245.0	18064.0
4400.0	21758.0	22375.0	24681.0	24774.0	24952.0	24594.0	24786.0
9900.0	6675.0	6935.0	9780.0	10635.0	11315.0	11716.0	12238.0
9904.0	9762.0	10592.0	12960.0	13919.0	14555.0	15135.0	16028.0
9902.0	20850.0	21732.0	29849.0	31280.0	32135.0	32700.0	33108.0
4810.0	8764.0	9491.0	10699.0	10883.0	11062.0	11281.0	11500.0
5720.0	33868.0	36008.0	39323.0	39909.0	40358.0	40619.0	40271.0
9901.0	7168.0	6680.0	8188.0	9149.0	10068.0	11183.0	13116.0
5826.0	4316.0	5270.0	6282.0	6594.0	6647.0	6982.0	6928.0
5825.0	1923.0	2287.0	3290.0	3527.0	3657.0	3620.0	3586.0
5925.0	24218.0	24824.0	26346.0	26691.0	27236.0	27806.0	27747.0
9015.0	12908.0	14210.0	15106.0	15663.0	16472.0	17111.0	17378.0
4506.0	15793.0	16395.0	18113.0	18453.0	18766.0	19473.0	20187.0
4605.0	19987.0	23798.0	26004.0	27036.0	28006.0	28874.0	29650.0
9002.0	21796.0	23588.0	34155.0	38204.0	41422.0	44033.0	47440.0
4226.0	14368.0	15510.0	17696.0	18720.0	19691.0	20199.0	20679.0
4505.0	15385.0	15633.0	17011.0	17147.0	17405.0	17552.0	17734.0
4225.0	10973.0	17037.0	17995.0	18798.0	19536.0	20322.0	21533.0
5716.0	24027.0	24748.0	25995.0	26286.0	26461.0	27261.0	27290.0
5916.0	33393.0	35475.0	37367.0	37629.0	38119.0	38831.0	38929.0
4300.0	10211.0	10148.0	11557.0	12091.0	12538.0	12971.0	13602.0
5815.0	4658.0	4884.0	5031.0	5132.0	5205.0	5406.0	5386.0
9004.0	14436.0	17223.0	18550.0	19538.0	21147.0	23016.0	25316.0
5715.0	16670.0	17179.0	18325.0	18450.0	18498.0	18474.0	18370.0
3330.0	12181.0	12583.0	13790.0	14776.0	15881.0	16996.0	18108.0
6506.0	13784.0	13897.0	15484.0	16513.0	17334.0	18352.0	19667.0
5915.0	18907.0	19265.0	20680.0	20900.0	21185.0	21405.0	21388.0
3905.0	7689.0	8271.0	10509.0	11254.0	11691.0	11953.0	12249.0
4130.0	12562.0	16790.0	18737.0	19290.0	19570.0	19902.0	20274.0
6930.0	10267.0	10868.0	10921.0	10931.0	10909.0	10981.0	10906.0
3825.0	16734.0	17526.0	20886.0	21889.0	22616.0	23084.0	24194.0
4120.0	16699.0	18685.0	20617.0	21175.0	21573.0	22211.0	22844.0
3816.0	21840.0	21082.0	24837.0	25797.0	26407.0	26857.0	27656.0
4210.0	15813.0	23297.0	25875.0	27634.0	29240.0	30408.0	31486.0
9016.0	10454.0	11495.0	12694.0	13753.0	15046.0	16712.0	18154.0
4005.0	10988.0	12095.0	15213.0	15896.0	16939.0	17745.0	19254.0
4230.0	9476.0	9946.0	11467.0	12331.0	13000.0	13638.0	14114.0
3815.0	18472.0	19123.0	20754.0	20998.0	21136.0	21324.0	21319.0
3705.0	29415.0	29012.0	32180.0	33018.0	33816.0	34542.0	36896.0
3900.0	4876.0	5121.0	6250.0	6556.0	7380.0	7867.0	8006.0
4110.0	16709.0	18212.0	20146.0	20859.0	22267.0	23887.0	27918.0
3416.0	21113.0	22849.0	24333.0	24890.0	25497.0	26448.0	27961.0
3413.0	6514.0	8065.0	9626.0	10504.0	11312.0	12137.0	12946.0
3706.0	15343.0	15381.0	18016.0	18735.0	19078.0	19250.0	19382.0
3600.0	16432.0	19484.0	21381.0	22281.0	23297.0	24252.0	26095.0
3415.0	20227.0	22708.0	27606.0	29544.0	31208.0	32721.0	35507.0
3320.0	24162.0	27522.0	30136.0	31222.0	32190.0	33014.0	33554.0
3505.0	32688.0	35643.0	41475.0	43797.0	45332.0	46663.0	48230.0
3414.0	22931.0	24195.0	27660.0	28900.0	29514.0	29850.0	30099.0
6900.0	7195.0	7679.0	8356.0	8909.0	9675.0	10560.0	11604.0
2940.0	11987.0	14062.0	16477.0	18822.0	21460.0	24230.0	26830.0
2216.0	15732.0	17725.0	19683.0	20703.0	21751.0	22645.0	23295.0
3046.0	22021.0	22303.0	23982.0	24412.0	24868.0	25416.0	26067.0
2225.0	11442.0	13386.0	15789.0	17101.0	18719.0	20729.0	22747.0
3426.0	15276.0	17732.0	21205.0	23459.0	24792.0	25814.0	26833.0
3427.0	16910.0	21631.0	23883.0	25080.0	25968.0	26597.0	27419.0
3045.0	25504.0	25888.0	28564.0	29793.0	30798.0	31621.0	32181.0
3310.0	13327.0	18475.0	20498.0	21271.0	24739.0	28653.0	33179.0
3030.0	28441.0	33461.0	40632.0	45209.0	49505.0	52808.0	55202.0
3130.0	14594.0	15045.0	16388.0	16824.0	17365.0	17878.0	18851.0
3010.0	40623.0	39256.0	42815.0	44255.0	45914.0	47418.0	49204.0
3020.0	21492.0	22109.0	23709.0	24324.0	24964.0	25757.0	29023.0
3425.0	14190.0	17428.0	19838.0	21619.0	23126.0	24471.0	25242.0
2100.0	17970.0	18582.0	20659.0	21257.0	21719.0	22265.0	22784.0
1606.0	12269.0	12058.0	13092.0	13372.0	13643.0	13841.0	13995.0
2215.0	14968.0	16638.0	18321.0	19043.0	19817.0	20271.0	20502.0
1720.0	24244.0	24613.0	26906.0	27377.0	28002.0	29793.0	30355.0
3120.0	22867.0	23175.0	24330.0	24697.0	25233.0	26685.0	30676.0
1900.0	277.0	806.0	957.0	952.0	965.0	968.0	958.0
3110.0	7462.0	8449.0	9456.0	9812.0	9997.0	10013.0	10005.0
3200.0	19129.0	19206.0	20927.0	22014.0	23140.0	24065.0	25309.0
1605.0	16521.0	16513.0	17531.0	17711.0	17948.0	18082.0	18140.0
2000.0	6329.0	10317.0	11911.0	13190.0	14303.0	14952.0	15826.0
1820.0	5469.0	6750.0	7501.0	7728.0	8126.0	8625.0	8321.0
1200.0	14209.0	15860.0	17966.0	18971.0	19865.0	20443.0	20871.0
1710.0	19606.0	20374.0	22007.0	22683.0	23479.0	25849.0	27988.0
1810.0	2885.0	3428.0	3621.0	3733.0	4150.0	5307.0	6213.0
900.0	8600.0	9341.0	10358.0	11088.0	11596.0	12095.0	12409.0
806.0	16097.0	28699.0	31788.0	34855.0	37538.0	40411.0	42910.0
1506.0	21148.0	21447.0	23350.0	23932.0	24570.0	25273.0	25537.0
1410.0	10787.0	11005.0	11525.0	11720.0	12101.0	12706.0	12892.0
1505.0	17772.0	19767.0	21638.0	22187.0	22701.0	23112.0	23550.0
1330.0	20482.0	20588.0	22344.0	23063.0	23794.0	24001.0	24136.0
1000.0	9075.0	9156.0	9832.0	10088.0	10293.0	10377.0	10461.0
1320.0	17449.0	17181.0	18471.0	18521.0	18462.0	18462.0	18351.0
1420.0	10742.0	11755.0	12876.0	13435.0	14738.0	17879.0	22343.0
1130.0	4101.0	4362.0	5395.0	5945.0	6584.0	6992.0	7466.0
1116.0	13432.0	14092.0	17785.0	18789.0	19427.0	20339.0	20768.0
1310.0	24093.0	24755.0	27045.0	27704.0	28022.0	28110.0	27977.0
805.0	16583.0	18862.0	22039.0	23964.0	25331.0	26585.0	27385.0
1115.0	9069.0	10980.0	13227.0	14821.0	16869.0	18101.0	18613.0
205.0	12168.0	12379.0	13245.0	13365.0	13652.0	13668.0	13756.0
136.0	11052.0	10461.0	11381.0	11567.0	11629.0	11699.0	11783.0
1120.0	26987.0	29384.0	34282.0	37146.0	39415.0	41250.0	43105.0
705.0	14288.0	18008.0	19127.0	21134.0	22618.0	26827.0	31330.0
120.0	10805.0	10846.0	11829.0	12192.0	12598.0	12946.0	13110.0
325.0	19030.0	22230.0	23430.0	24386.0	25794.0	26775.0	26981.0
135.0	14443.0	14897.0	16781.0	17389.0	17768.0	17950.0	17870.0
706.0	11558.0	11936.0	12717.0	13214.0	13964.0	14831.0	16435.0
206.0	12072.0	12321.0	13526.0	13709.0	13854.0	13943.0	13982.0
2910.0	1642.0	3416.0	3559.0	3842.0	4139.0	4439.0	5103.0
315.0	13152.0	13200.0	14652.0	14950.0	15473.0	15872.0	15998.0
2935.0	16901.0	7804.0	7852.0	7895.0	7926.0	7972.0	8054.0
605.0	18511.0	19082.0	22180.0	24224.0	26472.0	28170.0	29138.0
606.0	13823.0	19021.0	22097.0	25471.0	28972.0	31776.0	34320.0
506.0	15330.0	22757.0	26219.0	28664.0	30800.0	33622.0	37248.0
110.0	4742.0	4571.0	4997.0	5064.0	5139.0	5175.0	5502.0
505.0	27198.0	42631.0	46411.0	51341.0	56551.0	61364.0	66557.0
2936.0	2149.0	4486.0	6353.0	6753.0	7036.0	7444.0	7876.0
405.0	18236.0	21434.0	24326.0	26882.0	29885.0	32302.0	34298.0
2926.0	23027.0	24056.0	25025.0	25552.0	26423.0	27450.0	28954.0
2925.0	12603.0	14929.0	15591.0	16125.0	17014.0	18698.0	22953.0
2927.0	5092.0	6172.0	7009.0	7887.0	9215.0	10898.0	15279.0
