faz_id,population_2000,population_2010,population_2020,population_2025,population_2030,population_2035,population_2040
8935.0,9011.0,11789.0,12859.0,13657.0,14646.0,16034.0,17570.0
8927.0,4718.0,5623.0,5931.0,6132.0,6736.0,7438.0,7806.0
8926.0,11969.0,13251.0,14729.0,16187.0,17995.0,20375.0,22028.0
8936.0,14758.0,16431.0,17457.0,18475.0,19440.0,20388.0,21051.0
8500.0,12274.0,18282.0,19297.0,20019.0,20961.0,22516.0,26578.0
8406.0,1392.0,1748.0,1931.0,2259.0,2677.0,3284.0,3530.0
8320.0,11552.0,12021.0,12444.0,13183.0,14185.0,16027.0,20356.0
8925.0,11195.0,13804.0,15139.0,16663.0,18130.0,20630.0,23466.0
8937.0,9016.0,10624.0,14345.0,17129.0,20357.0,24303.0,28975.0
8405.0,10570.0,15992.0,17375.0,18939.0,21102.0,23366.0,25748.0
8310.0,26645.0,29335.0,31716.0,32725.0,33584.0,35331.0,38257.0
8910.0,12656.0,14371.0,16176.0,17969.0,20016.0,22630.0,24708.0
7905.0,15692.0,21547.0,24967.0,27611.0,29624.0,31903.0,35452.0
7606.0,1410.0,3381.0,4655.0,5299.0,5660.0,6113.0,6404.0
7805.0,15497.0,20446.0,23056.0,24934.0,26759.0,28639.0,29803.0
8220.0,16453.0,16490.0,17271.0,18109.0,19855.0,21667.0,22194.0
8000.0,11022.0,12521.0,14487.0,15089.0,15587.0,16050.0,16827.0
8906.0,7869.0,8445.0,9019.0,9408.0,9885.0,10536.0,10621.0
8210.0,7665.0,7741.0,9671.0,11648.0,14003.0,15188.0,14867.0
9020.0,12685.0,14972.0,18515.0,20348.0,22275.0,23995.0,25201.0
8125.0,15712.0,16471.0,19761.0,20290.0,20693.0,21514.0,22360.0
8126.0,11598.0,12103.0,14121.0,15193.0,16458.0,17744.0,18932.0
8905.0,8012.0,9801.0,10323.0,10699.0,11188.0,11825.0,12258.0
7806.0,3987.0,4337.0,6216.0,7551.0,8807.0,10351.0,11819.0
7700.0,7866.0,7776.0,8484.0,8619.0,8711.0,8734.0,8735.0
7526.0,14008.0,15778.0,15942.0,16047.0,16087.0,16429.0,16742.0
7340.0,21189.0,26407.0,28250.0,29841.0,30988.0,32137.0,33586.0
7605.0,1815.0,1983.0,2023.0,2086.0,2107.0,2177.0,2175.0
7537.0,17689.0,21608.0,27640.0,28551.0,29507.0,30566.0,31690.0
8115.0,24796.0,27489.0,31453.0,32402.0,33187.0,34877.0,37860.0
7335.0,28856.0,34905.0,36486.0,37656.0,38622.0,40103.0,42278.0
8600.0,14110.0,16856.0,18942.0,20430.0,22001.0,23014.0,24146.0
7425.0,18072.0,30126.0,30967.0,32320.0,33863.0,35166.0,36655.0
7535.0,12711.0,21258.0,29191.0,30293.0,31080.0,32041.0,35096.0
7525.0,14361.0,15579.0,16150.0,16701.0,17622.0,19012.0,21081.0
7436.0,5649.0,5906.0,6143.0,6314.0,6406.0,6441.0,6406.0
9019.0,13389.0,15899.0,16719.0,18242.0,20192.0,22077.0,23582.0
7026.0,9812.0,9682.0,11055.0,11245.0,11335.0,11480.0,11501.0
7205.0,13695.0,13956.0,14856.0,15001.0,15326.0,15822.0,16509.0
7515.0,3255.0,5084.0,5609.0,5799.0,5959.0,6261.0,6754.0
7320.0,20913.0,28968.0,30162.0,31226.0,32246.0,33856.0,36429.0
7206.0,16463.0,17407.0,17948.0,18157.0,18539.0,19273.0,19723.0
7315.0,15301.0,16378.0,18380.0,19784.0,20770.0,21950.0,23827.0
7435.0,7483.0,8020.0,8540.0,8953.0,9321.0,9666.0,9750.0
7316.0,17528.0,19775.0,21679.0,22622.0,23185.0,23621.0,24197.0
7025.0,18563.0,18896.0,21712.0,22213.0,22704.0,23205.0,23382.0
7415.0,6707.0,10981.0,12363.0,13287.0,14060.0,14744.0,15232.0
7100.0,19808.0,19505.0,27007.0,29165.0,30945.0,31690.0,34289.0
7015.0,15802.0,16325.0,18002.0,18188.0,18530.0,19131.0,19838.0
9908.0,4295.0,3828.0,3789.0,3760.0,3732.0,3685.0,3657.0
6410.0,34263.0,34867.0,40852.0,43785.0,48339.0,54367.0,58788.0
6420.0,30892.0,30673.0,36280.0,38432.0,41793.0,47343.0,50527.0
5535.0,19906.0,22929.0,29646.0,31678.0,33400.0,35992.0,41330.0
5600.0,12164.0,14147.0,16204.0,16857.0,17410.0,18237.0,19016.0
5546.0,15246.0,15445.0,18278.0,19397.0,20155.0,20918.0,21731.0
4706.0,11276.0,13720.0,13911.0,14009.0,14401.0,14733.0,14920.0
6605.0,9697.0,11849.0,12698.0,13423.0,14600.0,16058.0,17121.0
6910.0,3205.0,3590.0,4920.0,5497.0,6403.0,7150.0,7817.0
6606.0,4888.0,5263.0,5888.0,6499.0,7378.0,8583.0,9437.0
9909.0,4159.0,4498.0,5537.0,6380.0,7042.0,7611.0,9446.0
9011.0,6925.0,8266.0,10241.0,11113.0,12193.0,13763.0,16191.0
5525.0,12304.0,13753.0,15241.0,16059.0,16887.0,17856.0,18510.0
5515.0,23477.0,23946.0,28271.0,29470.0,30410.0,31246.0,32021.0
6326.0,21384.0,23361.0,24828.0,25101.0,25320.0,25192.0,25673.0
9914.0,14875.0,16116.0,18893.0,20626.0,22072.0,22882.0,23244.0
5545.0,11356.0,13349.0,16492.0,17516.0,18450.0,19066.0,19661.0
6223.0,25465.0,27102.0,28102.0,28239.0,29065.0,29804.0,30037.0
5306.0,20662.0,21674.0,24240.0,24712.0,25061.0,25658.0,26038.0
6325.0,32878.0,35359.0,36850.0,37020.0,37289.0,37206.0,36951.0
9009.0,4212.0,4953.0,5344.0,5690.0,5989.0,6324.0,6603.0
9006.0,8707.0,10025.0,11816.0,13425.0,15040.0,16469.0,17407.0
6225.0,17284.0,19394.0,20417.0,21214.0,21825.0,22162.0,21714.0
9018.0,14279.0,14237.0,19029.0,21468.0,23074.0,24303.0,25634.0
5425.0,33141.0,36919.0,40192.0,41960.0,43493.0,44961.0,46412.0
5305.0,22495.0,25080.0,28729.0,29436.0,29950.0,30476.0,30423.0
5426.0,13365.0,20965.0,22313.0,23051.0,24072.0,24612.0,25964.0
6226.0,28854.0,30269.0,33234.0,33263.0,33436.0,33388.0,33458.0
6126.0,12093.0,12542.0,13976.0,14016.0,14080.0,14174.0,14406.0
6224.0,20564.0,22444.0,23364.0,23581.0,23602.0,23689.0,23396.0
6216.0,14836.0,15728.0,16424.0,16513.0,16589.0,16548.0,16383.0
6316.0,25107.0,28427.0,29802.0,30211.0,30264.0,30035.0,29745.0
6215.0,22095.0,24272.0,23730.0,23763.0,23742.0,23565.0,23233.0
5100.0,7331.0,7466.0,8691.0,8700.0,8709.0,8772.0,8730.0
6213.0,16191.0,18294.0,19136.0,19347.0,19545.0,19583.0,19376.0
9005.0,4689.0,5740.0,6172.0,6654.0,7494.0,8469.0,9163.0
6124.0,22732.0,24369.0,26733.0,27068.0,27306.0,27328.0,27210.0
6125.0,8758.0,9330.0,10200.0,10432.0,10476.0,10515.0,10439.0
6214.0,305.0,239.0,341.0,345.0,356.0,352.0,356.0
5415.0,12667.0,13999.0,15995.0,16537.0,16296.0,17147.0,19165.0
5205.0,11736.0,12397.0,12796.0,13025.0,13408.0,13803.0,14578.0
9916.0,9829.0,10941.0,15249.0,17144.0,18510.0,19394.0,20372.0
9913.0,5353.0,6924.0,7433.0,7529.0,7652.0,7755.0,7752.0
9915.0,13917.0,14422.0,20759.0,23576.0,25728.0,27504.0,29552.0
4606.0,20600.0,23857.0,26501.0,28109.0,29762.0,31254.0,32656.0
6115.0,19979.0,20878.0,23238.0,23525.0,23695.0,23827.0,23846.0
4820.0,6994.0,7624.0,8359.0,8406.0,8435.0,8591.0,8561.0
9017.0,3133.0,3130.0,3544.0,3780.0,4117.0,4439.0,5269.0
6123.0,10618.0,15843.0,18050.0,18440.0,19246.0,19637.0,19615.0
6114.0,29799.0,32758.0,34640.0,35694.0,36166.0,36556.0,36310.0
4607.0,10004.0,26198.0,27994.0,30343.0,33065.0,35522.0,38227.0
6505.0,5119.0,13950.0,14228.0,14197.0,14375.0,14743.0,15445.0
5020.0,24059.0,25462.0,25965.0,26072.0,26493.0,26795.0,28080.0
6113.0,26703.0,28801.0,37899.0,41655.0,42670.0,43449.0,44127.0
5010.0,17875.0,19067.0,20413.0,20684.0,20950.0,21213.0,21660.0
6020.0,8618.0,13619.0,15020.0,15315.0,15597.0,15801.0,16117.0
4900.0,2201.0,7115.0,9022.0,9958.0,10781.0,11464.0,12955.0
6010.0,6069.0,8872.0,11455.0,11693.0,11716.0,11915.0,12494.0
4400.0,21758.0,22906.0,23703.0,23806.0,24068.0,24249.0,24594.0
9900.0,6675.0,6895.0,9976.0,10789.0,11332.0,11857.0,12198.0
9904.0,9762.0,9901.0,12468.0,13700.0,14335.0,15030.0,16095.0
9902.0,20850.0,20316.0,30134.0,31335.0,32146.0,32342.0,32837.0
4810.0,8764.0,9408.0,10820.0,11071.0,11219.0,11320.0,11519.0
5720.0,33868.0,35251.0,37789.0,38256.0,38723.0,38885.0,38662.0
9901.0,7168.0,6292.0,8127.0,9022.0,10127.0,11745.0,14348.0
5826.0,4316.0,4783.0,5981.0,6166.0,6312.0,6627.0,6675.0
5825.0,1923.0,1930.0,3251.0,3513.0,3700.0,3713.0,3696.0
5925.0,24218.0,25769.0,26324.0,26605.0,26955.0,27434.0,27279.0
9015.0,12908.0,14040.0,14931.0,15689.0,16560.0,17260.0,17344.0
4506.0,15793.0,16301.0,18198.0,18607.0,19032.0,19738.0,20306.0
4605.0,19987.0,24226.0,25266.0,26296.0,27305.0,28035.0,29304.0
9002.0,21796.0,23650.0,34665.0,39095.0,42703.0,45624.0,49045.0
4226.0,14368.0,15179.0,18371.0,19537.0,20341.0,20677.0,20759.0
4505.0,15385.0,15851.0,17066.0,17252.0,17515.0,17629.0,17806.0
4225.0,10973.0,16774.0,17590.0,18394.0,19212.0,20064.0,21050.0
5716.0,24027.0,25616.0,26331.0,26343.0,26555.0,26592.0,26698.0
5916.0,33393.0,36550.0,37359.0,37593.0,37849.0,38534.0,38638.0
4300.0,10211.0,10033.0,11540.0,12125.0,12730.0,13283.0,13813.0
5815.0,4658.0,4954.0,5160.0,5200.0,5239.0,5295.0,5248.0
9004.0,14436.0,17716.0,18765.0,20199.0,22425.0,25153.0,27654.0
5715.0,16670.0,16704.0,18070.0,18111.0,18228.0,18216.0,18102.0
3330.0,12181.0,12291.0,13857.0,15212.0,16641.0,17956.0,18646.0
6506.0,13784.0,13936.0,15740.0,16710.0,17973.0,19174.0,20508.0
5915.0,18907.0,19460.0,21244.0,21310.0,21258.0,21374.0,21467.0
3905.0,7689.0,8690.0,11238.0,11853.0,12149.0,12447.0,12506.0
4130.0,12562.0,16984.0,17776.0,17952.0,18371.0,18647.0,19150.0
6930.0,10267.0,10611.0,10423.0,10504.0,10622.0,10717.0,10713.0
3825.0,16734.0,17488.0,21724.0,22272.0,22573.0,23164.0,23828.0
4120.0,16699.0,19377.0,21576.0,21982.0,22368.0,22839.0,23412.0
3816.0,21840.0,21030.0,24983.0,25754.0,26478.0,26424.0,27473.0
4210.0,15813.0,23500.0,26099.0,28082.0,29836.0,31093.0,31730.0
9016.0,10454.0,11613.0,12903.0,14189.0,15983.0,18020.0,19235.0
4005.0,10988.0,11768.0,15586.0,16693.0,17281.0,17915.0,19177.0
4230.0,9476.0,9768.0,11527.0,12438.0,13261.0,13839.0,14100.0
3815.0,18472.0,18834.0,20897.0,21074.0,21301.0,21342.0,21258.0
3705.0,29415.0,29631.0,32880.0,33561.0,33867.0,35126.0,37282.0
3900.0,4876.0,4899.0,6227.0,6643.0,7527.0,8020.0,8307.0
4110.0,16709.0,18410.0,20421.0,21466.0,22610.0,24485.0,28221.0
3416.0,21113.0,23088.0,24038.0,24562.0,25111.0,25900.0,28133.0
3413.0,6514.0,8324.0,9855.0,11092.0,12071.0,12899.0,13258.0
3706.0,15343.0,15087.0,17913.0,18533.0,18849.0,18990.0,19175.0
3600.0,16432.0,20062.0,21370.0,22033.0,23189.0,23881.0,26795.0
3415.0,20227.0,23224.0,28262.0,30710.0,32342.0,33745.0,35760.0
3320.0,24162.0,27929.0,29723.0,30834.0,31910.0,32917.0,33614.0
3505.0,32688.0,36990.0,43610.0,45408.0,46652.0,47312.0,49331.0
3414.0,22931.0,25190.0,29254.0,30091.0,30535.0,30808.0,31063.0
6900.0,7195.0,7612.0,8540.0,9560.0,10669.0,11647.0,12556.0
2940.0,11987.0,14434.0,17557.0,20395.0,23866.0,27191.0,29011.0
2216.0,15732.0,18199.0,19638.0,20615.0,21963.0,22929.0,23825.0
3046.0,22021.0,22751.0,24808.0,25404.0,25775.0,26330.0,26376.0
2225.0,11442.0,13113.0,15474.0,17054.0,18730.0,21375.0,24760.0
3426.0,15276.0,18946.0,23249.0,24979.0,25991.0,26967.0,27975.0
3427.0,16910.0,22398.0,24053.0,25018.0,26227.0,27245.0,28146.0
3045.0,25504.0,26534.0,28807.0,29863.0,30809.0,31501.0,32110.0
3310.0,13327.0,19432.0,20408.0,21695.0,25850.0,30320.0,35578.0
3030.0,28441.0,34469.0,41617.0,46695.0,51236.0,54049.0,55480.0
3130.0,14594.0,15342.0,16145.0,16529.0,17146.0,17725.0,18581.0
3010.0,40623.0,40086.0,43881.0,45332.0,46476.0,47746.0,49390.0
3020.0,21492.0,22332.0,24396.0,24965.0,25275.0,26013.0,29678.0
3425.0,14190.0,17599.0,20197.0,21990.0,23497.0,24548.0,25354.0
2100.0,17970.0,18755.0,20759.0,21387.0,21674.0,22143.0,22795.0
1606.0,12269.0,11996.0,12798.0,13142.0,13470.0,13687.0,13913.0
2215.0,14968.0,16738.0,18192.0,19076.0,19750.0,20379.0,20754.0
1720.0,24244.0,23733.0,26340.0,26984.0,28026.0,29497.0,29677.0
3120.0,22867.0,23569.0,24907.0,25664.0,26857.0,28931.0,33666.0
1900.0,277.0,657.0,879.0,890.0,907.0,919.0,922.0
3110.0,7462.0,8716.0,9628.0,9912.0,10057.0,10117.0,10036.0
3200.0,19129.0,19044.0,21096.0,22682.0,24063.0,25402.0,26290.0
1605.0,16521.0,15809.0,17089.0,17251.0,17427.0,17471.0,17438.0
2000.0,6329.0,10593.0,12322.0,13591.0,14719.0,15549.0,16422.0
1820.0,5469.0,6143.0,6903.0,7114.0,7590.0,8115.0,7979.0
1200.0,14209.0,16059.0,18071.0,19036.0,19967.0,20480.0,20793.0
1710.0,19606.0,20717.0,21687.0,22303.0,23392.0,25691.0,27291.0
1810.0,2885.0,3471.0,3596.0,3986.0,4491.0,5435.0,6213.0
900.0,8600.0,9814.0,10938.0,11395.0,11795.0,12142.0,12440.0
806.0,16097.0,28635.0,31668.0,35316.0,38496.0,41413.0,44341.0
1506.0,21148.0,20912.0,22689.0,23419.0,24071.0,24607.0,25050.0
1410.0,10787.0,11256.0,11973.0,12094.0,12529.0,12975.0,13151.0
1505.0,17772.0,19387.0,21545.0,22091.0,22614.0,23067.0,23342.0
1330.0,20482.0,21992.0,23269.0,24142.0,24577.0,24463.0,24552.0
1000.0,9075.0,8985.0,9855.0,10149.0,10331.0,10516.0,10521.0
1320.0,17449.0,17110.0,18469.0,18546.0,18501.0,18481.0,18221.0
1420.0,10742.0,12081.0,12744.0,13290.0,14365.0,16923.0,20889.0
1130.0,4101.0,3989.0,5668.0,6115.0,6472.0,6840.0,7228.0
1116.0,13432.0,13595.0,17845.0,18981.0,19584.0,20132.0,20436.0
1310.0,24093.0,25639.0,28133.0,28575.0,28689.0,28642.0,28339.0
805.0,16583.0,19414.0,22936.0,25079.0,26571.0,27491.0,28377.0
1115.0,9069.0,11351.0,13966.0,15915.0,17583.0,18601.0,18864.0
205.0,12168.0,12611.0,13103.0,13284.0,13425.0,13519.0,13505.0
136.0,11052.0,10216.0,11275.0,11357.0,11436.0,11465.0,11522.0
1120.0,26987.0,29841.0,34458.0,36823.0,38790.0,41207.0,43732.0
705.0,14288.0,18866.0,19417.0,21612.0,23534.0,28295.0,34136.0
120.0,10805.0,10457.0,11791.0,12146.0,12576.0,13042.0,13104.0
325.0,19030.0,23565.0,24777.0,25826.0,26900.0,27235.0,27643.0
135.0,14443.0,15211.0,17099.0,17624.0,17997.0,18048.0,17903.0
706.0,11558.0,12200.0,13064.0,13768.0,14864.0,16358.0,17689.0
206.0,12072.0,12266.0,13728.0,13950.0,13983.0,13910.0,13800.0
2910.0,1642.0,3377.0,3772.0,4100.0,4535.0,4907.0,5725.0
315.0,13152.0,13701.0,15037.0,15223.0,15573.0,15928.0,15941.0
2935.0,16901.0,11022.0,10762.0,10651.0,10575.0,10393.0,10209.0
605.0,18511.0,20407.0,23414.0,25525.0,27530.0,28864.0,29701.0
606.0,13823.0,19694.0,23732.0,27458.0,30443.0,33136.0,35425.0
506.0,15330.0,23762.0,27235.0,29454.0,31905.0,35108.0,40637.0
110.0,4742.0,4699.0,5042.0,5085.0,5257.0,5313.0,5485.0
505.0,27198.0,44700.0,48965.0,55127.0,60674.0,65409.0,71632.0
2936.0,2149.0,8171.0,7943.0,8204.0,8307.0,8456.0,9090.0
405.0,18236.0,22863.0,26528.0,29494.0,32069.0,34278.0,36118.0
2926.0,23027.0,25269.0,26044.0,26703.0,27771.0,28983.0,30179.0
2925.0,12603.0,15561.0,16276.0,17031.0,18721.0,21920.0,25702.0
2927.0,5092.0,6274.0,7110.0,8216.0,10531.0,13843.0,19469.0
