faz_id mean lower_50 upper_50 lower_80 upper_80 lower_90 upper_90
8935	5430	5067	5806	4750	6155	4565	6369
8927	2375	2137	2626	1933	2862	1816	3009
8926	6704	6299	7121	5946	7508	5739	7744
8936	7307	6884	7742	6515	8145	6298	8391
8500	8091	7646	8549	7256	8972	7027	9229
8406	943	795	1103	673	1259	605	1356
8320	5084	4733	5448	4427	5787	4249	5994
8925	6665	6262	7081	5909	7466	5703	7702
8937	7488	7060	7928	6686	8336	6466	8585
8405	7180	6761	7611	6395	8011	6180	8255
8310	13058	12491	13638	11991	14170	11697	14494
8910	7294	6872	7729	6502	8131	6286	8377
7905	10443	9937	10962	9491	11440	9230	11731
7606	2120	1895	2357	1704	2582	1594	2721
7805	9421	8940	9914	8518	10369	8270	10647
8220	8625	8165	9097	7762	9533	7526	9799
8000	6146	5759	6546	5421	6916	5224	7143
8906	3547	3254	3852	3002	4138	2855	4313
8210	6297	5905	6701	5563	7076	5363	7306
9020	8774	8310	9250	7903	9690	7665	9958
8125	8161	7714	8621	7322	9045	7093	9304
8126	6698	6294	7115	5940	7501	5734	7737
8905	4013	3701	4337	3432	4640	3275	4826
7806	3251	2971	3543	2730	3817	2591	3986
7700	3630	3334	3939	3078	4227	2930	4405
7526	6364	5970	6771	5626	7148	5425	7378
7340	10890	10373	11420	9918	11908	9650	12205
7605	779	645	925	536	1068	475	1158
7537	12612	12055	13182	11564	13706	11275	14024
8115	14936	14329	15556	13793	16124	13478	16469
7335	15249	14636	15875	14094	16449	13775	16798
8600	7767	7331	8216	6949	8630	6726	8883
7425	11420	10890	11963	10424	12462	10149	12766
7535	13709	13128	14303	12615	14848	12313	15180
7525	6572	6172	6985	5822	7368	5617	7602
7436	2297	2063	2544	1863	2777	1748	2921
9019	7659	7226	8104	6847	8516	6625	8768
7026	4303	3980	4638	3700	4951	3538	5143
7205	6135	5748	6534	5411	6905	5214	7131
7515	2263	2031	2508	1832	2739	1718	2883
7320	11913	11372	12467	10895	12977	10614	13286
7206	8010	7567	8465	7179	8886	6952	9143
7315	7463	7036	7903	6662	8310	6443	8558
7435	3300	3018	3595	2775	3871	2634	4041
7316	8502	8046	8971	7645	9404	7411	9668
7025	10258	9756	10772	9315	11247	9056	11535
7415	5094	4742	5458	4436	5797	4258	6005
7100	13676	13096	14269	12583	14814	12282	15145
7015	7806	7369	8256	6986	8671	6762	8925
9908	1162	997	1339	860	1510	782	1617
6410	20463	19752	21187	19122	21850	18749	22251
6420	16545	15906	17197	15341	17794	15008	18157
5535	13045	12478	13624	11979	14157	11684	14480
5600	6872	6462	7294	6104	7685	5895	7924
5546	7788	7351	8237	6969	8652	6745	8906
4706	5425	5062	5801	4745	6150	4561	6364
6605	5027	4678	5389	4374	5726	4197	5932
6910	2416	2176	2669	1970	2907	1852	3055
6606	2605	2355	2867	2141	3114	2018	3267
9909	2567	2319	2828	2107	3073	1984	3225
9011	5305	4946	5677	4633	6022	4451	6234
5525	6801	6393	7221	6037	7610	5829	7848
5515	12182	11634	12742	11152	13257	10868	13570
6326	11769	11231	12320	10757	12826	10479	13134
9914	8218	7769	8679	7376	9105	7146	9365
5545	6524	6125	6936	5776	7317	5573	7550
6223	13780	13197	14375	12683	14922	12381	15254
5306	11225	10700	11763	10237	12258	9966	12559
6325	16862	16217	17520	15646	18123	15310	18489
9009	2284	2050	2530	1851	2763	1736	2906
9006	5589	5220	5970	4899	6325	4711	6542
6225	11162	10638	11698	10177	12192	9906	12493
9018	9666	9179	10166	8751	10626	8500	10907
5425	18377	17703	19063	17107	19693	16755	20074
5305	13156	12587	13738	12085	14273	11790	14597
5426	9013	8543	9496	8130	9941	7888	10213
6226	14734	14131	15349	13599	15914	13286	16257
6126	6071	5686	6468	5351	6837	5155	7062
6224	11374	10845	11915	10380	12414	10106	12717
6216	6967	6554	7392	6194	7786	5983	8026
6316	15605	14984	16238	14436	16819	14113	17172
6215	11997	11454	12553	10975	13064	10694	13375
5100	3094	2821	3379	2586	3647	2451	3812
6213	10276	9774	10791	9332	11265	9073	11554
9005	2761	2504	3031	2283	3285	2155	3442
6124	14783	14179	15399	13646	15965	13332	16309
6125	5599	5230	5981	4908	6335	4721	6552
6214	238	167	322	114	408	87	464
5415	6597	6196	7011	5845	7394	5640	7629
5205	6019	5636	6415	5302	6782	5107	7006
9916	7166	6748	7597	6381	7996	6167	8240
9913	3568	3275	3874	3021	4160	2874	4337
9915	10128	9629	10639	9191	11110	8934	11397
4606	10357	9853	10874	9409	11350	9149	11640
6115	11773	11235	12324	10761	12830	10482	13139
4820	3771	3469	4085	3208	4379	3057	4560
9017	1699	1498	1912	1329	2115	1232	2241
6123	12960	12395	13538	11897	14068	11604	14391
6114	17862	17198	18539	16610	19159	16264	19535
4607	11077	10555	11611	10096	12103	9826	12403
6505	5038	4688	5400	4384	5738	4207	5944
5020	10687	10175	11212	9724	11696	9459	11990
6113	27427	26602	28264	25870	29029	25437	29492
5010	8926	8458	9406	8048	9850	7807	10120
6020	13087	12519	13667	12019	14201	11724	14525
4900	7409	6983	7847	6611	8253	6393	8500
6010	9432	8951	9926	8529	10381	8281	10658
4400	9630	9144	10129	8717	10589	8466	10869
9900	4837	4494	5192	4196	5523	4023	5726
9904	6204	5815	6606	5476	6978	5277	7206
9902	14239	13647	14844	13124	15400	12816	15737
4810	4759	4419	5111	4124	5440	3952	5641
5720	19215	18526	19917	17916	20560	17556	20949
9901	3869	3563	4187	3299	4485	3145	4668
5826	3277	2996	3571	2754	3846	2614	4015
5825	2029	1809	2261	1622	2481	1515	2618
5925	11462	10931	12005	10464	12506	10189	12810
9015	6314	5922	6719	5579	7095	5379	7324
4506	7607	7176	8051	6798	8461	6577	8712
4605	10449	9942	10968	9497	11447	9235	11738
9002	17126	16476	17789	15901	18397	15562	18765
4226	7718	7283	8165	6903	8579	6680	8831
4505	6067	5682	6464	5347	6833	5151	7058
4225	7217	6797	7650	6430	8050	6215	8294
5716	11056	10535	11590	10076	12081	9806	12380
5916	14522	13924	15133	13396	15694	13084	16034
4300	5391	5029	5766	4714	6114	4530	6327
5815	2174	1946	2414	1752	2641	1641	2782
9004	8110	7664	8568	7274	8992	7045	9250
5715	8111	7665	8569	7275	8993	7046	9251
3330	6088	5703	6486	5367	6855	5170	7081
6506	6656	6253	7072	5901	7457	5695	7692
5915	8099	7654	8557	7263	8980	7035	9238
3905	4638	4303	4986	4011	5310	3842	5509
4130	8419	7965	8886	7567	9317	7333	9580
6930	4557	4225	4902	3936	5224	3768	5421
3825	8724	8262	9199	7856	9637	7618	9905
4120	9151	8677	9637	8261	10086	8018	10359
3816	10291	9788	10806	9346	11281	9087	11570
4210	10805	10290	11333	9836	11819	9570	12115
9016	5878	5500	6269	5170	6632	4977	6854
4005	6455	6058	6864	5712	7244	5509	7476
4230	4735	4396	5087	4102	5414	3930	5615
3815	8862	8396	9341	7987	9782	7747	10052
3705	13633	13053	14225	12542	14769	12241	15100
3900	3350	3066	3647	2821	3925	2679	4096
4110	9096	8624	9581	8209	10028	7966	10301
3416	9550	9066	10047	8641	10505	8391	10784
3413	4296	3973	4631	3694	4944	3531	5136
3706	7446	7019	7885	6646	8292	6427	8540
3600	9545	9061	10042	8636	10499	8387	10778
3415	11917	11376	12471	10899	12981	10618	13291
3320	11329	10801	11869	10337	12367	10064	12669
3505	18667	17988	19359	17387	19993	17032	20377
3414	10642	10131	11166	9681	11649	9417	11942
6900	3938	3629	4259	3362	4559	3207	4744
2940	8874	8408	9353	7998	9795	7758	10065
2216	8067	7623	8524	7233	8946	7005	9204
3046	10454	9947	10973	9502	11452	9240	11743
2225	7462	7035	7902	6661	8309	6442	8557
3426	8622	8162	9094	7759	9530	7523	9796
3427	9389	8909	9881	8488	10336	8240	10613
3045	12030	11486	12587	11007	13099	10725	13410
3310	8880	8413	9359	8004	9801	7764	10071
3030	18208	17537	18891	16944	19518	16594	19897
3130	7601	7170	8045	6792	8455	6571	8706
3010	17560	16901	18231	16319	18846	15975	19219
3020	10838	10322	11367	9868	11854	9601	12150
3425	8668	8207	9141	7803	9579	7566	9845
2100	8065	7621	8522	7231	8944	7003	9202
1606	5917	5537	6309	5206	6673	5013	6896
2215	7792	7355	8241	6973	8657	6749	8910
1720	12030	11486	12587	11007	13099	10725	13410
3120	10468	9961	10988	9515	11466	9253	11758
1900	555	443	680	353	802	304	881
3110	3650	3353	3959	3097	4249	2948	4427
3200	8972	8503	9454	8091	9898	7850	10169
1605	8195	7747	8656	7354	9081	7124	9341
2000	5619	5249	6001	4927	6357	4739	6574
1820	4764	4424	5117	4129	5445	3957	5646
1200	7760	7324	8208	6943	8623	6719	8876
1710	9934	9440	10440	9006	10907	8751	11191
1810	2175	1947	2415	1753	2642	1642	2783
900	4840	4497	5195	4199	5526	4026	5729
806	13990	13403	14590	12885	15141	12580	15475
1506	9811	9320	10314	8889	10778	8636	11061
1410	4999	4651	5360	4347	5696	4171	5902
1505	9316	8838	9807	8418	10259	8172	10535
1330	8747	8284	9223	7878	9662	7640	9929
1000	4011	3700	4335	3430	4638	3273	4824
1320	7361	6937	7798	6566	8202	6348	8449
1420	5979	5597	6373	5264	6739	5070	6963
1130	2895	2631	3171	2405	3431	2274	3591
1116	7902	7462	8354	7077	8772	6851	9028
1310	10736	10222	11262	9771	11747	9505	12042
805	9289	8812	9779	8393	10231	8147	10506
1115	6762	6356	7181	6001	7569	5793	7806
205	5802	5426	6190	5098	6551	4907	6772
136	5124	4771	5489	4464	5829	4285	6038
1120	15323	14708	15950	14165	16526	13845	16876
705	8380	7927	8846	7530	9276	7297	9538
120	5166	4812	5533	4503	5874	4324	6083
325	10510	10002	11031	9555	11510	9293	11802
135	7142	6724	7572	6359	7971	6145	8214
706	5644	5273	6027	4950	6383	4762	6601
206	6045	5661	6441	5326	6809	5131	7034
2910	1567	1375	1772	1212	1967	1120	2089
315	6311	5919	6716	5576	7091	5376	7321
2935	3026	2756	3308	2524	3573	2390	3737
605	10236	9735	10750	9294	11224	9035	11512
606	11032	10511	11565	10053	12056	9784	12355
506	10890	10373	11420	9918	11908	9650	12205
110	2216	1986	2458	1790	2688	1677	2830
505	20501	19789	21226	19158	21889	18786	22291
2936	3060	2789	3344	2555	3610	2420	3775
405	11713	11176	12262	10704	12768	10426	13075
2926	9802	9312	10305	8881	10769	8628	11051
2925	6790	6383	7210	6027	7599	5819	7836
2927	3875	3569	4194	3304	4491	3151	4674
