faz_id mean lower_50 upper_50 lower_80 upper_80 lower_90 upper_90
8935	13142	11981	14357	10981	15497	10403	16200
8927	6175	5387	7016	4724	7820	4348	8322
8926	16227	14934	17574	13815	18833	13166	19608
8936	18359	16981	19790	15787	21125	15093	21945
8500	19877	18443	21365	17197	22751	16472	23602
8406	2150	1696	2657	1334	3160	1137	3482
8320	13331	12161	14555	11154	15703	10571	16410
8925	16328	15030	17679	13908	18942	13257	19719
8937	17293	15957	18683	14799	19981	14128	20778
8405	18894	17496	20346	16283	21699	15578	22529
8310	32752	30903	34655	29284	36414	28336	37488
8910	17734	16381	19141	15208	20454	14527	21261
7905	27450	25760	29194	24283	30811	23421	31799
7606	5458	4719	6251	4100	7010	3750	7486
7805	25050	23436	26717	22029	28265	21208	29212
8220	17656	16306	19060	15135	20371	14456	21176
8000	14895	13657	16187	12588	17396	11969	18141
8906	9544	8558	10583	7717	11566	7234	12174
8210	10611	9570	11706	8679	12737	8166	13375
9020	20468	19012	21978	17747	23383	17010	24245
8125	20392	18939	21899	17676	23302	16941	24162
8126	14857	13620	16147	12553	17355	11935	18099
8905	10601	9561	11695	8670	12726	8158	13364
7806	7705	6822	8642	6073	9531	5645	10084
7700	8572	7639	9558	6845	10493	6391	11073
7526	15988	14704	17325	13594	18576	12951	19345
7340	29524	27770	31332	26236	33006	25339	34028
7605	2088	1641	2588	1285	3085	1092	3403
7537	28070	26360	29833	24867	31467	23994	32466
8115	32613	30768	34512	29152	36268	28207	37339
7335	37210	35237	39236	33507	41107	32493	42247
8600	20693	19229	22211	17956	23624	17216	24490
7425	33121	31262	35034	29633	36803	28679	37882
7535	30336	28558	32168	27002	33864	26092	34900
7525	16566	15259	17927	14128	19199	13472	19980
7436	6412	5609	7269	4932	8086	4547	8596
9019	18299	16924	19728	15731	21061	15039	21879
7026	11201	10131	12325	9213	13383	8685	14037
7205	15086	13840	16386	12763	17603	12140	18351
7515	5673	4919	6481	4286	7254	3928	7737
7320	31093	29292	32948	27716	34664	26794	35711
7206	18198	16827	19623	15638	20952	14947	21769
7315	19367	17951	20836	16723	22205	16008	23046
7435	9035	8077	10047	7260	11004	6791	11598
7316	22683	21149	24271	19813	25747	19035	26651
7025	21960	20451	23523	19138	24976	18373	25867
7415	13284	12116	14505	11111	15651	10530	16358
7100	29212	27467	31010	25942	32676	25050	33693
7015	18083	16716	19504	15531	20829	14843	21643
9908	3740	3133	4401	2632	5042	2354	5446
6410	43436	41303	45623	39427	47639	38326	48865
6420	37651	35667	39689	33926	41570	32905	42717
5535	31442	29631	33307	28046	35032	27118	36085
5600	16815	15498	18186	14358	19466	13696	20254
5546	19399	17982	20869	16752	22240	16037	23080
4706	14202	12994	15464	11951	16647	11349	17375
6605	13116	11956	14330	10957	15469	10380	16172
6910	5529	4785	6327	4161	7091	3809	7569
6606	6308	5512	7158	4840	7970	4460	8476
9909	6165	5378	7006	4715	7809	4340	8310
9011	11192	10122	12315	9205	13373	8677	14027
5525	15759	14485	17087	13383	18329	12745	19093
5515	29580	27824	31389	26289	33065	25391	34088
6326	24749	23145	26406	21747	27945	20931	28887
9914	20499	19042	22010	17776	23416	17039	24279
5545	17681	16330	19086	15159	20397	14479	21203
6223	29037	27298	30830	25777	32491	24888	33505
5306	24729	23126	26386	21728	27924	20913	28865
6325	36979	35013	38999	33288	40864	32277	42001
9009	5631	4880	6436	4250	7206	3893	7688
9006	13644	12460	14882	11440	16042	10850	16757
6225	21159	19678	22694	18391	24122	17641	24997
9018	21431	19941	22975	18644	24412	17889	25292
5425	42070	39971	44223	38126	46208	37044	47416
5305	29387	27637	31191	26107	32861	25212	33881
5426	23264	21710	24872	20356	26366	19567	27280
6226	33421	31553	35343	29917	37119	28958	38203
6126	14107	12903	15365	11864	16544	11264	17270
6224	23429	21869	25042	20511	26541	19719	27459
6216	16581	15273	17943	14141	19215	13485	19997
6316	29961	28194	31782	26648	33468	25744	34497
6215	23997	22418	25629	21042	27146	20240	28074
5100	8697	7757	9690	6957	10631	6499	11215
6213	19283	17871	20749	16644	22116	15932	22954
9005	6671	5851	7544	5159	8377	4766	8896
6124	27051	25373	28783	23908	30388	23052	31369
6125	10402	9372	11486	8490	12508	7983	13141
6214	368	196	594	87	843	43	1013
5415	15844	14566	17176	13461	18421	12821	19186
5205	13140	11979	14355	10979	15495	10401	16198
9916	17018	15693	18397	14545	19685	13879	20476
9913	7590	6714	8520	5971	9403	5547	9953
9915	23343	21786	24953	20430	26450	19640	27366
4606	28232	26517	30000	25019	31639	24143	32640
6115	23392	21834	25004	20476	26502	19685	27419
4820	8495	7567	9477	6776	10408	6324	10985
9017	3925	3303	4601	2788	5256	2501	5669
6123	19331	17917	20799	16689	22167	15975	23006
6114	35534	33607	37515	31918	39344	30928	40460
4607	30039	28269	31862	26722	33550	25817	34581
6505	14295	13083	15561	12037	16747	11432	17478
5020	26142	24493	27845	23054	29424	22214	30390
6113	41011	38939	43137	37119	45097	36050	46291
5010	20557	19098	22070	17830	23478	17092	24342
6020	18416	17036	19849	15840	21186	15145	22007
4900	10840	9788	11946	8886	12988	8367	13632
6010	13964	12766	15216	11733	16389	11136	17112
4400	24128	22545	25765	21165	27285	20360	28215
9900	10837	9785	11943	8883	12985	8365	13629
9904	13591	12410	14826	11391	15985	10803	16698
9902	31374	29565	33237	27982	34960	27055	36012
4810	11001	9941	12115	9032	13164	8509	13813
5720	38251	36251	40305	34495	42201	33466	43356
9901	9250	8280	10274	7452	11242	6978	11842
5826	6035	5257	6867	4602	7662	4231	8159
5825	3550	2959	4194	2473	4821	2203	5216
5925	26272	24619	27979	23176	29562	22334	30530
9015	15768	14493	17096	13391	18339	12753	19103
4506	18373	16995	19805	15800	21140	15106	21960
4605	25832	24193	27525	22763	29095	21928	30056
9002	38535	36527	40597	34765	42499	33731	43658
4226	19542	18120	21018	16885	22393	16167	23236
4505	17217	15884	18604	14729	19899	14059	20694
4225	18142	16773	19565	15586	20892	14896	21707
5716	26263	24610	27970	23168	29552	22325	30520
5916	37536	35555	39571	33816	41450	32797	42594
4300	11954	10848	13114	9897	14205	9349	14878
5815	5266	4541	6045	3933	6793	3591	7261
9004	20028	18588	21522	17337	22913	16610	23766
5715	18178	16807	19602	15619	20931	14929	21747
3330	15089	13843	16389	12766	17606	12143	18355
6506	16488	15184	17846	14056	19115	13401	19894
5915	21455	19964	23000	18667	24437	17911	25318
3905	11739	10643	12889	9702	13970	9159	14638
4130	18089	16722	19510	15537	20835	14848	21649
6930	10522	9486	11612	8598	12640	8088	13275
3825	22183	20666	23754	19346	25214	18577	26109
4120	22042	20530	23608	19214	25064	18448	25956
3816	25766	24129	27457	22701	29025	21867	29984
4210	28139	26427	29905	24932	31541	24057	32540
9016	14328	13114	15596	12067	16783	11461	17514
4005	16587	15279	17949	14147	19221	13490	20003
4230	12447	11317	13630	10346	14742	9786	15428
3815	20953	19480	22480	18199	23902	17453	24773
3705	33505	31635	35429	29996	37208	29037	38293
3900	6607	5791	7476	5103	8305	4712	8822
4110	21008	19533	22537	18250	23960	17503	24833
3416	24562	22964	26213	21572	27746	20759	28684
3413	11120	10054	12240	9140	13294	8614	13946
3706	18703	17312	20147	16106	21494	15405	22321
3600	22118	20603	23686	19285	25145	18518	26038
3415	30888	29093	32736	27523	34447	26604	35492
3320	31008	29210	32860	27636	34574	26715	35620
3505	45399	43217	47634	41299	49693	40171	50946
3414	29801	28039	31617	26497	33299	25596	34326
6900	9256	8286	10280	7458	11248	6983	11848
2940	20187	18741	21687	17485	23083	16754	23939
2216	20918	19446	22444	18166	23864	17421	24735
3046	25194	23576	26866	22164	28418	21341	29367
2225	17142	15812	18526	14660	19818	13991	20612
3426	25198	23580	26870	22168	28422	21344	29371
3427	25458	23831	27139	22412	28698	21584	29652
3045	29885	28120	31704	26577	33388	25674	34416
3310	21677	20178	23230	18874	24674	18114	25559
3030	47408	45178	49692	43216	51794	42063	53073
3130	16812	15495	18183	14355	19463	13693	20250
3010	45127	42952	47356	41039	49409	39916	50658
3020	24695	23093	26351	21696	27888	20881	28828
3425	22468	20941	24048	19612	25518	18838	26418
2100	21186	19704	22721	18416	24150	17666	25026
1606	13084	11925	14296	10928	15434	10352	16136
2215	18839	17443	20288	16232	21640	15528	22469
1720	26971	25296	28700	23833	30303	22978	31283
3120	25448	23821	27128	22402	28688	21574	29641
1900	882	601	1217	394	1564	291	1793
3110	10015	9005	11079	8141	12083	7644	12705
3200	22377	20853	23954	19527	25421	18755	26319
1605	17422	16081	18817	14919	20119	14244	20919
2000	13538	12359	14771	11343	15927	10756	16640
1820	7312	6453	8225	5725	9094	5310	9634
1200	19257	17846	20722	16620	22088	15908	22926
1710	22208	20690	23779	19369	25241	18600	26136
1810	3837	3222	4506	2714	5154	2431	5563
900	11338	10261	12469	9337	13533	8806	14190
806	35860	33924	37850	32227	39687	31232	40808
1506	23216	21664	24822	20311	26315	19523	27228
1410	12078	10966	13244	10010	14340	9459	15017
1505	22294	20773	23868	19450	25332	18679	26229
1330	24197	22612	25836	21230	27358	20424	28290
1000	10133	9117	11203	8247	12213	7748	12838
1320	18414	17034	19847	15838	21184	15143	22005
1420	12862	11713	14064	10725	15193	10154	15889
1130	6300	5504	7150	4833	7961	4453	8467
1116	18899	17501	20351	16288	21704	15583	22535
1310	28427	26706	30201	25203	31845	24324	32850
805	24372	22781	26017	21394	27544	20585	28479
1115	16495	15191	17853	14062	19122	13407	19902
205	13377	12205	14603	11196	15752	10612	16461
136	11491	10407	12629	9476	13700	8940	14361
1120	37233	35260	39260	33529	41131	32514	42272
705	21847	20342	23406	19032	24856	18270	25744
120	12238	11118	13411	10156	14514	9601	15195
325	25833	24194	27526	22764	29096	21929	30057
135	17607	16259	19009	15090	20318	14412	21122
706	14301	13088	15567	12042	16754	11437	17484
206	13821	12629	15066	11602	16234	11008	16953
2910	3912	3291	4587	2777	5241	2490	5653
315	15227	13975	16533	12893	17755	12267	18507
2935	10636	9594	11732	8701	12765	8188	13403
605	25710	24075	27399	22648	28966	21816	29924
606	27386	25698	29128	24223	30743	23362	31730
506	29511	27757	31318	26224	32992	25327	34014
110	5064	4353	5828	3759	6563	3425	7023
505	54437	52046	56882	49938	59130	48698	60496
2936	8281	7365	9251	6585	10171	6140	10742
405	29772	28010	31587	26470	33268	25569	34295
2926	26459	24800	28172	23352	29760	22506	30732
2925	16969	15646	18346	14500	19632	13835	20422
2927	8323	7404	9295	6623	10217	6176	10790
