faz_id mean lower_50 upper_50 lower_80 upper_80 lower_90 upper_90
8935	4825	4143	5559	3573	6265	3252	6708
8927	1162	840	1536	595	1917	469	2165
8926	2092	1652	2584	1299	3072	1109	3384
8936	3332	2769	3947	2307	4545	2051	4923
8500	12109	11013	13257	10070	14336	9526	15001
8406	243	110	428	35	639	10	785
8320	9571	8599	10595	7769	11561	7292	12159
8925	2460	1980	2992	1593	3515	1381	3849
8937	7187	6349	8077	5638	8924	5233	9451
8405	871	596	1198	393	1537	292	1760
8310	10295	9286	11356	8422	12355	7926	12974
8910	2869	2349	3441	1925	4001	1691	4356
7905	4809	4128	5542	3559	6247	3239	6689
7606	735	485	1037	303	1354	215	1564
7805	3133	2588	3730	2142	4312	1895	4680
8220	12106	11010	13254	10067	14332	9524	14998
8000	37847	35889	39857	34170	41711	33162	42841
8906	1288	948	1680	686	2077	550	2335
8210	21644	20170	23170	18887	24589	18139	25458
9020	3975	3358	4644	2847	5291	2561	5698
8125	5796	5046	6598	4414	7365	4057	7845
8126	7654	6788	8572	6052	9444	5632	9985
8905	996	700	1344	478	1702	366	1936
7806	1591	1210	2024	912	2458	753	2738
7700	5512	4781	6295	4167	7045	3820	7514
7526	9582	8610	10606	7779	11573	7302	12172
7340	3943	3329	4609	2820	5254	2536	5660
7605	1234	902	1618	647	2009	515	2263
7537	14669	13460	15930	12416	17110	11811	17837
8115	10065	9068	11114	8215	12103	7724	12715
7335	10493	9474	11564	8602	12572	8100	13196
8600	11710	10633	12839	9707	13901	9173	14557
7425	4049	3426	4724	2910	5376	2621	5787
7535	5456	4729	6235	4118	6981	3773	7448
7525	2415	1940	2942	1556	3461	1347	3792
7436	2360	1891	2881	1512	3395	1306	3723
9019	5181	4473	5941	3880	6670	3545	7126
7026	1607	1224	2042	924	2478	764	2759
7205	7749	6877	8673	6137	9549	5714	10093
7515	7764	6891	8689	6150	9566	5727	10111
7320	8444	7533	9407	6757	10319	6313	10885
7206	18851	17477	20277	16284	21606	15590	22421
7315	4547	3885	5261	3334	5948	3024	6379
7435	4210	3574	4898	3046	5561	2751	5979
7316	4571	3908	5286	3355	5975	3044	6408
7025	11538	10469	12659	9550	13714	9021	14365
7415	12922	11789	14107	10813	15219	10249	15904
7100	9840	8854	10878	8011	11856	7527	12462
7015	5373	4652	6146	4046	6888	3704	7351
9908	4420	3768	5124	3225	5802	2921	6229
6410	15163	13933	16445	12870	17643	12255	18381
6420	9065	8120	10062	7314	11004	6851	11588
5535	5742	4995	6541	4367	7305	4012	7782
5600	14646	13438	15906	12394	17085	11790	17811
5546	12507	11393	13673	10433	14768	9880	15444
4706	2544	2056	3084	1660	3615	1444	3953
6605	2524	2038	3062	1644	3592	1429	3928
6910	874	599	1201	395	1541	293	1764
6606	1572	1194	2002	897	2434	740	2713
9909	1398	1043	1805	767	2217	623	2483
9011	6320	5535	7157	4873	7955	4497	8452
5525	6908	6086	7782	5391	8613	4995	9130
5515	5916	5158	6726	4519	7501	4157	7984
6326	12241	11139	13395	10191	14479	9643	15148
9914	3986	3368	4656	2856	5304	2570	5711
5545	4545	3884	5258	3332	5946	3023	6377
6223	8031	7143	8971	6388	9862	5956	10415
5306	19315	17924	20758	16715	22102	16012	22927
6325	8391	7483	9351	6710	10260	6267	10824
9009	2415	1940	2942	1556	3461	1347	3792
9006	1833	1422	2296	1097	2757	923	3053
6225	16688	15397	18031	14278	19286	13629	20056
9018	11748	10669	12879	9741	13943	9206	14599
5425	30593	28835	32403	27297	34077	26397	35099
5305	23374	21841	24959	20505	26431	19726	27332
5426	16450	15168	17784	14058	19030	13414	19795
6226	6828	6011	7697	5320	8523	4927	9038
6126	3013	2479	3599	2043	4171	1802	4533
6224	7944	7061	8879	6310	9765	5882	10316
6216	9951	8960	10994	8112	11978	7624	12587
6316	19216	17828	20656	16623	21997	15922	22819
6215	15482	14239	16777	13164	17987	12541	18732
5100	1686	1293	2131	984	2576	819	2862
6213	15985	14722	17300	13629	18529	12995	19285
9005	474	278	722	146	990	87	1170
6124	13114	11972	14308	10988	15427	10420	16117
6125	11023	9978	12120	9082	13152	8566	13789
6214	29870	28134	31658	26614	33314	25725	34324
5415	63705	61157	66305	58907	68691	57581	70138
5205	36712	34784	38692	33092	40519	32100	41633
9916	2245	1788	2754	1421	3257	1221	3578
9913	5658	4917	6451	4294	7210	3942	7684
9915	3238	2684	3844	2229	4435	1977	4808
4606	3533	2953	4165	2475	4779	2209	5166
6115	9215	8262	10220	7448	11169	6982	11758
4820	6282	5500	7116	4840	7912	4465	8408
9017	272	130	466	46	686	16	837
6123	60575	58091	63111	55899	65439	54607	66852
6114	20357	18928	21838	17686	23216	16962	24061
4607	6737	5926	7600	5240	8422	4850	8933
6505	3169	2621	3769	2172	4354	1923	4724
5020	9471	8505	10489	7679	11451	7205	12047
6113	41694	39638	43802	37830	45745	36769	46928
5010	16910	15610	18262	14484	19524	13830	20300
6020	65010	62436	67636	60162	70046	58822	71507
4900	56697	54295	59151	52176	61406	50928	62775
6010	125369	121784	129006	118601	132325	116716	134332
4400	9645	8670	10672	7836	11642	7357	12243
9900	2260	1801	2771	1433	3275	1232	3597
9904	7022	6193	7903	5492	8740	5092	9261
9902	23085	21562	24660	20234	26124	19460	27019
4810	7942	7059	8877	6309	9763	5880	10314
5720	12061	10967	13207	10026	14283	9484	14948
9901	4705	4032	5430	3469	6128	3153	6566
5826	8149	7254	9096	6493	9992	6058	10549
5825	51502	49214	53842	47198	55994	46011	57302
5925	20455	19023	21939	17777	23321	17052	24167
9015	1936	1513	2411	1177	2883	996	3185
4506	31958	30161	33807	28587	35517	27666	36560
4605	20247	18822	21724	17583	23099	16862	23941
9002	9970	8978	11014	8129	11999	7641	12609
4226	3539	2958	4172	2480	4786	2214	5174
4505	1468	1103	1885	819	2304	670	2576
4225	3357	2792	3974	2328	4574	2070	4953
5716	8180	7284	9128	6521	10027	6085	10585
5916	7992	7106	8930	6353	9819	5923	10371
4300	16312	15036	17640	13931	18881	13290	19644
5815	28139	26454	29876	24982	31484	24121	32467
9004	5519	4787	6303	4173	7053	3826	7522
5715	2303	1840	2818	1467	3327	1264	3651
3330	2899	2376	3474	1949	4036	1714	4393
6506	6534	5736	7384	5061	8195	4678	8699
5915	5258	4545	6023	3947	6757	3609	7217
3905	21832	20351	23365	19062	24790	18311	25662
4130	25481	23879	27135	22481	28669	21665	29607
6930	3621	3033	4261	2549	4881	2279	5273
3825	8657	7734	9632	6948	10554	6497	11126
4120	3667	3075	4311	2587	4935	2315	5328
3816	4594	3929	5311	3374	6002	3063	6435
4210	6112	5341	6935	4691	7721	4322	8211
9016	1894	1476	2364	1144	2831	966	3131
4005	1929	1507	2403	1172	2874	991	3176
4230	2131	1686	2628	1330	3120	1137	3434
3815	10484	9466	11554	8593	12562	8092	13186
3705	34860	32982	36790	31335	38573	30370	39659
3900	27347	25687	29059	24236	30646	23388	31615
4110	36625	34699	38603	33010	40428	32019	41540
3416	3163	2615	3763	2167	4347	1919	4717
3413	1525	1153	1949	862	2376	708	2651
3706	4340	3694	5038	3157	5711	2856	6133
3600	57711	55287	60187	53149	62461	51890	63842
3415	5046	4348	5796	3763	6517	3434	6968
3320	5776	5027	6577	4397	7343	4040	7821
3505	22582	21076	24140	19763	25588	18999	26475
3414	3153	2606	3752	2159	4335	1911	4705
6900	1977	1550	2456	1209	2933	1026	3238
2940	3014	2480	3600	2044	4172	1803	4534
2216	4390	3740	5092	3200	5768	2896	6193
3046	8560	7643	9529	6861	10447	6413	11016
2225	7003	6176	7882	5475	8719	5076	9239
3426	3383	2816	4002	2350	4604	2091	4985
3427	6259	5478	7092	4820	7886	4446	8382
3045	4761	4083	5491	3518	6192	3199	6632
3310	4453	3799	5159	3254	5840	2948	6268
3030	10691	9663	11771	8781	12789	8274	13418
3130	25480	23878	27134	22480	28668	21664	29606
3010	11181	10129	12285	9226	13324	8705	13966
3020	22976	21456	24548	20132	26008	19360	26901
3425	3386	2819	4005	2352	4608	2093	4988
2100	2638	2140	3188	1736	3727	1515	4070
1606	3582	2998	4218	2516	4836	2248	5226
2215	7167	6330	8056	5620	8902	5216	9428
1720	7396	6545	8299	5823	9157	5411	9690
3120	17610	16283	18989	15132	20276	14464	21066
1900	16004	14740	17320	13646	18550	13012	19306
3110	3250	2695	3857	2239	4449	1987	4823
3200	9192	8240	10196	7428	11144	6962	11732
1605	7545	6685	8457	5955	9322	5539	9860
2000	15139	13910	16420	12848	17618	12233	18354
1820	26206	24581	27883	23162	29437	22334	30388
1200	5817	5065	6621	4433	7389	4074	7869
1710	12479	11366	13644	10408	14738	9855	15413
1810	14590	13384	15848	12343	17025	11740	17749
900	11891	10805	13029	9871	14098	9333	14758
806	4479	3823	5187	3276	5870	2969	6299
1506	4210	3574	4898	3046	5561	2751	5979
1410	15708	14456	17012	13373	18231	12745	18980
1505	6932	6109	7807	5412	8640	5016	9158
1330	5812	5061	6615	4428	7383	4070	7863
1000	2286	1824	2800	1453	3307	1251	3630
1320	5064	4364	5816	3779	6537	3448	6989
1420	14829	13613	16097	12563	17283	11954	18013
1130	3538	2957	4171	2479	4785	2213	5172
1116	8452	7541	9415	6764	10328	6320	10894
1310	6622	5818	7478	5139	8293	4752	8801
805	5468	4740	6248	4129	6995	3783	7462
1115	4780	4101	5511	3534	6214	3215	6655
205	13914	12737	15143	11722	16294	11134	17003
136	4728	4053	5455	3489	6155	3172	6593
1120	13320	12169	14523	11177	15651	10604	16346
705	3278	2720	3888	2262	4482	2008	4857
120	1501	1132	1922	844	2346	692	2619
325	6221	5443	7051	4786	7844	4414	8338
135	3324	2762	3938	2301	4535	2045	4913
706	3705	3110	4352	2619	4979	2346	5374
206	8223	7324	9174	6559	10074	6122	10633
2910	1052	747	1409	517	1775	400	2014
315	8423	7513	9385	6738	10296	6295	10861
2935	21737	20260	23266	18973	24688	18224	25559
605	4128	3499	4809	2977	5467	2684	5881
606	4862	4177	5599	3604	6307	3282	6751
506	5105	4402	5860	3814	6584	3482	7037
110	1181	857	1557	609	1941	481	2191
505	10935	9895	12027	9002	13056	8488	13691
2936	3084	2544	3676	2102	4254	1857	4620
405	4183	3549	4869	3023	5530	2729	5947
2926	2820	2304	3388	1885	3943	1654	4296
2925	2731	2224	3290	1812	3838	1586	4186
2927	1751	1350	2204	1034	2656	865	2947
