faz_id mean lower_50 upper_50 lower_80 upper_80 lower_90 upper_90
8935	4825	4077	5636	3457	6421	3111	6914
8927	1162	811	1576	549	2003	416	2283
8926	2092	1610	2637	1230	3181	1027	3532
8936	3332	2716	4011	2214	4677	1939	5100
8500	12109	10905	13376	9875	14570	9283	15309
8406	243	100	449	24	689	4	857
8320	9571	8504	10701	7598	11772	7080	12437
8925	2460	1935	3048	1516	3632	1289	4005
8937	7187	6267	8170	5492	9109	5053	9696
8405	871	571	1234	355	1614	250	1866
8310	10295	9188	11465	8244	12573	7704	13261
8910	2869	2299	3502	1840	4125	1590	4523
7905	4809	4062	5619	3443	6402	3098	6895
7606	735	462	1071	270	1427	180	1665
7805	3133	2536	3793	2053	4441	1788	4853
8220	12106	10903	13372	9873	14567	9281	15306
8000	37847	35695	40062	33811	42111	32708	43361
8906	1288	917	1722	636	2167	493	2458
8210	21644	20024	23327	18619	24896	17803	25860
9020	3975	3299	4714	2744	5434	2436	5889
8125	5796	4973	6682	4286	7534	3899	8068
8126	7654	6704	8667	5901	9634	5446	10237
8905	996	673	1382	437	1783	319	2048
7806	1591	1175	2070	854	2556	686	2871
7700	5512	4710	6377	4042	7210	3667	7732
7526	9582	8515	10712	7608	11784	7089	12450
7340	3943	3270	4679	2717	5396	2411	5850
7605	1234	871	1660	598	2097	460	2383
7537	14669	13341	16060	12199	17366	11540	18173
8115	10065	8970	11223	8039	12319	7505	12999
7335	10493	9375	11674	8422	12792	7876	13485
8600	11710	10527	12956	9515	14132	8935	14860
7425	4049	3366	4795	2805	5520	2494	5979
7535	5456	4658	6317	3994	7145	3621	7666
7525	2415	1895	2998	1480	3577	1257	3948
7436	2360	1846	2937	1437	3510	1217	3878
9019	5181	4405	6020	3759	6830	3398	7339
7026	1607	1189	2088	866	2576	697	2892
7205	7749	6792	8769	5985	9741	5526	10347
7515	7764	6806	8784	5998	9757	5539	10364
7320	8444	7444	9507	6597	10518	6115	11147
7206	18851	17341	20424	16036	21894	15279	22798
7315	4547	3822	5335	3222	6099	2888	6581
7435	4210	3513	4970	2940	5708	2621	6174
7316	4571	3844	5361	3242	6127	2907	6610
7025	11538	10364	12775	9360	13943	8784	14667
7415	12922	11678	14229	10611	15461	9997	16222
7100	9840	8758	10985	7838	12070	7311	12743
7015	5373	4582	6227	3923	7050	3553	7567
9908	4420	3705	5198	3116	5952	2787	6428
6410	15163	13812	16577	12650	17904	11979	18722
6420	9065	8028	10165	7148	11210	6646	11859
5535	5742	4923	6624	4239	7472	3855	8004
5600	14646	13319	16036	12178	17341	11520	18147
5546	12507	11283	13794	10235	15006	9632	15757
4706	2544	2009	3142	1582	3734	1350	4112
6605	2524	1992	3119	1566	3710	1336	4087
6910	874	574	1237	357	1618	252	1871
6606	1572	1158	2049	840	2532	674	2845
9909	1398	1010	1849	714	2309	562	2609
9011	6320	5459	7244	4738	8130	4331	8684
5525	6908	6007	7872	5249	8795	4820	9371
5515	5916	5084	6811	4389	7671	3997	8209
6326	12241	11031	13514	9995	14715	9399	15458
9914	3986	3309	4726	2753	5447	2445	5902
5545	4545	3820	5333	3221	6097	2887	6578
6223	8031	7057	9068	6233	10057	5765	10672
5306	19315	17787	20906	16464	22394	15697	23308
6325	8391	7394	9451	6551	10459	6070	11087
9009	2415	1895	2998	1480	3577	1257	3948
9006	1833	1384	2345	1033	2860	848	3193
6225	16688	15270	18169	14046	19558	13338	20412
9018	11748	10563	12996	9550	14174	8968	14903
5425	30593	28661	32588	26976	34438	25991	35570
5305	23374	21689	25121	20226	26749	19375	27748
5426	16450	15042	17921	13828	19300	13126	20149
6226	6828	5932	7787	5179	8705	4753	9278
6126	3013	2428	3661	1956	4298	1697	4703
6224	7944	6975	8976	6156	9959	5691	10572
6216	9951	8863	11102	7937	12193	7407	12870
6316	19216	17692	20803	16373	22287	15608	23199
6215	15482	14117	16910	12941	18250	12263	19076
5100	1686	1257	2178	924	2676	749	2998
6213	15985	14597	17436	13402	18796	12711	19634
9005	474	261	750	123	1052	65	1258
6124	13114	11860	14431	10785	15671	10166	16437
6125	11023	9876	12233	8897	13376	8336	14085
6214	29870	27962	31841	26297	33671	25325	34790
5415	63705	60904	66569	58434	69203	56982	70803
5205	36712	34593	38894	32738	40913	31653	42146
9916	2245	1745	2808	1348	3370	1135	3730
9913	5658	4845	6534	4167	7376	3786	7905
9915	3238	2631	3908	2138	4566	1867	4983
4606	3533	2897	4232	2379	4915	2093	5348
6115	9215	8169	10324	7281	11377	6774	12031
4820	6282	5424	7203	4705	8087	4299	8640
9017	272	118	489	34	738	8	911
6123	60575	57844	63369	55438	65939	54024	67501
6114	20357	18787	21990	17427	23514	16638	24451
4607	6737	5847	7690	5100	8602	4677	9172
6505	3169	2569	3832	2082	4484	1815	4898
5020	9471	8410	10595	7509	11661	6994	12323
6113	41694	39434	44017	37452	46164	36291	47472
5010	16910	15482	18401	14250	19798	13537	20658
6020	65010	62180	67903	59685	70563	58216	72179
4900	56697	54056	59401	51731	61890	50365	63404
6010	125369	121426	129375	117929	133036	115862	135251
4400	9645	8574	10779	7664	11854	7143	12521
9900	2260	1758	2825	1360	3388	1146	3749
9904	7022	6113	7994	5348	8923	4915	9504
9902	23085	21411	24822	19958	26440	19112	27433
4810	7942	6973	8974	6155	9957	5689	10570
5720	12061	10860	13325	9832	14518	9241	15255
9901	4705	3967	5506	3356	6282	3014	6771
5826	8149	7167	9194	6337	10188	5865	10808
5825	51502	48986	54081	46775	56457	45476	57903
5925	20455	18881	22092	17518	23620	16726	24558
9015	1936	1474	2461	1111	2988	919	3328
4506	31958	29983	33996	28258	35885	27251	37040
4605	20247	18681	21876	17325	23396	16538	24330
9002	9970	8881	11122	7954	12214	7423	12891
4226	3539	2903	4238	2384	4922	2098	5355
4505	1468	1069	1930	764	2399	606	2704
4225	3357	2738	4039	2235	4707	1958	5131
5716	8180	7196	9227	6364	10223	5891	10844
5916	7992	7020	9027	6199	10013	5732	10627
4300	16312	14910	17777	13701	19150	13002	19996
5815	28139	26288	30053	24674	31831	23733	32919
9004	5519	4717	6384	4048	7218	3672	7741
5715	2303	1796	2873	1393	3441	1176	3804
3330	2899	2326	3535	1864	4161	1612	4561
6506	6534	5658	7473	4923	8372	4508	8935
5915	5258	4476	6103	3825	6919	3460	7431
3905	21832	20205	23522	18794	25098	17974	26065
4130	25481	23721	27304	22190	29000	21298	30039
6930	3621	2977	4328	2451	5018	2161	5456
3825	8657	7644	9733	6786	10756	6297	11392
4120	3667	3019	4378	2489	5073	2196	5512
3816	4594	3865	5386	3262	6154	2926	6637
4210	6112	5266	7021	4558	7894	4159	8440
9016	1894	1437	2414	1079	2936	890	3273
4005	1929	1468	2453	1106	2980	914	3319
4230	2131	1644	2681	1260	3230	1054	3582
3815	10484	9366	11665	8414	12782	7868	13475
3705	34860	32796	36987	30991	38957	29935	40160
3900	27347	25522	29235	23933	30989	23007	32062
4110	36625	34508	38805	32656	40821	31572	42052
3416	3163	2563	3826	2077	4477	1811	4890
3413	1525	1118	1995	806	2472	643	2782
3706	4340	3632	5111	3048	5859	2724	6331
3600	57711	55046	60439	52700	62950	51321	64476
3415	5046	4280	5875	3644	6675	3288	7178
3320	5776	4954	6661	4268	7511	3883	8044
3505	22582	20927	24300	19490	25901	18655	26884
3414	3153	2554	3815	2069	4465	1803	4878
6900	1977	1509	2508	1142	3039	947	3382
2940	3014	2429	3662	1957	4299	1698	4705
2216	4390	3678	5165	3090	5917	2763	6392
3046	8560	7553	9630	6700	10647	6214	11281
2225	7003	6095	7974	5332	8902	4899	9482
3426	3383	2762	4067	2256	4738	1978	5163
3427	6259	5403	7178	4685	8060	4280	8613
3045	4761	4018	5567	3403	6347	3059	6838
3310	4453	3736	5233	3143	5990	2813	6468
3030	10691	9562	11883	8599	13010	8047	13709
3130	25480	23720	27303	22189	28999	21297	30038
3010	11181	10026	12399	9039	13550	8473	14264
3020	22976	21306	24709	19856	26323	19013	27314
3425	3386	2764	4071	2258	4741	1980	5167
2100	2638	2093	3246	1656	3847	1419	4232
1606	3582	2942	4285	2419	4973	2131	5408
2215	7167	6248	8149	5475	9087	5036	9672
1720	7396	6462	8393	5675	9344	5229	9938
3120	17610	16152	19131	14893	20555	14164	21431
1900	16004	14616	17455	13419	18816	12728	19655
3110	3250	2642	3921	2148	4580	1876	4998
3200	9192	8147	10300	7261	11351	6754	12005
1605	7545	6602	8551	5806	9512	5354	10111
2000	15139	13789	16552	12628	17878	11958	18695
1820	26206	24421	28054	22866	29773	21961	30826
1200	5817	4992	6705	4304	7558	3916	8093
1710	12479	11257	13764	10210	14976	9608	15725
1810	14590	13266	15977	12127	17281	11470	18085
900	11891	10699	13146	9679	14331	9093	15064
806	4479	3759	5262	3165	6020	2834	6499
1506	4210	3513	4970	2940	5708	2621	6174
1410	15708	14333	17146	13148	18495	12464	19327
1505	6932	6029	7898	5270	8822	4840	9399
1330	5812	4988	6699	4299	7552	3912	8087
1000	2286	1781	2854	1380	3420	1164	3783
1320	5064	4297	5894	3660	6696	3303	7200
1420	14829	13494	16227	12345	17541	11682	18351
1130	3538	2902	4237	2383	4921	2097	5354
1116	8452	7452	9515	6605	10527	6122	11157
1310	6622	5740	7567	5000	8472	4581	9038
805	5468	4670	6329	4004	7159	3631	7680
1115	4780	4035	5588	3419	6369	3074	6860
205	13914	12622	15269	11511	16544	10872	17331
136	4728	3988	5531	3375	6309	3033	6798
1120	13320	12056	14647	10972	15896	10347	16667
705	3278	2667	3952	2170	4613	1898	5033
120	1501	1098	1967	788	2441	628	2749
325	6221	5367	7138	4652	8017	4249	8568
135	3324	2708	4003	2208	4668	1933	5090
706	3705	3053	4420	2520	5117	2226	5559
206	8223	7237	9272	6402	10271	5928	10893
2910	1052	719	1448	474	1858	351	2127
315	8423	7424	9485	6579	10495	6098	11123
2935	21737	20114	23423	18706	24996	17888	25961
605	4128	3438	4881	2871	5612	2556	6075
606	4862	4111	5676	3488	6463	3140	6959
506	5105	4335	5938	3695	6743	3336	7249
110	1181	827	1598	562	2028	427	2309
505	10935	9793	12140	8818	13280	8259	13986
2936	3084	2492	3739	2013	4382	1751	4792
405	4183	3489	4940	2917	5676	2600	6141
2926	2820	2255	3448	1801	4067	1553	4461
2925	2731	2176	3349	1730	3960	1488	4349
2927	1751	1313	2252	972	2757	793	3084
