faz_id mean lower_50 upper_50 lower_80 upper_80 lower_90 upper_90
8935	6935	6523	7359	6164	7752	5953	7992
8927	2865	2603	3140	2377	3398	2247	3558
8926	8407	7953	8873	7555	9304	7322	9567
8936	8146	7699	8605	7308	9029	7079	9288
8500	11389	10860	11931	10394	12429	10120	12733
8406	1353	1175	1544	1025	1727	940	1841
8320	8079	7634	8536	7245	8959	7016	9217
8925	8926	8458	9406	8048	9850	7807	10120
8937	11203	10678	11740	10216	12235	9945	12536
8405	9117	8644	9602	8229	10050	7986	10323
8310	15718	15095	16353	14545	16936	14221	17290
8910	9247	8771	9736	8353	10187	8107	10461
7905	13190	12620	13773	12117	14308	11822	14633
7606	2297	2063	2544	1863	2777	1748	2921
7805	10775	10260	11302	9808	11788	9542	12083
8220	10829	10313	11357	9859	11844	9593	12140
8000	6851	6442	7273	6084	7663	5875	7902
8906	3901	3594	4221	3328	4519	3174	4703
8210	7686	7252	8132	6873	8545	6650	8797
9020	10096	9598	10606	9161	11077	8904	11363
8125	9115	8642	9600	8227	10048	7984	10321
8126	8497	8041	8966	7641	9399	7406	9663
8905	4469	4140	4811	3854	5129	3688	5325
7806	4273	3951	4607	3672	4919	3510	5111
7700	3698	3399	4009	3141	4301	2991	4480
7526	6685	6281	7102	5928	7487	5722	7723
7340	12265	11716	12827	11232	13344	10947	13658
7605	816	679	966	566	1111	504	1203
7537	14069	13480	14670	12961	15223	12655	15558
8115	18060	17392	18741	16801	19364	16453	19742
7335	17424	16768	18093	16188	18706	15846	19077
8600	8902	8435	9382	8025	9825	7785	10094
7425	12704	12145	13276	11652	13802	11362	14121
7535	16279	15645	16925	15085	17519	14755	17878
7525	8713	8251	9188	7846	9626	7608	9893
7436	2354	2117	2604	1914	2839	1798	2985
9019	9257	8781	9746	8362	10197	8117	10472
7026	4381	4055	4719	3773	5035	3608	5229
7205	6849	6440	7271	6083	7661	5873	7899
7515	2739	2483	3008	2263	3261	2136	3417
7320	13938	13352	14537	12835	15087	12530	15421
7206	8981	8512	9463	8100	9907	7858	10178
7315	8960	8491	9441	8080	9885	7839	10156
7435	3548	3255	3853	3003	4139	2856	4315
7316	8973	8504	9455	8092	9899	7851	10170
7025	10700	10187	11225	9736	11709	9471	12004
7415	5545	5178	5925	4858	6278	4671	6494
7100	15839	15214	16477	14662	17062	14336	17417
7015	8310	7859	8774	7463	9202	7232	9463
9908	1153	989	1330	852	1500	775	1606
6410	26914	26097	27743	25372	28501	24943	28960
6420	22657	21908	23419	21244	24115	20852	24537
5535	17562	16903	18233	16321	18849	15977	19222
5600	7873	7434	8325	7050	8742	6824	8997
5546	8747	8284	9223	7878	9662	7640	9929
4706	5671	5299	6055	4976	6412	4787	6630
6605	6132	5745	6531	5408	6902	5211	7128
6910	2967	2700	3247	2470	3509	2338	3671
6606	3468	3179	3770	2929	4052	2785	4226
9909	3603	3308	3910	3053	4198	2906	4375
9011	6822	6414	7243	6057	7632	5848	7870
5525	7560	7130	8003	6754	8412	6533	8662
5515	12921	12357	13498	11860	14028	11567	14350
6326	12487	11933	13054	11444	13575	11157	13892
9914	8777	8313	9253	7906	9693	7668	9961
5545	7065	6650	7493	6286	7889	6074	8131
6223	14580	13980	15192	13451	15754	13139	16095
5306	11709	11172	12258	10700	12764	10422	13071
6325	17049	16400	17710	15827	18317	15488	18685
9009	2579	2330	2840	2117	3086	1995	3238
9006	6490	6092	6901	5744	7281	5541	7514
6225	11791	11252	12342	10778	12849	10499	13158
9018	10796	10281	11324	9828	11810	9562	12105
5425	19610	18914	20319	18297	20968	17933	21362
5305	13571	12993	14162	12483	14705	12183	15034
5426	9947	9453	10454	9019	10921	8764	11205
6226	15022	14413	15643	13876	16214	13559	16560
6126	6322	5929	6727	5586	7103	5386	7333
6224	11356	10828	11897	10362	12395	10089	12698
6216	7042	6627	7469	6264	7865	6052	8107
6316	15547	14928	16179	14381	16759	14058	17111
6215	12220	11672	12781	11189	13297	10904	13611
5100	3119	2845	3406	2609	3674	2473	3840
6213	10340	9836	10857	9393	11332	9133	11622
9005	3507	3216	3810	2965	4094	2820	4269
6124	14828	14223	15445	13689	16012	13375	16356
6125	5621	5251	6003	4929	6359	4741	6576
6214	238	167	322	114	408	87	464
5415	7884	7445	8336	7060	8754	6835	9008
5205	6849	6440	7271	6083	7661	5873	7899
9916	8131	7685	8590	7294	9014	7065	9272
9913	3653	3356	3963	3099	4252	2951	4430
9915	11986	11443	12542	10965	13053	10683	13364
4606	11661	11125	12209	10654	12714	10377	13020
6115	11944	11402	12499	10924	13009	10644	13319
4820	3839	3534	4156	3271	4453	3118	4635
9017	2294	2060	2541	1860	2773	1745	2918
6123	13294	12722	13879	12217	14416	11920	14743
6114	18343	17670	19029	17074	19657	16723	20038
4607	13611	13032	14203	12521	14746	12220	15076
6505	5564	5196	5945	4875	6298	4688	6514
5020	11823	11284	12375	10809	12883	10530	13191
6113	28212	27376	29061	26633	29837	26194	30305
5010	9496	9013	9991	8589	10448	8341	10726
6020	14422	13826	15031	13299	15590	12989	15929
4900	11656	11121	12204	10649	12708	10372	13015
6010	10517	10009	11038	9562	11518	9299	11810
4400	9790	9300	10293	8869	10756	8616	11039
9900	5313	4954	5685	4641	6031	4458	6243
9904	7141	6723	7571	6358	7970	6144	8213
9902	14821	14216	15438	13683	16005	13368	16349
4810	4942	4596	5301	4294	5635	4119	5840
5720	19368	18676	20073	18064	20718	17702	21109
9901	5746	5372	6133	5046	6492	4856	6711
5826	3514	3223	3818	2971	4102	2826	4277
5825	2042	1822	2275	1634	2496	1526	2633
5925	12319	11768	12882	11283	13400	10998	13715
9015	6734	6329	7152	5974	7539	5767	7776
4506	8550	8092	9020	7691	9455	7456	9719
4605	11520	10988	12065	10519	12566	10244	12871
9002	20026	19322	20742	18699	21398	18331	21796
4226	8042	7598	8498	7210	8920	6982	9177
4505	6294	5902	6698	5560	7073	5360	7303
4225	8193	7745	8653	7353	9079	7123	9338
5716	11839	11299	12391	10824	12899	10545	13208
5916	15897	15271	16536	14717	17122	14391	17478
4300	5964	5583	6358	5250	6723	5056	6947
5815	2393	2154	2645	1949	2882	1832	3029
9004	10366	9861	10883	9418	11360	9157	11650
5715	8163	7716	8623	7324	9047	7095	9306
3330	6976	6563	7401	6202	7795	5991	8036
6506	7725	7290	8172	6910	8586	6687	8838
5915	8530	8073	9000	7672	9434	7437	9698
3905	5094	4742	5458	4436	5797	4258	6005
4130	8865	8399	9344	7990	9786	7750	10055
6930	4600	4266	4947	3976	5270	3807	5468
3825	9587	9102	10085	8676	10543	8426	10823
4120	9884	9391	10389	8959	10855	8705	11138
3816	11302	10775	11842	10311	12339	10038	12641
4210	11901	11360	12455	10883	12964	10603	13274
9016	7287	6865	7722	6496	8124	6280	8369
4005	7517	7088	7958	6713	8367	6493	8616
4230	5085	4733	5449	4428	5788	4250	5995
3815	9044	8573	9527	8160	9974	7917	10246
3705	15768	15144	16404	14593	16988	14268	17342
3900	3735	3435	4048	3175	4341	3024	4521
4110	11750	11212	12300	10739	12806	10461	13114
3416	10979	10460	11511	10002	12001	9734	12299
3413	4759	4419	5111	4124	5440	3952	5641
3706	7671	7238	8117	6858	8529	6636	8781
3600	11347	10819	11888	10354	12386	10081	12688
3415	13609	13030	14201	12519	14744	12219	15074
3320	12140	11593	12699	11112	13213	10829	13526
3505	20388	19678	21111	19049	21772	18678	22173
3414	11291	10764	11830	10300	12327	10028	12629
6900	4794	4453	5148	4156	5477	3984	5679
2940	11025	10504	11558	10046	12049	9777	12348
2216	8932	8464	9413	8053	9856	7813	10126
3046	11191	10666	11728	10205	12223	9934	12523
2225	9828	9337	10332	8905	10796	8652	11079
3426	9460	8978	9954	8555	10410	8307	10688
3427	10228	9727	10742	9286	11215	9028	11503
3045	12725	12165	13297	11672	13824	11382	14143
3310	13519	12942	14109	12433	14651	12133	14980
3030	19960	19257	20675	18635	21330	18268	21727
3130	8507	8050	8976	7650	9409	7415	9673
3010	19152	18464	19853	17855	20495	17496	20883
3020	13793	13210	14389	12696	14936	12393	15268
3425	9422	8941	9915	8519	10370	8271	10648
2100	8638	8178	9111	7774	9547	7538	9813
1606	6136	5749	6535	5412	6906	5215	7132
2215	8277	7827	8740	7432	9167	7201	9428
1720	13302	12730	13887	12225	14425	11928	14751
3120	13778	13195	14373	12681	14920	12379	15252
1900	553	441	677	351	800	303	878
3110	3719	3419	4031	3160	4323	3010	4503
3200	10237	9736	10751	9295	11225	9036	11513
1605	8342	7890	8807	7494	9236	7261	9497
2000	6391	5996	6798	5651	7176	5450	7407
1820	5194	4839	5562	4529	5904	4349	6114
1200	8289	7838	8752	7443	9180	7212	9441
1710	12569	12013	13138	11523	13661	11234	13979
1810	3441	3153	3742	2904	4023	2760	4196
900	5277	4919	5648	4607	5993	4425	6204
806	16552	15913	17204	15348	17802	15015	18164
1506	10348	9844	10865	9401	11341	9140	11631
1410	5757	5383	6144	5056	6503	4866	6723
1505	9830	9339	10334	8907	10798	8654	11081
1330	9029	8559	9512	8146	9958	7903	10230
1000	4129	3813	4458	3539	4765	3380	4953
1320	7406	6980	7844	6608	8249	6390	8497
1420	10122	9623	10633	9185	11104	8928	11391
1130	3234	2955	3526	2714	3799	2575	3968
1116	8604	8145	9076	7742	9511	7506	9777
1310	10854	10338	11383	9883	11870	9616	12167
805	10430	9924	10949	9479	11427	9217	11718
1115	7166	6748	7597	6381	7996	6167	8240
205	5986	5604	6381	5271	6747	5076	6970
136	5257	4899	5627	4588	5971	4407	6182
1120	17551	16893	18222	16310	18837	15967	19210
705	13012	12446	13591	11947	14123	11653	14446
120	5406	5043	5781	4728	6130	4543	6343
325	11142	10619	11678	10158	12171	9887	12471
135	7250	6829	7684	6461	8085	6245	8330
706	6714	6309	7131	5955	7518	5748	7754
206	6179	5791	6580	5452	6951	5254	7179
2910	2130	1905	2368	1713	2593	1603	2732
315	6546	6146	6958	5797	7340	5593	7574
2935	2976	2709	3256	2478	3519	2346	3681
605	11529	10997	12074	10528	12576	10252	12881
606	13165	12596	13747	12094	14282	11798	14607
506	14615	14015	15228	13485	15791	13173	16132
110	2485	2241	2741	2032	2983	1912	3133
505	25438	24644	26245	23940	26982	23523	27428
2936	3370	3085	3668	2839	3946	2697	4118
405	13574	12996	14165	12486	14708	12185	15038
2926	11139	10616	11675	10155	12168	9885	12468
2925	9809	9318	10312	8887	10776	8634	11059
2927	7616	7184	8060	6806	8471	6585	8722
