faz_id mean lower_50 upper_50 lower_80 upper_80 lower_90 upper_90
8935	5432	4778	6128	4224	6792	3909	7205
8927	1180	886	1516	658	1854	537	2073
8926	2364	1939	2831	1593	3287	1402	3576
8936	3440	2923	3999	2494	4537	2254	4876
8500	12845	11827	13905	10947	14895	10436	15504
8406	250	126	416	50	601	21	728
8320	10923	9986	11902	9178	12819	8711	13384
8925	2692	2238	3188	1864	3672	1657	3977
8937	7089	6338	7882	5698	8631	5332	9096
8405	932	673	1233	476	1540	374	1739
8310	10640	9716	11606	8919	12513	8459	13071
8910	3018	2536	3542	2137	4051	1915	4371
7905	5139	4503	5817	3966	6463	3661	6867
7606	759	528	1032	355	1315	268	1500
7805	3330	2822	3880	2401	4411	2165	4745
8220	12530	11525	13577	10656	14556	10152	15157
8000	38249	36478	40062	34918	41731	34002	42746
8906	1335	1021	1691	774	2047	643	2277
8210	25583	24138	27070	22873	28445	22132	29284
9020	4270	3692	4890	3208	5484	2934	5856
8125	5972	5285	6701	4702	7394	4369	7825
8126	7913	7119	8749	6439	9538	6049	10027
8905	1043	768	1360	556	1681	446	1890
7806	1752	1389	2157	1099	2557	941	2813
7700	5590	4926	6296	4364	6968	4043	7386
7526	10004	9108	10942	8338	11822	7893	12365
7340	3971	3414	4570	2949	5144	2687	5505
7605	1413	1090	1778	834	2144	698	2378
7537	15415	14298	16574	13328	17653	12764	18316
8115	10210	9305	11157	8526	12046	8076	12594
7335	10822	9890	11796	9086	12710	8621	13273
8600	12322	11326	13360	10464	14331	9965	14929
7425	4407	3820	5036	3327	5639	3048	6016
7535	5623	4957	6331	4393	7005	4072	7424
7525	2479	2044	2956	1688	3422	1491	3717
7436	2461	2027	2937	1673	3401	1477	3695
9019	5398	4746	6092	4194	6754	3880	7165
7026	1658	1306	2052	1025	2443	873	2693
7205	7960	7163	8799	6482	9590	6090	10080
7515	8116	7311	8963	6623	9761	6227	10255
7320	9484	8613	10397	7864	11256	7432	11786
7206	21679	20351	23049	19190	24319	18512	25096
7315	4776	4164	5430	3648	6056	3356	6446
7435	4544	3947	5183	3446	5794	3162	6176
7316	4685	4079	5333	3569	5953	3280	6340
7025	12222	11230	13256	10372	14223	9875	14818
7415	13450	12408	14534	11506	15546	10982	16168
7100	10567	9646	11530	8852	12433	8394	12990
7015	5756	5082	6472	4510	7153	4185	7577
9908	4528	3932	5166	3432	5776	3149	6157
6410	16027	14888	17208	13898	18308	13322	18982
6420	9143	8288	10040	7553	10884	7130	11406
5535	5572	4909	6277	4348	6948	4028	7366
5600	15005	13903	16149	12947	17214	12391	17868
5546	12701	11689	13755	10814	14740	10306	15345
4706	2609	2162	3098	1795	3575	1592	3876
6605	2584	2139	3071	1774	3545	1573	3845
6910	1095	813	1419	594	1747	480	1960
6606	1611	1264	2000	988	2386	839	2633
9909	1415	1091	1781	836	2146	699	2381
9011	6358	5648	7110	5045	7823	4700	8266
5525	6840	6103	7619	5475	8356	5116	8814
5515	6049	5357	6783	4770	7480	4435	7913
6326	13294	12258	14372	11362	15378	10841	15997
9914	4079	3515	4685	3042	5267	2776	5632
5545	4627	4025	5271	3518	5888	3231	6273
6223	8504	7680	9370	6974	10186	6567	10691
5306	20282	18998	21608	17877	22838	17223	23591
6325	8699	7865	9575	7150	10399	6739	10909
9009	2435	2004	2908	1651	3370	1457	3663
9006	1982	1595	2411	1282	2833	1112	3102
6225	17355	16169	18583	15136	19725	14535	20425
9018	12041	11056	13068	10206	14028	9713	14619
5425	33026	31382	34712	29936	36267	29088	37214
5305	24963	23536	26432	22287	27791	21556	28620
5426	17609	16414	18846	15374	19996	14767	20701
6226	6972	6228	7758	5593	8502	5230	8964
6126	3102	2613	3633	2208	4148	1982	4472
6224	7941	7145	8779	6465	9569	6074	10058
6216	10230	9324	11178	8544	12068	8094	12616
6316	20304	19019	21631	17898	22862	17243	23615
6215	17329	16144	18556	15112	19698	14511	20397
5100	1724	1364	2126	1077	2523	921	2777
6213	16025	14886	17206	13896	18306	13320	18980
9005	481	301	703	175	939	116	1096
6124	13420	12379	14503	11478	15514	10955	16135
6125	11344	10389	12341	9565	13275	9088	13850
6214	30107	28538	31718	27161	33205	26353	34111
5415	62156	59892	64462	57889	66574	56707	67855
5205	39050	37260	40882	35684	42568	34757	43593
9916	2276	1860	2734	1521	3183	1334	3468
9913	5867	5186	6590	4609	7277	4280	7704
9915	3316	2809	3865	2389	4395	2154	4728
4606	3623	3092	4196	2650	4747	2402	5094
6115	9280	8418	10184	7678	11034	7251	11559
4820	6329	5621	7079	5019	7791	4675	8232
9017	291	156	468	70	664	35	797
6123	65343	63021	67707	60966	69871	59753	71183
6114	21464	20142	22828	18988	24092	18314	24864
4607	7001	6255	7789	5619	8534	5255	8997
6505	3214	2715	3755	2302	4277	2072	4606
5020	9579	8703	10497	7950	11360	7516	11892
6113	42394	40528	44302	38884	46056	37916	47122
5010	17073	15897	18291	14873	19425	14277	20119
6020	75603	73104	78144	70890	80468	69581	81875
4900	63618	61327	65951	59301	68087	58104	69382
6010	134225	130888	137604	127919	140682	126159	142540
4400	9741	8857	10666	8098	11536	7659	12072
9900	2405	1977	2875	1627	3335	1434	3626
9904	7059	6310	7850	5671	8598	5306	9062
9902	24134	22731	25579	21504	26916	20786	27732
4810	8317	7502	9174	6804	9981	6403	10481
5720	12692	11681	13745	10806	14730	10298	15336
9901	5322	4674	6012	4127	6669	3816	7078
5826	8711	7877	9587	7161	10413	6749	10923
5825	53783	51679	55929	49819	57898	48723	59093
5925	21492	20169	22857	19014	24121	18340	24894
9015	1982	1595	2411	1282	2833	1112	3102
4506	32022	30403	33683	28981	35215	28146	36148
4605	22551	21196	23948	20011	25242	19319	26033
9002	10084	9185	11025	8411	11909	7964	12454
4226	3596	3067	4167	2627	4716	2380	5062
4505	1535	1197	1915	928	2293	784	2536
4225	3429	2913	3987	2485	4525	2245	4863
5716	8586	7758	9456	7048	10276	6639	10782
5916	8114	7309	8961	6621	9759	6225	10253
4300	17775	16574	19018	15529	20173	14919	20881
5815	28698	27166	30272	25823	31725	25036	32610
9004	6030	5339	6763	4753	7458	4419	7891
5715	2362	1938	2828	1591	3284	1400	3573
3330	2879	2408	3392	2020	3889	1804	4203
6506	7401	6634	8210	5978	8975	5603	9449
5915	5429	4775	6125	4221	6788	3907	7201
3905	22734	21373	24137	20184	25436	19488	26230
4130	26448	24979	27959	23691	29357	22937	30209
6930	3724	3186	4304	2737	4863	2485	5213
3825	9455	8585	10367	7837	11225	7406	11754
4120	3745	3205	4327	2755	4887	2502	5238
3816	4666	4061	5313	3552	5932	3264	6318
4210	6207	5506	6950	4911	7655	4571	8093
9016	1996	1608	2426	1294	2850	1122	3120
4005	2002	1613	2433	1299	2857	1127	3127
4230	2194	1786	2644	1454	3086	1272	3366
3815	10726	9798	11696	8998	12606	8536	13166
3705	36744	35008	38522	33481	40159	32584	41154
3900	28996	27456	30578	26106	32038	25314	32928
4110	37670	35912	39470	34365	41126	33456	42134
3416	3241	2740	3784	2325	4308	2093	4639
3413	1591	1246	1978	972	2362	824	2608
3706	4467	3875	5101	3379	5707	3098	6086
3600	67056	64704	69450	62621	71642	61392	72970
3415	5061	4430	5734	3898	6376	3596	6776
3320	6189	5489	6931	4895	7635	4555	8073
3505	24835	23412	26300	22166	27656	21437	28483
3414	3219	2720	3760	2307	4283	2076	4612
6900	2023	1632	2456	1315	2882	1142	3153
2940	3087	2599	3617	2195	4131	1970	4454
2216	4625	4023	5269	3516	5885	3230	6270
3046	9549	8674	10466	7923	11327	7489	11859
2225	7108	6356	7902	5715	8652	5348	9118
3426	3542	3018	4108	2581	4654	2336	4997
3427	6345	5636	7096	5033	7808	4689	8251
3045	4855	4237	5515	3717	6144	3422	6538
3310	4805	4191	5461	3673	6088	3380	6480
3030	11695	10725	12707	9887	13654	9402	14238
3130	27088	25601	28617	24297	30031	23533	30892
3010	11365	10409	12363	9584	13298	9107	13873
3020	23278	21901	24697	20696	26011	19992	26814
3425	3505	2983	4069	2550	4612	2306	4953
2100	2684	2230	3180	1857	3662	1651	3967
1606	3819	3274	4406	2818	4971	2562	5326
2215	7215	6458	8014	5811	8770	5441	9239
1720	7575	6798	8394	6135	9167	5754	9646
3120	18336	17116	19598	16053	20770	15434	21488
1900	17051	15875	18269	14852	19401	14257	20095
3110	3421	2906	3978	2478	4516	2238	4854
3200	9417	8549	10327	7803	11183	7372	11711
1605	7765	6978	8594	6306	9376	5920	9860
2000	15371	14256	16528	13287	17606	12724	18268
1820	28606	27077	30177	25736	31628	24950	32512
1200	6073	5380	6808	4791	7506	4456	7940
1710	13150	12120	14222	11228	15223	10711	15839
1810	16468	15313	17665	14309	18779	13724	19462
900	12196	11205	13229	10348	14195	9852	14790
806	4899	4279	5561	3756	6194	3459	6589
1506	4464	3873	5097	3376	5704	3095	6083
1410	16105	14963	17289	13970	18391	13393	19067
1505	7323	6560	8128	5908	8889	5535	9361
1330	5881	5199	6605	4621	7293	4292	7720
1000	2381	1955	2849	1607	3307	1415	3597
1320	5158	4521	5837	3983	6485	3677	6889
1420	15903	14768	17080	13782	18175	13209	18847
1130	3771	3229	4355	2777	4916	2523	5269
1116	8643	7812	9516	7100	10338	6690	10846
1310	6873	6134	7654	5505	8393	5145	8851
805	5550	4888	6254	4328	6923	4009	7340
1115	5215	4574	5898	4033	6549	3726	6954
205	14110	13042	15220	12117	16255	11579	16891
136	4738	4128	5390	3615	6013	3324	6402
1120	14105	13038	15214	12112	16249	11575	16885
705	3877	3327	4469	2868	5037	2610	5394
120	1537	1199	1917	930	2296	785	2538
325	6535	5815	7297	5203	8019	4853	8467
135	3430	2914	3988	2486	4526	2246	4864
706	3783	3240	4368	2788	4930	2533	5283
206	8580	7752	9450	7042	10269	6634	10776
2910	1083	802	1406	586	1732	472	1944
315	9203	8345	10103	7608	10950	7183	11473
2935	22636	21278	24036	20091	25332	19397	26124
605	4272	3694	4892	3209	5486	2936	5858
606	5132	4496	5810	3960	6456	3655	6858
506	6125	5429	6863	4838	7564	4500	8000
110	1230	930	1572	695	1917	571	2139
505	12525	11520	13572	10652	14550	10148	15152
2936	3081	2593	3611	2190	4124	1965	4447
405	4397	3810	5026	3318	5628	3040	6004
2926	3087	2599	3617	2195	4131	1970	4454
2925	3027	2544	3552	2145	4061	1922	4382
2927	1829	1458	2242	1160	2650	998	2910
