faz_id mean lower_50 upper_50 lower_80 upper_80 lower_90 upper_90
8935	13142	12190	14130	11363	15051	10882	15615
8927	6175	5528	6858	4976	7504	4659	7904
8926	16227	15167	17323	14243	18341	13704	18963
8936	18359	17230	19524	16244	20603	15668	21263
8500	19877	18702	21088	17674	22209	17073	22894
8406	2150	1775	2560	1469	2960	1299	3214
8320	13331	12372	14326	11539	15253	11054	15821
8925	16328	15265	17427	14337	18448	13797	19073
8937	17293	16198	18424	15243	19473	14685	20114
8405	18894	17749	20075	16748	21170	16163	21838
8310	32752	31238	34301	29906	35728	29122	36595
8910	17734	16625	18879	15657	19941	15091	20590
7905	27450	26066	28870	24850	30180	24136	30977
7606	5458	4851	6101	4334	6711	4039	7090
7805	25050	23728	26407	22569	27660	21889	28424
8220	17656	16549	18798	15583	19858	15019	20506
8000	14895	13880	15946	12997	16923	12482	17521
8906	9544	8735	10389	8037	11180	7634	11667
8210	10611	9757	11501	9019	12333	8591	12844
9020	20468	19275	21697	18232	22834	17621	23528
8125	20392	19201	21618	18160	22754	17550	23447
8126	14857	13843	15906	12961	16882	12447	17480
8905	10601	9748	11490	9010	12322	8582	12833
7806	7705	6980	8466	6358	9182	5999	9624
7700	8572	7806	9373	7147	10126	6767	10590
7526	15988	14936	17076	14019	18086	13484	18705
7340	29524	28088	30996	26825	32352	26083	33178
7605	2088	1719	2493	1418	2888	1251	3138
7537	28070	26670	29506	25440	30829	24718	31635
8115	32613	31103	34159	29773	35582	28991	36448
7335	37210	35595	38860	34172	40377	33334	41299
8600	20693	19494	21928	18444	23071	17830	23769
7425	33121	31599	34679	30258	36113	29470	36985
7535	30336	28880	31828	27599	33202	26847	34038
7525	16566	15495	17673	14560	18701	14015	19330
7436	6412	5752	7108	5189	7765	4865	8172
9019	18299	17172	19462	16188	20539	15613	21198
7026	11201	10323	12115	9563	12968	9123	13492
7205	15086	14064	16143	13175	17126	12657	17728
7515	5673	5053	6328	4526	6949	4225	7334
7320	31093	29619	32603	28321	33994	27559	34840
7206	18198	17074	19358	16093	20432	15520	21090
7315	19367	18207	20563	17193	21670	16601	22347
7435	9035	8248	9857	7571	10629	7179	11104
7316	22683	21426	23975	20325	25170	19680	25899
7025	21960	20724	23232	19641	24408	19007	25126
7415	13284	12327	14277	11495	15203	11011	15770
7100	29212	27783	30676	26528	32026	25790	32847
7015	18083	16963	19239	15985	20311	15413	20966
9908	3740	3240	4275	2821	4788	2584	5109
6410	43436	41690	45218	40148	46853	39240	47845
6420	37651	36027	39311	34595	40837	33752	41763
5535	31442	29959	32961	28655	34359	27888	35209
5600	16815	15736	17930	14794	18965	14245	19599
5546	19399	18238	20596	17223	21704	16630	22381
4706	14202	13211	15228	12350	16183	11848	16769
6605	13116	12165	14103	11339	15023	10858	15587
6910	5529	4918	6176	4398	6790	4100	7171
6606	6308	5654	6998	5095	7650	4775	8054
9909	6165	5518	6847	4967	7493	4651	7893
9011	11192	10315	12105	9555	12958	9115	13483
5525	15759	14715	16839	13805	17843	13274	18457
5515	29580	28142	31053	26878	32411	26136	33237
6326	24749	23436	26098	22283	27344	21608	28103
9914	20499	19305	21729	18261	22867	17650	23561
5545	17681	16574	18824	15607	19884	15042	20533
6223	29037	27613	30497	26361	31843	25626	32661
5306	24729	23416	26078	22264	27323	21589	28082
6325	36979	35370	38624	33951	40137	33116	41055
9009	5631	5014	6284	4489	6903	4188	7287
9006	13644	12673	14650	11830	15587	11339	16162
6225	21159	19946	22408	18884	23563	18263	24269
9018	21431	20210	22688	19141	23850	18515	24560
5425	42070	40352	43824	38836	45434	37942	46411
5305	29387	27954	30856	26694	32209	25955	33033
5426	23264	21991	24573	20875	25782	20222	26519
6226	33421	31892	34986	30545	36426	29753	37302
6126	14107	13120	15130	12261	16082	11762	16666
6224	23429	22152	24742	21032	25956	20376	26696
6216	16581	15509	17689	14575	18717	14029	19346
6316	29961	28514	31444	27242	32810	26494	33641
6215	23997	22704	25326	21570	26553	20906	27302
5100	8697	7926	9504	7262	10262	6878	10729
6213	19283	18126	20476	17114	21581	16523	22256
9005	6671	5998	7380	5422	8049	5091	8464
6124	27051	25677	28461	24470	29761	23762	30553
6125	10402	9557	11283	8826	12107	8403	12614
6214	368	224	548	124	741	79	871
5415	15844	14797	16927	13884	17933	13352	18549
5205	13140	12188	14128	11361	15048	10880	15613
9916	17018	15932	18140	14984	19181	14431	19818
9913	7590	6871	8345	6253	9056	5898	9495
9915	23343	22068	24654	20950	25865	20295	26604
4606	28232	26828	29672	25594	30999	24870	31807
6115	23392	22116	24704	20997	25917	20341	26656
4820	8495	7733	9293	7077	10042	6699	10504
9017	3925	3413	4473	2982	4997	2738	5325
6123	19331	18172	20526	17159	21632	16567	22308
6114	35534	33957	37147	32567	38631	31749	39532
4607	30039	28590	31524	27316	32891	26567	33724
6505	14295	13301	15325	12437	16283	11933	16870
5020	26142	24792	27528	23606	28807	22911	29586
6113	41011	39315	42743	37818	44333	36937	45298
5010	20557	19362	21788	18316	22928	17704	23624
6020	18416	17285	19582	16298	20663	15721	21324
4900	10840	9977	11739	9230	12579	8797	13096
6010	13964	12982	14982	12128	15929	11631	16510
4400	24128	22831	25460	21694	26691	21028	27441
9900	10837	9974	11736	9227	12576	8794	13093
9904	13591	12622	14596	11781	15531	11291	16104
9902	31374	29893	32891	28590	34288	27824	35137
4810	11001	10131	11907	9379	12753	8942	13273
5720	38251	36614	39924	35170	41461	34320	42395
9901	9250	8454	10082	7768	10862	7371	11342
5826	6035	5395	6710	4850	7349	4538	7745
5825	3550	3064	4072	2656	4573	2427	4887
5925	26272	24918	27662	23730	28944	23032	29725
9015	15768	14723	16849	13813	17852	13282	18467
4506	18373	17244	19538	16257	20618	15681	21278
4605	25832	24490	27210	23312	28482	22620	29257
9002	38535	36892	40214	35442	41757	34589	42694
4226	19542	18377	20743	17358	21855	16763	22535
4505	17217	16124	18345	15171	19392	14615	20032
4225	18142	17020	19300	16040	20373	15468	21029
5716	26263	24909	27652	23721	28934	23024	29715
5916	37536	35914	39194	34484	40717	33643	41642
4300	11954	11047	12897	10260	13777	9803	14318
5815	5266	4670	5898	4163	6498	3874	6871
9004	20028	18848	21244	17816	22369	17213	23056
5715	18178	17055	19337	16074	20411	15501	21068
3330	15089	14067	16146	13178	17129	12660	17731
6506	16488	15419	17593	14487	18618	13944	19245
5915	21455	20233	22713	19164	23876	18538	24585
3905	11739	10840	12674	10061	13546	9609	14082
4130	18089	16969	19245	15990	20317	15419	20972
6930	10522	9672	11408	8937	12237	8511	12746
3825	22183	20940	23461	19852	24643	19215	25364
4120	22042	20803	23316	19719	24495	19084	25214
3816	25766	24425	27142	23249	28413	22559	29186
4210	28139	26737	29577	25506	30902	24782	31709
9016	14328	13333	15359	12467	16318	11963	16906
4005	16587	15515	17695	14580	18723	14035	19352
4230	12447	11521	13409	10717	14306	10250	14857
3815	20953	19746	22196	18689	23346	18071	24048
3705	33505	31974	35072	30626	36514	29833	37390
3900	6607	5937	7313	5364	7979	5035	8392
4110	21008	19799	22253	18741	23404	18122	24107
3416	24562	23254	25906	22106	27147	21433	27904
3413	11120	10245	12030	9489	12881	9050	13404
3706	18703	17564	19878	16568	20967	15986	21633
3600	22118	20877	23395	19791	24575	19154	25295
3415	30888	29419	32393	28126	33780	27366	34623
3320	31008	29536	32516	28240	33905	27479	34750
3505	45399	43614	47220	42037	48891	41107	49904
3414	29801	28358	31280	27089	32642	26344	33471
6900	9256	8460	10088	7773	10868	7376	11349
2940	20187	19002	21407	17966	22537	17360	23227
2216	20918	19712	22160	18656	23309	18039	24010
3046	25194	23869	26555	22706	27812	22024	28577
2225	17142	16052	18268	15101	19313	14546	19951
3426	25198	23873	26559	22709	27816	22027	28582
3427	25458	24126	26826	22956	28089	22271	28859
3045	29885	28440	31366	27169	32730	26423	33560
3310	21677	20449	22941	19374	24110	18744	24823
3030	47408	45583	49269	43971	50975	43020	52010
3130	16812	15733	17927	14791	18962	14242	19595
3010	45127	43347	46943	41775	48609	40848	49619
3020	24695	23383	26043	22232	27287	21557	28046
3425	22468	21217	23754	20122	24944	19480	25669
2100	21186	19972	22436	18910	23592	18288	24297
1606	13084	12134	14070	11309	14989	10829	15552
2215	18839	17695	20018	16696	21111	16112	21779
1720	26971	25599	28379	24394	29677	23687	30468
3120	25448	24116	26816	22947	28079	22261	28848
1900	882	649	1151	469	1424	375	1602
3110	10015	9186	10880	8470	11689	8056	12188
3200	22377	21129	23661	20036	24848	19395	25572
1605	17422	16323	18557	15364	19610	14804	20253
2000	13538	12571	14541	11731	15474	11242	16047
1820	7312	6606	8054	6001	8752	5653	9184
1200	19257	18101	20449	17090	21554	16499	22228
1710	22208	20965	23487	19876	24670	19238	25391
1810	3837	3331	4379	2905	4898	2665	5222
900	11338	10455	12257	9690	13115	9246	13643
806	35860	34275	37480	32879	38971	32057	39876
1506	23216	21944	24523	20830	25731	20177	26468
1410	12078	11166	13026	10375	13910	9916	14453
1505	22294	21048	23576	19957	24760	19318	25483
1330	24197	22898	25531	21760	26764	21092	27515
1000	10133	9299	11003	8579	11817	8161	12318
1320	18414	17284	19580	16296	20661	15719	21322
1420	12862	11920	13840	11103	14751	10627	15310
1130	6300	5646	6990	5088	7641	4768	8045
1116	18899	17753	20080	16752	21175	16167	21844
1310	28427	27018	29872	25780	31204	25053	32014
805	24372	23069	25711	21926	26948	21256	27701
1115	16495	15426	17600	14494	18625	13950	19253
205	13377	12416	14374	11581	15302	11096	15871
136	11491	10602	12416	9831	13280	9385	13811
1120	37233	35618	38884	34194	40401	33356	41323
705	21847	20614	23116	19534	24289	18902	25005
120	12238	11320	13192	10523	14082	10061	14628
325	25833	24491	27211	23312	28483	22621	29258
135	17607	16502	18748	15537	19806	14974	20453
706	14301	13307	15331	12442	16289	11939	16876
206	13821	12844	14834	11995	15777	11501	16355
2910	3912	3401	4459	2971	4983	2727	5310
315	15227	14201	16289	13307	17276	12786	17881
2935	10636	9781	11527	9042	12359	8613	12872
605	25710	24371	27085	23196	28354	22506	29127
606	27386	26003	28804	24789	30112	24076	30909
506	29511	28075	30983	26813	32339	26071	33164
110	5064	4480	5684	3984	6273	3701	6640
505	54437	52480	56429	50749	58254	49727	59360
2936	8281	7529	9069	6882	9809	6509	10266
405	29772	28330	31250	27061	32612	26316	33441
2926	26459	25100	27853	23907	29140	23207	29924
2925	16969	15884	18089	14938	19129	14386	19765
2927	8323	7569	9113	6920	9855	6546	10313
