faz_id mean lower_50 upper_50 lower_80 upper_80 lower_90 upper_90
8935	5036	4609	5482	4241	5899	4028	6156
8927	2207	1928	2505	1692	2790	1559	2967
8926	6049	5580	6536	5175	6992	4939	7271
8936	6893	6392	7413	5957	7897	5705	8194
8500	7592	7066	8137	6608	8644	6342	8954
8406	787	624	969	493	1149	423	1264
8320	4761	4346	5194	3989	5601	3783	5852
8925	5996	5530	6481	5126	6935	4891	7213
8937	6287	5809	6784	5395	7247	5155	7532
8405	6353	5873	6852	5456	7318	5214	7604
8310	12639	11958	13339	11360	13986	11010	14381
8910	6543	6055	7050	5632	7522	5387	7812
7905	9656	9062	10269	8542	10838	8239	11185
7606	1925	1665	2204	1447	2472	1323	2639
7805	8709	8145	9292	7653	9833	7366	10164
8220	8097	7553	8659	7080	9182	6804	9502
8000	5931	5467	6414	5066	6865	4833	7142
8906	3359	3012	3725	2716	4070	2546	4284
8210	5374	4933	5834	4552	6264	4331	6529
9020	8100	7556	8663	7083	9185	6807	9505
8125	7956	7417	8514	6948	9032	6675	9349
8126	6144	5672	6635	5263	7094	5025	7375
8905	3774	3406	4161	3091	4526	2909	4751
7806	2779	2464	3112	2197	3429	2045	3625
7700	3613	3253	3992	2945	4349	2768	4570
7526	6295	5817	6792	5402	7256	5162	7541
7340	10405	9788	11041	9248	11631	8932	11990
7605	763	603	942	474	1120	405	1233
7537	12229	11559	12918	10971	13555	10627	13943
8115	14309	13583	15054	12946	15740	12572	16158
7335	14836	14097	15594	13447	16293	13066	16718
8600	7305	6789	7840	6341	8337	6080	8642
7425	10937	10304	11589	9750	12193	9425	12561
7535	13335	12635	14054	12020	14718	11660	15122
7525	6209	5734	6703	5323	7163	5084	7446
7436	2259	1976	2561	1738	2848	1603	3028
9019	7029	6523	7554	6084	8042	5828	8342
7026	4266	3874	4677	3537	5063	3343	5301
7205	5978	5512	6463	5109	6915	4875	7193
7515	2205	1926	2503	1691	2788	1557	2965
7320	11564	10913	12234	10342	12854	10008	13232
7206	7886	7350	8441	6883	8957	6611	9273
7315	7099	6591	7626	6149	8117	5892	8418
7435	3184	2847	3540	2559	3877	2394	4086
7316	8288	7738	8857	7259	9385	6979	9709
7025	10032	9426	10657	8896	11236	8587	11590
7415	4815	4398	5251	4039	5660	3831	5911
7100	12871	12183	13578	11580	14230	11226	14628
7015	7656	7128	8203	6668	8712	6400	9024
9908	1165	965	1384	800	1598	710	1733
6410	18296	17474	19137	16750	19910	16324	20380
6420	15489	14734	16263	14069	16977	13679	17411
5535	12275	11604	12965	11015	13603	10670	13992
5600	6666	6174	7177	5746	7654	5498	7946
5546	7445	6924	7985	6471	8487	6208	8795
4706	5337	4897	5795	4518	6224	4298	6488
6605	4611	4203	5038	3852	5438	3649	5685
6910	2103	1831	2394	1601	2673	1472	2847
6606	2320	2033	2625	1792	2917	1654	3098
9909	2281	1997	2584	1757	2873	1621	3053
9011	4897	4476	5336	4114	5748	3904	6002
5525	6462	5977	6965	5557	7435	5313	7723
5515	11842	11183	12520	10605	13147	10267	13530
6326	11964	11301	12646	10721	13276	10380	13660
9914	7778	7245	8329	6782	8842	6512	9156
5545	6200	5726	6693	5314	7154	5076	7437
6223	13598	12891	14324	12270	14994	11906	15402
5306	11030	10394	11685	9837	12291	9512	12661
6325	16682	15898	17485	15208	18225	14802	18674
9009	2166	1889	2461	1657	2744	1524	2920
9006	5012	4586	5457	4219	5873	4007	6129
6225	10744	10116	11390	9567	11989	9246	12354
9018	9012	8438	9605	7937	10155	7645	10491
5425	17828	17017	18658	16303	19422	15883	19886
5305	12960	12270	13669	11664	14324	11310	14723
5426	8727	8162	9311	7670	9852	7383	10184
6226	14666	13931	15420	13286	16115	12907	16538
6126	6050	5581	6537	5176	6993	4940	7272
6224	11313	10669	11976	10105	12589	9775	12964
6216	6882	6382	7401	5947	7885	5695	8182
6316	15564	14807	16340	14141	17055	13750	17490
6215	11972	11309	12654	10728	13284	10388	13668
5100	3074	2743	3424	2461	3756	2299	3961
6213	10199	9588	10829	9054	11413	8741	11769
9005	2497	2199	2814	1947	3115	1804	3302
6124	14669	13934	15423	13288	16118	12910	16541
6125	5547	5099	6014	4711	6451	4487	6720
6214	238	153	342	92	452	63	525
5415	6462	5977	6965	5557	7435	5313	7723
5205	5791	5333	6268	4936	6714	4706	6988
9916	6682	6189	7194	5761	7671	5513	7964
9913	3527	3171	3901	2867	4255	2693	4473
9915	9239	8658	9839	8150	10396	7854	10736
4606	9813	9214	10431	8690	11004	8384	11354
6115	11692	11037	12366	10463	12989	10127	13369
4820	3699	3335	4082	3023	4443	2843	4667
9017	1549	1317	1800	1123	2043	1015	2195
6123	12197	11528	12885	10941	13521	10598	13909
6114	17518	16714	18341	16006	19098	15590	19558
4607	10199	9588	10829	9054	11413	8741	11769
6505	4938	4516	5379	4151	5793	3941	6048
5020	10410	9792	11046	9252	11636	8937	11996
6113	26531	25539	27541	24663	28468	24145	29029
5010	8822	8254	9409	7759	9953	7470	10286
6020	12589	11909	13288	11313	13934	10963	14327
4900	6677	6184	7189	5757	7666	5508	7958
6010	9101	8524	9697	8021	10249	7727	10587
4400	9564	8972	10174	8456	10740	8154	11086
9900	4637	4228	5065	3876	5466	3672	5714
9904	6022	5555	6508	5150	6962	4915	7242
9902	13971	13254	14707	12625	15386	12255	15799
4810	4694	4282	5124	3928	5528	3723	5777
5720	19047	18208	19905	17469	20693	17034	21172
9901	3532	3176	3907	2872	4260	2697	4479
5826	3088	2756	3439	2473	3771	2311	3977
5825	1926	1666	2205	1448	2473	1324	2640
5925	11193	10552	11853	9991	12463	9663	12835
9015	6004	5537	6490	5133	6943	4899	7222
4506	7404	6885	7942	6433	8443	6170	8750
4605	10083	9475	10710	8944	11290	8634	11645
9002	15902	15136	16686	14463	17409	14068	17849
4226	7425	6905	7964	6453	8466	6189	8773
4505	6019	5552	6505	5147	6959	4912	7238
4225	6920	6418	7441	5982	7926	5729	8223
5716	10812	10182	11460	9632	12061	9309	12427
5916	14137	13416	14877	12782	15560	12411	15976
4300	5161	4729	5612	4356	6034	4140	6294
5815	2132	1858	2425	1627	2705	1496	2880
9004	7447	6926	7987	6473	8489	6210	8797
5715	8059	7517	8620	7045	9142	6769	9461
3330	5591	5141	6060	4752	6498	4526	6768
6506	6196	5722	6689	5311	7149	5072	7432
5915	7976	7437	8534	6967	9053	6693	9371
3905	4524	4120	4947	3773	5344	3572	5589
4130	8228	7680	8795	7203	9322	6924	9644
6930	4537	4133	4960	3784	5358	3583	5603
3825	8560	8001	9138	7513	9675	7229	10003
4120	8982	8409	9574	7909	10123	7617	10459
3816	10002	9397	10626	8868	11204	8559	11557
4210	10212	9600	10842	9066	11426	8753	11783
9016	5273	4836	5729	4459	6155	4241	6418
4005	6310	5831	6808	5416	7272	5175	7557
4230	4460	4059	4880	3714	5274	3515	5517
3815	8746	8181	9330	7688	9872	7400	10204
3705	13190	12494	13905	11883	14566	11524	14968
3900	3007	2679	3353	2401	3682	2241	3885
4110	8590	8030	9169	7542	9707	7257	10036
3416	9289	8706	9891	8197	10449	7900	10790
3413	3936	3560	4331	3237	4703	3052	4933
3706	7333	6816	7869	6367	8367	6105	8673
3600	9233	8652	9833	8145	10389	7849	10730
3415	11360	10714	12024	10149	12639	9818	13014
3320	10878	10246	11528	9694	12130	9371	12498
3505	18125	17307	18962	16587	19732	16163	20199
3414	10393	9776	11029	9236	11618	8921	11977
6900	3539	3183	3914	2878	4268	2703	4487
2940	7648	7120	8195	6661	8704	6393	9015
2216	7659	7131	8206	6671	8715	6403	9027
3046	10282	9668	10915	9132	11500	8818	11858
2225	6894	6393	7414	5958	7898	5705	8195
3426	8185	7638	8750	7162	9276	6885	9597
3427	9017	8443	9610	7942	10160	7650	10497
3045	11635	10982	12307	10409	12929	10074	13308
3310	7476	6954	8017	6500	8520	6236	8828
3030	16663	15879	17466	15189	18205	14784	18654
3130	7389	6870	7927	6419	8427	6157	8734
3010	16957	16166	17767	15470	18512	15061	18965
3020	10551	9929	11192	9385	11785	9067	12147
3425	8127	7582	8690	7108	9214	6832	9535
2100	7909	7372	8465	6904	8982	6632	9298
1606	5839	5379	6318	4981	6766	4750	7041
2215	7513	6990	8055	6535	8559	6270	8869
1720	11646	10992	12319	10420	12941	10084	13320
3120	9966	9362	10589	8834	11166	8526	11519
1900	555	420	709	314	864	258	964
3110	3570	3212	3947	2906	4302	2730	4522
3200	8495	7938	9071	7453	9606	7169	9933
1605	8144	7599	8708	7124	9232	6847	9553
2000	5297	4859	5754	4481	6181	4262	6444
1820	4686	4275	5116	3921	5520	3716	5768
1200	7474	6952	8015	6498	8518	6234	8826
1710	9413	8826	10019	8314	10580	8015	10924
1810	2004	1738	2289	1515	2561	1389	2731
900	4669	4259	5098	3905	5501	3701	5750
806	12829	12142	13534	11540	14186	11187	14583
1506	9600	9007	10212	8490	10778	8187	11125
1410	4912	4491	5352	4128	5765	3918	6019
1505	9150	8572	9747	8067	10301	7772	10640
1330	8542	7983	9119	7497	9656	7213	9984
1000	3935	3559	4330	3236	4702	3051	4932
1320	7336	6819	7872	6370	8370	6108	8676
1420	5363	4922	5822	4542	6252	4321	6517
1130	2739	2427	3070	2162	3384	2011	3580
1116	7674	7145	8222	6685	8731	6417	9043
1310	10602	9979	11244	9433	11839	9115	12202
805	8739	8174	9323	7681	9865	7394	10197
1115	6182	5708	6675	5298	7134	5059	7417
205	5739	5283	6214	4888	6658	4660	6931
136	5076	4648	5523	4278	5942	4064	6200
1120	14499	13768	15248	13127	15939	12750	16360
705	7686	7157	8234	6696	8744	6428	9056
120	4979	4555	5422	4189	5837	3977	6093
325	10053	9446	10679	8916	11258	8606	11612
135	7030	6524	7555	6085	8043	5829	8343
706	5226	4791	5680	4416	6104	4198	6366
206	5989	5523	6474	5119	6927	4885	7205
2910	1448	1224	1691	1038	1927	934	2075
315	6168	5695	6660	5285	7119	5047	7402
2935	3049	2719	3398	2438	3728	2277	3933
605	9466	8878	10073	8364	10636	8064	10981
606	9983	9378	10606	8850	11184	8541	11537
506	10060	9453	10686	8923	11266	8613	11620
110	2191	1913	2488	1678	2772	1545	2949
505	18349	17526	19191	16801	19965	16374	20436
2936	3000	2673	3346	2394	3674	2235	3877
405	10706	10080	11351	9532	11949	9211	12313
2926	9356	8771	9960	8260	10520	7962	10862
2925	6214	5739	6708	5327	7169	5088	7452
2927	3142	2807	3496	2521	3831	2358	4038
