faz_id mean lower_50 upper_50 lower_80 upper_80 lower_90 upper_90
8935	5432	4519	6429	3768	7399	3352	8012
8927	1180	777	1667	486	2178	344	2516
8926	2364	1776	3036	1318	3713	1077	4151
8936	3440	2722	4242	2147	5036	1836	5544
8500	12845	11418	14356	10205	15788	9512	16678
8406	250	87	497	12	791	0	1000
8320	10923	9610	12320	8500	13649	7869	14477
8925	2692	2062	3406	1566	4122	1302	4582
8937	7089	6040	8222	5167	9315	4677	10001
8405	932	578	1370	332	1836	217	2147
8310	10640	9345	12019	8251	13333	7629	14151
8910	3018	2348	3772	1816	4523	1531	5005
7905	5139	4252	6110	3525	7057	3122	7655
7606	759	444	1158	232	1589	138	1880
7805	3330	2624	4120	2060	4903	1755	5404
8220	12530	11121	14023	9924	15439	9241	16319
8000	38249	35756	40826	33583	43218	32316	44682
8906	1335	903	1851	587	2387	430	2740
8210	25583	23552	27698	21795	29675	20776	30890
9020	4270	3465	5159	2812	6031	2454	6586
8125	5972	5012	7016	4220	8027	3779	8665
8126	7913	6802	9108	5873	10256	5350	10975
8905	1043	666	1504	399	1990	272	2314
7806	1752	1252	2336	873	2935	679	3325
7700	5590	4663	6601	3900	7583	3476	8204
7526	10004	8750	11342	7692	12619	7092	13416
7340	3971	3196	4830	2570	5675	2229	6213
7605	1413	968	1942	639	2491	474	2851
7537	15415	13848	17066	12508	18625	11740	19590
8115	10210	8942	11562	7873	12851	7265	13655
7335	10822	9516	12212	8411	13536	7783	14361
8600	12322	10925	13803	9739	15208	9062	16081
7425	4407	3589	5309	2923	6194	2558	6756
7535	5623	4693	6637	3928	7622	3502	8244
7525	2479	1876	3166	1404	3857	1155	4303
7436	2461	1860	3146	1391	3835	1142	4279
9019	5398	4488	6392	3740	7359	3325	7971
7026	1658	1172	2228	807	2813	621	3195
7205	7960	6846	9158	5914	10309	5389	11031
7515	8116	6990	9326	6049	10487	5518	11214
7320	9484	8264	10788	7237	12035	6655	12813
7206	21679	19813	23629	18204	25458	17274	26584
7315	4776	3922	5714	3225	6630	2841	7211
7435	4544	3712	5460	3035	6356	2663	6925
7316	4685	3840	5614	3151	6523	2771	7099
7025	12222	10831	13697	9650	15097	8977	15967
7415	13450	11989	14995	10745	16458	10033	17367
7100	10567	9277	11941	8187	13251	7567	14067
7015	5756	4815	6781	4039	7777	3607	8405
9908	4528	3698	5442	3022	6337	2650	6905
6410	16027	14428	17710	13060	19297	12274	20279
6420	9143	7946	10424	6939	11650	6370	12416
5535	5572	4647	6581	3885	7562	3462	8182
5600	15005	13459	16635	12139	18174	11382	19128
5546	12701	11282	14204	10077	15629	9388	16514
4706	2609	1989	3313	1502	4019	1244	4474
6605	2584	1967	3285	1484	3988	1227	4441
6910	1095	708	1566	432	2062	299	2391
6606	1611	1133	2173	774	2751	592	3130
9909	1415	969	1945	640	2493	476	2854
9011	6358	5367	7433	4546	8474	4087	9129
5525	6840	5810	7954	4954	9029	4475	9705
5515	6049	5083	7099	4285	8117	3840	8758
6326	13294	11842	14830	10606	16286	9899	17189
9914	4079	3293	4949	2657	5804	2310	6348
5545	4627	3787	5551	3103	6454	2726	7028
6223	8504	7351	9741	6384	10927	5838	11669
5306	20282	18478	22170	16926	23942	16029	25035
6325	8699	7532	9950	6553	11148	6000	11898
9009	2435	1837	3117	1371	3802	1125	4245
9006	1982	1447	2601	1037	3230	824	3639
6225	17355	15690	19104	14262	20752	13440	21770
9018	12041	10661	13505	9490	14896	8822	15760
5425	33026	30713	35423	28701	37654	27530	39022
5305	24963	22957	27053	21223	29007	20218	30208
5426	17609	15931	19371	14492	21029	13663	22054
6226	6972	5932	8096	5067	9180	4582	9862
6126	3102	2422	3866	1882	4626	1591	5113
6224	7941	6828	9138	5898	10288	5373	11008
6216	10230	8961	11583	7890	12873	7282	13678
6316	20304	18499	22193	16946	23966	16049	25059
6215	17329	15665	19077	14238	20723	13417	21741
5100	1724	1228	2304	853	2898	661	3287
6213	16025	14426	17708	13058	19295	12273	20277
9005	481	239	807	92	1173	37	1424
6124	13420	11961	14963	10718	16425	10007	17332
6125	11344	10006	12766	8872	14119	8227	14961
6214	30107	27900	32398	25985	34533	24871	35843
5415	62156	58967	65429	56166	68449	54524	70288
5205	39050	36531	41653	34334	44069	33052	45548
9916	2276	1700	2936	1253	3603	1018	4034
9913	5867	4916	6902	4132	7905	3695	8539
9915	3316	2612	4104	2049	4886	1745	5387
4606	3623	2885	4445	2292	5257	1970	5776
6115	9280	8073	10571	7059	11805	6484	12576
4820	6329	5340	7402	4521	8440	4064	9094
9017	291	112	554	22	863	2	1080
6123	65343	62072	68698	59198	71791	57511	73675
6114	21464	19607	23405	18007	25225	17082	26346
4607	7001	5959	8127	5092	9214	4606	9896
6505	3214	2521	3991	1969	4762	1672	5256
5020	9579	8353	10889	7320	12142	6735	12923
6113	42394	39767	45105	37474	47618	36134	49154
5010	17073	15422	18808	14006	20443	13192	21454
6020	75603	72081	79209	68982	82528	67160	84546
4900	63618	60391	66929	57557	69983	55893	71842
6010	134225	129519	139015	125352	143401	122892	146058
4400	9741	8504	11062	7462	12324	6870	13111
9900	2405	1811	3083	1349	3765	1104	4205
9904	7059	6012	8190	5141	9280	4653	9965
9902	24134	22163	26189	20459	28112	19472	29296
4810	8317	7177	9541	6222	10715	5684	11450
5720	12692	11274	14194	10069	15619	9380	16504
9901	5322	4418	6309	3677	7271	3265	7878
5826	8711	7543	9963	6564	11162	6010	11912
5825	53783	50819	56831	48222	59647	46701	61365
5925	21492	19634	23434	18033	25255	17107	26377
9015	1982	1447	2601	1037	3230	824	3639
4506	32022	29745	34383	27766	36582	26614	37930
4605	22551	20647	24539	19004	26402	18053	27549
9002	10084	8825	11427	7762	12709	7159	13509
4226	3596	2861	4415	2271	5225	1950	5742
4505	1535	1069	2085	722	2652	546	3024
4225	3429	2712	4230	2138	5023	1828	5530
5716	8586	7427	9829	6455	11020	5906	11765
5916	8114	6989	9323	6047	10485	5516	11212
4300	17775	16089	19545	14643	21211	13810	22240
5815	28698	26544	30936	24677	33023	23592	34304
9004	6030	5066	7078	4269	8094	3825	8735
5715	2362	1774	3034	1317	3711	1075	4148
3330	2879	2226	3616	1709	4352	1432	4825
6506	7401	6328	8558	5434	9672	4931	10371
5915	5429	4516	6426	3766	7396	3349	8008
3905	22734	20822	24730	19172	26600	18217	27751
4130	26448	24382	28598	22594	30606	21556	31840
6930	3724	2975	4557	2372	5379	2045	5903
3825	9455	8237	10757	7211	12002	6631	12779
4120	3745	2994	4580	2389	5404	2060	5930
3816	4666	3823	5593	3135	6500	2756	7076
4210	6207	5228	7270	4418	8299	3966	8948
9016	1996	1459	2617	1047	3248	833	3658
4005	2002	1464	2624	1052	3256	837	3667
4230	2194	1629	2843	1192	3499	963	3925
3815	10726	9426	12110	8327	13429	7702	14250
3705	36744	34302	39270	32174	41617	30933	43054
3900	28996	26831	31245	24953	33342	23862	34630
4110	37670	35197	40227	33041	42603	31784	44056
3416	3241	2545	4021	1990	4795	1691	5291
3413	1591	1116	2150	760	2725	580	3102
3706	4467	3643	5375	2972	6265	2604	6830
3600	67056	63742	70454	60829	73586	59119	75493
3415	5061	4181	6025	3460	6965	3062	7560
3320	6189	5211	7251	4403	8279	3952	8926
3505	24835	22835	26919	21105	28869	20102	30067
3414	3219	2526	3996	1973	4768	1675	5263
6900	2023	1482	2648	1067	3283	851	3695
2940	3087	2409	3849	1870	4607	1580	5094
2216	4625	3786	5548	3101	6452	2725	7025
3046	9549	8325	10857	7294	12108	6709	12888
2225	7108	6057	8243	5183	9336	4692	10023
3426	3542	2813	4355	2228	5160	1910	5674
3427	6345	5355	7419	4535	8459	4076	9113
3045	4855	3994	5800	3290	6723	2902	7308
3310	4805	3949	5745	3249	6664	2863	7246
3030	11695	10335	13139	9183	14511	8526	15364
3130	27088	24997	29263	23186	31294	22134	32541
3010	11365	10025	12789	8891	14143	8244	14985
3020	23278	21343	25297	19671	27188	18704	28352
3425	3505	2780	4314	2198	5115	1883	5627
2100	2684	2055	3397	1560	4112	1296	4572
1606	3819	3060	4662	2448	5493	2115	6023
2215	7215	6156	8358	5274	9459	4779	10150
1720	7575	6489	8745	5583	9871	5073	10577
3120	18336	16623	20133	15152	21823	14305	22867
1900	17051	15401	18785	13986	20419	13172	21429
3110	3421	2705	4221	2132	5013	1822	5520
3200	9417	8201	10717	7178	11959	6599	12735
1605	7765	6665	8949	5746	10087	5229	10801
2000	15371	13806	17020	12469	18577	11701	19541
1820	28606	26456	30840	24591	32924	23509	34203
1200	6073	5105	7125	4305	8144	3859	8787
1710	13150	11706	14678	10477	16126	9774	17025
1810	16468	14847	18173	13459	19781	12661	20775
900	12196	10807	13669	9627	15068	8954	15937
806	4899	4034	5848	3327	6775	2936	7362
1506	4464	3640	5372	2970	6261	2602	6826
1410	16105	14502	17792	13131	19383	12343	20367
1505	7323	6256	8474	5367	9583	4867	10278
1330	5881	4929	6917	4144	7922	3706	8555
1000	2381	1791	3055	1331	3735	1088	4174
1320	5158	4269	6131	3541	7079	3137	7679
1420	15903	14311	17579	12948	19161	12166	20140
1130	3771	3017	4609	2410	5435	2079	5962
1116	8643	7480	9890	6505	11085	5954	11832
1310	6873	5841	7989	4983	9067	4502	9744
805	5550	4626	6558	3867	7537	3445	8155
1115	5215	4321	6193	3588	7146	3182	7748
205	14110	12612	15692	11336	17188	10604	18115
136	4738	3888	5672	3194	6585	2812	7164
1120	14105	12608	15686	11331	17182	10600	18110
705	3877	3112	4726	2495	5562	2158	6096
120	1537	1071	2087	723	2654	547	3026
325	6535	5529	7625	4695	8678	4229	9341
135	3430	2713	4231	2139	5024	1828	5532
706	3783	3028	4622	2420	5450	2088	5977
206	8580	7421	9823	6450	11013	5901	11758
2910	1083	698	1552	424	2045	292	2373
315	9203	8002	10488	6992	11718	6420	12486
2935	22636	20728	24628	19082	26494	18129	27643
605	4272	3467	5161	2814	6034	2455	6588
606	5132	4246	6102	3519	7048	3117	7647
506	6125	5153	7181	4349	8205	3901	8849
110	1230	817	1727	518	2246	371	2589
505	12525	11117	14017	9920	15433	9237	16313
2936	3081	2404	3842	1865	4600	1576	5086
405	4397	3580	5298	2915	6182	2550	6743
2926	3087	2409	3849	1870	4607	1580	5094
2925	3027	2356	3782	1823	4534	1537	5016
2927	1829	1317	2425	927	3034	727	3431
