faz_id mean lower_50 upper_50 lower_80 upper_80 lower_90 upper_90
8935	5432	4642	6284	3984	7104	3614	7618
8927	1180	828	1593	565	2019	431	2298
8926	2364	1854	2936	1447	3505	1228	3869
8936	3440	2818	4124	2311	4793	2031	5218
8500	12845	11614	14138	10558	15355	9951	16108
8406	250	105	457	27	697	5	864
8320	10923	9790	12118	8823	13247	8269	13946
8925	2692	2145	3301	1706	3902	1467	4286
8937	7089	6182	8058	5419	8983	4986	9560
8405	932	623	1303	398	1690	287	1946
8310	10640	9522	11820	8569	12935	8023	13626
8910	3018	2437	3661	1967	4293	1710	4695
7905	5139	4372	5968	3734	6768	3376	7271
7606	759	483	1097	288	1454	195	1692
7805	3330	2718	4004	2221	4663	1947	5082
8220	12530	11315	13807	10273	15011	9674	15755
8000	38249	36102	40458	34222	42500	33121	43746
8906	1335	959	1773	674	2220	527	2512
8210	25583	23833	27395	22310	29080	21423	30112
9020	4270	3573	5029	2999	5765	2679	6229
8125	5972	5143	6863	4449	7719	4057	8256
8126	7913	6953	8935	6142	9908	5681	10514
8905	1043	714	1434	471	1838	350	2105
7806	1752	1317	2249	978	2750	800	3073
7700	5590	4788	6454	4120	7284	3744	7805
7526	10004	8921	11149	7999	12233	7472	12905
7340	3971	3300	4704	2749	5417	2444	5867
7605	1413	1025	1863	729	2320	576	2619
7537	15415	14064	16828	12899	18155	12227	18972
8115	10210	9116	11366	8184	12460	7650	13139
7335	10822	9695	12011	8732	13136	8181	13832
8600	12322	11117	13589	10085	14783	9491	15522
7425	4407	3699	5177	3114	5924	2788	6395
7535	5623	4819	6489	4148	7322	3771	7844
7525	2479	1956	3064	1537	3645	1311	4016
7436	2461	1940	3044	1523	3623	1298	3993
9019	5398	4611	6247	3955	7065	3587	7578
7026	1658	1236	2142	908	2632	736	2948
7205	7960	6998	8984	6184	9960	5721	10568
7515	8116	7144	9150	6321	10135	5853	10748
7320	9484	8431	10599	7535	11657	7023	12314
7206	21679	20071	23349	18675	24907	17864	25863
7315	4776	4037	5577	3425	6351	3083	6838
7435	4544	3824	5326	3229	6083	2897	6559
7316	4685	3954	5478	3348	6246	3010	6729
7025	12222	11022	13484	9994	14674	9404	15409
7415	13450	12190	14772	11108	16016	10484	16785
7100	10567	9453	11743	8503	12854	7959	13544
7015	5756	4942	6632	4262	7474	3880	8001
9908	4528	3810	5308	3216	6064	2885	6540
6410	16027	14648	17468	13460	18818	12773	19650
6420	9143	8109	10239	7231	11279	6730	11925
5535	5572	4772	6434	4104	7264	3729	7784
5600	15005	13672	16400	12525	17709	11862	18517
5546	12701	11477	13987	10428	15198	9824	15947
4706	2609	2071	3209	1640	3802	1406	4181
6605	2584	2049	3181	1620	3772	1388	4149
6910	1095	758	1494	507	1907	381	2178
6606	1611	1195	2089	874	2572	705	2886
9909	1415	1027	1865	731	2323	578	2621
9011	6358	5501	7277	4782	8157	4377	8708
5525	6840	5950	7792	5202	8702	4778	9271
5515	6049	5214	6946	4515	7807	4121	8346
6326	13294	12041	14609	10966	15846	10347	16610
9914	4079	3399	4821	2839	5543	2529	5998
5545	4627	3901	5415	3299	6179	2964	6659
6223	8504	7508	9562	6664	10568	6184	11193
5306	20282	18727	21899	17380	23408	16598	24335
6325	8699	7691	9769	6837	10785	6350	11417
9009	2435	1917	3015	1503	3591	1279	3960
9006	1982	1517	2509	1152	3036	957	3376
6225	17355	15919	18853	14679	20255	13961	21118
9018	12041	10850	13294	9831	14475	9245	15206
5425	33026	31033	35081	29292	36984	28274	38147
5305	24963	23235	26753	21731	28419	20856	29439
5426	17609	16162	19118	14913	20529	14189	21398
6226	6972	6073	7933	5317	8851	4888	9425
6126	3102	2513	3753	2035	4393	1774	4799
6224	7941	6980	8964	6167	9939	5705	10546
6216	10230	9135	11387	8201	12482	7667	13162
6316	20304	18748	21922	17400	23432	16618	24359
6215	17329	15894	18826	14655	20227	13938	21089
5100	1724	1293	2217	957	2715	781	3036
6213	16025	14646	17466	13458	18816	12771	19648
9005	481	268	756	129	1057	70	1261
6124	13420	12161	14741	11080	15984	10458	16751
6125	11344	10189	12561	9202	13710	8635	14422
6214	30107	28206	32070	26547	33891	25578	35005
5415	62156	59411	64963	56992	67544	55568	69112
5205	39050	36881	41281	34980	43344	33867	44602
9916	2276	1776	2838	1378	3398	1165	3756
9913	5867	5045	6751	4358	7600	3971	8132
9915	3316	2706	3988	2209	4647	1936	5065
4606	3623	2984	4324	2461	5009	2172	5442
6115	9280	8238	10384	7353	11431	6848	12081
4820	6329	5474	7246	4757	8125	4353	8674
9017	291	132	512	42	764	12	939
6123	65343	62528	68220	60045	70865	58584	72471
6114	21464	19864	23126	18475	24676	17669	25628
4607	7001	6100	7964	5342	8884	4913	9458
6505	3214	2614	3876	2126	4526	1859	4938
5020	9579	8520	10700	7620	11762	7105	12422
6113	42394	40132	44718	38149	46863	36986	48171
5010	17073	15649	18559	14420	19950	13708	20807
6020	75603	72572	78696	69896	81534	68319	83256
4900	63618	60840	66458	58392	69068	56951	70654
6010	134225	130177	138335	126584	142090	124458	144361
4400	9741	8673	10871	7764	11942	7245	12606
9900	2405	1890	2982	1479	3555	1257	3922
9904	7059	6154	8026	5393	8949	4961	9526
9902	24134	22435	25895	20958	27534	20099	28538
4810	8317	7333	9363	6499	10359	6024	10979
5720	12692	11469	13977	10420	15188	9816	15937
9901	5322	4541	6165	3890	6978	3525	7488
5826	8711	7703	9781	6848	10798	6360	11431
5825	53783	51232	56396	48987	58803	47668	60267
5925	21492	19891	23155	18501	24706	17694	25659
9015	1982	1517	2509	1152	3036	957	3376
4506	32022	30060	34046	28347	35921	27346	37067
4605	22551	20910	24254	19485	25841	18656	26815
9002	10084	8997	11233	8071	12321	7541	12996
4226	3596	2959	4295	2439	4977	2152	5409
4505	1535	1130	2002	818	2476	655	2784
4225	3429	2808	4112	2302	4780	2023	5204
5716	8586	7585	9649	6737	10659	6254	11287
5916	8114	7142	9148	6320	10132	5852	10745
4300	17775	16321	19291	15065	20708	14338	21581
5815	28698	26843	30615	25225	32395	24281	33484
9004	6030	5196	6926	4499	7785	4105	8324
5715	2362	1852	2934	1445	3502	1226	3867
3330	2879	2313	3507	1855	4126	1606	4521
6506	7401	6474	8390	5692	9334	5249	9922
5915	5429	4640	6280	3982	7100	3612	7615
3905	22734	21086	24444	19655	26037	18823	27014
4130	26448	24668	28290	23118	30002	22215	31050
6930	3724	3075	4435	2545	5127	2251	5566
3825	9455	8403	10569	7509	11625	6998	12281
4120	3745	3095	4457	2562	5152	2267	5592
3816	4666	3936	5458	3332	6224	2995	6706
4210	6207	5361	7115	4652	7986	4251	8531
9016	1996	1530	2524	1162	3053	967	3394
4005	2002	1535	2531	1167	3061	971	3402
4230	2194	1703	2747	1315	3297	1106	3651
3815	10726	9604	11910	8646	13030	8097	13724
3705	36744	34641	38909	32799	40913	31722	42135
3900	28996	27131	30923	25504	32712	24555	33806
4110	37670	35540	39862	33674	41889	32582	43126
3416	3241	2638	3906	2148	4558	1879	4972
3413	1591	1178	2066	859	2547	692	2859
3706	4467	3754	5242	3165	5993	2836	6467
3600	67056	64204	69970	61688	72648	60207	74274
3415	5061	4300	5884	3667	6679	3313	7178
3320	6189	5344	7096	4636	7966	4237	8510
3505	24835	23111	26621	21612	28282	20739	29300
3414	3219	2618	3882	2130	4532	1862	4945
6900	2023	1553	2555	1183	3087	986	3429
2940	3087	2499	3737	2023	4375	1762	4781
2216	4625	3899	5413	3298	6176	2962	6657
3046	9549	8492	10668	7593	11729	7079	12388
2225	7108	6200	8078	5436	9004	5002	9583
3426	3542	2910	4236	2394	4913	2110	5343
3427	6345	5489	7263	4771	8143	4366	8693
3045	4855	4110	5662	3492	6442	3147	6932
3310	4805	4064	5608	3450	6384	3107	6872
3030	11695	10522	12930	9518	14096	8942	14817
3130	27088	25286	28952	23717	30683	22802	31743
3010	11365	10209	12583	9221	13733	8654	14445
3020	23278	21610	25008	20161	26619	19318	27607
3425	3505	2877	4195	2364	4870	2081	5298
2100	2684	2138	3292	1700	3892	1461	4276
1606	3819	3162	4538	2623	5239	2325	5682
2215	7215	6300	8192	5529	9125	5092	9707
1720	7575	6637	8575	5845	9529	5395	10124
3120	18336	16859	19875	15582	21314	14842	22199
1900	17051	15628	18536	14400	19926	13689	20782
3110	3421	2801	4103	2295	4771	2017	5194
3200	9417	8367	10529	7475	11583	6966	12237
1605	7765	6815	8777	6012	9742	5556	10343
2000	15371	14021	16783	12859	18107	12188	18923
1820	28606	26754	30520	25139	32297	24196	33385
1200	6073	5236	6972	4536	7834	4141	8374
1710	13150	11904	14458	10835	15689	10220	16449
1810	16468	15070	17928	13864	19296	13167	20138
900	12196	10997	13457	9971	14645	9381	15380
806	4899	4151	5709	3530	6492	3182	6985
1506	4464	3751	5239	3162	5990	2834	6463
1410	16105	14723	17549	13531	18903	12842	19737
1505	7323	6401	8307	5624	9246	5183	9832
1330	5881	5058	6766	4370	7616	3982	8149
1000	2381	1869	2955	1460	3526	1240	3891
1320	5158	4389	5989	3750	6790	3392	7293
1420	15903	14530	17338	13346	18684	12662	19513
1130	3771	3118	4486	2583	5183	2287	5623
1116	8643	7639	9709	6787	10722	6302	11353
1310	6873	5981	7827	5230	8739	4806	9309
805	5550	4751	6411	4085	7239	3711	7758
1115	5215	4442	6050	3799	6855	3438	7361
205	14110	12818	15464	11708	16736	11068	17521
136	4738	4003	5535	3393	6307	3053	6792
1120	14105	12814	15458	11704	16730	11063	17515
705	3877	3215	4601	2671	5307	2370	5753
120	1537	1131	2005	819	2479	657	2786
325	6535	5666	7466	4936	8358	4524	8915
135	3430	2809	4113	2303	4781	2024	5205
706	3783	3129	4499	2593	5197	2297	5638
206	8580	7580	9642	6732	10652	6248	11281
2910	1083	748	1480	499	1891	374	2161
315	9203	8166	10302	7285	11345	6782	11993
2935	22636	20992	24342	19564	25932	18734	26907
605	4272	3575	5031	3001	5767	2681	6232
606	5132	4365	5961	3728	6760	3371	7262
506	6125	5285	7027	4581	7893	4184	8435
110	1230	870	1652	600	2084	462	2367
505	12525	11310	13802	10269	15005	9670	15749
2936	3081	2494	3730	2018	4368	1758	4773
405	4397	3690	5166	3106	5912	2780	6383
2926	3087	2499	3737	2023	4375	1762	4781
2925	3027	2445	3671	1975	4303	1717	4706
2927	1829	1384	2336	1036	2846	852	3175
