faz_id mean lower_50 upper_50 lower_80 upper_80 lower_90 upper_90
8935	6083	5480	6718	4964	7316	4667	7686
8927	2680	2285	3106	1956	3517	1772	3776
8926	7641	6963	8350	6380	9016	6043	9426
8936	7751	7068	8465	6480	9135	6141	9549
8500	9000	8263	9768	7626	10487	7258	10930
8406	1206	946	1497	739	1786	628	1972
8320	5801	5212	6421	4709	7006	4421	7369
8925	7575	6900	8281	6319	8944	5984	9353
8937	8971	8235	9738	7600	10456	7232	10898
8405	8077	7380	8806	6779	9489	6431	9910
8310	13854	12936	14804	12136	15686	11670	16226
8910	8271	7565	9008	6957	9699	6605	10125
7905	11296	10469	12155	9750	12955	9333	13447
7606	2238	1878	2629	1582	3008	1416	3247
7805	10173	9389	10989	8709	11751	8315	12219
8220	9888	9115	10693	8445	11444	8057	11906
8000	6315	5700	6961	5174	7570	4871	7947
8906	3788	3315	4292	2917	4773	2690	5073
8210	7661	6982	8371	6398	9038	6061	9449
9020	9464	8708	10252	8054	10988	7675	11440
8125	8536	7819	9285	7200	9986	6842	10418
8126	7500	6829	8203	6251	8863	5918	9270
8905	4282	3779	4817	3352	5326	3109	5642
7806	3787	3315	4291	2916	4772	2690	5072
7700	3655	3191	4150	2800	4623	2579	4919
7526	6512	5888	7168	5352	7786	5044	8167
7340	11440	10607	12304	9884	13110	9464	13604
7605	800	591	1040	430	1283	346	1441
7537	13020	12130	13941	11356	14797	10905	15322
8115	15982	14995	17001	14133	17945	13629	18522
7335	15910	14925	16926	14065	17869	13562	18445
8600	8235	7531	8971	6924	9660	6572	10085
7425	11940	11089	12823	10349	13644	9919	14148
7535	14323	13389	15288	12575	16184	12100	16733
7525	7426	6758	8125	6183	8782	5852	9187
7436	2337	1969	2736	1665	3123	1495	3366
9019	8445	7732	9190	7116	9888	6760	10317
7026	4357	3849	4896	3419	5409	3173	5728
7205	6453	5831	7106	5299	7721	4992	8101
7515	2434	2058	2841	1747	3235	1573	3482
7320	12563	11689	13468	10930	14310	10487	14826
7206	8289	7582	9027	6973	9719	6621	10145
7315	7906	7216	8627	6622	9304	6279	9720
7435	3474	3022	3957	2642	4420	2427	4708
7316	8754	8027	9512	7400	10222	7037	10658
7025	10529	9731	11359	9039	12133	8637	12609
7415	5304	4742	5898	4263	6459	3988	6807
7100	14328	13394	15293	12580	16190	12105	16738
7015	7978	7285	8702	6688	9382	6343	9800
9908	1152	898	1437	697	1721	589	1903
6410	23486	22286	24718	21232	25854	20614	26546
6420	19781	18681	20913	17717	21959	17153	22597
5535	14283	13351	15247	12538	16142	12064	16690
5600	7290	6628	7983	6059	8634	5731	9036
5546	8262	7557	8999	6948	9689	6596	10115
4706	5562	4986	6169	4494	6743	4212	7099
6605	5514	4941	6119	4451	6691	4171	7045
6910	2694	2298	3122	1968	3533	1783	3792
6606	3092	2667	3549	2310	3987	2109	4262
9909	3015	2595	3466	2244	3900	2046	4171
9011	5899	5305	6524	4798	7114	4506	7479
5525	6988	6341	7667	5784	8305	5464	8699
5515	12544	11671	13448	10912	14290	10470	14805
6326	12237	11375	13130	10626	13962	10190	14472
9914	8603	7883	9355	7261	10058	6902	10492
5545	6739	6103	7406	5558	8034	5244	8421
6223	14115	13188	15073	12380	15963	11909	16508
5306	11462	10628	12327	9905	13133	9484	13628
6325	17035	16015	18086	15124	19060	14603	19655
9009	2458	2080	2867	1767	3262	1592	3511
9006	6110	5506	6746	4988	7345	4691	7716
6225	11534	10698	12402	9971	13210	9549	13706
9018	10279	9490	11099	8807	11865	8410	12335
5425	18745	17675	19847	16737	20866	16189	21488
5305	13278	12380	14208	11597	15072	11142	15602
5426	9436	8681	10222	8028	10958	7650	11410
6226	14886	13934	15870	13103	16783	12618	17341
6126	6132	5526	6769	5008	7370	4710	7741
6224	11371	10541	12233	9820	13036	9401	13528
6216	7017	6368	7697	5811	8337	5489	8732
6316	15668	14691	16677	13837	17612	13339	18184
6215	12160	11301	13051	10554	13880	10119	14388
5100	3100	2674	3557	2317	3996	2116	4271
6213	10342	9551	11165	8865	11932	8467	12404
9005	3198	2765	3662	2402	4108	2197	4386
6124	14817	13867	15798	13038	16709	12555	17266
6125	5618	5039	6228	4545	6805	4261	7162
6214	238	131	376	62	527	33	630
5415	7044	6394	7726	5835	8366	5513	8762
5205	6325	5710	6972	5183	7581	4879	7958
9916	7559	6885	8265	6305	8927	5970	9335
9913	3620	3158	4113	2770	4584	2549	4878
9915	10767	9960	11606	9259	12388	8852	12869
4606	10931	10117	11776	9411	12564	9001	13048
6115	11844	10996	12723	10260	13542	9831	14044
4820	3816	3342	4322	2941	4804	2714	5105
9017	1958	1623	2325	1348	2682	1195	2908
6123	13355	12454	14288	11669	15154	11212	15685
6114	18250	17194	19338	16270	20344	15729	20958
4607	12205	11344	13097	10596	13928	10161	14437
6505	5223	4665	5812	4190	6370	3918	6715
5020	11044	10226	11893	9516	12685	9104	13172
6113	27827	26519	29166	25369	30399	24692	31149
5010	9109	8368	9882	7727	10605	7356	11050
6020	13998	13075	14952	12271	15839	11802	16381
4900	9439	8684	10226	8031	10961	7652	11413
6010	9790	9021	10591	8355	11339	7969	11799
4400	9739	8972	10538	8308	11284	7923	11743
9900	5067	4518	5647	4050	6197	3783	6538
9904	6504	5880	7160	5345	7777	5037	8158
9902	14412	13475	15380	12659	16279	12182	16829
4810	4817	4282	5383	3827	5920	3567	6254
5720	19344	18256	20463	17304	21498	16746	22129
9901	4498	3982	5046	3544	5566	3294	5890
5826	3450	3000	3932	2621	4393	2407	4680
5825	2039	1696	2413	1415	2777	1259	3007
5925	12069	11213	12956	10469	13782	10036	14289
9015	6602	5973	7262	5434	7884	5123	8268
4506	7943	7252	8666	6656	9344	6312	9762
4605	10870	10059	11713	9355	12499	8946	12981
9002	18418	17357	19510	16428	20521	15885	21138
4226	7934	7243	8656	6648	9334	6304	9752
4505	6146	5540	6784	5021	7385	4722	7757
4225	7552	6878	8257	6298	8919	5964	9328
5716	11414	10582	12277	9860	13082	9440	13575
5916	15224	14261	16219	13420	17141	12930	17706
4300	5703	5120	6318	4621	6899	4335	7258
5815	2310	1944	2707	1642	3092	1473	3334
9004	9155	8412	9930	7769	10655	7397	11100
5715	8137	7437	8868	6834	9554	6485	9976
3330	6624	5994	7285	5454	7908	5142	8293
6506	7123	6469	7808	5907	8452	5583	8850
5915	8276	7570	9013	6961	9705	6609	10130
3905	4786	4253	5351	3800	5886	3541	6219
4130	8677	7954	9432	7329	10138	6968	10573
6930	4580	4059	5133	3616	5657	3364	5983
3825	9109	8368	9882	7727	10605	7356	11050
4120	9470	8714	10258	8059	10994	7680	11447
3816	10547	9748	11378	9055	12152	8653	12628
4210	11356	10526	12217	9806	13020	9387	13512
9016	6658	6026	7321	5484	7945	5172	8331
4005	6710	6076	7376	5532	8002	5218	8389
4230	4941	4399	5514	3938	6058	3674	6395
3815	8976	8240	9743	7604	10461	7236	10903
3705	14247	13316	15210	12504	16104	12031	16651
3900	3600	3140	4092	2752	4562	2532	4855
4110	9973	9196	10781	8524	11536	8134	11999
3416	9999	9221	10808	8548	11564	8157	12028
3413	4598	4076	5152	3632	5677	3379	6004
3706	7542	6869	8247	6289	8908	5955	9316
3600	10035	9256	10845	8581	11602	8190	12067
3415	12473	11603	13375	10846	14214	10405	14728
3320	11784	10939	12661	10204	13478	9777	13979
3505	19251	18166	20368	17216	21400	16659	22030
3414	10727	9921	11564	9222	12346	8816	12825
6900	4406	3895	4948	3462	5464	3215	5784
2940	10077	9296	10889	8620	11648	8228	12113
2216	8465	7751	9211	7135	9909	6778	10339
3046	10752	9945	11590	9245	12372	8839	12852
2225	8411	7699	9154	7085	9851	6730	10280
3426	8999	8262	9767	7625	10486	7257	10929
3427	9747	8979	10546	8315	11293	7930	11751
3045	12277	11414	13172	10663	14005	10226	14515
3310	10916	10103	11761	9397	12548	8988	13032
3030	19179	18096	20293	17148	21324	16592	21953
3130	7901	7212	8622	6618	9298	6274	9715
3010	18193	17139	19279	16216	20284	15676	20897
3020	11236	10411	12093	9695	12891	9278	13381
3425	9109	8368	9882	7727	10605	7356	11050
2100	8298	7591	9036	6981	9728	6629	10155
1606	6018	5418	6649	4905	7245	4610	7613
2215	8006	7312	8732	6714	9412	6368	9831
1720	12744	11864	13655	11099	14503	10653	15022
3120	11473	10639	12339	9915	13145	9494	13640
1900	553	382	755	255	964	192	1102
3110	3701	3234	4199	2841	4675	2617	4972
3200	9590	8829	10383	8170	11123	7788	11579
1605	8252	7547	8988	6939	9679	6588	10104
2000	5952	5356	6580	4846	7172	4553	7539
1820	5005	4459	5582	3995	6129	3729	6468
1200	7937	7246	8660	6650	9337	6306	9755
1710	11069	10250	11919	9539	12712	9126	13199
1810	2662	2268	3087	1941	3497	1757	3754
900	5024	4477	5602	4012	6150	3746	6489
806	15188	14226	16181	13387	17103	12897	17667
1506	10028	9249	10838	8575	11595	8184	12060
1410	5355	4790	5951	4308	6515	4032	6865
1505	9539	8780	10330	8123	11069	7742	11523
1330	8870	8139	9633	7507	10347	7141	10786
1000	4078	3587	4600	3172	5098	2936	5408
1320	7392	6726	8090	6152	8745	5822	9150
1420	7480	6810	8182	6233	8841	5900	9247
1130	3001	2582	3451	2232	3884	2034	4155
1116	8188	7486	8922	6880	9609	6530	10033
1310	10805	9996	11645	9294	12429	8887	12910
805	9733	8966	10531	8302	11277	7917	11736
1115	7018	6369	7698	5812	8338	5490	8733
205	5875	5283	6499	4776	7088	4485	7452
136	5210	4653	5798	4178	6355	3907	6701
1120	16258	15262	17285	14392	18237	13884	18819
705	10245	9458	11064	8776	11828	8380	12298
120	5292	4731	5885	4252	6446	3978	6794
325	10823	10013	11664	9311	12449	8903	12930
135	7213	6555	7903	5989	8550	5663	8950
706	6175	5567	6814	5047	7417	4748	7789
206	6079	5476	6713	4960	7311	4664	7682
2910	1741	1426	2088	1169	2427	1027	2642
315	6475	5852	7129	5319	7745	5011	8126
2935	2997	2578	3447	2228	3879	2031	4150
605	10838	10028	11680	9325	12465	8917	12946
606	12073	11217	12960	10473	13787	10040	14293
506	12181	11321	13072	10574	13902	10139	14411
110	2247	1887	2639	1589	3019	1423	3258
505	22564	21388	23771	20356	24886	19750	25565
2936	3140	2711	3600	2352	4042	2149	4318
405	12612	11737	13519	10975	14362	10532	14879
2926	10422	9628	11248	8939	12018	8540	12491
2925	8081	7384	8810	6782	9493	6435	9914
2927	5234	4676	5824	4200	6382	3927	6728
