faz_id mean lower_50 upper_50 lower_80 upper_80 lower_90 upper_90
8935	15761	14716	16841	13806	17845	13276	18459
8927	7365	6657	8109	6049	8810	5700	9243
8926	20509	19315	21739	18270	22877	17659	23572
8936	20552	19357	21783	18311	22923	17699	23618
8500	23170	21900	24476	20786	25683	20134	26419
8406	3317	2848	3822	2455	4308	2235	4613
8320	15882	14833	16966	13920	17974	13387	18590
8925	20503	19309	21733	18265	22871	17653	23566
8937	24643	23332	25989	22183	27233	21509	27990
8405	23533	22253	24849	21130	26065	20473	26807
8310	35147	33578	36751	32196	38227	31383	39124
8910	22300	21054	23582	19963	24767	19324	25489
7905	31525	30040	33046	28734	34446	27966	35297
7606	6292	5639	6981	5081	7633	4761	8036
7805	28799	27381	30253	26134	31593	25402	32409
8220	20421	19230	21648	18187	22784	17577	23478
8000	15755	14711	16835	13801	17839	13270	18453
8906	10670	9814	11562	9073	12396	8644	12909
8210	14684	13676	15727	12800	16698	12289	17292
9020	24011	22718	25340	21583	26568	20919	27317
8125	21485	20262	22743	19192	23907	18566	24618
8126	17336	16240	18468	15283	19518	14724	20161
8905	11934	11027	12876	10242	13756	9785	14296
7806	10508	9658	11393	8924	12221	8498	12731
7700	8615	7847	9418	7187	10173	6805	10638
7526	16444	15377	17547	14446	18571	13903	19198
7340	31978	30483	33509	29166	34919	28393	35776
7605	2195	1816	2609	1506	3013	1334	3269
7537	29474	28039	30945	26777	32300	26036	33125
8115	35381	33807	36991	32420	38471	31604	39371
7335	39663	37995	41366	36524	42931	35658	43881
8600	22929	21665	24228	20558	25429	19909	26162
7425	35414	33839	37024	32452	38506	31636	39406
7535	32138	30639	33673	29319	35086	28544	35946
7525	18952	17805	20135	16802	21231	16216	21901
7436	6572	5904	7276	5333	7941	5005	8352
9019	21873	20639	23143	19559	24316	18926	25033
7026	11430	10543	12353	9775	13214	9329	13744
7205	15774	14729	16855	13819	17859	13288	18473
7515	6088	5446	6766	4898	7408	4584	7805
7320	33611	32077	35180	30727	36624	29933	37502
7206	18659	17521	19833	16527	20921	15946	21586
7315	21182	19968	22432	18906	23588	18284	24293
7435	9750	8932	10604	8226	11403	7818	11895
7316	23920	22629	25247	21497	26472	20834	27219
7025	22933	21669	24232	20562	25433	19913	26166
7415	14662	13655	15705	12779	16674	12269	17268
7100	32172	30672	33708	29352	35122	28576	35981
7015	18714	17574	19890	16578	20979	15996	21645
9908	3683	3187	4214	2772	4724	2537	5042
6410	52950	51021	54915	49314	56716	48306	57807
6420	45679	43888	47506	42306	49181	41373	50198
5535	35542	33964	37155	32574	38639	31757	39541
5600	18092	16972	19248	15993	20320	15422	20975
5546	21097	19886	22344	18825	23498	18205	24202
4706	14754	13744	15800	12865	16772	12353	17368
6605	15546	14509	16619	13605	17616	13079	18227
6910	7142	6445	7875	5847	8566	5504	8993
6606	8286	7534	9074	6887	9815	6513	10272
9909	8090	7347	8869	6708	9601	6340	10053
9011	13943	12962	14960	12108	15907	11612	16487
5525	16926	15843	18045	14898	19083	14347	19718
5515	31481	29997	33000	28692	34400	27925	35250
6326	25089	23766	26447	22606	27701	21926	28466
9914	22685	21428	23978	20327	25172	19682	25901
5545	19042	17892	20228	16887	21326	16300	21997
6223	29580	28142	31053	26878	32411	26136	33237
5306	25670	24332	27044	23158	28312	22469	29084
6325	37291	35675	38943	34250	40462	33411	41384
9009	6399	5740	7094	5177	7750	4854	8157
9006	16496	15427	17601	14495	18627	13951	19254
6225	22306	21060	23588	19968	24773	19329	25496
9018	24594	23285	25939	22136	27181	21463	27938
5425	44248	42486	46046	40929	47696	40012	48697
5305	30190	28737	31678	27460	33049	26710	33884
5426	24854	23538	26206	22383	27454	21706	28215
6226	33575	32042	35144	30692	36587	29899	37464
6126	14221	13230	15248	12368	16204	11866	16789
6224	23597	22315	24915	21191	26132	20532	26875
6216	16672	15597	17783	14660	18814	14113	19444
6316	30155	28703	31642	27427	33013	26677	33847
6215	23952	22660	25280	21527	26506	20864	27254
5100	8705	7933	9512	7269	10270	6885	10738
6213	19500	18336	20700	17319	21811	16724	22489
9005	8507	7744	9305	7088	10055	6709	10518
6124	27396	26013	28815	24798	30123	24086	30920
6125	10478	9630	11362	8896	12189	8471	12698
6214	377	231	559	129	754	83	884
5415	16944	15860	18064	14915	19102	14363	19738
5205	13974	12991	14992	12137	15940	11640	16521
9916	19005	17856	20190	16852	21287	16266	21958
9913	7938	7202	8710	6570	9436	6205	9884
9915	27168	25791	28581	24582	29884	23872	30677
4606	31156	29680	32668	28382	34060	27619	34907
6115	23691	22406	25011	21280	26231	20620	26975
4820	8723	7951	9531	7285	10290	6901	10758
9017	5050	4467	5669	3972	6258	3689	6624
6123	21428	20207	22685	19138	23847	18513	24557
6114	36536	34936	38172	33526	39675	32696	40589
4607	35098	33530	36701	32149	38176	31337	39072
6505	14941	13924	15993	13040	16972	12524	17571
5020	27177	25800	28590	24590	29893	23880	30687
6113	43719	41967	45506	40421	47147	39509	48142
5010	21049	19839	22295	18780	23447	18160	24151
6020	21226	20011	22477	18947	23634	18325	24340
4900	15908	14859	16993	13944	18001	13411	18618
6010	15328	14298	16394	13401	17384	12879	17990
4400	24548	23240	25892	22093	27133	21420	27889
9900	11878	10974	12818	10190	13696	9735	14235
9904	14834	13821	15883	12940	16858	12426	17455
9902	32427	30921	33969	29595	35388	28816	36251
4810	11214	10336	12128	9575	12982	9134	13507
5720	38783	37134	40468	35680	42015	34824	42955
9901	11743	10844	12678	10065	13551	9612	14087
5826	6671	5998	7380	5422	8049	5091	8464
5825	3726	3227	4260	2809	4772	2572	5093
5925	27336	25955	28753	24741	30060	24029	30856
9015	17260	16166	18390	15212	19438	14654	20079
4506	19213	18058	20404	17048	21507	16458	22181
4605	27676	26286	29102	25065	30417	24348	31217
9002	44779	43006	46588	41440	48247	40517	49254
4226	20824	19621	22063	18568	23210	17951	23910
4505	17472	16371	18609	15411	19663	14850	20307
4225	19890	18714	21101	17686	22223	17085	22908
5716	26570	25208	27967	24013	29256	23311	30042
5916	38362	36722	40037	35276	41577	34425	42512
4300	13274	12317	14267	11486	15192	11002	15759
5815	5396	4792	6036	4279	6642	3986	7019
9004	24604	23294	25949	22146	27192	21472	27949
5715	18304	17177	19467	16193	20545	15618	21204
3330	18051	16932	19206	15955	20277	15384	20931
6506	18869	17724	20049	16724	21143	16140	21811
5915	21582	20357	22843	19284	24010	18656	24721
3905	12166	11250	13117	10457	14005	9995	14550
4130	18997	17848	20181	16845	21279	16258	21949
6930	10721	9863	11615	9120	12451	8690	12965
3825	23248	21976	24556	20860	25765	20207	26502
4120	22800	21540	24096	20436	25293	19789	26024
3816	26486	25127	27881	23933	29168	23233	29952
4210	30884	29415	32389	28122	33775	27363	34619
9016	17920	16805	19071	15832	20138	15263	20790
4005	17415	16316	18550	15357	19602	14797	20246
4230	13818	12841	14831	11992	15773	11498	16351
3815	21384	20164	22639	19097	23801	18472	24509
3705	35141	33572	36745	32190	38221	31378	39118
3900	7745	7018	8508	6394	9225	6035	9668
4110	24250	22950	25586	21810	26819	21142	27571
3416	26195	24843	27583	23656	28863	22960	29643
3413	12959	12014	13940	11193	14855	10715	15416
3706	19222	18067	20413	17057	21517	16466	22191
3600	23719	22434	25040	21307	26261	20646	27005
3415	33700	32164	35271	30812	36717	30017	37596
3320	33356	31828	34920	30483	36358	29692	37233
3505	47521	45694	49384	44079	51092	43127	52128
3414	30137	28686	31624	27409	32994	26660	33827
6900	11546	10655	12473	9882	13339	9434	13871
2940	26841	25472	28245	24271	29541	23565	30330
2216	23070	21803	24373	20692	25578	20041	26312
3046	25843	24500	27221	23322	28493	22631	29268
2225	21264	20048	22516	18983	23674	18360	24381
3426	27069	25695	28479	24487	29780	23779	30572
3427	27076	25701	28486	24494	29787	23786	30580
3045	31364	29883	32881	28580	34277	27814	35127
3310	30391	28934	31884	27652	33260	26899	34097
3030	54112	52161	56099	50435	57918	49416	59021
3130	17782	16671	18928	15702	19992	15136	20641
3010	47687	45857	49553	44239	51264	43285	52302
3020	25869	24526	27248	23347	28521	22655	29296
3425	24948	23629	26303	22472	27553	21794	28315
2100	22099	20859	23375	19773	24555	19137	25275
1606	13565	12597	14569	11756	15503	11267	16076
2215	19975	18797	21189	17766	22313	17164	22999
1720	29042	27618	30502	26366	31848	25630	32667
3120	28968	27546	30426	26295	31770	25561	32588
1900	888	654	1158	473	1432	379	1610
3110	10270	9430	11146	8705	11965	8284	12469
3200	25221	23895	26583	22731	27840	22049	28606
1605	17679	16572	18822	15605	19882	15041	20531
2000	15203	14177	16264	13284	17251	12764	17855
1820	8150	7404	8932	6763	9667	6393	10120
1200	20386	19196	21612	18154	22747	17545	23440
1710	24979	23659	26334	22502	27586	21823	28348
1810	4965	4387	5579	3896	6163	3617	6526
900	12046	11135	12993	10345	13876	9887	14418
806	42216	40495	43973	38976	45585	38081	46564
1506	24397	23093	25737	21949	26974	21279	27728
1410	12707	11771	13679	10959	14585	10486	15141
1505	23008	21742	24310	20633	25512	19983	26246
1330	24525	23218	25868	22071	27109	21399	27865
1000	10497	9648	11382	8914	12210	8488	12719
1320	18340	17212	19504	16226	20583	15651	21242
1420	16343	15279	17443	14351	18464	13810	19089
1130	6991	6301	7717	5711	8401	5371	8824
1116	20084	18903	21301	17869	22428	17265	23116
1310	28517	27106	29964	25865	31298	25137	32110
805	26749	25383	28151	24183	29444	23479	30232
1115	18835	17691	20014	16692	21107	16108	21775
205	13491	12526	14492	11687	15424	11200	15995
136	11771	10871	12707	10091	13581	9638	14117
1120	41604	39896	43348	38388	44949	37500	45921
705	28413	27004	29857	25766	31189	25040	31999
120	13106	12155	14093	11329	15012	10849	15576
325	27328	25947	28745	24734	30052	24022	30847
135	18072	16952	19228	15974	20299	15403	20954
706	16883	15801	18001	14858	19038	14307	19672
206	13839	12861	14852	12012	15796	11517	16374
2910	4641	4082	5235	3610	5801	3341	6154
315	16011	14958	17100	14040	18111	13505	18730
2935	10367	9523	11247	8794	12069	8372	12576
605	29319	27888	30786	26630	32138	25891	32960
606	32911	31394	34464	30058	35894	29272	36763
506	35025	33459	36627	32079	38100	31268	38995
110	5160	4570	5786	4069	6380	3784	6750
505	65084	62943	67261	61045	69252	59924	70457
2936	8577	7811	9379	7152	10131	6772	10595
405	34442	32889	36030	31522	37492	30717	38380
2926	28983	27560	30442	26309	31786	25575	32604
2925	21858	20625	23127	19545	24301	18912	25017
2927	13851	12873	14865	12023	15809	11528	16387
