faz_id mean lower_50 upper_50 lower_80 upper_80 lower_90 upper_90
8935	5430	4920	5965	4482	6469	4229	6780
8927	2375	2042	2733	1763	3078	1606	3294
8926	6704	6136	7298	5645	7854	5362	8196
8936	7307	6713	7926	6200	8505	5902	8862
8500	8091	7465	8742	6923	9350	6609	9723
8406	943	738	1173	574	1403	486	1549
8320	5084	4591	5603	4168	6091	3925	6393
8925	6665	6098	7257	5609	7812	5327	8153
8937	7488	6887	8115	6366	8701	6065	9061
8405	7180	6591	7794	6083	8368	5788	8722
8310	13058	12260	13881	11562	14645	11155	15111
8910	7294	6701	7913	6188	8491	5891	8847
7905	10443	9730	11181	9110	11867	8749	12287
7606	2120	1806	2459	1544	2786	1398	2992
7805	9421	8745	10122	8157	10776	7816	11176
8220	8625	7979	9297	7418	9923	7092	10308
8000	6146	5602	6715	5134	7249	4864	7578
8906	3547	3137	3982	2789	4396	2591	4653
8210	6297	5746	6873	5272	7413	4998	7746
9020	8774	8122	9451	7556	10083	7227	10470
8125	8161	7533	8815	6988	9425	6672	9800
8126	6698	6130	7291	5640	7847	5356	8190
8905	4013	3576	4475	3204	4913	2991	5184
7806	3251	2859	3668	2527	4065	2339	4313
7700	3630	3215	4070	2863	4488	2662	4748
7526	6364	5811	6943	5334	7485	5058	7820
7340	10890	10162	11643	9528	12343	9158	12771
7605	779	594	990	448	1201	371	1337
7537	12612	11828	13421	11143	14172	10743	14631
8115	14936	14081	15816	13333	16630	12895	17126
7335	15249	14385	16138	13629	16960	13186	17462
8600	7767	7154	8405	6624	9001	6316	9367
7425	11420	10674	12191	10024	12907	9645	13345
7535	13709	12891	14552	12175	15334	11757	15811
7525	6572	6009	7160	5524	7711	5244	8050
7436	2297	1969	2650	1696	2989	1542	3202
9019	7659	7051	8293	6524	8885	6219	9249
7026	4303	3850	4781	3464	5233	3242	5513
7205	6135	5592	6703	5124	7237	4854	7566
7515	2263	1938	2613	1667	2950	1514	3161
7320	11913	11151	12700	10486	13431	10099	13877
7206	8010	7388	8658	6848	9263	6536	9634
7315	7463	6863	8089	6343	8674	6042	9033
7435	3300	2905	3720	2571	4120	2381	4369
7316	8502	7860	9169	7304	9791	6981	10173
7025	10258	9552	10989	8938	11669	8580	12086
7415	5094	4600	5613	4177	6102	3933	6404
7100	13676	12859	14518	12144	15299	11727	15775
7015	7806	7192	8446	6660	9043	6352	9410
9908	1162	933	1416	748	1667	647	1827
6410	20463	19461	21491	18579	22438	18062	23014
6420	16545	15645	17470	14856	18325	14393	18846
5535	13045	12247	13868	11550	14631	11143	15097
5600	6872	6296	7473	5799	8035	5512	8382
5546	7788	7174	8427	6643	9024	6335	9391
4706	5425	4915	5960	4477	6464	4225	6775
6605	5027	4536	5543	4116	6029	3875	6329
6910	2416	2080	2777	1799	3124	1640	3342
6606	2605	2255	2980	1962	3339	1796	3563
9909	2567	2220	2939	1929	3296	1765	3519
9011	5305	4801	5834	4368	6333	4119	6641
5525	6801	6228	7399	5734	7959	5448	8303
5515	12182	11411	12978	10739	13716	10346	14167
6326	11769	11012	12551	10351	13278	9966	13722
9914	8218	7587	8874	7041	9486	6724	9862
5545	6524	5963	7110	5480	7659	5201	7997
6223	13780	12960	14626	12242	15409	11823	15887
5306	11225	10486	11989	9842	12699	9466	13134
6325	16862	15953	17796	15156	18659	14689	19185
9009	2284	1957	2636	1685	2974	1532	3186
9006	5589	5071	6132	4626	6643	4370	6958
6225	11162	10425	11924	9783	12632	9408	13066
9018	9666	8981	10376	8386	11037	8039	11443
5425	18377	17428	19352	16594	20251	16105	20799
5305	13156	12355	13983	11655	14748	11245	15216
5426	9013	8352	9699	7778	10339	7445	10731
6226	14734	13885	15608	13142	16417	12708	16910
6126	6071	5531	6636	5066	7167	4797	7495
6224	11374	10630	12143	9981	12858	9603	13295
6216	6967	6387	7572	5887	8138	5597	8487
6316	15605	14731	16504	13966	17335	13518	17842
6215	11997	11232	12787	10565	13520	10176	13968
5100	3094	2712	3501	2389	3890	2206	4132
6213	10276	9569	11008	8954	11689	8596	12106
9005	2761	2401	3146	2098	3515	1926	3745
6124	14783	13933	15658	13189	16468	12753	16963
6125	5599	5081	6143	4635	6654	4379	6969
6214	238	141	360	75	492	46	580
5415	6597	6033	7186	5547	7738	5266	8078
5205	6019	5481	6582	5018	7111	4751	7437
9916	7166	6578	7779	6070	8353	5776	8706
9913	3568	3157	4004	2808	4419	2609	4677
9915	10128	9426	10855	8816	11531	8461	11945
4606	10357	9647	11092	9030	11775	8670	12194
6115	11773	11016	12556	10355	13282	9970	13726
4820	3771	3348	4219	2988	4645	2783	4909
9017	1699	1419	2004	1189	2300	1060	2487
6123	12960	12165	13780	11470	14541	11064	15006
6114	17862	16926	18823	16105	19710	15623	20250
4607	11077	10343	11836	9703	12542	9330	12974
6505	5038	4547	5554	4126	6041	3884	6342
5020	10687	9966	11433	9338	12127	8972	12551
6113	27427	26264	28615	25239	29706	24635	30369
5010	8926	8268	9609	7697	10246	7365	10636
6020	13087	12288	13911	11590	14675	11182	15142
4900	7409	6811	8032	6294	8615	5994	8974
6010	9432	8755	10134	8168	10787	7826	11188
4400	9630	8946	10339	8352	10999	8006	11404
9900	4837	4356	5343	3944	5820	3708	6116
9904	6204	5658	6776	5187	7312	4915	7642
9902	14239	13405	15098	12675	15894	12248	16380
4810	4759	4282	5261	3874	5735	3640	6028
5720	19215	18244	20211	17391	21130	16890	21689
9901	3869	3440	4323	3076	4753	2867	5021
5826	3277	2883	3696	2550	4095	2361	4343
5825	2029	1722	2361	1467	2682	1324	2884
5925	11462	10715	12234	10064	12951	9684	13390
9015	6314	5763	6890	5288	7431	5013	7764
4506	7607	7001	8238	6476	8829	6172	9192
4605	10449	9736	11187	9116	11873	8754	12293
9002	17126	16210	18067	15407	18936	14936	19466
4226	7718	7107	8354	6579	8948	6272	9314
4505	6067	5527	6632	5062	7163	4794	7490
4225	7217	6627	7832	6117	8408	5821	8762
5716	11056	10322	11815	9683	12520	9311	12951
5916	14522	13679	15390	12942	16193	12511	16683
4300	5391	4883	5925	4446	6427	4195	6737
5815	2174	1856	2517	1591	2848	1442	3056
9004	8110	7484	8762	6941	9370	6626	9744
5715	8111	7485	8763	6942	9371	6627	9745
3330	6088	5547	6654	5081	7186	4812	7514
6506	6656	6090	7248	5601	7802	5319	8143
5915	8099	7473	8750	6931	9358	6616	9732
3905	4638	4167	5134	3765	5602	3534	5892
4130	8419	7780	9083	7227	9702	6906	10082
6930	4557	4091	5049	3692	5513	3463	5800
3825	8724	8074	9399	7510	10029	7182	10416
4120	9151	8485	9842	7906	10487	7570	10882
3816	10291	9584	11023	8968	11705	8610	12122
4210	10805	10080	11555	9449	12252	9081	12679
9016	5878	5347	6435	4889	6957	4626	7280
4005	6455	5897	7038	5417	7584	5139	7921
4230	4735	4259	5236	3852	5709	3619	6001
3815	8862	8207	9543	7638	10177	7307	10566
3705	13633	12817	14474	12104	15253	11687	15729
3900	3350	2952	3773	2615	4176	2423	4427
4110	9096	8432	9785	7855	10428	7520	10822
3416	9550	8869	10256	8277	10913	7933	11317
3413	4296	3843	4774	3457	5225	3236	5506
3706	7446	6846	8071	6328	8655	6027	9015
3600	9545	8864	10251	8273	10908	7929	11311
3415	11917	11155	12704	10490	13435	10102	13882
3320	11329	10586	12097	9939	12810	9561	13246
3505	18667	17710	19649	16870	20555	16377	21107
3414	10642	9923	11387	9296	12079	8931	12503
6900	3938	3505	4396	3137	4830	2927	5099
2940	8874	8218	9555	7649	10190	7318	10580
2216	8067	7442	8717	6901	9324	6587	9697
3046	10454	9741	11192	9121	11878	8759	12299
2225	7462	6862	8088	6342	8672	6042	9032
3426	8622	7976	9293	7415	9920	7090	10304
3427	9389	8714	10089	8128	10741	7787	11141
3045	12030	11264	12821	10596	13555	10206	14004
3310	8880	8224	9561	7655	10196	7324	10586
3030	18208	17263	19178	16434	20073	15947	20619
3130	7601	6995	8232	6471	8822	6167	9185
3010	17560	16632	18513	15818	19393	15341	19929
3020	10838	10112	11589	9479	12288	9111	12715
3425	8668	8020	9341	7458	9969	7131	10355
2100	8065	7440	8715	6899	9322	6585	9694
1606	5917	5384	6475	4925	7000	4660	7323
2215	7792	7178	8431	6647	9028	6339	9395
1720	12030	11264	12821	10596	13555	10206	14004
3120	10468	9755	11207	9134	11893	8772	12314
1900	555	400	735	283	918	222	1038
3110	3650	3234	4091	2881	4510	2679	4771
3200	8972	8312	9657	7740	10295	7407	10687
1605	8195	7565	8850	7020	9461	6703	9837
2000	5619	5100	6164	4654	6675	4396	6991
1820	4764	4287	5266	3879	5740	3644	6034
1200	7760	7147	8398	6617	8994	6310	9360
1710	9934	9239	10654	8635	11324	8284	11734
1810	2175	1857	2519	1591	2849	1443	3057
900	4840	4359	5346	3947	5824	3711	6119
806	13990	13163	14842	12440	15631	12017	16112
1506	9811	9121	10526	8521	11192	8171	11601
1410	4999	4510	5513	4091	5998	3850	6298
1505	9316	8644	10013	8060	10663	7720	11062
1330	8747	8096	9423	7531	10054	7203	10441
1000	4011	3574	4473	3202	4911	2990	5182
1320	7361	6765	7982	6249	8564	5951	8921
1420	5979	5443	6540	4982	7067	4715	7392
1130	2895	2526	3289	2215	3666	2039	3901
1116	7902	7284	8545	6749	9146	6438	9516
1310	10736	10013	11484	9384	12179	9017	12605
805	9289	8618	9986	8035	10634	7696	11032
1115	6762	6191	7358	5698	7917	5413	8260
205	5802	5274	6355	4820	6875	4558	7195
136	5124	4629	5645	4204	6135	3960	6438
1120	15323	14457	16214	13699	17038	13255	17541
705	8380	7743	9042	7191	9660	6870	10040
120	5166	4669	5689	4242	6181	3997	6485
325	10510	9795	11250	9173	11938	8810	12360
135	7142	6555	7754	6048	8327	5754	8680
706	5644	5123	6190	4676	6703	4418	7019
206	6045	5506	6609	5042	7139	4774	7466
2910	1567	1299	1860	1079	2146	957	2327
315	6311	5760	6887	5285	7428	5011	7761
2935	3026	2648	3429	2330	3813	2149	4053
605	10236	9531	10967	8917	11646	8560	12062
606	11032	10299	11790	9661	12494	9289	12925
506	10890	10162	11643	9528	12343	9158	12771
110	2216	1895	2563	1627	2896	1476	3106
505	20501	19498	21530	18615	22478	18097	23054
2936	3060	2680	3465	2359	3852	2177	4092
405	11713	10958	12494	10299	13218	9914	13661
2926	9802	9112	10517	8512	11183	8163	11591
2925	6790	6218	7387	5724	7947	5439	8291
2927	3875	3446	4329	3081	4760	2872	5027
