faz_id mean lower_50 upper_50 lower_80 upper_80 lower_90 upper_90
8935	17276	16182	18406	15227	19455	14669	20096
8927	7750	7023	8513	6399	9231	6039	9674
8926	22118	20877	23395	19791	24575	19154	25295
8936	21231	20016	22482	18952	23639	18329	24346
8500	27202	25824	28616	24614	29919	23904	30713
8406	3639	3146	4167	2733	4674	2500	4991
8320	20732	19531	21968	18481	23113	17866	23811
8925	23214	21942	24521	20828	25729	20175	26466
8937	29670	28230	31146	26964	32505	26221	33333
8405	25453	24121	26821	22952	28084	22266	28853
8310	37931	36301	39597	34863	41128	34017	42058
8910	24286	22985	25623	21844	26857	21175	27610
7905	34794	33233	36390	31858	37859	31050	38751
7606	6334	5678	7025	5119	7679	4798	8084
7805	29936	28490	31418	27218	32784	26471	33614
8220	21598	20372	22860	19299	24026	18671	24739
8000	16673	15598	17784	14661	18815	14114	19445
8906	10869	10005	11769	9257	12611	8823	13128
8210	14594	13590	15634	12716	16602	12207	17195
9020	25126	23802	26485	22641	27740	21960	28505
8125	22517	21265	23805	20168	24995	19526	25721
8126	19074	17923	20261	16917	21360	16329	22032
8905	12151	11236	13102	10443	13989	9982	14533
7806	11573	10680	12501	9907	13368	9459	13900
7700	8639	7870	9443	7209	10199	6827	10664
7526	16690	15615	17801	14677	18833	14129	19464
7340	33189	31665	34749	30323	36184	29535	37057
7605	2202	1823	2617	1512	3021	1340	3277
7537	30872	29403	32377	28111	33763	27351	34606
8115	38421	36780	40098	35333	41638	34481	42574
7335	41985	40269	43737	38754	45345	37861	46322
8600	24117	22821	25449	21684	26680	21018	27430
7425	36704	35101	38343	33687	39850	32855	40766
7535	35034	33468	36636	32088	38109	31276	39005
7525	21032	19823	22277	18764	23429	18145	24133
7436	6549	5882	7252	5312	7915	4985	8326
9019	23367	22091	24679	20973	25890	20318	26629
7026	11425	10538	12347	9770	13209	9325	13738
7205	16304	15241	17403	14315	18422	13775	19047
7515	6567	5899	7271	5328	7935	5001	8347
7320	36070	34481	37695	33080	39189	32256	40097
7206	19661	18492	20866	17470	21981	16873	22662
7315	23024	21758	24326	20648	25529	19998	26263
7435	9803	8983	10659	8275	11460	7866	11954
7316	24184	22886	25518	21747	26750	21080	27501
7025	23032	21766	24334	20656	25538	20005	26272
7415	15118	14095	16176	13205	17160	12686	17763
7100	34501	32947	36091	31578	37553	30773	38442
7015	19217	18062	20408	17052	21511	16462	22185
9908	3664	3170	4194	2755	4702	2521	5020
6410	58692	56660	60760	54860	62653	53797	63800
6420	50278	48398	52194	46736	53949	45755	55014
5535	41018	39322	42750	37825	44340	36943	45306
5600	18966	17818	20149	16816	21246	16229	21916
5546	21953	20717	23225	19635	24401	19001	25118
4706	14926	13910	15978	13026	16956	12510	17555
6605	16796	15717	17911	14776	18945	14227	19578
6910	7765	7037	8529	6412	9247	6052	9691
6606	9080	8291	9904	7612	10677	7219	11154
9909	9128	8337	9954	7656	10729	7262	11207
9011	15949	14898	17036	13982	18045	13448	18663
5525	17873	16760	19022	15787	20088	15220	20740
5515	32100	30602	33634	29283	35046	28508	35905
6326	25270	23943	26633	22778	27892	22095	28658
9914	22904	21641	24203	20534	25403	19886	26135
5545	19657	18488	20861	17467	21977	16869	22658
6223	30053	28604	31538	27329	32906	26581	33738
5306	25928	24583	27309	23403	28583	22710	29359
6325	36915	35307	38559	33889	40070	33055	40988
9009	6658	5985	7366	5410	8035	5080	8449
9006	17224	16131	18353	15178	19400	14621	20040
6225	22495	21244	23782	20147	24972	19505	25698
9018	25496	24163	26865	22992	28129	22306	28899
5425	45423	43637	47245	42060	48916	41130	49929
5305	30523	29062	32019	27778	33398	27023	34236
5426	25637	24300	27010	23126	28277	22438	29049
6226	33635	32101	35205	30750	36650	29955	37528
6126	14552	13549	15591	12676	16557	12168	17149
6224	23435	22157	24748	21037	25962	20381	26702
6216	16543	15472	17649	14539	18676	13994	19305
6316	29745	28303	31222	27036	32584	26291	33412
6215	23789	22502	25112	21373	26334	20711	27080
5100	8686	7915	9493	7252	10250	6869	10717
6213	19364	18204	20560	17190	21667	16598	22343
9005	9211	8417	10041	7732	10819	7336	11299
6124	27248	25869	28663	24658	29968	23947	30762
6125	10460	9612	11343	8880	12170	8455	12678
6214	391	242	576	138	774	89	906
5415	18107	16986	19264	16007	20336	15436	20992
5205	14706	13698	15750	12820	16721	12309	17316
9916	19935	18758	21148	17729	22271	17127	22956
9913	7974	7236	8748	6602	9475	6237	9924
9915	29090	27664	30551	26411	31898	25675	32718
4606	32476	30969	34019	29642	35439	28862	36303
6115	23719	22434	25040	21307	26261	20646	27005
4820	8740	7967	9549	7301	10308	6917	10777
9017	5776	5151	6437	4618	7063	4314	7452
6123	21304	20087	22557	19021	23716	18397	24424
6114	36382	34786	38014	33379	39515	32551	40426
4607	37985	36354	39652	34915	41185	34068	42115
6505	15558	14520	16631	13616	17629	13090	18240
5020	28083	26683	29519	25452	30843	24730	31649
6113	44283	42520	46082	40963	47732	40045	48734
5010	21390	20170	22646	19102	23807	18477	24516
6020	21919	20684	23190	19602	24365	18969	25082
4900	19507	18343	20707	17325	21818	16730	22497
6010	16518	15448	17624	14515	18650	13971	19278
4400	24440	23135	25781	21990	27019	21319	27774
9900	12222	11304	13175	10508	14065	10046	14611
9904	15910	14860	16995	13946	18003	13413	18621
9902	32913	31396	34466	30060	35896	29274	36765
4810	11413	10527	12335	9759	13196	9314	13725
5720	38552	36908	40232	35459	41775	34605	42712
9901	14459	13459	15495	12590	16458	12083	17048
5826	6724	6048	7436	5470	8108	5138	8523
5825	3717	3219	4251	2801	4762	2565	5082
5925	27296	25916	28712	24703	30018	23992	30813
9015	17328	16232	18460	15275	19510	14717	20152
4506	19996	18817	21211	17786	22335	17183	23022
4605	28802	27384	30256	26137	31596	25405	32412
9002	47503	45676	49365	44062	51073	43110	52109
4226	20909	19703	22151	18648	23299	18030	24001
4505	17646	16540	18788	15574	19847	15010	20495
4225	21039	19829	22284	18771	23437	18151	24140
5716	26796	25429	28199	24228	29494	23523	30282
5916	38691	37044	40374	35592	41919	34737	42858
4300	13695	12723	14703	11877	15642	11386	16217
5815	5402	4798	6042	4284	6649	3991	7026
9004	27114	25738	28525	24530	29827	23821	30620
5715	18219	17095	19379	16113	20455	15539	21112
3330	18779	17637	19957	16640	21048	16056	21715
6506	20050	18870	21266	17837	22392	17233	23080
5915	21678	20450	22942	19374	24111	18745	24824
3905	12564	11633	13530	10826	14432	10357	14985
4130	19205	18050	20396	17041	21499	16451	22173
6930	10712	9854	11606	9112	12441	8682	12955
3825	23802	22514	25126	21385	26348	20724	27094
4120	23280	22007	24589	20891	25799	20237	26536
3816	27435	26051	28855	24836	30164	24122	30961
4210	31772	30281	33298	28970	34704	28199	35558
9016	19156	18003	20345	16995	21447	16405	22120
4005	18737	17596	19913	16600	21003	16018	21669
4230	14046	13061	15067	12204	16017	11706	16599
3815	21376	20157	22631	19089	23792	18464	24501
3705	37261	35645	38912	34221	40430	33383	41353
3900	7896	7162	8666	6531	9390	6168	9837
4110	27786	26393	29215	25170	30532	24451	31334
3416	27982	26584	29416	25356	30737	24635	31542
3413	13176	12222	14165	11394	15087	10913	15652
3706	19451	18289	20649	17272	21759	16678	22437
3600	25963	24617	27345	23436	28619	22743	29396
3415	35500	33923	37112	32534	38595	31717	39496
3320	33891	32351	35467	30995	36917	30197	37798
3505	48492	46646	50373	45015	52099	44052	53145
3414	30905	29435	32411	28142	33797	27382	34641
6900	12290	11370	13246	10572	14138	10108	14685
2940	28877	27457	30333	26208	31675	25475	32492
2216	23882	22592	25208	21461	26432	20798	27179
3046	26270	24916	27660	23728	28942	23030	29723
2225	24422	23117	25762	21973	27000	21302	27755
3426	27777	26384	29205	25161	30522	24443	31324
3427	27829	26435	29259	25210	30577	24492	31379
3045	31855	30362	33383	29049	34790	28277	35646
3310	35639	34059	37255	32667	38740	31848	39643
3030	55231	53260	57238	51516	59076	50486	60189
3130	18573	17438	19744	16446	20830	15866	21493
3010	49056	47200	50948	45558	52683	44590	53735
3020	29983	28536	31466	27263	32833	26515	33664
3425	25194	23869	26555	22706	27812	22024	28577
2100	22820	21559	24116	20455	25314	19808	26045
1606	13798	12822	14810	11973	15752	11480	16330
2215	20400	19209	21627	18167	22762	17558	23455
1720	29682	28242	31158	26976	32518	26232	33345
3120	33615	32081	35185	30731	36629	29936	37507
1900	892	657	1163	476	1437	382	1615
3110	10107	9274	10976	8555	11789	8138	12289
3200	26471	25112	27866	23919	29153	23219	29936
1605	17698	16590	18842	15623	19902	15058	20551
2000	15982	14930	17070	14013	18080	13479	18698
1820	8431	7672	9226	7019	9973	6642	10433
1200	20915	19709	22157	18654	23306	18036	24007
1710	27236	25857	28651	24646	29955	23936	30750
1810	6117	5473	6797	4924	7440	4609	7838
900	12315	11394	13272	10595	14165	10131	14713
806	44877	43102	46688	41534	48349	40610	49357
1506	24909	23591	26263	22435	27512	21757	28274
1410	13218	12263	14209	11433	15132	10951	15698
1505	23388	22112	24700	20993	25912	20337	26652
1330	24515	23208	25858	22061	27098	21389	27854
1000	10504	9655	11389	8920	12217	8495	12726
1320	18100	16979	19256	16001	20329	15429	20984
1420	20579	19383	21811	18336	22951	17724	23647
1130	7305	6600	8046	5995	8744	5647	9176
1116	20503	19309	21733	18265	22871	17653	23566
1310	28197	26794	29636	25561	30963	24837	31770
805	27709	26318	29136	25096	30451	24379	31252
1115	19002	17853	20186	16849	21284	16263	21954
205	13559	12591	14562	11751	15497	11262	16069
136	11729	10830	12663	10052	13536	9600	14071
1120	43785	42032	45574	40484	47215	39572	48211
705	34405	32853	35993	31486	37453	30682	38341
120	13290	12332	14284	11500	15209	11017	15777
325	27496	26111	28917	24894	30228	24179	31026
135	17973	16856	19125	15881	20194	15312	20847
706	17873	16760	19022	15787	20088	15220	20740
206	13787	12811	14799	11963	15740	11470	16318
2910	5523	4912	6170	4392	6783	4095	7164
315	16036	14982	17126	14064	18138	13528	18757
2935	10230	9392	11104	8668	11922	8248	12425
605	30523	29062	32019	27778	33398	27023	34236
606	35050	33484	36652	32103	38126	31292	39022
506	40287	38606	42004	37123	43580	36250	44537
110	5454	4847	6097	4331	6707	4036	7085
505	70517	68288	72782	66310	74853	65141	76106
2936	9018	8232	9840	7555	10610	7164	11085
405	36282	34688	37912	33283	39410	32456	40321
2926	30203	28750	31692	27472	33063	26722	33897
2925	25581	24245	26952	23073	28218	22386	28989
2927	19279	18122	20472	17110	21577	16519	22252
