faz_id mean lower_50 upper_50 lower_80 upper_80 lower_90 upper_90
8935	5036	4663	5423	4340	5784	4152	6005
8927	2207	1963	2466	1755	2711	1636	2863
8926	6049	5640	6472	5284	6866	5076	7107
8936	6893	6456	7344	6075	7763	5852	8019
8500	7592	7133	8065	6732	8504	6497	8772
8406	787	644	944	528	1098	463	1196
8320	4761	4399	5137	4085	5489	3903	5704
8925	5996	5589	6417	5234	6809	5028	7049
8937	6287	5870	6718	5506	7119	5295	7365
8405	6353	5934	6787	5568	7189	5355	7436
8310	12639	12045	13248	11522	13808	11214	14149
8910	6543	6117	6983	5746	7391	5530	7641
7905	9656	9137	10189	8683	10681	8416	10981
7606	1925	1697	2167	1505	2397	1395	2540
7805	8709	8217	9216	7786	9684	7533	9970
8220	8097	7623	8586	7208	9038	6965	9314
8000	5931	5526	6350	5174	6740	4968	6979
8906	3359	3056	3676	2795	3974	2645	4158
8210	5374	4989	5773	4654	6145	4460	6373
9020	8100	7626	8589	7211	9041	6968	9317
8125	7956	7486	8440	7075	8889	6834	9163
8126	6144	5732	6571	5373	6967	5163	7210
8905	3774	3452	4110	3175	4425	3015	4618
7806	2779	2504	3068	2269	3341	2133	3510
7700	3613	3299	3942	3028	4250	2871	4440
7526	6295	5878	6727	5514	7128	5302	7373
7340	10405	9866	10958	9393	11468	9116	11779
7605	763	622	918	508	1070	445	1166
7537	12229	11644	12828	11130	13379	10828	13715
8115	14309	13676	14956	13118	15551	12790	15913
7335	14836	14191	15495	13623	16101	13289	16468
8600	7305	6855	7769	6462	8200	6232	8463
7425	10937	10385	11504	9899	12026	9615	12345
7535	13335	12724	13960	12186	14535	11870	14885
7525	6209	5795	6638	5434	7036	5223	7280
7436	2259	2012	2520	1801	2768	1681	2922
9019	7029	6588	7485	6202	7907	5977	8166
7026	4266	3924	4623	3628	4956	3456	5161
7205	5978	5571	6399	5218	6790	5011	7030
7515	2205	1961	2463	1753	2708	1635	2861
7320	11564	10996	12147	10496	12683	10203	13010
7206	7886	7418	8368	7009	8815	6769	9088
7315	7099	6655	7557	6268	7982	6042	8241
7435	3184	2889	3493	2636	3784	2490	3963
7316	8288	7808	8782	7388	9240	7142	9519
7025	10032	9503	10575	9039	11076	8767	11382
7415	4815	4451	5193	4135	5547	3952	5763
7100	12871	12271	13485	11743	14051	11433	14394
7015	7656	7195	8131	6792	8572	6556	8841
9908	1165	990	1355	844	1538	762	1653
6410	18296	17579	19027	16946	19697	16573	20104
6420	15489	14830	16162	14249	16781	13907	17156
5535	12275	11689	12875	11174	13428	10871	13764
5600	6666	6236	7110	5862	7522	5643	7774
5546	7445	6990	7914	6593	8348	6361	8614
4706	5337	4953	5735	4620	6106	4426	6333
6605	4611	4255	4982	3946	5327	3767	5540
6910	2103	1865	2356	1662	2595	1547	2744
6606	2320	2069	2585	1856	2836	1734	2991
9909	2281	2033	2544	1821	2793	1700	2947
9011	4897	4530	5279	4211	5635	4026	5853
5525	6462	6039	6899	5670	7305	5455	7554
5515	11842	11267	12431	10761	12975	10464	13305
6326	11964	11386	12556	10877	13102	10579	13434
9914	7778	7313	8257	6907	8701	6669	8972
5545	6200	5786	6628	5425	7027	5215	7270
6223	13598	12981	14229	12438	14810	12118	15163
5306	11030	10475	11599	9988	12124	9702	12443
6325	16682	15998	17380	15394	18021	15039	18411
9009	2166	1924	2422	1719	2665	1601	2816
9006	5012	4640	5398	4318	5758	4130	5979
6225	10744	10197	11306	9716	11824	9434	12140
9018	9012	8511	9527	8072	10003	7815	10294
5425	17828	17121	18550	16496	19212	16128	19613
5305	12960	12358	13576	11828	14144	11517	14489
5426	8727	8234	9234	7803	9703	7550	9989
6226	14666	14025	15321	13460	15923	13128	16289
6126	6050	5641	6473	5285	6867	5077	7108
6224	11313	10751	11889	10257	12421	9967	12744
6216	6882	6445	7333	6064	7752	5842	8007
6316	15564	14904	16239	14321	16859	13978	17235
6215	11972	11394	12565	10885	13111	10586	13443
5100	3074	2784	3378	2536	3664	2393	3840
6213	10199	9666	10747	9198	11252	8923	11560
9005	2497	2237	2772	2015	3031	1887	3192
6124	14669	14028	15324	13463	15927	13131	16293
6125	5547	5156	5953	4815	6330	4617	6562
6214	238	163	328	107	421	79	482
5415	6462	6039	6899	5670	7305	5455	7554
5205	5791	5391	6205	5043	6591	4840	6827
9916	6682	6252	7127	5877	7539	5658	7792
9913	3527	3216	3852	2949	4157	2794	4345
9915	9239	8732	9760	8287	10242	8027	10536
4606	9813	9290	10350	8831	10846	8563	11149
6115	11692	11121	12278	10618	12818	10323	13146
4820	3699	3381	4032	3106	4343	2948	4535
9017	1549	1346	1767	1175	1975	1078	2105
6123	12197	11613	12795	11100	13346	10798	13681
6114	17518	16817	18233	16198	18890	15833	19288
4607	10199	9666	10747	9198	11252	8923	11560
6505	4938	4569	5321	4249	5678	4063	5898
5020	10410	9871	10963	9398	11473	9121	11784
6113	26531	25667	27410	24900	28213	24447	28700
5010	8822	8327	9332	7893	9803	7639	10091
6020	12589	11996	13197	11474	13756	11167	14096
4900	6677	6247	7121	5872	7534	5653	7786
6010	9101	8598	9619	8157	10097	7898	10389
4400	9564	9048	10094	8595	10584	8330	10883
9900	4637	4280	5009	3970	5355	3791	5568
9904	6022	5614	6444	5259	6837	5052	7078
9902	13971	13346	14611	12795	15199	12471	15556
4810	4694	4335	5068	4023	5417	3842	5631
5720	19047	18316	19793	17669	20476	17288	20891
9901	3532	3221	3857	2953	4162	2799	4350
5826	3088	2798	3393	2549	3679	2405	3856
5825	1926	1698	2168	1506	2398	1396	2541
5925	11193	10634	11766	10143	12295	9855	12617
9015	6004	5597	6426	5242	6818	5035	7058
4506	7404	6951	7872	6555	8305	6323	8570
4605	10083	9553	10627	9088	11130	8815	11436
9002	15902	15234	16584	14645	17210	14299	17591
4226	7425	6971	7893	6575	8327	6343	8592
4505	6019	5611	6441	5256	6834	5049	7074
4225	6920	6482	7372	6100	7792	5877	8048
5716	10812	10263	11376	9780	11895	9497	12212
5916	14137	13508	14780	12954	15372	12628	15732
4300	5161	4784	5553	4456	5917	4266	6141
5815	2132	1892	2386	1688	2627	1572	2777
9004	7447	6992	7916	6595	8350	6363	8616
5715	8059	7586	8547	7172	8998	6930	9273
3330	5591	5198	5998	4856	6377	4658	6610
6506	6196	5782	6624	5421	7022	5211	7266
5915	7976	7505	8461	7094	8910	6853	9184
3905	4524	4171	4891	3866	5234	3689	5445
4130	8228	7750	8721	7331	9176	7087	9455
6930	4537	4184	4905	3878	5248	3700	5459
3825	8560	8072	9062	7645	9527	7395	9810
4120	8982	8482	9496	8044	9972	7788	10262
3816	10002	9474	10544	9011	11045	8739	11350
4210	10212	9678	10760	9210	11266	8936	11574
9016	5273	4892	5669	4560	6037	4368	6263
4005	6310	5892	6742	5528	7144	5316	7389
4230	4460	4110	4825	3807	5165	3631	5374
3815	8746	8253	9254	7821	9723	7568	10009
3705	13190	12583	13812	12048	14384	11733	14732
3900	3007	2721	3308	2475	3591	2334	3765
4110	8590	8101	9093	7673	9558	7423	9842
3416	9289	8780	9812	8335	10295	8074	10590
3413	3936	3607	4279	3324	4600	3160	4798
3706	7333	6882	7798	6488	8230	6258	8493
3600	9233	8726	9754	8282	10236	8021	10530
3415	11360	10797	11937	10302	12470	10011	12794
3320	10878	10327	11443	9843	11965	9559	12282
3505	18125	17412	18853	16782	19520	16410	19925
3414	10393	9855	10946	9382	11456	9105	11766
6900	3539	3228	3864	2960	4170	2805	4358
2940	7648	7187	8123	6784	8563	6549	8832
2216	7659	7198	8134	6795	8575	6559	8844
3046	10282	9747	10832	9277	11339	9001	11648
2225	6894	6457	7345	6075	7764	5853	8020
3426	8185	7708	8676	7291	9131	7047	9409
3427	9017	8516	9532	8077	10009	7820	10299
3045	11635	11065	12219	10564	12758	10270	13086
3310	7476	7021	7946	6623	8381	6390	8647
3030	16663	15979	17361	15376	18002	15021	18391
3130	7389	6936	7856	6541	8289	6310	8554
3010	16957	16267	17661	15659	18307	15300	18699
3020	10551	10009	11108	9532	11621	9253	11934
3425	8127	7652	8617	7236	9070	6993	9346
2100	7909	7440	8392	7030	8839	6791	9112
1606	5839	5437	6255	5088	6642	4884	6879
2215	7513	7056	7984	6657	8420	6424	8687
1720	11646	11076	12231	10574	12769	10280	13097
3120	9966	9439	10507	8977	11007	8706	11312
1900	555	436	688	341	820	290	905
3110	3570	3257	3897	2988	4203	2833	4393
3200	8495	8009	8995	7584	9458	7335	9741
1605	8144	7668	8634	7252	9088	7009	9365
2000	5297	4915	5694	4583	6063	4390	6290
1820	4686	4327	5059	4016	5408	3835	5622
1200	7474	7019	7944	6621	8379	6388	8645
1710	9413	8901	9939	8452	10426	8189	10722
1810	2004	1772	2251	1575	2485	1462	2631
900	4669	4311	5042	4000	5390	3820	5604
806	12829	12230	13442	11703	14007	11393	14350
1506	9600	9083	10131	8629	10622	8364	10922
1410	4912	4544	5294	4225	5651	4040	5869
1505	9150	8645	9669	8203	10149	7944	10441
1330	8542	8055	9044	7628	9508	7378	9791
1000	3935	3607	4278	3323	4599	3159	4796
1320	7336	6885	7801	6491	8233	6261	8497
1420	5363	4978	5762	4644	6134	4450	6362
1130	2739	2466	3026	2233	3297	2098	3465
1116	7674	7212	8150	6809	8591	6573	8860
1310	10602	10058	11160	9581	11675	9301	11989
805	8739	8246	9246	7814	9716	7561	10002
1115	6182	5768	6610	5408	7007	5198	7251
205	5739	5341	6152	4994	6535	4793	6770
136	5076	4702	5464	4377	5826	4189	6049
1120	14499	13862	15150	13300	15749	12970	16113
705	7686	7224	8162	6820	8603	6584	8873
120	4979	4609	5364	4287	5722	4101	5943
325	10053	9524	10597	9059	11099	8787	11404
135	7030	6589	7486	6203	7909	5978	8167
706	5226	4846	5620	4517	5987	4325	6212
206	5989	5582	6410	5228	6802	5021	7042
2910	1448	1252	1659	1087	1861	994	1987
315	6168	5755	6595	5395	6993	5185	7236
2935	3049	2761	3352	2513	3636	2371	3812
605	9466	8953	9994	8502	10481	8239	10779
606	9983	9456	10525	8993	11025	8721	11330
506	10060	9530	10604	9066	11106	8793	11412
110	2191	1948	2449	1741	2693	1623	2845
505	18349	17631	19081	16997	19752	16623	20160
2936	3000	2714	3300	2469	3583	2328	3758
405	10706	10160	11267	9680	11784	9398	12099
2926	9356	8846	9881	8398	10366	8136	10661
2925	6214	5799	6643	5438	7042	5228	7286
2927	3142	2849	3449	2598	3738	2453	3916
