faz_id mean lower_50 upper_50 lower_80 upper_80 lower_90 upper_90
8935	4819	4477	5174	4180	5504	4007	5706
8927	2123	1898	2360	1706	2585	1596	2724
8926	5565	5197	5946	4876	6299	4689	6516
8936	6612	6210	7026	5859	7410	5654	7645
8500	7310	6887	7745	6517	8148	6301	8394
8406	702	575	841	472	977	415	1064
8320	4502	4172	4845	3885	5165	3718	5361
8925	5574	5206	5955	4885	6309	4698	6525
8937	5394	5032	5769	4716	6117	4532	6330
8405	5844	5467	6234	5138	6596	4946	6817
8310	12246	11697	12808	11213	13324	10929	13638
8910	6008	5625	6403	5292	6770	5097	6994
7905	8825	8360	9303	7952	9744	7713	10012
7606	1683	1483	1895	1315	2097	1218	2223
7805	7985	7543	8440	7156	8860	6929	9116
8220	7864	7425	8315	7041	8732	6816	8987
8000	5742	5368	6129	5042	6487	4852	6707
8906	3246	2966	3538	2725	3812	2586	3981
8210	4890	4545	5247	4246	5580	4072	5783
9020	7479	7051	7919	6677	8326	6458	8575
8125	7767	7331	8216	6949	8630	6726	8883
8126	5860	5482	6250	5153	6613	4960	6834
8905	3682	3384	3993	3126	4283	2977	4462
7806	2329	2093	2577	1892	2812	1776	2957
7700	3606	3311	3914	3056	4201	2908	4378
7526	6226	5836	6628	5496	7001	5298	7229
7340	9944	9450	10451	9016	10918	8761	11202
7605	760	628	905	520	1046	460	1135
7537	11687	11151	12236	10679	12741	10401	13048
8115	13769	13187	14364	12673	14911	12370	15243
7335	14464	13867	15074	13340	15634	13029	15974
8600	6807	6399	7227	6043	7617	5835	7854
7425	10449	9942	10968	9497	11447	9235	11738
7535	12720	12160	13292	11667	13818	11377	14138
7525	5977	5595	6371	5262	6737	5068	6961
7436	2219	1989	2462	1793	2691	1680	2833
9019	6579	6178	6992	5828	7375	5624	7609
7026	4233	3913	4566	3635	4876	3474	5067
7205	5849	5472	6239	5142	6601	4950	6823
7515	2108	1884	2345	1693	2569	1583	2707
7320	11281	10754	11820	10291	12317	10018	12619
7206	7815	7378	8265	6995	8681	6770	8935
7315	6729	6324	7147	5969	7534	5762	7771
7435	3059	2788	3343	2554	3609	2419	3773
7316	8005	7562	8460	7174	8881	6947	9138
7025	9900	9407	10406	8974	10872	8720	11155
7415	4513	4182	4856	3895	5176	3728	5373
7100	11904	11363	12458	10886	12967	10606	13277
7015	7607	7176	8051	6798	8461	6577	8712
9908	1172	1007	1350	868	1521	790	1628
6410	17051	16402	17713	15828	18319	15490	18687
6420	14909	14303	15528	13767	16096	13452	16441
5535	11644	11109	12192	10638	12696	10361	13002
5600	6457	6060	6866	5713	7246	5511	7478
5546	7114	6697	7544	6332	7941	6119	8184
4706	5275	4917	5646	4605	5990	4423	6201
6605	4360	4035	4698	3753	5012	3589	5206
6910	1859	1649	2082	1471	2293	1369	2424
6606	2144	1918	2383	1725	2608	1615	2748
9909	2064	1842	2298	1653	2520	1545	2658
9011	4597	4263	4943	3973	5266	3805	5464
5525	6135	5748	6534	5411	6905	5214	7131
5515	11487	10956	12031	10488	12532	10213	12836
6326	11939	11397	12494	10920	13004	10639	13314
9914	7263	6842	7697	6473	8098	6257	8344
5545	5875	5497	6266	5167	6629	4974	6851
6223	13327	12754	13913	12249	14451	11951	14778
5306	10807	10292	11335	9838	11821	9572	12117
6325	16614	15974	17267	15408	17866	15074	18229
9009	2080	1857	2315	1668	2538	1559	2676
9006	4415	4088	4755	3804	5071	3639	5266
6225	10287	9784	10802	9342	11277	9083	11566
9018	8175	7728	8635	7335	9060	7106	9319
5425	17150	16499	17813	15924	18422	15584	18790
5305	12731	12171	13303	11678	13830	11387	14150
5426	8393	7940	8859	7542	9289	7309	9552
6226	14593	13993	15205	13464	15768	13152	16109
6126	6022	5639	6418	5305	6785	5110	7009
6224	11257	10731	11796	10268	12292	9996	12593
6216	6850	6441	7272	6083	7662	5874	7901
6316	15476	14858	16107	14312	16685	13991	17036
6215	11940	11398	12495	10921	13005	10640	13315
5100	3071	2799	3355	2565	3622	2430	3787
6213	10131	9632	10642	9194	11114	8936	11400
9005	2352	2115	2602	1912	2837	1796	2983
6124	14586	13986	15198	13457	15760	13145	16102
6125	5499	5133	5877	4815	6229	4629	6444
6214	238	167	322	114	408	87	464
5415	6325	5932	6730	5589	7106	5389	7336
5205	5652	5281	6036	4958	6392	4769	6610
9916	6008	5625	6403	5292	6770	5097	6994
9913	3517	3226	3821	2974	4105	2829	4280
9915	8292	7841	8755	7446	9183	7215	9444
4606	9191	8716	9678	8299	10128	8055	10402
6115	11555	11022	12101	10553	12603	10277	12908
4820	3662	3365	3972	3108	4262	2959	4440
9017	1456	1271	1654	1115	1843	1026	1961
6123	11622	11087	12169	10617	12673	10340	12979
6114	17093	16443	17755	15869	18363	15530	18731
4607	9528	9045	10024	8620	10482	8371	10760
6505	4907	4562	5265	4262	5598	4087	5802
5020	10283	9780	10798	9339	11273	9079	11562
6113	24946	24160	25745	23462	26475	23050	26917
5010	8689	8228	9163	7823	9601	7585	9867
6020	11544	11011	12089	10542	12591	10266	12897
4900	5663	5292	6047	4968	6403	4779	6622
6010	8090	7645	8548	7255	8970	7027	9228
4400	9471	8989	9966	8566	10422	8317	10700
9900	4209	3890	4541	3613	4850	3452	5041
9904	5703	5330	6088	5006	6446	4816	6665
9902	13556	12978	14147	12468	14689	12168	15019
4810	4636	4301	4984	4009	5308	3840	5507
5720	18778	18097	19472	17494	20108	17138	20493
9901	3200	2922	3490	2683	3762	2545	3930
5826	3089	2816	3374	2582	3642	2446	3807
5825	1748	1545	1964	1372	2169	1274	2297
5925	11067	10545	11601	10086	12093	9817	12392
9015	5771	5396	6158	5069	6518	4879	6738
4506	7248	6827	7681	6459	8083	6243	8328
4605	9769	9279	10271	8849	10734	8597	11016
9002	14454	13857	15064	13330	15623	13020	15963
4226	7098	6682	7527	6317	7924	6104	8167
4505	5962	5581	6356	5248	6721	5054	6945
4225	6687	6283	7104	5930	7490	5724	7725
5716	10683	10171	11208	9720	11691	9455	11986
5916	13926	13340	14524	12823	15074	12519	15408
4300	5027	4678	5389	4374	5726	4197	5932
5815	2098	1874	2334	1684	2558	1575	2696
9004	7051	6636	7479	6273	7875	6061	8116
5715	8061	7617	8518	7228	8940	6999	9197
3330	5193	4838	5561	4529	5903	4348	6113
6506	5940	5560	6333	5228	6698	5034	6921
5915	7814	7377	8264	6994	8680	6769	8933
3905	4326	4002	4662	3721	4976	3558	5169
4130	8072	7627	8529	7238	8952	7010	9209
6930	4540	4208	4884	3920	5205	3753	5402
3825	8253	7803	8715	7409	9142	7178	9402
4120	8799	8335	9276	7927	9716	7688	9985
3816	9691	9203	10191	8775	10653	8523	10933
4210	9544	9060	10040	8635	10498	8386	10777
9016	4881	4537	5238	4237	5570	4063	5774
4005	5988	5606	6383	5273	6749	5078	6973
4230	4161	3844	4491	3569	4799	3409	4988
3815	8684	8223	9158	7818	9595	7581	9862
3705	12911	12347	13487	11850	14017	11558	14339
3900	2886	2623	3162	2396	3421	2266	3581
4110	8348	7896	8813	7499	9242	7267	9504
3416	9082	8610	9566	8196	10014	7953	10286
3413	3606	3311	3914	3056	4201	2908	4378
3706	7147	6729	7577	6364	7976	6150	8219
3600	8952	8484	9433	8072	9877	7831	10148
3415	10522	10014	11043	9567	11523	9304	11815
3320	10421	9915	10940	9470	11417	9209	11708
3505	17428	16772	18097	16192	18710	15850	19081
3414	10083	9585	10593	9148	11063	8891	11350
6900	3277	2996	3571	2754	3846	2614	4015
2940	6700	6296	7117	5942	7503	5736	7739
2216	7310	6887	7745	6517	8148	6301	8394
3046	10086	9588	10596	9151	11066	8894	11353
2225	6392	5997	6799	5652	7177	5451	7408
3426	7519	7090	7960	6715	8369	6495	8618
3427	8598	8139	9070	7736	9505	7500	9770
3045	11270	10744	11809	10280	12305	10008	12607
3310	7144	6726	7574	6361	7973	6147	8216
3030	14945	14338	15565	13802	16134	13486	16479
3130	7233	6813	7666	6445	8067	6229	8311
3010	16421	15784	17070	15222	17666	14890	18027
3020	10299	9796	10815	9354	11290	9094	11579
3425	7475	7047	7915	6673	8322	6454	8571
2100	7741	7306	8189	6925	8603	6702	8855
1606	5767	5392	6154	5066	6514	4875	6734
2215	7278	6856	7712	6487	8114	6271	8360
1720	11403	10873	11945	10407	12444	10133	12748
3120	9635	9149	10134	8722	10594	8471	10874
1900	551	440	675	350	798	301	876
3110	3447	3159	3748	2910	4030	2766	4203
3200	8024	7581	8480	7192	8901	6965	9158
1605	8099	7654	8557	7263	8980	7035	9238
2000	4910	4565	5268	4264	5601	4090	5805
1820	4637	4302	4985	4010	5309	3841	5508
1200	7081	6665	7510	6301	7906	6088	8148
1710	9061	8590	9545	8176	9992	7933	10264
1810	1961	1745	2189	1561	2406	1456	2540
900	4502	4172	4845	3885	5165	3718	5361
806	11583	11049	12129	10579	12632	10303	12938
1506	9420	8939	9913	8517	10368	8269	10645
1410	4837	4494	5192	4196	5523	4023	5726
1505	8909	8442	9389	8032	9832	7791	10102
1330	8080	7635	8537	7246	8960	7017	9218
1000	3850	3545	4168	3281	4464	3128	4647
1320	7309	6886	7744	6516	8147	6300	8393
1420	5199	4843	5567	4534	5909	4354	6119
1130	2521	2275	2779	2065	3023	1944	3173
1116	7435	7009	7874	6635	8280	6417	8528
1310	10450	9943	10969	9498	11448	9236	11739
805	8065	7621	8522	7231	8944	7003	9202
1115	5471	5106	5848	4788	6199	4603	6414
205	5694	5322	6079	4997	6436	4808	6655
136	5028	4678	5390	4375	5727	4198	5933
1120	13627	13048	14219	12536	14763	12236	15093
705	6968	6555	7393	6195	7787	5984	8027
120	4843	4500	5198	4202	5529	4029	5732
325	9640	9154	10139	8726	10599	8476	10879
135	6851	6442	7273	6084	7663	5875	7902
706	4901	4556	5259	4256	5591	4082	5795
206	5935	5555	6328	5223	6692	5029	6915
2910	1343	1165	1533	1016	1715	932	1829
315	6102	5716	6500	5380	6870	5183	7096
2935	3073	2801	3357	2567	3624	2432	3789
605	8805	8340	9282	7933	9723	7694	9991
606	8690	8229	9164	7824	9602	7586	9868
506	9228	8752	9716	8335	10167	8090	10441
110	2171	1944	2411	1749	2638	1638	2779
505	16444	15807	17094	15244	17690	14912	18051
2936	2924	2659	3202	2431	3462	2300	3623
405	9605	9120	10103	8693	10562	8443	10842
2926	9129	8656	9615	8241	10063	7997	10336
2925	5929	5549	6322	5217	6686	5024	6909
2927	2760	2503	3030	2282	3284	2154	3441
