faz_id mean lower_50 upper_50 lower_80 upper_80 lower_90 upper_90
8935	14252	13260	15280	12396	16237	11894	16823
8927	6579	5910	7283	5339	7948	5011	8360
8926	18141	17019	19299	16039	20372	15467	21028
8936	19538	18373	20739	17354	21851	16759	22530
8500	21257	20041	22509	18977	23667	18354	24373
8406	2604	2190	3054	1848	3489	1657	3764
8320	14161	13172	15186	12312	16140	11811	16724
8925	18298	17171	19461	16187	20538	15612	21197
8937	20748	19547	21985	18496	23130	17881	23828
8405	21252	20036	22504	18972	23661	18349	24368
8310	33621	32087	35191	30736	36635	29942	37513
8910	19864	18689	21075	17662	22196	17061	22880
7905	29605	28167	31079	26902	32437	26159	33264
7606	6022	5383	6697	4838	7335	4526	7731
7805	27026	25653	28435	24446	29735	23739	30526
8220	18550	17415	19721	16424	20805	15845	21468
8000	15448	14414	16518	13514	17512	12989	18120
8906	10113	9280	10982	8560	11795	8143	12296
8210	12359	11436	13318	10636	14212	10170	14761
9020	22373	21125	23657	20032	24844	19392	25567
8125	20851	19647	22091	18593	23238	17977	23939
8126	15867	14819	16951	13906	17958	13373	18574
8905	11278	10397	12195	9635	13051	9192	13577
7806	9090	8301	9915	7621	10688	7228	11165
7700	8605	7838	9408	7178	10162	6796	10627
7526	16173	15115	17267	14192	18283	13654	18905
7340	30769	29302	32271	28012	33655	27254	34497
7605	2149	1775	2559	1468	2959	1299	3213
7537	28838	27419	30293	26171	31634	25439	32450
8115	33767	32230	35340	30876	36787	30080	37667
7335	38296	36658	39970	35213	41508	34363	42443
8600	21881	20647	23151	19566	24325	18934	25041
7425	34280	32731	35865	31367	37323	30564	38209
7535	31034	29561	32543	28265	33932	27504	34777
7525	17434	16334	18569	15375	19622	14815	20266
7436	6522	5856	7223	5288	7886	4961	8296
9019	20038	18858	21254	17826	22380	17222	23067
7026	11282	10401	12199	9638	13055	9196	13581
7205	15307	14278	16372	13382	17362	12859	17968
7515	5793	5167	6455	4633	7082	4328	7471
7320	32084	30586	33618	29268	35030	28493	35888
7206	18300	17173	19463	16189	20541	15614	21199
7315	20267	19080	21490	18042	22621	17435	23313
7435	9355	8554	10191	7864	10975	7465	11458
7316	23335	22060	24646	20943	25857	20288	26595
7025	22512	21260	23800	20163	24990	19521	25716
7415	14117	13129	15140	12271	16093	11771	16676
7100	31029	29556	32538	28260	33927	27499	34772
7015	18410	17280	19576	16292	20657	15715	21318
9908	3737	3238	4272	2818	4785	2582	5106
6410	47695	45865	49561	44247	51272	43293	52310
6420	39781	38111	41487	36638	43054	35770	44005
5535	33218	31693	34778	30351	36214	29562	37087
5600	17285	16190	18416	15235	19464	14677	20106
5546	20216	19031	21437	17994	22568	17387	23258
4706	14442	13443	15477	12574	16440	12068	17030
6605	14344	13348	15375	12482	16335	11978	16923
6910	6406	5747	7101	5183	7758	4860	8165
6606	7122	6426	7854	5829	8544	5486	8971
9909	6943	6256	7666	5667	8348	5329	8770
9011	12423	11498	13384	10695	14280	10229	14831
5525	16591	15519	17699	14584	18727	14038	19357
5515	30552	29091	32049	27805	33428	27050	34267
6326	24386	23082	25725	21939	26962	21269	27716
9914	21767	20536	23033	19459	24205	18828	24919
5545	18588	17452	19760	16460	20846	15880	21509
6223	29155	27728	30618	26473	31966	25737	32787
5306	25210	23884	26572	22721	27829	22039	28594
6325	37264	35648	38916	34224	40434	33385	41356
9009	5970	5334	6642	4792	7277	4481	7672
9006	15233	14206	16295	13313	17283	12792	17888
6225	21838	20605	23107	19526	24280	18894	24995
9018	23178	21907	24484	20794	25691	20142	26428
5425	43493	41746	45276	40203	46912	39294	47905
5305	29922	28476	31404	27204	32769	26457	33600
5426	24008	22715	25337	21580	26565	20916	27313
6226	33522	31990	35089	30642	36532	29849	37408
6126	14123	13135	15147	12276	16099	11776	16683
6224	23621	22338	24940	21214	26158	20555	26900
6216	16712	15636	17824	14697	18856	14150	19487
6316	30103	28653	31589	27377	32958	26628	33791
6215	23940	22648	25267	21516	26493	20852	27241
5100	8729	7956	9538	7291	10296	6907	10764
6213	19448	18286	20646	17270	21756	16676	22434
9005	7434	6722	8182	6112	8885	5761	9321
6124	27355	25973	28773	24759	30080	24047	30876
6125	10510	9660	11396	8926	12224	8500	12733
6214	373	227	554	127	748	81	878
5415	16183	15124	17277	14202	18294	13663	18916
5205	13501	12536	14502	11697	15435	11209	16006
9916	18180	17057	19339	16076	20413	15503	21070
9913	7786	7057	8551	6431	9270	6071	9714
9915	25729	24389	27104	23214	28374	22524	29147
4606	29739	28297	31216	27030	32577	26285	33406
6115	23618	22335	24936	21211	26155	20552	26897
4820	8627	7859	9431	7198	10186	6816	10651
9017	4354	3813	4930	3357	5480	3098	5823
6123	20722	19522	21958	18471	23102	17857	23800
6114	36026	34438	37650	33038	39144	32214	40051
4607	32375	30870	33916	29546	35334	28767	36196
6505	14555	13552	15594	12679	16560	12171	17152
5020	26615	25252	28014	24056	29304	23354	30090
6113	42857	41123	44627	39592	46251	38690	47237
5010	20819	19616	22058	18563	23204	17947	23904
6020	19587	18421	20789	17401	21903	16804	22583
4900	12396	11472	13356	10670	14251	10204	14801
6010	14672	13665	15715	12788	16685	12278	17279
4400	24286	22985	25623	21844	26857	21175	27610
9900	11406	10520	12328	9753	13188	9308	13717
9904	14214	13223	15241	12361	16196	11859	16782
9902	32152	30652	33687	29333	35101	28557	35960
4810	11168	10292	12080	9533	12932	9093	13456
5720	38614	36969	40295	35518	41839	34664	42777
9901	10165	9330	11036	8608	11851	8190	12353
5826	6418	5758	7114	5194	7771	4871	8178
5825	3730	3231	4265	2812	4777	2576	5097
5925	26642	25279	28041	24081	29332	23379	30118
9015	16595	15523	17703	14588	18732	14042	19361
4506	18746	17605	19923	16608	21013	16026	21679
4605	26800	25432	28203	24232	29498	23527	30286
9002	41842	40129	43591	38617	45197	37726	46171
4226	20381	19191	21607	18149	22742	17540	23435
4505	17347	16250	18480	15293	19530	14734	20173
4225	18983	17835	20167	16832	21264	16245	21934
5716	26362	25006	27754	23815	29038	23117	29820
5916	37783	36156	39446	34721	40974	33877	41902
4300	12576	11645	13543	10837	14444	10367	14998
5815	5264	4668	5896	4162	6496	3873	6868
9004	21976	20739	23248	19656	24425	19022	25143
5715	18280	17154	19442	16170	20519	15595	21178
3330	16645	15571	17755	14635	18785	14088	19415
6506	17761	16651	18907	15682	19969	15116	20619
5915	21500	20277	22759	19206	23923	18579	24634
3905	11958	11050	12901	10264	13782	9807	14322
4130	18529	17395	19699	16404	20783	15825	21446
6930	10649	9794	11540	9054	12373	8625	12886
3825	22479	21228	23766	20132	24955	19490	25681
4120	22360	21112	23643	20020	24830	19380	25554
3816	26342	24986	27733	23796	29017	23098	29799
4210	29638	28199	31113	26934	32472	26190	33299
9016	15996	14944	17084	14026	18095	13492	18714
4005	16923	15840	18042	14895	19080	14344	19715
4230	13261	12304	14253	11473	15178	10990	15745
3815	21243	20027	22494	18963	23652	18341	24358
3705	34384	32833	35971	31466	37431	30662	38319
3900	7355	6647	8099	6040	8799	5691	9232
4110	22362	21114	23645	20021	24832	19381	25556
3416	25308	23980	26672	22814	27931	22130	28699
3413	12193	11276	13145	10482	14034	10020	14579
3706	19031	17881	20216	16877	21315	16290	21986
3600	22767	21508	24062	20405	25259	19759	25989
3415	32474	30967	34017	29640	35437	28860	36301
3320	32292	30789	33831	29466	35247	28689	36108
3505	46619	44810	48464	43211	50157	42268	51183
3414	30273	28818	31763	27539	33136	26788	33972
6900	10393	9548	11274	8818	12097	8395	12604
2940	23691	22406	25011	21280	26231	20620	26975
2216	22133	20892	23410	19805	24591	19168	25311
3046	25502	24168	26871	22998	28135	22312	28905
2225	18822	17679	20001	16680	21093	16096	21761
3426	26323	24968	27714	23778	28997	23080	29779
3427	26362	25006	27754	23815	29038	23117	29820
3045	30869	29400	32374	28108	33760	27348	34603
3310	25540	24205	26910	23034	28175	22347	28946
3030	51727	49820	53670	48133	55450	47138	56529
3130	17325	16229	18457	15273	19507	14714	20149
3010	46534	44726	48377	43129	50068	42187	51094
3020	25216	23890	26578	22727	27835	22044	28601
3425	23924	22633	25251	21501	26477	20837	27224
2100	21666	20438	22930	19363	24098	18734	24811
1606	13330	12371	14325	11538	15252	11053	15820
2215	19559	18393	20760	17374	21873	16778	22553
1720	27733	26342	29160	25119	30476	24402	31278
3120	26718	25353	28119	24154	29412	23450	30199
1900	897	661	1168	480	1443	385	1622
3110	10240	9402	11114	8677	11932	8257	12436
3200	23755	22469	25077	21341	26299	20680	27043
1605	17564	16460	18703	15497	19760	14935	20407
2000	14422	13424	15456	12555	16418	12049	17008
1820	7613	6893	8369	6274	9081	5918	9521
1200	20083	18902	21300	17868	22427	17264	23115
1710	23147	21877	24452	20765	25659	20113	26394
1810	4174	3645	4739	3200	5278	2947	5614
900	11720	10822	12654	10043	13526	9592	14062
806	39198	37540	40891	36078	42447	35217	43392
1506	23889	22599	25215	21468	26440	20805	27186
1410	12166	11250	13117	10457	14005	9995	14550
1505	22641	21386	23932	20285	25126	19641	25854
1330	24553	23245	25897	22097	27138	21425	27894
1000	10400	9555	11281	8824	12105	8401	12612
1320	18445	17314	19612	16325	20694	15748	21355
1420	13945	12964	14962	12110	15909	11614	16489
1130	6745	6068	7458	5489	8131	5156	8547
1116	19634	18466	20838	17445	21952	16848	22633
1310	28641	27227	30091	25984	31428	25254	32241
805	25821	24479	27199	23301	28470	22610	29245
1115	18181	17058	19340	16077	20414	15504	21071
205	13485	12520	14486	11682	15417	11194	15989
136	11623	10729	12553	9954	13422	9504	13955
1120	39441	37778	41140	36311	42700	35448	43648
705	23746	22460	25068	21332	26289	20671	27034
120	12817	11877	13793	11061	14703	10586	15261
325	26962	25590	28370	24386	29668	23679	30458
135	17949	16833	19101	15859	20169	15290	20821
706	15566	14528	16640	13624	17637	13097	18248
206	13947	12965	14964	12112	15911	11615	16492
2910	4226	3694	4794	3245	5336	2990	5675
315	15644	14603	16720	13697	17720	13168	18333
2935	10520	9670	11406	8935	12234	8509	12744
605	27951	26554	29384	25327	30705	24606	31509
606	30321	28865	31813	27585	33186	26833	34022
506	31907	30413	33437	29099	34845	28326	35701
110	5132	4544	5756	4044	6349	3760	6717
505	60247	58188	62342	56364	64260	55286	65421
2936	8445	7685	9241	7032	9988	6654	10449
405	32436	30930	33978	29604	35397	28824	36261
2926	27661	26271	29086	25051	30401	24334	31201
2925	18629	17492	19802	16498	20889	15918	21553
2927	10382	9538	11262	8808	12086	8385	12592
