faz_id mean lower_50 upper_50 lower_80 upper_80 lower_90 upper_90
8935	5036	4686	5398	4382	5735	4205	5942
8927	2207	1978	2449	1782	2678	1669	2819
8926	6049	5665	6446	5330	6813	5134	7038
8936	6893	6483	7316	6124	7708	5914	7947
8500	7592	7161	8035	6784	8446	6563	8696
8406	787	653	934	542	1077	481	1168
8320	4761	4421	5114	4126	5442	3954	5643
8925	5996	5614	6391	5280	6757	5086	6981
8937	6287	5895	6691	5554	7066	5354	7295
8405	6353	5959	6759	5616	7136	5415	7366
8310	12639	12081	13209	11590	13734	11300	14053
8910	6543	6143	6955	5794	7337	5590	7571
7905	9656	9169	10155	8742	10616	8491	10896
7606	1925	1711	2151	1529	2366	1425	2499
7805	8709	8247	9184	7842	9622	7604	9889
8220	8097	7652	8555	7262	8978	7033	9236
8000	5931	5551	6324	5219	6688	5026	6911
8906	3359	3074	3656	2829	3934	2687	4106
8210	5374	5012	5748	4698	6096	4514	6309
9020	8100	7655	8558	7264	8981	7036	9239
8125	7956	7515	8410	7128	8829	6902	9085
8126	6144	5757	6544	5419	6914	5222	7141
8905	3774	3472	4089	3211	4383	3060	4563
7806	2779	2521	3050	2299	3304	2171	3462
7700	3613	3318	3921	3063	4209	2915	4386
7526	6295	5903	6699	5561	7074	5361	7304
7340	10405	9899	10923	9455	11401	9194	11691
7605	763	631	908	522	1049	462	1139
7537	12229	11680	12790	11197	13306	10913	13620
8115	14309	13715	14916	13191	15473	12882	15811
7335	14836	14231	15453	13697	16020	13383	16364
8600	7305	6882	7740	6513	8143	6296	8389
7425	10937	10419	11468	9962	11957	9694	12255
7535	13335	12762	13921	12256	14459	11959	14786
7525	6209	5820	6611	5480	6983	5282	7211
7436	2259	2027	2504	1828	2735	1715	2878
9019	7029	6615	7456	6252	7851	6040	8093
7026	4266	3945	4600	3666	4912	3504	5103
7205	5978	5596	6372	5263	6738	5069	6962
7515	2205	1976	2447	1780	2676	1668	2817
7320	11564	11031	12110	10561	12612	10285	12918
7206	7886	7447	8338	7062	8756	6836	9010
7315	7099	6683	7528	6318	7925	6105	8168
7435	3184	2907	3473	2669	3745	2531	3912
7316	8288	7837	8751	7443	9179	7211	9440
7025	10032	9536	10541	9100	11010	8843	11295
7415	4815	4473	5169	4176	5499	4003	5702
7100	12871	12308	13447	11812	13976	11520	14297
7015	7656	7223	8101	6844	8513	6622	8764
9908	1165	1000	1343	862	1513	785	1620
6410	18296	17624	18981	17029	19609	16678	19989
6420	15489	14871	16120	14325	16699	14003	17050
5535	12275	11725	12837	11241	13354	10956	13669
5600	6666	6263	7082	5910	7467	5704	7703
5546	7445	7018	7884	6645	8291	6426	8539
4706	5337	4977	5710	4663	6056	4480	6269
6605	4611	4277	4958	3986	5281	3817	5480
6910	2103	1879	2339	1688	2563	1579	2702
6606	2320	2085	2568	1883	2802	1768	2947
9909	2281	2048	2527	1848	2759	1734	2903
9011	4897	4552	5254	4252	5587	4078	5791
5525	6462	6065	6872	5718	7251	5516	7483
5515	11842	11302	12394	10827	12903	10547	13211
6326	11964	11421	12519	10944	13030	10663	13340
9914	7778	7342	8227	6960	8642	6736	8895
5545	6200	5811	6601	5472	6974	5274	7201
6223	13598	13019	14189	12509	14733	12208	15063
5306	11030	10509	11563	10051	12054	9782	12353
6325	16682	16040	17336	15473	17936	15139	18300
9009	2166	1939	2406	1745	2633	1634	2773
9006	5012	4663	5374	4360	5710	4183	5916
6225	10744	10230	11270	9778	11755	9513	12050
9018	9012	8542	9495	8129	9940	7887	10211
5425	17828	17164	18504	16577	19124	16231	19500
5305	12960	12395	13538	11897	14068	11604	14391
5426	8727	8265	9202	7859	9641	7621	9908
6226	14666	14065	15280	13534	15844	13221	16186
6126	6050	5666	6447	5331	6815	5135	7040
6224	11313	10786	11853	10321	12350	10049	12652
6216	6882	6472	7305	6114	7696	5904	7935
6316	15564	14944	16196	14397	16776	14074	17129
6215	11972	11429	12527	10951	13038	10670	13349
5100	3074	2802	3358	2568	3625	2433	3790
6213	10199	9699	10712	9259	11185	9000	11473
9005	2497	2253	2754	2043	2996	1923	3146
6124	14669	14068	15283	13537	15847	13224	16189
6125	5547	5180	5927	4859	6280	4673	6496
6214	238	167	322	114	408	87	464
5415	6462	6065	6872	5718	7251	5516	7483
5205	5791	5415	6179	5088	6539	4897	6760
9916	6682	6278	7098	5925	7484	5719	7720
9913	3527	3235	3831	2983	4116	2838	4291
9915	9239	8763	9728	8345	10178	8100	10453
4606	9813	9322	10316	8891	10780	8638	11063
6115	11692	11156	12241	10684	12746	10406	13053
4820	3699	3400	4010	3142	4302	2992	4481
9017	1549	1358	1753	1196	1947	1105	2068
6123	12197	11649	12757	11167	13273	10883	13586
6114	17518	16860	18188	16279	18803	15935	19176
4607	10199	9699	10712	9259	11185	9000	11473
6505	4938	4592	5297	4291	5631	4115	5836
5020	10410	9904	10928	9460	11406	9199	11696
6113	26531	25720	27355	25000	28107	24575	28562
5010	8822	8357	9300	7949	9740	7710	10009
6020	12589	12032	13158	11542	13682	11253	14000
4900	6677	6273	7093	5920	7479	5714	7715
6010	9101	8629	9586	8214	10034	7971	10306
4400	9564	9080	10061	8654	10519	8404	10799
9900	4637	4302	4985	4010	5309	3841	5508
9904	6022	5639	6418	5305	6785	5110	7009
9902	13971	13384	14570	12867	15121	12562	15455
4810	4694	4357	5044	4063	5370	3893	5570
5720	19047	18361	19746	17754	20386	17395	20774
9901	3532	3240	3836	2988	4122	2842	4297
5826	3088	2815	3373	2581	3641	2445	3806
5825	1926	1712	2153	1530	2367	1426	2501
5925	11193	10668	11730	10207	12225	9935	12525
9015	6004	5621	6399	5288	6766	5093	6990
4506	7404	6979	7842	6606	8247	6388	8495
4605	10083	9585	10593	9148	11063	8891	11350
9002	15902	15276	16541	14722	17127	14396	17483
4226	7425	6999	7864	6626	8269	6408	8517
4505	6019	5636	6415	5302	6782	5107	7006
4225	6920	6509	7344	6149	7736	5939	7976
5716	10812	10297	11340	9843	11826	9577	12122
5916	14137	13547	14740	13026	15294	12719	15630
4300	5161	4807	5528	4499	5869	4319	6078
5815	2132	1907	2370	1714	2595	1604	2735
9004	7447	7020	7886	6647	8293	6428	8541
5715	8059	7615	8516	7226	8938	6998	9195
3330	5591	5222	5972	4901	6327	4713	6544
6506	6196	5807	6597	5468	6969	5270	7197
5915	7976	7534	8430	7147	8850	6920	9107
3905	4524	4193	4868	3905	5188	3738	5385
4130	8228	7779	8689	7386	9116	7155	9376
6930	4537	4205	4881	3917	5202	3750	5399
3825	8560	8102	9031	7700	9465	7465	9730
4120	8982	8513	9464	8101	9909	7859	10180
3816	10002	9506	10510	9071	10978	8815	11264
4210	10212	9711	10725	9271	11198	9013	11486
9016	5273	4915	5644	4603	5988	4422	6199
4005	6310	5918	6715	5575	7090	5375	7320
4230	4460	4131	4801	3846	5120	3680	5315
3815	8746	8283	9222	7877	9661	7639	9928
3705	13190	12620	13773	12117	14308	11822	14633
3900	3007	2738	3288	2507	3553	2373	3716
4110	8590	8131	9061	7729	9497	7493	9762
3416	9289	8812	9779	8393	10231	8147	10506
3413	3936	3627	4257	3360	4557	3206	4741
3706	7333	6910	7769	6539	8172	6322	8419
3600	9233	8757	9721	8339	10172	8094	10447
3415	11360	10831	11901	10366	12399	10093	12702
3320	10878	10361	11408	9906	11895	9639	12192
3505	18125	17456	18807	16864	19432	16515	19810
3414	10393	9888	10911	9444	11388	9183	11678
6900	3539	3247	3844	2994	4129	2848	4305
2940	7648	7215	8093	6837	8505	6615	8756
2216	7659	7226	8104	6847	8516	6625	8768
3046	10282	9780	10797	9338	11272	9078	11561
2225	6894	6484	7317	6125	7709	5915	7948
3426	8185	7737	8645	7345	9071	7115	9330
3427	9017	8547	9500	8134	9945	7892	10217
3045	11635	11100	12183	10629	12686	10352	12993
3310	7476	7048	7916	6674	8323	6455	8572
3030	16663	16022	17317	15455	17917	15120	18280
3130	7389	6964	7827	6592	8231	6374	8479
3010	16957	16310	17617	15738	18222	15401	18588
3020	10551	10042	11073	9594	11553	9331	11846
3425	8127	7681	8586	7290	9009	7061	9268
2100	7909	7469	8362	7084	8780	6858	9035
1606	5839	5462	6229	5133	6590	4941	6812
2215	7513	7084	7954	6709	8362	6489	8611
1720	11646	11111	12194	10640	12698	10363	13004
3120	9966	9471	10473	9037	10941	8782	11225
1900	555	443	680	353	802	304	881
3110	3570	3276	3876	3023	4163	2876	4339
3200	8495	8039	8964	7639	9397	7404	9661
1605	8144	7697	8603	7306	9027	7077	9286
2000	5297	4938	5668	4626	6014	4444	6225
1820	4686	4349	5036	4056	5362	3886	5561
1200	7474	7047	7914	6672	8321	6453	8570
1710	9413	8932	9906	8510	10361	8263	10638
1810	2004	1786	2235	1600	2454	1494	2589
900	4669	4332	5018	4040	5343	3870	5543
806	12829	12267	13404	11772	13932	11480	14253
1506	9600	9115	10098	8688	10557	8438	10837
1410	4912	4567	5270	4266	5603	4092	5807
1505	9150	8676	9636	8261	10085	8017	10358
1330	8542	8085	9012	7683	9446	7448	9711
1000	3935	3627	4256	3360	4556	3205	4740
1320	7336	6913	7772	6542	8176	6325	8422
1420	5363	5002	5737	4687	6084	4504	6297
1130	2739	2483	3008	2263	3261	2136	3417
1116	7674	7241	8120	6861	8532	6639	8784
1310	10602	10092	11125	9643	11607	9379	11900
805	8739	8276	9214	7870	9653	7632	9921
1115	6182	5794	6583	5455	6955	5257	7182
205	5739	5365	6125	5039	6484	4849	6704
136	5076	4725	5440	4419	5778	4241	5986
1120	14499	13901	15109	13373	15670	13063	16010
705	7686	7252	8132	6873	8545	6650	8797
120	4979	4631	5339	4329	5675	4153	5880
325	10053	9556	10562	9120	11032	8863	11318
135	7030	6616	7457	6253	7852	6041	8094
706	5226	4870	5595	4559	5938	4379	6148
206	5989	5607	6384	5274	6750	5079	6974
2910	1448	1263	1645	1108	1834	1020	1951
315	6168	5780	6568	5442	6940	5244	7167
2935	3049	2778	3332	2545	3598	2411	3762
605	9466	8984	9960	8561	10417	8313	10694
606	9983	9488	10491	9053	10959	8797	11243
506	10060	9563	10570	9126	11039	8870	11325
110	2191	1962	2432	1767	2660	1656	2801
505	18349	17676	19035	17080	19664	16728	20045
2936	3000	2731	3281	2500	3545	2367	3708
405	10706	10193	11231	9742	11715	9477	12010
2926	9356	8877	9848	8456	10301	8209	10577
2925	6214	5825	6616	5485	6988	5287	7216
2927	3142	2867	3430	2630	3699	2493	3866
