faz_id mean lower_50 upper_50 lower_80 upper_80 lower_90 upper_90
8935	6345	5144	7672	4169	8976	3635	9804
8927	1229	736	1848	399	2514	246	2961
8926	4002	3061	5069	2321	6138	1927	6826
8936	3790	2876	4830	2160	5875	1781	6549
8500	16651	14666	18762	12986	20771	12029	22022
8406	282	78	612	3	1016	7	1307
8320	15063	13178	17074	11588	18993	10685	20190
8925	3369	2511	4353	1845	5348	1496	5991
8937	7453	6146	8886	5076	10285	4485	11171
8405	1076	618	1660	314	2293	181	2721
8310	11614	9966	13388	8590	15093	7816	16162
8910	3451	2582	4446	1906	5451	1551	6101
7905	6014	4846	7308	3902	8581	3386	9392
7606	800	414	1312	174	1881	80	2270
7805	4037	3091	5109	2348	6181	1952	6872
8220	16115	14163	18193	12513	20172	11574	21405
8000	40252	37130	43500	34427	46532	32858	48396
8906	1391	862	2046	493	2744	322	3210
8210	45379	42061	48823	39180	52033	37505	54003
9020	5020	3958	6208	3110	7385	2651	8138
8125	8068	6705	9557	5586	11005	4965	11921
8126	10700	9121	12405	7807	14048	7069	15080
8905	1110	644	1702	332	2343	195	2775
7806	2121	1453	2915	959	3738	713	4279
7700	5837	4687	7113	3760	8369	3253	9170
7526	11127	9516	12864	8172	14537	7417	15586
7340	4220	3252	5314	2488	6407	2079	7110
7605	2109	1443	2901	951	3722	706	4262
7537	17329	15302	19482	13585	21528	12607	22801
8115	12673	10949	14523	9504	16297	8689	17407
7335	11842	10178	13632	8787	15353	8003	16431
8600	14011	12195	15953	10668	17810	9802	18969
7425	5472	4361	6709	3468	7931	2982	8711
7535	8084	6720	9574	5599	11024	4977	11940
7525	2835	2053	3743	1456	4669	1148	5272
7436	2597	1851	3469	1287	4362	999	4945
9019	5832	4683	7107	3756	8363	3250	9164
7026	1776	1170	2508	732	3275	519	3783
7205	8972	7531	10539	6342	12057	5679	13015
7515	8585	7177	10119	6017	11608	5372	12548
7320	11610	9963	13383	8587	15088	7813	16157
7206	33959	31097	36947	28627	39746	27198	41470
7315	5103	4032	6300	3175	7486	2712	8244
7435	5105	4034	6302	3177	7488	2713	8246
7316	5101	4030	6298	3174	7483	2710	8241
7025	13878	12071	15811	10552	17660	9691	18814
7415	14091	12270	16038	10737	17900	9869	19062
7100	17479	15443	19641	13718	21695	12734	22973
7015	6440	5229	7777	4247	9089	3707	9922
9908	4655	3635	5801	2824	6941	2388	7672
6410	21054	18814	23420	16904	25659	15810	27047
6420	8585	7177	10119	6017	11608	5372	12548
5535	4997	3938	6182	3092	7357	2635	8109
5600	16118	14166	18196	12515	20176	11577	21409
5546	14342	12504	16306	10957	18182	10080	19354
4706	2836	2054	3744	1457	4670	1149	5273
6605	2764	1992	3662	1405	4578	1103	5175
6910	1539	979	2225	583	2950	395	3433
6606	1927	1293	2687	830	3479	602	4002
9909	1522	966	2204	573	2927	386	3407
9011	6666	5433	8025	4430	9357	3879	10202
5525	6925	5667	8309	4642	9663	4078	10522
5515	6387	5181	7719	4203	9026	3667	9856
6326	16366	14398	18460	12734	20453	11787	21695
9914	4247	3276	5344	2508	6441	2098	7145
5545	4904	3855	6079	3019	7244	2567	7990
6223	11197	9580	12940	8232	14617	7474	15669
5306	25379	22913	27971	20800	30413	19585	31923
6325	9779	8272	11412	7023	12990	6325	13983
9009	2577	1834	3446	1273	4336	986	4918
9006	2765	1993	3663	1406	4579	1104	5176
6225	21881	19596	24292	17646	26571	16528	27984
9018	12602	10883	14447	9443	16216	8630	17324
5425	64040	60086	68120	56633	71902	54616	74214
5305	29796	27119	32599	24816	35231	23487	36855
5426	19171	17036	21432	15221	23576	14184	24907
6226	7834	6492	9302	5391	10732	4782	11636
6126	3845	2924	4892	2202	5943	1819	6621
6224	8562	7156	10094	5998	11581	5354	12520
6216	10893	9299	12613	7972	14269	7226	15309
6316	24636	22208	27190	20128	29599	18933	31089
6215	21012	18774	23376	16866	25613	15774	27000
5100	1858	1237	2605	785	3386	564	3902
6213	16629	14645	18739	12966	20747	12011	21997
9005	518	220	942	59	1432	12	1774
6124	14543	12692	16520	11132	18409	10248	19587
6125	12569	10852	14412	9414	16179	8603	17285
6214	31450	28698	34328	26327	37028	24958	38692
5415	65142	61154	69256	57670	73069	55634	75400
5205	48802	45358	52372	42365	55694	40623	57731
9916	2377	1666	3214	1134	4075	864	4640
9913	6274	5080	7594	4112	8891	3582	9716
9915	3200	2365	4161	1721	5134	1384	5765
4606	3842	2921	4889	2200	5940	1817	6617
6115	9574	8084	11190	6850	12753	6160	13738
4820	6266	5072	7585	4105	8882	3576	9706
9017	358	121	721	15	1156	0	1465
6123	73008	68782	77360	65084	81387	62920	83845
6114	22915	20575	25381	18576	27709	17428	29151
4607	8954	7515	10519	6327	12036	5665	12993
6505	3379	2519	4365	1853	5360	1503	6005
5020	10325	8775	12001	7487	13618	6765	14634
6113	44683	41391	48101	38533	51288	36873	53243
5010	16515	14538	18618	12866	20620	11914	21866
6020	79399	74989	83935	71126	88127	68863	90685
4900	88270	83617	93049	79534	97461	77140	100149
6010	138306	132466	144272	127314	149753	124280	153081
4400	10398	8842	12080	7549	13702	6824	14721
9900	2570	1828	3438	1268	4327	982	4908
9904	6972	5710	8360	4680	9719	4114	10580
9902	28001	25408	30720	23180	33277	21896	34855
4810	8479	7080	10004	5929	11485	5288	12419
5720	16115	14163	18193	12513	20172	11574	21405
9901	6792	5547	8163	4533	9506	3976	10358
5826	10288	8741	11961	7456	13576	6735	14590
5825	57357	53618	61222	50359	64810	48458	67005
5925	24179	21774	26710	19715	29098	18533	30575
9015	2163	1488	2964	987	3794	737	4339
4506	32070	29290	34976	26895	37700	25510	39379
4605	31149	28411	34013	26052	36701	24690	38358
9002	10464	8903	12151	7605	13778	6878	14800
4226	3838	2918	4884	2197	5935	1814	6612
4505	1711	1117	2431	691	3186	484	3688
4225	3496	2620	4498	1940	5507	1581	6160
5716	10963	9364	12688	8032	14349	7283	15392
5916	9342	7871	10939	6654	12485	5974	13459
4300	27474	24906	30168	22701	32702	21431	34267
5815	30202	27506	33024	25187	35672	23847	37306
9004	7255	5966	8670	4913	10052	4332	10928
5715	2595	1849	3467	1286	4359	997	4942
3330	3016	2207	3951	1587	4900	1264	5517
6506	12490	10779	14327	9346	16089	8537	17192
5915	6326	5126	7651	4154	8953	3621	9781
3905	24772	22337	27333	20251	29748	19052	31241
4130	31556	28799	34439	26424	37143	25052	38809
6930	4247	3276	5344	2508	6441	2098	7145
3825	10272	8726	11944	7442	13557	6722	14571
4120	4771	3738	5930	2915	7082	2471	7820
3816	5345	4248	6568	3367	7778	2889	8551
4210	7772	6436	9234	5340	10659	4733	11561
9016	2075	1415	2861	928	3677	686	4214
4005	2193	1513	2999	1008	3833	755	4381
4230	2340	1635	3171	1108	4027	842	4588
3815	12419	10713	14251	9285	16009	8479	17109
3705	41211	38052	44496	35314	47563	33725	49447
3900	37708	34689	40853	32077	43794	30564	45602
4110	38803	35739	41993	33088	44973	31550	46805
3416	3537	2656	4544	1970	5559	1609	6215
3413	1784	1177	2517	737	3286	523	3794
3706	4597	3584	5736	2779	6870	2346	7597
3600	78311	73932	82816	70096	86981	67850	89522
3415	5210	4127	6419	3260	7615	2790	8380
3320	7064	5793	8461	4756	9827	4184	10693
3505	36854	33870	39964	31290	42873	29795	44662
3414	3418	2553	4409	1882	5409	1529	6057
6900	2117	1450	2910	956	3733	710	4273
2940	3313	2462	4290	1804	5277	1459	5917
2216	4963	3908	6144	3065	7316	2610	8066
3046	11559	9915	13329	8543	15030	7771	16097
2225	7341	6044	8764	4984	10153	4398	11034
3426	3930	2998	4988	2266	6049	1877	6732
3427	7120	5844	8522	4802	9893	4227	10762
3045	5151	4075	6353	3213	7544	2747	8305
3310	7434	6128	8866	5060	10263	4470	11147
3030	12739	11010	14594	9561	16372	8743	17484
3130	31288	28543	34159	26179	36852	24814	38512
3010	12403	10698	14234	9271	15990	8465	17090
3020	26261	23752	28896	21600	31377	20361	32911
3425	3756	2846	4792	2135	5832	1758	6504
2100	2899	2107	3817	1502	4751	1189	5359
1606	4114	3159	5195	2407	6277	2005	6972
2215	7277	5986	8694	4931	10078	4349	10955
1720	8247	6868	9751	5735	11214	5105	12138
3120	20684	18464	23030	16573	25250	15490	26628
1900	19854	17680	22154	15831	24332	14773	25685
3110	3755	2845	4791	2134	5831	1757	6503
3200	9914	8397	11557	7138	13145	6433	14144
1605	8123	6755	9617	5631	11070	5008	11988
2000	15808	13875	17867	12242	19829	11314	21051
1820	41152	37995	44435	35260	47500	33672	49382
1200	7214	5929	8625	4879	10004	4300	10878
1710	15020	13138	17028	11550	18945	10649	20140
1810	24430	22012	26974	19942	29373	18753	30857
900	13647	11856	15564	10350	17399	9498	18545
806	5282	4191	6499	3317	7702	2843	8471
1506	4975	3918	6158	3075	7330	2619	8081
1410	17507	15470	19670	13743	21726	12758	23005
1505	7568	6250	9012	5171	10420	4574	11311
1330	6364	5161	7693	4185	8998	3650	9828
1000	2431	1711	3277	1171	4146	897	4715
1320	5990	4824	7282	3883	8552	3368	9362
1420	24229	21821	26763	19761	29153	18577	30631
1130	5581	4458	6830	3555	8062	3063	8849
1116	9803	8294	11438	7044	13018	6344	14012
1310	7737	6404	9196	5311	10618	4706	11518
805	5869	4716	7148	3785	8408	3277	9210
1115	5796	4651	7067	3727	8320	3223	9119
205	14765	12899	16757	11327	18658	10435	19845
136	4847	3805	6015	2974	7175	2526	7918
1120	18491	16396	20712	14616	22821	13600	24131
705	5755	4614	7022	3694	8271	3192	9067
120	1680	1092	2394	671	3144	468	3642
325	7599	6278	9046	5197	10456	4598	11349
135	3820	2902	4864	2183	5912	1802	6588
706	4035	3090	5106	2346	6179	1950	6870
206	9796	8288	11430	7038	13009	6338	14003
2910	1188	704	1798	376	2455	228	2897
315	10647	9072	12348	7762	13987	7026	15017
2935	23599	21224	26100	19192	28461	18025	29922
605	4637	3619	5781	2810	6919	2375	7649
606	6712	5475	8075	4468	9411	3914	10259
506	13760	11961	15685	10449	17526	9593	18677
110	1484	936	2158	549	2874	367	3351
505	19337	17193	21607	15369	23760	14327	25096
2936	3616	2724	4634	2029	5658	1662	6319
405	5260	4172	6474	3300	7676	2827	8443
2926	3850	2928	4898	2206	5949	1822	6627
2925	3506	2629	4509	1947	5520	1588	6174
2927	2117	1450	2910	956	3733	710	4273
