faz_id mean lower_50 upper_50 lower_80 upper_80 lower_90 upper_90
8935	5754	5080	6470	4509	7151	4183	7575
8927	1201	904	1540	673	1880	551	2101
8926	2939	2463	3457	2071	3959	1852	4276
8936	3674	3140	4250	2694	4806	2444	5154
8500	14620	13533	15749	12590	16802	12042	17448
8406	274	143	447	62	638	29	769
8320	12263	11269	13299	10410	14268	9912	14864
8925	2951	2474	3470	2081	3973	1861	4290
8937	7108	6356	7902	5715	8652	5348	9118
8405	1002	733	1313	526	1629	419	1835
8310	11134	10188	12122	9372	13048	8900	13618
8910	3330	2822	3880	2401	4411	2165	4745
7905	5696	5025	6409	4457	7086	4134	7508
7606	774	540	1050	365	1334	277	1521
7805	3599	3070	4170	2630	4720	2383	5065
8220	13353	12315	14433	11416	15442	10895	16061
8000	39291	37495	41129	35914	42819	34985	43847
8906	1349	1033	1707	785	2065	653	2295
8210	35449	33745	37195	32245	38804	31365	39783
9020	4660	4055	5307	3547	5925	3259	6311
8125	7009	6263	7797	5627	8543	5262	9006
8126	8642	7811	9515	7099	10337	6689	10845
8905	1074	795	1395	579	1721	466	1932
7806	1907	1528	2328	1222	2743	1056	3008
7700	5662	4993	6373	4427	7048	4105	7469
7526	10377	9464	11332	8679	12227	8225	12779
7340	4070	3506	4676	3035	5257	2769	5621
7605	1791	1424	2200	1130	2604	970	2862
7537	16154	15010	17340	14016	18444	13438	19120
8115	11343	10388	12340	9564	13274	9087	13849
7335	11198	10249	12189	9431	13117	8957	13689
8600	13094	12066	14164	11177	15163	10661	15777
7425	4977	4351	5645	3824	6282	3525	6679
7535	6517	5798	7278	5187	7999	4837	8447
7525	2604	2157	3093	1791	3569	1588	3870
7436	2539	2098	3022	1737	3493	1537	3790
9019	5557	4895	6261	4334	6931	4015	7348
7026	1716	1357	2117	1070	2513	915	2767
7205	8244	7433	9097	6738	9901	6339	10399
7515	8481	7658	9346	6953	10161	6547	10665
7320	10621	9698	11586	8902	12492	8442	13050
7206	26046	24588	27546	23311	28933	22563	29779
7315	4909	4288	5572	3764	6205	3468	6600
7435	4965	4340	5632	3814	6268	3515	6665
7316	4822	4207	5479	3688	6107	3395	6499
7025	12940	11919	14003	11034	14997	10522	15608
7415	13670	12620	14762	11709	15782	11181	16409
7100	13435	12394	14518	11492	15530	10969	16151
7015	6126	5430	6864	4839	7565	4501	8001
9908	4573	3974	5214	3471	5827	3186	6210
6410	17129	15951	18349	14925	19484	14328	20180
6420	8526	7701	9393	6994	10210	6587	10715
5535	5133	4497	5811	3961	6457	3656	6860
5600	15670	14544	16838	13565	17926	12996	18593
5546	13427	12386	14510	11485	15521	10961	16142
4706	2770	2309	3273	1929	3763	1718	4072
6605	2670	2217	3165	1846	3646	1640	3950
6910	1317	1005	1671	761	2025	631	2253
6606	1708	1350	2108	1064	2504	909	2757
9909	1456	1127	1827	867	2196	728	2434
9011	6512	5793	7273	5182	7993	4833	8441
5525	6828	6092	7606	5465	8343	5106	8800
5515	6225	5523	6969	4927	7675	4586	8114
6326	14872	13775	16011	12824	17072	12271	17723
9914	4143	3574	4754	3098	5340	2829	5707
5545	4709	4101	5359	3590	5980	3300	6368
6223	9740	8857	10665	8097	11535	7659	12071
5306	22034	20695	23415	19524	24695	18840	25477
6325	9084	8232	9978	7500	10820	7078	11340
9009	2491	2055	2969	1698	3436	1500	3732
9006	2264	1849	2721	1511	3169	1325	3453
6225	19911	18639	21225	17529	22445	16881	23191
9018	12427	11426	13470	10561	14445	10060	15044
5425	42775	40901	44691	39248	46453	38276	47524
5305	27281	25788	28816	24480	30234	23713	31098
5426	18507	17281	19775	16213	20952	15591	21673
6226	7096	6345	7889	5705	8639	5338	9104
6126	3355	2845	3907	2422	4440	2185	4775
6224	8172	7365	9021	6673	9822	6276	10318
6216	10622	9698	11588	8903	12493	8443	13051
6316	22217	20872	23604	19697	24889	19010	25674
6215	19757	18490	21066	17385	22281	16740	23024
5100	1800	1432	2210	1137	2615	976	2873
6213	16394	15242	17588	14240	18700	13656	19381
9005	500	316	726	186	965	125	1125
6124	14103	13036	15212	12110	16247	11573	16883
6125	11597	10631	12605	9797	13549	9314	14129
6214	30664	29080	32290	27690	33790	26874	34704
5415	62851	60574	65170	58560	67294	57371	68581
5205	43310	41424	45238	39761	47011	38782	48087
9916	2324	1903	2787	1560	3240	1371	3527
9913	6213	5512	6956	4916	7662	4576	8100
9915	3422	2907	3979	2479	4517	2239	4855
4606	3725	3187	4305	2738	4864	2485	5214
6115	9409	8541	10319	7795	11174	7365	11702
4820	6326	5618	7076	5016	7787	4673	8229
9017	336	189	525	93	731	51	871
6123	70631	68216	73088	66078	75336	64814	76697
6114	22547	21192	23944	20007	25238	19315	26029
4607	7672	6890	8496	6222	9273	5839	9755
6505	3276	2772	3822	2355	4349	2121	4681
5020	9575	8699	10493	7946	11355	7512	11888
6113	43509	41618	45442	39952	47218	38971	48297
5010	16978	15805	18193	14784	19323	14190	20016
6020	78929	76375	81525	74111	83898	72773	85335
4900	75500	73003	78039	70790	80362	69482	81768
6010	137479	134102	140898	131097	144013	129315	145893
4400	10042	9145	10981	8372	11863	7927	12407
9900	2416	1987	2887	1636	3348	1442	3640
9904	7089	6338	7882	5698	8631	5332	9096
9902	25800	24349	27293	23078	28674	22334	29516
4810	8431	7611	9293	6908	10106	6503	10609
5720	14295	13220	15412	12288	16453	11747	17093
9901	6178	5479	6919	4885	7623	4546	8060
5826	9303	8440	10208	7699	11059	7272	11584
5825	55001	52873	57171	50992	59162	49883	60369
5925	22398	21047	23791	19867	25081	19177	25869
9015	2042	1649	2477	1331	2905	1157	3177
4506	31704	30093	33357	28678	34881	27848	35810
4605	24375	22965	25827	21731	27170	21010	27990
9002	10267	9359	11217	8578	12108	8127	12657
4226	3703	3166	4282	2719	4839	2468	5188
4505	1638	1288	2030	1009	2419	858	2668
4225	3503	2982	4066	2548	4610	2305	4951
5716	9308	8445	10213	7703	11064	7276	11590
5916	8764	7927	9643	7209	10470	6796	10982
4300	21267	19952	22624	18803	23883	18132	24652
5815	29331	27782	30922	26424	32390	25627	33285
9004	6415	5702	7170	5096	7886	4749	8331
5715	2529	2089	3011	1729	3481	1530	3778
3330	2932	2457	3449	2065	3951	1846	4267
6506	9190	8332	10090	7596	10936	7172	11458
5915	5903	5220	6628	4641	7317	4310	7746
3905	23974	22576	25414	21353	26747	20637	27560
4130	28808	27274	30384	25928	31840	25138	32727
6930	3902	3351	4495	2890	5066	2630	5423
3825	9683	8802	10606	8045	11473	7608	12008
4120	4255	3678	4874	3195	5467	2922	5838
3816	4861	4243	5521	3722	6151	3427	6545
4210	6417	5704	7172	5098	7888	4751	8333
9016	2048	1654	2484	1336	2912	1161	3185
4005	2127	1725	2571	1400	3006	1221	3283
4230	2253	1839	2709	1502	3156	1317	3439
3815	11551	10587	12557	9755	13499	9273	14079
3705	39050	37260	40882	35684	42568	34757	43593
3900	32632	30997	34308	29561	35854	28718	36795
4110	38287	36515	40101	34955	41771	34038	42786
3416	3385	2873	3939	2447	4474	2209	4811
3413	1686	1331	2083	1047	2477	893	2729
3706	4407	3820	5036	3327	5639	3048	6016
3600	74073	71600	76588	69408	78889	68113	80282
3415	5203	4563	5885	4022	6535	3715	6941
3320	6802	6067	7579	5441	8314	5083	8771
3505	27938	26427	29491	25102	30925	24326	31800
3414	3294	2789	3841	2370	4370	2136	4702
6900	2075	1679	2513	1357	2944	1182	3218
2940	3204	2706	3744	2294	4266	2064	4594
2216	4759	4148	5412	3633	6036	3342	6426
3046	10899	9963	11877	9156	12793	8690	13358
2225	7211	6454	8010	5808	8766	5438	9234
3426	3650	3117	4225	2674	4778	2424	5126
3427	6583	5860	7348	5246	8072	4894	8522
3045	4986	4360	5654	3832	6292	3532	6690
3310	5485	4827	6185	4271	6851	3954	7266
3030	12442	11441	13485	10575	14461	10073	15061
3130	29332	27783	30923	26425	32391	25628	33286
3010	12024	11040	13050	10190	14010	9698	14600
3020	23753	22362	25186	21144	26513	20432	27323
3425	3614	3084	4186	2643	4737	2395	5083
2100	2785	2322	3290	1942	3780	1730	4090
1606	4058	3495	4663	3024	5243	2759	5607
2215	7253	6494	8054	5845	8812	5474	9282
1720	7815	7026	8646	6351	9431	5964	9916
3120	19345	18091	20641	16998	21843	16361	22579
1900	19034	17791	20319	16707	21513	16075	22243
3110	3671	3137	4247	2692	4802	2441	5150
3200	9604	8727	10523	7973	11387	7538	11920
1605	7950	7154	8788	6473	9579	6082	10068
2000	15605	14481	16771	13505	17857	12937	18523
1820	34183	32510	35898	31039	37479	30175	38441
1200	6631	5906	7398	5288	8125	4935	8576
1710	13792	12737	14889	11822	15913	11291	16542
1810	19967	18693	21283	17582	22504	16933	23251
900	12822	11805	13881	10926	14870	10415	15478
806	5141	4505	5819	3968	6466	3663	6869
1506	4850	4233	5509	3713	6139	3418	6532
1410	16670	15508	17874	14497	18995	13909	19681
1505	7513	6740	8328	6079	9099	5700	9576
1330	6107	5412	6844	4822	7544	4485	7979
1000	2402	1974	2872	1624	3332	1431	3623
1320	5485	4827	6185	4271	6851	3954	7266
1420	18077	16866	19330	15811	20495	15196	21208
1130	4005	3446	4606	2979	5183	2715	5545
1116	9235	8375	10137	7637	10985	7212	11508
1310	7408	6640	8218	5985	8983	5609	9457
805	5701	5030	6414	4462	7092	4138	7514
1115	5362	4712	6054	4162	6713	3850	7124
205	14621	13534	15750	12591	16803	12043	17449
136	4809	4194	5466	3677	6093	3384	6484
1120	15520	14399	16683	13426	17766	12860	18430
705	4942	4319	5607	3793	6242	3495	6639
120	1599	1254	1986	978	2371	830	2618
325	7165	6410	7962	5766	8715	5398	9182
135	3503	2982	4066	2548	4610	2305	4951
706	3900	3349	4493	2888	5064	2629	5421
206	9095	8242	9990	7510	10832	7088	11352
2910	1150	860	1482	635	1817	517	2033
315	10188	9284	11134	8506	12022	8056	12569
2935	23130	21757	24545	20557	25855	19855	26655
605	4524	3929	5161	3428	5771	3145	6153
606	5744	5070	6460	4500	7140	4175	7563
506	8854	8013	9737	7291	10569	6875	11083
110	1311	1000	1664	756	2018	626	2245
505	15501	14381	16663	13408	17745	12843	18409
2936	3171	2676	3708	2266	4228	2037	4555
405	4970	4345	5637	3818	6274	3519	6671
2926	3277	2773	3823	2356	4350	2122	4682
2925	3418	2903	3975	2476	4512	2236	4850
2927	1874	1498	2292	1196	2704	1031	2967
