faz_id mean lower_50 upper_50 lower_80 upper_80 lower_90 upper_90
8935	17276	15403	19256	13808	21132	12895	22296
8927	7750	6513	9094	5491	10397	4922	11218
8926	22118	19992	24352	18169	26456	17119	27756
8936	21231	19149	23421	17365	25485	16340	26761
8500	27202	24838	29673	22801	31991	21624	33420
8406	3639	2808	4577	2152	5514	1802	6116
8320	20732	18675	22896	16914	24938	15903	26201
8925	23214	21034	25501	19163	27653	18085	28982
8937	29670	27199	32249	25065	34663	23830	36149
8405	25453	23168	27845	21202	30092	20068	31478
8310	37931	35130	40840	32699	43551	31286	45215
8910	24286	22055	26624	20138	28822	19033	30179
7905	34794	32113	37582	29791	40185	28443	41784
7606	6334	5221	7554	4311	8745	3808	9500
7805	29936	27453	32526	25310	34951	24068	36443
8220	21598	19497	23806	17698	25887	16662	27173
8000	16673	14834	18620	13270	20465	12375	21610
8906	10869	9394	12451	8158	13968	7461	14917
8210	14594	12877	16419	11422	18154	10594	19234
9020	25126	22856	27503	20904	29736	19777	31114
8125	22517	20371	24770	18530	26892	17471	28203
8126	19074	17103	21152	15420	23116	14455	24332
8905	12151	10589	13821	9274	15416	8529	16413
7806	11573	10050	13204	8770	14764	8046	15740
7700	8639	7330	10055	6243	11423	5635	12282
7526	16690	14850	18638	13285	20483	12390	21630
7340	33189	30572	35913	28307	38459	26994	40023
7605	2202	1568	2944	1089	3703	844	4200
7537	30872	28350	33501	26171	35961	24909	37475
8115	38421	35601	41348	33154	44076	31731	45750
7335	41985	39035	45042	36470	47888	34977	49632
8600	24117	21894	26447	19984	28638	18883	29990
7425	36704	33949	39566	31560	42236	30173	43875
7535	35034	32344	37832	30013	40443	28660	42047
7525	21032	18960	23212	17186	25267	16166	26538
7436	6549	5416	7789	4488	8998	3975	9763
9019	23367	21180	25662	19302	27820	18220	29153
7026	11425	9912	13046	8641	14597	7922	15567
7205	16304	14486	18230	12941	20056	12058	21190
7515	6567	5433	7809	4503	9019	3989	9785
7320	36070	33340	38908	30973	41555	29598	43181
7206	19661	17659	21770	15948	23762	14967	24995
7315	23024	20853	25302	18991	27446	17918	28770
7435	9803	8405	11308	7239	12756	6582	13663
7316	24184	21958	26517	20045	28711	18943	30065
7025	23032	20861	25310	18998	27454	17925	28779
7415	15118	13369	16974	11886	18738	11041	19835
7100	34501	31832	37278	29520	39870	28178	41463
7015	19217	17239	21303	15549	23273	14579	24494
9908	3664	2830	4605	2172	5545	1819	6148
6410	58692	55194	62297	52136	65636	50348	67675
6420	50278	47045	53619	44225	56719	42579	58616
5535	41018	38103	44041	35569	46855	34095	48580
5600	18966	17001	21039	15323	22997	14361	24210
5546	21953	19835	24179	18019	26275	16974	27571
4706	14926	13189	16771	11716	18524	10877	19615
6605	16796	14950	18750	13379	20601	12481	21750
6910	7765	6527	9110	5504	10414	4934	11236
6606	9080	7737	10531	6619	11929	5992	12807
9909	9128	7781	10582	6660	11984	6031	12864
9011	15949	14151	17854	12624	19662	11753	20785
5525	17873	15967	19887	14342	21792	13412	22973
5515	32100	29527	34780	27302	37286	26013	38827
6326	25270	22993	27654	21035	29893	19905	31274
9914	22904	20739	25176	18882	27315	17812	28636
5545	19657	17655	21766	15945	23757	14963	24990
6223	30053	27565	32648	25417	35077	24173	36572
5306	25928	23621	28342	21636	30608	20490	32006
6325	36915	34152	39785	31756	42462	30364	44105
9009	6658	5516	7908	4579	9125	4060	9896
9006	17224	15354	19202	13762	21075	12851	22237
6225	22495	20350	24747	18510	26868	17451	28178
9018	25496	23209	27890	21241	30139	20106	31526
5425	45423	42352	48601	39679	51555	38121	53364
5305	30523	28016	33138	25849	35585	24595	37090
5426	25637	23344	28038	21370	30292	20231	31682
6226	33635	31000	36377	28719	38939	27396	40513
6126	14552	12837	16374	11385	18107	10558	19185
6224	23435	21245	25733	19364	27894	18280	29229
6216	16543	14711	18482	13154	20321	12263	21462
6316	29745	27271	32327	25134	34744	23897	36232
6215	23789	21582	26104	19686	28280	18593	29624
5100	8686	7374	10106	6283	11477	5673	12338
6213	19364	17378	21458	15681	23435	14708	24660
9005	9211	7858	10672	6731	12079	6099	12963
6124	27248	24882	29722	22843	32041	21665	33471
6125	10460	9014	12013	7805	13504	7122	14437
6214	391	155	735	34	1136	4	1418
5415	18107	16188	20133	14552	22050	13615	23239
5205	14706	12982	16537	11521	18279	10689	19362
9916	19935	17919	22058	16195	24063	15206	25304
9913	7974	6719	9337	5680	10656	5100	11487
9915	29090	26643	31644	24532	34036	23311	35509
4606	32476	29888	35171	27649	37691	26351	39240
6115	23719	21515	26030	19622	28204	18531	29546
4820	8740	7423	10164	6329	11539	5717	12403
9017	5776	4716	6944	3853	8088	3378	8813
6123	21304	19218	23497	17431	25565	16404	26843
6114	36382	33640	39232	31262	41890	29881	43523
4607	37985	35182	40896	32749	43609	31335	45274
6505	15558	13783	17440	12277	19227	11417	20338
5020	28083	25680	30593	23608	32946	22410	34395
6113	44283	41252	47422	38614	50340	37078	52128
5010	21390	19300	23588	17509	25659	16480	26940
6020	21919	19802	24143	17988	26238	16944	27533
4900	19507	17513	21608	15810	23592	14832	24821
6010	16518	14688	18456	13131	20293	12242	21434
4400	24440	22202	26785	20278	28990	19169	30350
9900	12222	10655	13896	9336	15496	8588	16495
9904	15910	14115	17813	12590	19618	11719	20740
9902	32913	30307	35626	28053	38162	26745	39720
4810	11413	9901	13033	8631	14584	7912	15553
5720	38552	35727	41484	33276	44216	31850	45893
9901	14459	12750	16275	11303	18003	10479	19079
5826	6724	5576	7980	4633	9203	4111	9976
5825	3717	2877	4664	2212	5610	1857	6217
5925	27296	24928	29772	22887	32093	21708	33524
9015	17328	15452	19311	13855	21190	12940	22355
4506	19996	17977	22123	16250	24130	15259	25372
4605	28802	26368	31344	24268	33724	23053	35191
9002	47503	44362	50752	41625	53769	40029	55617
4226	20909	18843	23082	17074	25132	16058	26400
4505	17646	15752	19647	14139	21541	13215	22716
4225	21039	18966	23219	17192	25274	16172	26546
5716	26796	24450	29249	22429	31551	21262	32969
5916	38691	35861	41628	33405	44365	31977	46045
4300	13695	12033	15464	10629	17150	9830	18200
5815	5402	4378	6533	3548	7644	3093	8350
9004	27114	24754	29582	22720	31896	21545	33322
5715	18219	16294	20251	14652	22174	13712	23366
3330	18779	16824	20842	15155	22791	14198	23999
6506	20050	18028	22179	16299	24189	15306	25433
5915	21678	19573	23890	17770	25974	16733	27263
3905	12564	10975	14261	9635	15881	8875	16892
4130	19205	17227	21290	15538	23260	14569	24480
6930	10712	9249	12283	8022	13790	7331	14733
3825	23802	21594	26117	19698	28294	18605	29639
4120	23280	21097	25570	19223	27725	18144	29056
3816	27435	25061	29917	23014	32244	21832	33678
4210	31772	29213	34439	27000	36932	25718	38466
9016	19156	17181	21239	15494	23206	14526	24425
4005	18737	16784	20797	15117	22745	14162	23952
4230	14046	12362	15837	10938	17542	10128	18604
3815	21376	19286	23573	17497	25644	16467	26924
3705	37261	34485	40144	32077	42833	30678	44483
3900	7896	6647	9252	5614	10566	5038	11393
4110	27786	25396	30283	23336	32624	22145	34067
3416	27982	25584	30488	23516	32837	22320	34284
3413	13176	11547	14912	10172	16568	9391	17600
3706	19451	17460	21549	15759	23531	14783	24758
3600	25963	23655	28379	21668	30646	20521	32045
3415	35500	32792	38316	30445	40943	29082	42557
3320	33891	31246	36643	28956	39214	27627	40794
3505	48492	45318	51774	42551	54821	40937	56686
3414	30905	28382	33536	26201	35997	24938	37511
6900	12290	10719	13969	9395	15573	8645	16574
2940	28877	26440	31422	24337	33806	23120	35273
2216	23882	21670	26201	19770	28382	18675	29728
3046	26270	23948	28700	21948	30980	20794	32386
2225	24422	22185	26767	20262	28970	19153	30330
3426	27777	25388	30274	23328	32615	22137	34057
3427	27829	25437	30328	23375	32671	22183	34114
3045	31855	29292	34525	27076	37022	25792	38557
3310	35639	32925	38460	30573	41093	29208	42710
3030	55231	51840	58730	48877	61973	47147	63955
3130	18573	16629	20625	14970	22564	14019	23766
3010	49056	45863	52357	43079	55421	41455	57296
3020	29983	27498	32575	25353	35001	24111	36495
3425	25194	22921	27575	20966	29810	19838	31190
2100	22820	20659	25088	18805	27223	17738	28542
1606	13798	12130	15574	10719	17265	9917	18318
2215	20400	18360	22547	16615	24573	15612	25827
1720	29682	27210	32261	25076	34676	23841	36163
3120	33615	30981	36356	28701	38917	27378	40491
1900	892	508	1384	254	1918	144	2280
3110	10107	8687	11634	7500	13102	6832	14022
3200	26471	24140	28910	22132	31198	20973	32609
1605	17698	15802	19702	14186	21599	13260	22775
2000	15982	14183	17889	12654	19698	11781	20822
1820	8431	7139	9831	6067	11183	5467	12034
1200	20915	18849	23089	17080	25138	16063	26406
1710	27236	24870	29709	22832	32028	21654	33457
1810	6117	5024	7317	4132	8490	3640	9234
900	12315	10742	13995	9417	15601	8666	16603
806	44877	41825	48036	39169	50973	37621	52772
1506	24909	22649	27276	20706	29500	19585	30873
1410	13218	11586	14957	10209	16615	9426	17649
1505	23388	21200	25684	19321	27843	18239	29177
1330	24515	22274	26864	20347	29071	19236	30434
1000	10504	9055	12060	7843	13554	7159	14489
1320	18100	16182	20126	14546	22042	13609	23231
1420	20579	18530	22736	16776	24770	15769	26029
1130	7305	6106	8612	5118	9880	4568	10681
1116	20503	18458	22656	16708	24686	15702	25943
1310	28197	25789	30712	23713	33069	22512	34521
805	27709	25323	30203	23265	32541	22076	33981
1115	19002	17035	21076	15355	23037	14392	24251
205	13559	11906	15320	10509	16997	9715	18043
136	11729	10195	13370	8906	14940	8176	15922
1120	43785	40771	46906	38149	49809	36622	51587
705	34405	31740	37178	29431	39767	28092	41358
120	13290	11654	15034	10272	16696	9487	17732
325	27496	25119	29980	23070	32310	21886	33745
135	17973	16061	19992	14432	21902	13499	23087
706	17873	15967	19887	14342	21792	13412	22973
206	13787	12119	15562	10710	17252	9908	18306
2910	5523	4487	6666	3647	7788	3185	8500
315	16036	14233	17946	12702	19758	11827	20884
2935	10230	8801	11766	7606	13242	6933	14167
605	30523	28016	33138	25849	35585	24595	37090
606	35050	32359	37848	30028	40460	28675	42065
506	40287	37398	43283	34889	46073	33429	47784
110	5454	4425	6590	3590	7706	3133	8415
505	70517	66678	74463	63313	78110	61341	80333
2936	9018	7680	10464	6566	11858	5942	12734
405	36282	33543	39128	31169	41783	29790	43413
2926	30203	27709	32804	25555	35239	24308	36737
2925	25581	23290	27979	21319	30231	20181	31620
2927	19279	17297	21368	15605	23342	14633	24564
