faz_id mean lower_50 upper_50 lower_80 upper_80 lower_90 upper_90
8935	12456	11529	13418	10726	14316	10258	14867
8927	5917	5284	6586	4744	7219	4436	7612
8926	14653	13646	15695	12771	16665	12261	17259
8936	17533	16430	18671	15468	19727	14906	20373
8500	19148	17995	20337	16987	21438	16398	22111
8406	1889	1539	2275	1255	2653	1098	2893
8320	12659	11725	13629	10914	14533	10443	15088
8925	15066	14045	16123	13156	17105	12639	17707
8937	14491	13490	15528	12619	16492	12112	17083
8405	17465	16364	18601	15404	19655	14843	20300
8310	31634	30147	33157	28838	34559	28069	35412
8910	16035	14981	17125	14063	18136	13527	18756
7905	24890	23573	26243	22417	27492	21740	28254
7606	4698	4136	5296	3660	5865	3390	6220
7805	22840	21579	24137	20474	25336	19827	26067
8220	17268	16174	18398	15219	19446	14662	20087
8000	14433	13434	15468	12565	16430	12059	17020
8906	9139	8348	9966	7666	10741	7272	11219
8210	9628	8816	10476	8114	11271	7709	11760
9020	18507	17374	19676	16384	20760	15805	21422
8125	19857	18682	21067	17655	22188	17054	22873
8126	14147	13158	15171	12299	16125	11798	16709
8905	10345	9502	11224	8774	12046	8352	12551
7806	6244	5593	6931	5038	7580	4719	7982
7700	8509	7746	9308	7090	10057	6711	10520
7526	15735	14691	16814	13782	17817	13252	18431
7340	28266	26861	29707	25626	31035	24902	31843
7605	2071	1704	2474	1404	2868	1238	3117
7537	26931	25560	28338	24356	29635	23650	30425
8115	31464	29981	32983	28676	34382	27909	35233
7335	36245	34652	37874	33247	39372	32421	40282
8600	19217	18062	20408	17052	21511	16462	22185
7425	31634	30147	33157	28838	34559	28069	35412
7535	28991	27568	30450	26317	31794	25582	32613
7525	15987	14935	17075	14018	18085	13483	18704
7436	6203	5554	6887	5001	7534	4684	7935
9019	16990	15905	18111	14958	19151	14406	19787
7026	10981	10112	11886	9360	12731	8924	13251
7205	14801	13789	15848	12909	16823	12396	17419
7515	5438	4832	6080	4317	6689	4022	7067
7320	30124	28673	31611	27397	32980	26647	33814
7206	18114	16993	19271	16014	20343	15442	20999
7315	18326	17198	19490	16213	20568	15638	21227
7435	8654	7885	9459	7222	10215	6840	10681
7316	21740	20510	23006	19433	24176	18803	24890
7025	21677	20449	22941	19374	24110	18744	24823
7415	12347	11425	13305	10624	14199	10160	14748
7100	27075	25700	28485	24493	29786	23785	30579
7015	17965	16849	19117	15874	20186	15304	20839
9908	3765	3264	4302	2843	4817	2605	5138
6410	40744	39054	42470	37562	44055	36683	45018
6420	36350	34754	37981	33348	39481	32521	40393
5535	29749	28307	31227	27039	32588	26295	33416
5600	16167	15109	17261	14187	18277	13649	18898
5546	18505	17372	19674	16382	20758	15803	21420
4706	13972	12990	14990	12135	15938	11638	16519
6605	12339	11417	13297	10617	14190	10152	14739
6910	4756	4190	5358	3711	5930	3439	6286
6606	5815	5188	6478	4653	7106	4347	7496
9909	5482	4873	6126	4356	6738	4060	7117
9011	10251	9412	11126	8687	11944	8267	12448
5525	14836	13823	15885	12942	16860	12428	17457
5515	28510	27099	29957	25859	31291	25131	32102
6326	24780	23466	26130	22313	27377	21637	28136
9914	18917	17771	20099	16769	21194	16184	21863
5545	16698	15622	17809	14684	18841	14137	19472
6223	28575	27162	30023	25921	31359	25192	32171
5306	24141	22844	25474	21707	26705	21040	27455
6325	36890	35282	38533	33865	40044	33031	40962
9009	5349	4748	5986	4237	6590	3946	6965
9006	11867	10963	12807	10180	13684	9725	14222
6225	20342	19153	21567	18113	22701	17504	23393
9018	18917	17771	20099	16769	21194	16184	21863
5425	40193	38514	41908	37033	43482	36161	44438
5305	28608	27195	30057	25952	31393	25223	32206
5426	22325	21078	23607	19986	24793	19347	25516
6226	33280	31754	34842	30410	36279	29620	37153
6126	14067	13081	15089	12224	16039	11725	16622
6224	23357	22082	24668	20963	25880	20308	26619
6216	16574	15502	17681	14568	18709	14023	19338
6316	29658	28218	31133	26953	32493	26209	33320
6215	24015	22721	25344	21587	26572	20922	27321
5100	8693	7922	9500	7258	10257	6875	10724
6213	19156	18003	20345	16995	21447	16405	22120
9005	6216	5567	6901	5013	7549	4695	7950
6124	26817	25449	28221	24248	29516	23543	30304
6125	10258	9419	11133	8694	11952	8274	12455
6214	360	217	538	119	730	75	858
5415	15395	14363	16463	13464	17455	12940	18063
5205	12833	11892	13810	11076	14720	10601	15278
9916	15117	14094	16175	13204	17159	12685	17762
9913	7519	6803	8271	6189	8978	5835	9416
9915	20527	19332	21757	18287	22896	17676	23591
4606	26365	25009	27757	23818	29041	23119	29824
6115	23211	21940	24518	20825	25726	20172	26463
4820	8376	7619	9168	6969	9913	6593	10372
9017	3618	3127	4145	2715	4650	2483	4966
6123	18050	16931	19205	15954	20276	15383	20930
6114	34759	33199	36355	31825	37822	31017	38714
4607	28068	26668	29504	25438	30827	24716	31633
6505	14220	13229	15247	12367	16203	11865	16788
5020	25864	24521	27243	23342	28515	22650	29291
6113	37860	36231	39525	34795	41054	33950	41983
5010	20256	19069	21478	18031	22610	17424	23301
6020	16249	15188	17346	14263	18364	13724	18987
4900	8907	8126	9724	7454	10490	7065	10962
6010	12069	11157	13017	10367	13901	9908	14444
4400	23835	22546	25159	21416	26383	20754	27129
9900	9690	8875	10541	8171	11338	7764	11829
9904	12543	11613	13509	10806	14409	10337	14962
9902	30019	28571	31503	27297	32870	26549	33702
4810	10832	9969	11731	9223	12571	8790	13087
5720	37643	36019	39303	34587	40828	33744	41755
9901	8248	7497	9034	6852	9773	6480	10229
5826	6037	5397	6712	4852	7351	4540	7748
5825	3257	2792	3758	2404	4240	2185	4542
5925	26235	24882	27624	23694	28905	22998	29685
9015	15067	14046	16124	13157	17106	12639	17708
4506	18051	16932	19206	15955	20277	15384	20931
4605	24904	23586	26257	22430	27507	21753	28268
9002	34246	32698	35830	31334	37287	30532	38173
4226	18368	17239	19533	16253	20613	15677	21272
4505	17022	15936	18144	14988	19185	14435	19822
4225	17457	16357	18593	15397	19647	14836	20291
5716	26151	24800	27537	23615	28817	22919	29596
5916	37424	35805	39079	34377	40600	33537	41524
4300	11528	10637	12455	9866	13320	9418	13851
5815	5226	4632	5856	4128	6453	3840	6825
9004	18867	17722	20047	16722	21141	16138	21809
5715	18089	16969	19245	15990	20317	15419	20972
3330	13799	12823	14811	11974	15753	11480	16331
6506	15662	14621	16739	13714	17740	13185	18352
5915	21296	20079	22549	19013	23708	18390	24415
3905	11224	10345	12138	9585	12993	9143	13518
4130	17642	16536	18784	15570	19843	15006	20491
6930	10485	9636	11369	8903	12197	8478	12705
3825	21508	20285	22767	19214	23932	18587	24642
4120	21616	20390	22878	19316	24045	18687	24758
3816	25090	23767	26448	22607	27702	21926	28467
4210	26207	24855	27595	23668	28876	22971	29656
9016	13204	12249	14194	11420	15117	10938	15683
4005	15709	14666	16788	13758	17790	13228	18403
4230	11455	10567	12379	9798	13241	9352	13771
3815	20744	19543	21981	18492	23125	17877	23824
3705	32983	31464	34538	30127	35969	29340	36839
3900	6289	5636	6978	5078	7629	4758	8033
4110	20282	19095	21505	18056	22637	17448	23329
3416	23905	22614	25231	21483	26457	20820	27203
3413	10043	9213	10909	8496	11720	8081	12218
3706	18163	17040	19321	16060	20395	15487	21052
3600	21307	20090	22560	19024	23720	18400	24427
3415	28428	27019	29873	25781	31205	25054	32015
3320	29589	28151	31063	26887	32420	26144	33247
3505	43570	41821	45354	40277	46992	39367	47986
3414	29040	27616	30500	26364	31846	25628	32665
6900	8436	7677	9231	7023	9978	6646	10439
2940	17222	16129	18351	15176	19397	14619	20038
2216	19752	18581	20959	17556	22077	16957	22760
3046	24623	23313	25969	22164	27212	21490	27969
2225	15489	14454	16560	13552	17555	13026	18165
3426	23205	21934	24512	20820	25720	20167	26456
3427	24270	22969	25606	21829	26840	21160	27593
3045	28881	27461	30337	26212	31679	25479	32496
3310	20696	19496	21931	18447	23075	17833	23772
3030	42300	40577	44058	39057	45673	38161	46653
3130	16379	15314	17480	14385	18502	13843	19128
3010	43742	41990	45530	40443	47171	39531	48166
3020	24158	22861	25491	21723	26723	21056	27473
3425	20629	19431	21862	18383	23004	17770	23701
2100	20712	19512	21948	18462	23091	17847	23790
1606	12877	11935	13855	11116	14767	10641	15326
2215	18129	17007	19286	16028	20359	15456	21015
1720	26411	25054	27804	23862	29090	23163	29873
3120	24706	23394	26054	22242	27299	21568	28057
1900	881	648	1150	468	1423	375	1600
3110	9690	8875	10541	8171	11338	7764	11829
3200	21003	19794	22247	18737	23399	18118	24101
1605	17157	16066	18283	15115	19328	14559	19968
2000	12389	11465	13349	10663	14244	10198	14793
1820	7097	6402	7828	5807	8517	5464	8943
1200	18004	16886	19157	15910	20227	15340	20881
1710	21544	20320	22804	19248	23970	18620	24681
1810	3701	3204	4234	2787	4744	2552	5063
900	10826	9963	11724	9217	12564	8785	13081
806	31967	30472	33498	29156	34907	28382	35765
1506	22710	21453	24003	20351	25199	19705	25928
1410	11882	10977	12822	10193	13700	9738	14239
1505	21621	20395	22883	19321	24051	18692	24763
1330	23067	21800	24370	20689	25575	20038	26309
1000	9845	9023	10703	8314	11506	7903	12000
1320	18399	17269	19565	16282	20645	15705	21306
1420	12632	11699	13601	10889	14504	10418	15059
1130	5599	4984	6250	4460	6867	4161	7250
1116	18217	17093	19377	16111	20453	15537	21110
1310	28069	26669	29505	25439	30828	24717	31634
805	22464	21213	23750	20118	24939	19476	25665
1115	14266	13273	15295	12410	16252	11907	16838
205	13305	12347	14299	11514	15225	11030	15793
136	11340	10457	12259	9692	13118	9248	13645
1120	34624	33067	36217	31696	37682	30889	38572
705	19664	18495	20869	17473	21984	16876	22666
120	11789	10888	12726	10107	13600	9654	14137
325	24726	23413	26075	22261	27320	21586	28079
135	17075	15987	18199	15038	19241	14484	19879
706	13214	12259	14205	11430	15128	10947	15694
206	13711	12738	14720	11892	15659	11400	16235
2910	3623	3132	4150	2720	4656	2487	4972
315	15029	14009	16084	13122	17066	12605	17666
2935	10743	9884	11638	9141	12475	8710	12989
605	23654	22370	24973	21245	26192	20585	26936
606	23506	22226	24821	21105	26037	20447	26778
506	26990	25618	28398	24412	29697	23705	30488
110	5003	4422	5619	3930	6205	3649	6570
505	48700	46850	50585	45215	52314	44251	53362
2936	7982	7244	8756	6610	9484	6244	9933
405	26503	25143	27899	23949	29186	23249	29970
2926	25846	24503	27224	23325	28497	22634	29272
2925	16136	15079	17229	14158	18244	13620	18865
2927	7127	6430	7859	5834	8550	5491	8976
