faz_id mean lower_50 upper_50 lower_80 upper_80 lower_90 upper_90
8935	6935	6230	7678	5628	8379	5282	8813
8927	2865	2419	3349	2049	3817	1843	4112
8926	8407	7629	9223	6961	9990	6575	10463
8936	8146	7380	8949	6723	9705	6345	10172
8500	11389	10480	12335	9694	13220	9239	13764
8406	1353	1052	1692	814	2029	686	2245
8320	8079	7317	8879	6663	9632	6286	10097
8925	8926	8124	9766	7434	10555	7035	11041
8937	11203	10302	12142	9523	13020	9071	13559
8405	9117	8306	9966	7608	10762	7205	11254
8310	15718	14647	16826	13715	17857	13172	18488
8910	9247	8430	10102	7727	10904	7321	11398
7905	13190	12211	14207	11361	15155	10868	15737
7606	2297	1899	2732	1574	3157	1393	3425
7805	10775	9892	11696	9129	12558	8687	13088
8220	10829	9943	11752	9178	12616	8735	13148
8000	6851	6151	7589	5552	8286	5209	8718
8906	3901	3377	4463	2938	5001	2689	5338
8210	7686	6943	8467	6306	9202	5940	9657
9020	10096	9242	10988	8505	11824	8078	12339
8125	9115	8304	9964	7606	10760	7203	11251
8126	8497	7715	9317	7043	10088	6655	10564
8905	4469	3907	5069	3433	5641	3164	5999
7806	4273	3724	4860	3261	5421	3000	5771
7700	3698	3188	4245	2762	4771	2521	5100
7526	6685	5993	7414	5403	8104	5064	8531
7340	12265	11321	13246	10504	14163	10029	14725
7605	816	587	1083	412	1356	323	1534
7537	14069	13057	15119	12178	16096	11667	16696
8115	18060	16911	19247	15908	20348	15323	21021
7335	17424	16296	18590	15312	19673	14738	20335
8600	8902	8101	9741	7412	10529	7014	11015
7425	12704	11743	13702	10910	14634	10427	15206
7535	16279	15189	17407	14240	18455	13686	19096
7525	8713	7921	9543	7239	10323	6846	10804
7436	2354	1951	2795	1621	3224	1438	3495
9019	9257	8440	10112	7736	10914	7330	11409
7026	4381	3825	4975	3356	5543	3090	5897
7205	6849	6149	7587	5550	8284	5207	8716
7515	2739	2303	3213	1943	3672	1742	3961
7320	13938	12931	14983	12056	15956	11547	16553
7206	8981	8176	9823	7484	10615	7084	11103
7315	8960	8156	9802	7465	10592	7066	11079
7435	3548	3049	4085	2632	4600	2398	4923
7316	8973	8169	9815	7477	10606	7077	11094
7025	10700	9820	11618	9060	12477	8619	13005
7415	5545	4917	6211	4383	6843	4079	7236
7100	15839	14764	16952	13828	17986	13283	18620
7015	8310	7537	9121	6872	9884	6490	10355
9908	1153	877	1467	660	1782	545	1985
6410	26914	25507	28359	24272	29692	23548	30504
6420	22657	21368	23984	20239	25212	19578	25961
5535	17562	16429	18733	15441	19819	14865	20484
5600	7873	7121	8663	6476	9407	6104	9867
5546	8747	7953	9579	7270	10360	6877	10842
4706	5671	5035	6344	4495	6983	4187	7380
6605	6132	5470	6831	4907	7494	4584	7905
6910	2967	2512	3459	2135	3935	1925	4234
6606	3468	2975	3999	2563	4509	2332	4829
9909	3603	3100	4144	2680	4663	2443	4988
9011	6822	6123	7559	5526	8255	5183	8685
5525	7560	6823	8335	6192	9064	5829	9516
5515	12921	11952	13928	11112	14867	10623	15443
6326	12487	11535	13477	10709	14401	10230	14968
9914	8777	7982	9610	7298	10393	6903	10876
5545	7065	6353	7814	5745	8522	5395	8959
6223	14580	13549	15648	12654	16643	12132	17252
5306	11709	10787	12668	9990	13565	9527	14115
6325	17049	15933	18203	14960	19274	14393	19930
9009	2579	2157	3039	1808	3486	1615	3768
9006	6490	5809	7209	5228	7889	4894	8310
6225	11791	10866	12754	10066	13653	9601	14205
9018	10796	9912	11718	9148	12580	8706	13111
5425	19610	18412	20846	17365	21991	16753	22691
5305	13571	12577	14602	11715	15563	11214	16153
5426	9947	9099	10833	8368	11663	7945	12174
6226	15022	13976	16106	13066	17115	12536	17733
6126	6322	5650	7032	5077	7704	4749	8120
6224	11356	10449	12301	9664	13184	9209	13728
6216	7042	6332	7790	5724	8496	5375	8933
6316	15547	14482	16650	13556	17675	13016	18303
6215	12220	11278	13200	10462	14114	9989	14676
5100	3119	2653	3623	2265	4110	2047	4415
6213	10340	9475	11243	8729	12088	8297	12608
9005	3507	3011	4041	2597	4553	2364	4875
6124	14828	13789	15905	12885	16908	12359	17522
6125	5621	4988	6291	4451	6928	4144	7323
6214	238	123	391	51	561	23	677
5415	7884	7131	8675	6486	9419	6114	9879
5205	6849	6149	7587	5550	8284	5207	8716
9916	8131	7366	8934	6710	9689	6332	10155
9913	3653	3147	4197	2723	4720	2484	5047
9915	11986	11053	12956	10246	13863	9777	14419
4606	11661	10741	12618	9946	13513	9484	14063
6115	11944	11013	12913	10207	13817	9739	14373
4820	3839	3319	4396	2884	4931	2638	5265
9017	2294	1897	2729	1571	3153	1391	3422
6123	13294	12311	14315	11458	15267	10962	15851
6114	18343	17185	19539	16174	20648	15584	21327
4607	13611	12616	14644	11752	15606	11250	16197
6505	5564	4935	6231	4400	6864	4095	7258
5020	11823	10897	12787	10095	13687	9630	14241
6113	28212	26771	29691	25506	31055	24763	31885
5010	9496	8668	10362	7955	11174	7542	11674
6020	14422	13397	15485	12507	16474	11988	17080
4900	11656	10737	12613	9941	13508	9479	14057
6010	10517	9645	11427	8891	12279	8455	12804
4400	9790	8949	10669	8224	11493	7805	12000
9900	5313	4698	5965	4177	6585	3880	6971
9904	7141	6425	7894	5813	8605	5462	9045
9902	14821	13782	15898	12878	16900	12352	17514
4810	4942	4350	5572	3849	6171	3564	6545
5720	19368	18177	20596	17137	21735	16530	22431
9901	5746	5106	6424	4562	7066	4251	7465
5826	3514	3018	4048	2603	4561	2370	4883
5825	2042	1668	2454	1364	2857	1196	3112
5925	12319	11373	13302	10554	14221	10078	14784
9015	6734	6040	7466	5447	8158	5107	8586
4506	8550	7765	9372	7091	10146	6702	10623
4605	11520	10606	12472	9815	13361	9357	13908
9002	20026	18815	21275	17757	22432	17138	23139
4226	8042	7282	8840	6629	9591	6253	10056
4505	6294	5623	7002	5052	7673	4724	8088
4225	8193	7425	8999	6766	9756	6386	10224
5716	11839	10912	12804	10110	13704	9645	14258
5916	15897	14820	17012	13883	18048	13336	18682
4300	5964	5312	6654	4757	7308	4439	7714
5815	2393	1987	2837	1653	3269	1468	3542
9004	10366	9500	11270	8752	12116	8320	12637
5715	8163	7397	8967	6739	9724	6360	10191
3330	6976	6269	7721	5665	8424	5318	8859
6506	7725	6980	8508	6341	9245	5974	9701
5915	8530	7746	9352	7073	10124	6684	10600
3905	5094	4493	5733	3983	6341	3693	6720
4130	8865	8066	9702	7378	10488	6981	10974
6930	4600	4029	5208	3548	5789	3274	6150
3825	9587	8755	10457	8038	11273	7624	11775
4120	9884	9039	10767	8310	11594	7889	12104
3816	11302	10397	12245	9614	13126	9160	13668
4210	11901	10972	12868	10167	13771	9701	14326
9016	7287	6564	8048	5945	8765	5590	9209
4005	7517	6782	8289	6153	9017	5791	9467
4230	5085	4484	5724	3975	6331	3686	6709
3815	9044	8236	9889	7541	10683	7140	11173
3705	15768	14696	16878	13762	17910	13218	18543
3900	3735	3223	4285	2794	4813	2552	5143
4110	11750	10827	12711	10028	13609	9564	14160
3416	10979	10087	11909	9316	12778	8870	13313
3413	4759	4178	5377	3688	5967	3409	6334
3706	7671	6929	8451	6293	9186	5927	9640
3600	11347	10440	12292	9656	13175	9201	13718
3415	13609	12614	14642	11750	15604	11248	16195
3320	12140	11201	13116	10388	14028	9916	14588
3505	20388	19166	21648	18098	22815	17473	23528
3414	11291	10386	12233	9604	13114	9151	13656
6900	4794	4211	5415	3719	6006	3438	6374
2940	11025	10131	11956	9359	12828	8911	13363
2216	8932	8130	9772	7439	10561	7041	11048
3046	11191	10290	12129	9512	13007	9061	13546
2225	9828	8985	10708	8259	11534	7839	12042
3426	9460	8634	10324	7922	11135	7510	11634
3427	10228	9368	11126	8626	11967	8196	12484
3045	12725	11764	13724	10930	14657	10446	15229
3310	13519	12527	14548	11667	15508	11166	16096
3030	19960	18751	21207	17695	22362	17077	23068
3130	8507	7724	9327	7052	10099	6664	10575
3010	19152	17968	20374	16934	21506	16330	22198
3020	13793	12791	14833	11921	15801	11415	16395
3425	9422	8597	10284	7887	11094	7476	11592
2100	8638	7849	9465	7171	10241	6780	10721
1606	6136	5474	6836	4910	7498	4588	7909
2215	8277	7505	9087	6842	9848	6461	10318
1720	13302	12319	14323	11465	15275	10969	15860
3120	13778	12777	14817	11907	15785	11402	16379
1900	553	368	776	233	1010	167	1164
3110	3719	3208	4268	2780	4795	2538	5124
3200	10237	9377	11135	8634	11976	8204	12494
1605	8342	7567	9155	6902	9919	6518	10391
2000	6391	5715	7105	5139	7780	4808	8198
1820	5194	4587	5839	4072	6453	3778	6834
1200	8289	7517	9099	6853	9861	6471	10332
1710	12569	11614	13562	10785	14489	10305	15058
1810	3441	2950	3970	2540	4478	2310	4797
900	5277	4665	5927	4145	6545	3849	6929
806	16552	15453	17689	14495	18745	13937	19392
1506	10348	9483	11251	8736	12096	8304	12617
1410	5757	5116	6435	4572	7078	4261	7478
1505	9830	8987	10711	8261	11536	7840	12044
1330	9029	8222	9874	7528	10667	7127	11156
1000	4129	3589	4706	3136	5259	2879	5604
1320	7406	6677	8173	6053	8896	5694	9343
1420	10122	9267	11015	8528	11852	8101	12367
1130	3234	2759	3747	2363	4242	2141	4552
1116	8604	7817	9429	7140	10204	6750	10683
1310	10854	9967	11778	9201	12643	8758	13175
805	10430	9561	11336	8811	12185	8377	12708
1115	7166	6449	7921	5836	8632	5484	9073
205	5986	5332	6677	4776	7332	4458	7739
136	5257	4646	5906	4128	6523	3832	6907
1120	17551	16419	18721	15431	19807	14855	20472
705	13012	12040	14022	11196	14964	10706	15543
120	5406	4786	6064	4260	6689	3960	7077
325	11142	10244	12078	9467	12954	9017	13492
135	7250	6529	8009	5912	8725	5557	9168
706	6714	6021	7445	5429	8136	5089	8564
206	6179	5515	6881	4949	7546	4625	7958
2910	2130	1748	2550	1436	2961	1264	3221
315	6546	5862	7268	5278	7951	4943	8374
2935	2976	2521	3469	2143	3945	1932	4245
605	11529	10615	12481	9824	13371	9365	13918
606	13165	12187	14181	11338	15128	10845	15710
506	14615	13583	15685	12686	16680	12164	17290
110	2485	2071	2937	1730	3377	1541	3654
505	25438	24071	26843	22872	28141	22169	28932
2936	3370	2884	3893	2479	4397	2252	4713
405	13574	12580	14605	11718	15567	11216	16156
2926	11139	10241	12075	9464	12951	9014	13489
2925	9809	8967	10689	8241	11513	7822	12021
2927	7616	6876	8393	6243	9126	5878	9579
