faz_id mean lower_50 upper_50 lower_80 upper_80 lower_90 upper_90
8935	5430	5021	5855	4666	6252	4460	6496
8927	2375	2107	2659	1879	2929	1749	3096
8926	6704	6248	7176	5851	7614	5620	7883
8936	7307	6831	7799	6416	8256	6174	8536
8500	8091	7590	8609	7152	9088	6896	9382
8406	943	777	1125	641	1303	566	1415
8320	5084	4688	5496	4345	5881	4146	6117
8925	6665	6211	7135	5815	7573	5585	7841
8937	7488	7006	7986	6585	8449	6340	8731
8405	7180	6708	7668	6297	8121	6057	8399
8310	13058	12419	13713	11857	14317	11527	14685
8910	7294	6818	7786	6404	8242	6162	8522
7905	10443	9872	11030	9372	11572	9079	11903
7606	2120	1867	2389	1653	2645	1532	2804
7805	9421	8879	9979	8405	10495	8128	10810
8220	8625	8107	9159	7654	9654	7389	9956
8000	6146	5710	6598	5331	7019	5110	7277
8906	3547	3218	3892	2935	4217	2772	4418
8210	6297	5856	6755	5472	7180	5248	7441
9020	8774	8251	9313	7795	9811	7527	10116
8125	8161	7657	8681	7217	9163	6960	9457
8126	6698	6242	7170	5846	7608	5615	7877
8905	4013	3662	4380	3360	4724	3185	4936
7806	3251	2936	3582	2666	3894	2511	4087
7700	3630	3297	3979	3010	4308	2845	4510
7526	6364	5920	6824	5534	7252	5309	7514
7340	10890	10307	11489	9796	12042	9496	12380
7605	779	629	945	507	1108	441	1212
7537	12612	11984	13256	11432	13850	11108	14212
8115	14936	14252	15636	13649	16281	13295	16672
7335	15249	14558	15957	13949	16607	13590	17003
8600	7767	7276	8274	6847	8745	6597	9033
7425	11420	10823	12033	10298	12599	9991	12944
7535	13709	13054	14380	12477	14998	12139	15375
7525	6572	6121	7039	5728	7474	5500	7740
7436	2297	2034	2577	1810	2842	1682	3007
9019	7659	7171	8163	6746	8630	6497	8916
7026	4303	3939	4683	3626	5038	3444	5257
7205	6135	5699	6587	5321	7007	5100	7265
7515	2263	2002	2540	1780	2804	1653	2968
7320	11913	11303	12539	10767	13117	10453	13469
7206	8010	7511	8525	7075	9003	6821	9294
7315	7463	6982	7960	6562	8422	6317	8704
7435	3300	2983	3633	2711	3947	2554	4142
7316	8502	7988	9032	7538	9524	7276	9824
7025	10258	9692	10840	9197	11377	8906	11705
7415	5094	4698	5506	4355	5891	4156	6128
7100	13676	13022	14346	12446	14964	12108	15340
7015	7806	7314	8314	6884	8786	6633	9075
9908	1162	977	1363	824	1558	739	1681
6410	20463	19661	21281	18952	22032	18534	22487
6420	16545	15824	17282	15189	17959	14815	18370
5535	13045	12406	13700	11844	14304	11515	14671
5600	6872	6410	7350	6009	7793	5774	8065
5546	7788	7296	8296	6867	8767	6616	9055
4706	5425	5016	5850	4661	6247	4455	6490
6605	5027	4633	5437	4293	5819	4095	6054
6910	2416	2146	2702	1916	2974	1785	3143
6606	2605	2324	2902	2084	3183	1947	3358
9909	2567	2288	2862	2051	3141	1915	3315
9011	5305	4900	5726	4550	6118	4346	6359
5525	6801	6342	7276	5942	7718	5709	7988
5515	12182	11565	12815	11023	13399	10705	13755
6326	11769	11163	12392	10630	12966	10318	13316
9914	8218	7713	8740	7271	9223	7013	9518
5545	6524	6074	6990	5683	7423	5456	7688
6223	13780	13123	14453	12545	15073	12206	15450
5306	11225	10633	11833	10113	12395	9809	12737
6325	16862	16134	17606	15493	18289	15115	18704
9009	2284	2021	2563	1798	2827	1671	2992
9006	5589	5174	6020	4813	6423	4604	6670
6225	11162	10572	11768	10054	12328	9750	12670
9018	9666	9117	10231	8637	10753	8355	11072
5425	18377	17617	19153	16947	19865	16552	20298
5305	13156	12514	13814	11950	14420	11619	14789
5426	9013	8483	9559	8020	10064	7749	10373
6226	14734	14054	15430	13456	16070	13104	16459
6126	6071	5638	6520	5261	6939	5042	7195
6224	11374	10778	11986	10255	12551	9948	12895
6216	6967	6502	7448	6097	7895	5861	8168
6316	15605	14905	16321	14289	16979	13927	17379
6215	11997	11385	12625	10847	13205	10531	13558
5100	3094	2787	3417	2524	3722	2373	3910
6213	10276	9710	10858	9214	11396	8923	11724
9005	2761	2471	3067	2224	3356	2083	3535
6124	14783	14102	15480	13503	16121	13151	16511
6125	5599	5183	6031	4822	6434	4613	6681
6214	238	159	333	101	433	73	499
5415	6597	6145	7065	5752	7500	5522	7767
5205	6019	5588	6466	5213	6883	4995	7139
9916	7166	6695	7654	6284	8106	6044	8383
9913	3568	3238	3914	2954	4240	2790	4441
9915	10128	9566	10706	9074	11240	8785	11566
4606	10357	9789	10941	9290	11482	8998	11811
6115	11773	11166	12396	10634	12970	10321	13320
4820	3771	3431	4127	3139	4461	2970	4667
9017	1699	1474	1941	1284	2172	1177	2316
6123	12960	12323	13613	11763	14215	11435	14581
6114	17862	17113	18627	16452	19330	16063	19757
4607	11077	10489	11681	9973	12239	9670	12579
6505	5038	4644	5448	4303	5831	4105	6067
5020	10687	10109	11281	9603	11829	9306	12163
6113	27427	26497	28373	25673	29239	25186	29763
5010	8926	8399	9469	7938	9972	7668	10279
6020	13087	12447	13743	11884	14348	11554	14715
4900	7409	6929	7905	6511	8365	6267	8646
6010	9432	8890	9990	8415	10507	8138	10822
4400	9630	9082	10194	8602	10715	8322	11034
9900	4837	4451	5239	4117	5615	3924	5846
9904	6204	5766	6658	5385	7081	5163	7340
9902	14239	13571	14923	12983	15553	12638	15936
4810	4759	4376	5158	4045	5531	3853	5760
5720	19215	18438	20008	17752	20736	17347	21178
9901	3869	3525	4229	3228	4568	3057	4776
5826	3277	2961	3609	2690	3922	2534	4116
5825	2029	1782	2292	1573	2543	1454	2699
5925	11462	10864	12076	10338	12644	10030	12989
9015	6314	5872	6772	5488	7198	5264	7460
4506	7607	7121	8109	6697	8575	6450	8860
4605	10449	9878	11036	9377	11578	9084	11909
9002	17126	16393	17875	15746	18564	15365	18982
4226	7718	7228	8224	6801	8693	6552	8980
4505	6067	5634	6516	5257	6935	5038	7191
4225	7217	6744	7706	6331	8161	6091	8439
5716	11056	10468	11660	9953	12217	9651	12557
5916	14522	13847	15213	13254	15848	12905	16235
4300	5391	4983	5815	4630	6210	4424	6453
5815	2174	1918	2446	1701	2705	1577	2866
9004	8110	7608	8628	7169	9109	6913	9402
5715	8111	7609	8629	7170	9110	6914	9403
3330	6088	5654	6538	5277	6957	5058	7214
6506	6656	6202	7126	5807	7563	5576	7831
5915	8099	7597	8617	7159	9097	6903	9390
3905	4638	4260	5032	3934	5400	3745	5627
4130	8419	7907	8947	7460	9436	7199	9735
6930	4557	4183	4947	3859	5313	3672	5538
3825	8724	8203	9261	7747	9759	7481	10062
4120	9151	8617	9701	8150	10210	7877	10521
3816	10291	9724	10874	9228	11412	8937	11741
4210	10805	10224	11402	9715	11953	9416	12289
9016	5878	5452	6320	5082	6732	4866	6985
4005	6455	6008	6918	5619	7349	5393	7613
4230	4735	4353	5133	4023	5505	3832	5734
3815	8862	8337	9403	7877	9904	7609	10211
3705	13633	12980	14302	12405	14919	12067	15294
3900	3350	3030	3686	2756	4002	2598	4198
4110	9096	8564	9644	8098	10152	7826	10462
3416	9550	9004	10112	8527	10631	8247	10948
3413	4296	3933	4675	3619	5031	3438	5249
3706	7446	6965	7943	6546	8404	6301	8686
3600	9545	9000	10106	8522	10626	8243	10943
3415	11917	11307	12543	10771	13121	10456	13473
3320	11329	10734	11940	10212	12504	9906	12847
3505	18667	17901	19449	17225	20167	16827	20603
3414	10642	10066	11234	9560	11782	9264	12115
6900	3938	3591	4301	3291	4643	3119	4853
2940	8874	8348	9416	7889	9917	7620	10223
2216	8067	7566	8584	7129	9063	6874	9356
3046	10454	9883	11041	9382	11584	9089	11915
2225	7462	6981	7959	6561	8421	6316	8703
3426	8622	8104	9156	7651	9651	7387	9953
3427	9389	8848	9946	8375	10461	8098	10776
3045	12030	11417	12659	10878	13240	10562	13593
3310	8880	8354	9422	7894	9923	7626	10230
3030	18208	17452	18980	16784	19690	16391	20120
3130	7601	7115	8103	6691	8569	6444	8853
3010	17560	16817	18319	16162	19016	15777	19439
3020	10838	10256	11436	9746	11988	9447	12324
3425	8668	8149	9203	7695	9699	7429	10002
2100	8065	7564	8582	7127	9061	6872	9354
1606	5917	5489	6361	5118	6774	4902	7028
2215	7792	7300	8300	6871	8771	6620	9059
1720	12030	11417	12659	10878	13240	10562	13593
3120	10468	9896	11056	9395	11598	9102	11930
1900	555	430	696	330	838	277	928
3110	3650	3316	4000	3029	4329	2863	4533
3200	8972	8443	9517	7981	10021	7711	10329
1605	8195	7690	8716	7249	9199	6992	9494
2000	5619	5202	6052	4841	6455	4631	6703
1820	4764	4381	5163	4050	5536	3858	5765
1200	7760	7269	8267	6841	8737	6590	9025
1710	9934	9377	10507	8890	11036	8604	11359
1810	2175	1919	2447	1702	2706	1578	2867
900	4840	4454	5242	4120	5618	3926	5849
806	13990	13328	14668	12746	15292	12403	15672
1506	9811	9258	10380	8774	10906	8490	11227
1410	4999	4607	5408	4267	5789	4070	6024
1505	9316	8777	9871	8306	10384	8030	10697
1330	8747	8225	9285	7769	9783	7502	10087
1000	4011	3660	4378	3358	4722	3184	4934
1320	7361	6883	7855	6466	8314	6223	8594
1420	5979	5549	6425	5176	6840	4958	7095
1130	2895	2598	3208	2345	3503	2199	3686
1116	7902	7406	8414	6974	8888	6721	9178
1310	10736	10157	11331	9649	11880	9352	12215
805	9289	8751	9843	8280	10356	8005	10669
1115	6762	6304	7236	5906	7676	5673	7946
205	5802	5379	6241	5011	6651	4797	6902
136	5124	4727	5537	4382	5924	4183	6161
1120	15323	14630	16032	14019	16685	13660	17081
705	8380	7869	8907	7423	9395	7163	9693
120	5166	4767	5581	4421	5969	4221	6207
325	10510	9937	11099	9435	11643	9141	11974
135	7142	6671	7629	6261	8081	6022	8358
706	5644	5226	6078	4864	6482	4654	6730
206	6045	5613	6493	5237	6911	5018	7167
2910	1567	1351	1799	1170	2022	1068	2162
315	6311	5869	6769	5485	7195	5261	7456
2935	3026	2722	3346	2463	3647	2314	3834
605	10236	9671	10817	9176	11354	8886	11682
606	11032	10445	11635	9930	12192	9628	12531
506	10890	10307	11489	9796	12042	9496	12380
110	2216	1957	2491	1738	2752	1613	2914
505	20501	19698	21320	18989	22071	18570	22527
2936	3060	2755	3381	2493	3685	2343	3872
405	11713	11108	12334	10577	12907	10265	13256
2926	9802	9249	10371	8765	10897	8482	11218
2925	6790	6331	7265	5932	7706	5699	7976
2927	3875	3530	4236	3234	4574	3063	4783
