faz_id mean lower_50 upper_50 lower_80 upper_80 lower_90 upper_90
8935	5754	4880	6700	4154	7614	3748	8189
8927	1201	821	1653	541	2121	401	2430
8926	2939	2324	3626	1833	4305	1566	4740
8936	3674	2983	4437	2422	5186	2114	5662
8500	14620	13205	16107	11992	17508	11295	18374
8406	274	111	509	27	782	4	973
8320	12263	10970	13628	9868	14919	9236	15719
8925	2951	2335	3639	1842	4320	1575	4755
8937	7108	6132	8156	5315	9161	4854	9790
8405	1002	658	1418	410	1854	290	2143
8310	11134	9904	12436	8858	13670	8260	14437
8910	3330	2674	4058	2144	4776	1855	5233
7905	5696	4826	6638	4105	7547	3701	8119
7606	774	476	1144	270	1539	174	1803
7805	3599	2915	4355	2361	5097	2057	5569
8220	13353	12002	14776	10848	16118	10185	16950
8000	39291	36948	41706	34900	43942	33703	45307
8906	1349	944	1826	641	2317	488	2638
8210	35449	33226	37744	31285	39873	30152	41174
9020	4660	3877	5515	3233	6347	2876	6872
8125	7009	6040	8050	5230	9048	4773	9674
8126	8642	7563	9793	6652	10892	6135	11577
8905	1074	717	1503	457	1951	329	2248
7806	1907	1419	2467	1041	3033	843	3399
7700	5662	4795	6601	4076	7508	3674	8079
7526	10377	9191	11635	8184	12830	7609	13573
7340	4070	3340	4872	2745	5655	2417	6152
7605	1791	1319	2335	956	2886	766	3244
7537	16154	14665	17715	13385	19183	12648	20089
8115	11343	10101	12657	9044	13902	8440	14675
7335	11198	9964	12504	8915	13741	8315	14510
8600	13094	11757	14503	10614	15834	9959	16658
7425	4977	4166	5860	3498	6716	3126	7256
7535	6517	5584	7522	4806	8488	4368	9094
7525	2604	2028	3252	1570	3898	1324	4312
7436	2539	1970	3180	1520	3818	1278	4228
9019	5557	4698	6487	3987	7387	3589	7953
7026	1716	1255	2249	901	2791	718	3143
7205	8244	7190	9370	6303	10445	5800	11116
7515	8481	7412	9622	6511	10711	5999	11391
7320	10621	9420	11894	8401	13101	7819	13852
7206	26046	24145	28019	22495	29857	21536	30984
7315	4909	4104	5786	3441	6637	3072	7174
7435	4965	4155	5847	3488	6702	3117	7242
7316	4822	4025	5691	3368	6536	3004	7069
7025	12940	11611	14341	10476	15664	9824	16484
7415	13670	12303	15109	11134	16466	10462	17307
7100	13435	12080	14862	10922	16208	10256	17042
7015	6126	5223	7101	4471	8041	4049	8631
9908	4573	3798	5420	3161	6245	2808	6767
6410	17129	15595	18735	14274	20244	13512	21174
6420	8526	7454	9670	6550	10762	6037	11443
5535	5133	4309	6029	3629	6897	3250	7444
5600	15670	14204	17208	12945	18655	12220	19548
5546	13427	12073	14853	10914	16200	10249	17033
4706	2770	2174	3438	1700	4100	1444	4525
6605	2670	2086	3326	1622	3978	1372	4397
6910	1317	918	1788	619	2275	469	2593
6606	1708	1248	2240	896	2781	712	3132
9909	1456	1034	1950	716	2456	553	2787
9011	6512	5580	7516	4802	8482	4364	9088
5525	6828	5872	7856	5074	8843	4623	9461
5515	6225	5314	7208	4556	8154	4130	8749
6326	14872	13445	16371	12221	17783	11516	18656
9914	4143	3407	4951	2805	5741	2473	6241
5545	4709	3922	5568	3274	6404	2915	6932
6223	9740	8592	10960	7619	12121	7065	12843
5306	22034	20289	23851	18779	25549	17903	26593
6325	9084	7976	10264	7040	11388	6508	12088
9009	2491	1928	3126	1483	3759	1244	4166
9006	2264	1729	2871	1309	3479	1085	3871
6225	19911	18254	21640	16823	23259	15995	24256
9018	12427	11125	13801	10015	15099	9378	15904
5425	42775	40329	45293	38188	47622	36935	49043
5305	27281	25335	29299	23644	31178	22660	32330
5426	18507	16911	20175	15534	21740	14739	22703
6226	7096	6121	8143	5305	9147	4844	9776
6126	3355	2696	4086	2164	4806	1874	5265
6224	8172	7123	9293	6240	10364	5740	11032
6216	10622	9421	11895	8402	13102	7819	13853
6316	22217	20464	24042	18948	25746	18068	26794
6215	19757	18106	21480	16681	23093	15857	24086
5100	1800	1327	2345	962	2898	772	3256
6213	16394	14894	17966	13604	19444	12860	20356
9005	500	268	804	120	1140	60	1369
6124	14103	12714	15564	11525	16941	10841	17793
6125	11597	10341	12925	9271	14183	8659	14963
6214	30664	28599	32801	26800	34788	25752	36004
5415	62851	59879	65895	57264	68699	55727	70404
5205	43310	40849	45843	38694	48186	37432	49616
9916	2324	1782	2938	1355	3553	1127	3949
9913	6213	5303	7195	4545	8141	4120	8734
9915	3422	2756	4160	2218	4886	1924	5349
4606	3725	3029	4493	2463	5247	2153	5726
6115	9409	8281	10609	7327	11751	6784	12463
4820	6326	5408	7316	4642	8270	4212	8868
9017	336	152	592	48	884	14	1087
6123	70631	67478	73856	64700	76822	63066	78625
6114	22547	20781	24385	19253	26102	18366	27157
4607	7672	6657	8759	5804	9800	5322	10450
6505	3276	2625	3999	2101	4711	1815	5166
5020	9575	8437	10785	7473	11937	6925	12654
6113	43509	41042	46048	38882	48396	37617	49829
5010	16978	15450	18578	14136	20080	13378	21006
6020	78929	75594	82336	72652	85466	70919	87367
4900	75500	72239	78833	69364	81897	67671	83757
6010	137479	133066	141964	129153	146065	126840	148547
4400	10042	8876	11280	7887	12457	7323	13190
9900	2416	1862	3042	1425	3667	1191	4069
9904	7089	6115	8135	5299	9139	4839	9768
9902	25800	23909	27763	22267	29593	21312	30716
4810	8431	7365	9569	6467	10655	5957	11333
5720	14295	12896	15766	11698	17152	11009	18009
9901	6178	5271	7157	4515	8101	4091	8693
5826	9303	8182	10496	7233	11633	6694	12341
5825	55001	52223	57851	49782	60480	48350	62080
5925	22398	20638	24230	19115	25941	18231	26993
9015	2042	1536	2620	1141	3203	933	3579
4506	31704	29603	33877	27773	35895	26706	37130
4605	24375	22538	26284	20944	28066	20019	29159
9002	10267	9087	11519	8086	12708	7515	13447
4226	3703	3009	4469	2445	5221	2136	5698
4505	1638	1188	2160	845	2691	668	3037
4225	3503	2829	4249	2283	4983	1985	5450
5716	9308	8186	10502	7238	11638	6698	12346
5916	8764	7677	9923	6759	11029	6238	11719
4300	21267	19553	23053	18071	24723	17212	25750
5815	29331	27312	31422	25555	33367	24532	34558
9004	6415	5490	7412	4718	8372	4285	8974
5715	2529	1962	3168	1512	3806	1271	4215
3330	2932	2318	3618	1827	4297	1561	4731
6506	9190	8076	10376	7134	11506	6598	12210
5915	5903	5017	6861	4281	7785	3868	8366
3905	23974	22152	25868	20573	27635	19656	28721
4130	28808	26807	30881	25067	32809	24054	33990
6930	3902	3188	4688	2607	5457	2288	5945
3825	9683	8538	10900	7569	12057	7017	12778
4120	4255	3508	5074	2897	5873	2560	6379
3816	4861	4060	5734	3401	6581	3034	7116
4210	6417	5492	7414	4720	8374	4286	8976
9016	2048	1541	2627	1146	3210	938	3587
4005	2127	1610	2716	1205	3309	991	3691
4230	2253	1719	2859	1301	3466	1078	3857
3815	11551	10297	12877	9230	14132	8619	14911
3705	39050	36715	41457	34673	43687	33480	45049
3900	32632	30500	34836	28642	36882	27558	38134
4110	38287	35975	40671	33955	42880	32774	44229
3416	3385	2723	4119	2188	4842	1896	5302
3413	1686	1229	2215	880	2752	698	3102
3706	4407	3646	5240	3023	6051	2678	6564
3600	74073	70843	77375	67996	80410	66320	82254
3415	5203	4373	6105	3688	6978	3306	7529
3320	6802	5848	7828	5051	8813	4602	9430
3505	27938	25968	29980	24256	31880	23260	33045
3414	3294	2641	4019	2115	4733	1828	5188
6900	2075	1564	2658	1166	3244	956	3623
2940	3204	2561	3919	2043	4625	1761	5075
2216	4759	3967	5623	3316	6462	2954	6993
3046	10899	9682	12188	8648	13410	8057	14169
2225	7211	6228	8266	5404	9278	4940	9911
3426	3650	2961	4411	2402	5158	2096	5633
3427	6583	5645	7593	4863	8563	4422	9172
3045	4986	4175	5869	3506	6726	3133	7267
3310	5485	4632	6410	3926	7304	3531	7867
3030	12442	11140	13816	10028	15116	9391	15921
3130	29332	27313	31423	25556	33368	24533	34559
3010	12024	10744	13376	9653	14655	9028	15448
3020	23753	21940	25638	20368	27398	19456	28479
3425	3614	2929	4371	2373	5115	2068	5588
2100	2785	2188	3454	1711	4119	1454	4544
1606	4058	3330	4858	2735	5641	2408	6137
2215	7253	6267	8311	5441	9325	4974	9960
1720	7815	6790	8912	5929	9961	5442	10617
3120	19345	17712	21050	16303	22647	15488	23631
1900	19034	17415	20725	16018	22310	15210	23287
3110	3671	2980	4434	2419	5183	2112	5659
3200	9604	8464	10816	7499	11969	6950	12687
1605	7950	6916	9056	6047	10113	5554	10774
2000	15605	14142	17140	12886	18584	12163	19476
1820	34183	32000	36438	30096	38530	28985	39809
1200	6631	5690	7644	4904	8618	4462	9229
1710	13792	12419	15237	11244	16600	10569	17444
1810	19967	18307	21699	16874	23320	16045	24317
900	12822	11499	14217	10370	15534	9722	16351
806	5141	4317	6037	3636	6906	3256	7454
1506	4850	4050	5722	3392	6568	3026	7103
1410	16670	15157	18255	13855	19745	13105	20664
1505	7513	6509	8589	5666	9620	5190	10264
1330	6107	5205	7081	4455	8019	4034	8609
1000	2402	1850	3026	1414	3650	1182	4051
1320	5485	4632	6410	3926	7304	3531	7867
1420	18077	16500	19726	15141	21273	14356	22227
1130	4005	3282	4800	2692	5578	2367	6072
1116	9235	8118	10424	7173	11557	6636	12262
1310	7408	6411	8477	5575	9501	5103	10142
805	5701	4831	6643	4109	7553	3705	8125
1115	5362	4519	6277	3822	7162	3433	7720
205	14621	13206	16108	11993	17509	11296	18375
136	4809	4013	5677	3357	6521	2993	7053
1120	15520	14061	17051	12809	18491	12088	19381
705	4942	4134	5822	3469	6675	3098	7214
120	1599	1155	2115	817	2641	643	2984
325	7165	6185	8217	5365	9225	4901	9857
135	3503	2829	4249	2283	4983	1985	5450
706	3900	3187	4685	2606	5454	2286	5942
206	9095	7987	10275	7050	11400	6518	12101
2910	1150	779	1593	507	2053	372	2357
315	10188	9013	11435	8016	12620	7448	13357
2935	23130	21341	24991	19792	26729	18892	27796
605	4524	3753	5367	3120	6188	2769	6707
606	5744	4871	6689	4146	7602	3740	8177
506	8854	7761	10019	6838	11130	6314	11823
110	1311	913	1781	615	2267	465	2585
505	15501	14043	17031	12792	18470	12071	19360
2936	3171	2531	3883	2017	4585	1737	5034
405	4970	4160	5852	3492	6708	3121	7248
2926	3277	2626	4000	2101	4713	1816	5167
2925	3418	2752	4156	2215	4881	1921	5344
2927	1874	1391	2429	1017	2991	821	3355
