faz_id mean lower_50 upper_50 lower_80 upper_80 lower_90 upper_90
8935	6935	6425	7465	5982	7959	5724	8262
8927	2865	2541	3209	2265	3535	2108	3738
8926	8407	7844	8989	7354	9530	7068	9862
8936	8146	7592	8719	7110	9252	6829	9579
8500	11389	10732	12065	10158	12691	9821	13073
8406	1353	1133	1592	952	1825	851	1971
8320	8079	7527	8650	7047	9181	6768	9506
8925	8926	8346	9526	7840	10083	7545	10423
8937	11203	10552	11874	9982	12494	9649	12873
8405	9117	8530	9723	8019	10285	7720	10630
8310	15718	14945	16511	14265	17241	13866	17686
8910	9247	8656	9857	8141	10424	7840	10770
7905	13190	12483	13917	11862	14588	11499	14998
7606	2297	2007	2606	1763	2901	1625	3085
7805	10775	10137	11433	9578	12042	9252	12414
8220	10829	10189	11489	9629	12099	9302	12472
8000	6851	6344	7378	5904	7869	5648	8170
8906	3901	3521	4301	3195	4677	3008	4910
8210	7686	7148	8243	6681	8762	6409	9080
9020	10096	9478	10733	8939	11324	8623	11685
8125	9115	8529	9721	8017	10283	7719	10627
8126	8497	7931	9082	7438	9626	7151	9959
8905	4469	4061	4896	3711	5298	3509	5545
7806	4273	3875	4691	3532	5084	3335	5327
7700	3698	3328	4087	3011	4455	2830	4682
7526	6685	6184	7205	5750	7691	5498	7989
7340	12265	11583	12966	10986	13615	10636	14010
7605	816	647	1004	512	1190	439	1309
7537	14069	13338	14819	12696	15512	12320	15934
8115	18060	17231	18909	16500	19690	16071	20165
7335	17424	16609	18258	15893	19026	15471	19493
8600	8902	8323	9501	7817	10057	7523	10397
7425	12704	12010	13418	11401	14077	11045	14479
7535	16279	15492	17085	14800	17829	14393	18281
7525	8713	8140	9306	7640	9856	7349	10193
7436	2354	2061	2667	1813	2965	1673	3151
9019	9257	8666	9868	8150	10434	7849	10781
7026	4381	3977	4804	3631	5202	3431	5447
7205	6849	6342	7376	5902	7866	5646	8168
7515	2739	2422	3076	2153	3395	2000	3594
7320	13938	13211	14685	12572	15374	12198	15794
7206	8981	8399	9583	7891	10141	7595	10483
7315	8960	8379	9561	7872	10119	7576	10460
7435	3548	3186	3930	2876	4290	2699	4513
7316	8973	8391	9574	7884	10132	7588	10474
7025	10700	10064	11356	9508	11963	9182	12334
7415	5545	5090	6020	4696	6464	4469	6737
7100	15839	15063	16635	14381	17368	13980	17814
7015	8310	7750	8889	7263	9427	6979	9757
9908	1153	951	1375	785	1591	694	1728
6410	26914	25899	27948	25002	28896	24473	29471
6420	22657	21727	23607	20906	24479	20422	25008
5535	17562	16744	18399	16024	19170	15601	19639
5600	7873	7329	8437	6855	8961	6579	9283
5546	8747	8173	9341	7672	9892	7380	10230
4706	5671	5210	6151	4812	6600	4582	6876
6605	6132	5653	6631	5238	7097	4997	7383
6910	2967	2637	3317	2356	3649	2195	3855
6606	3468	3110	3845	2804	4202	2629	4423
9909	3603	3238	3988	2926	4351	2747	4575
9011	6822	6316	7348	5877	7837	5622	8138
5525	7560	7027	8113	6563	8627	6294	8943
5515	12921	12221	13641	11607	14305	11247	14711
6326	12487	11799	13195	11196	13848	10843	14247
9914	8777	8202	9372	7700	9924	7408	10262
5545	7065	6550	7600	6103	8098	5843	8403
6223	14580	13836	15344	13182	16048	12799	16477
5306	11709	11043	12394	10460	13028	10119	13415
6325	17049	16243	17874	15535	18634	15118	19096
9009	2579	2272	2906	2011	3217	1863	3411
9006	6490	5997	7003	5569	7481	5321	7775
6225	11791	11123	12479	10537	13115	10195	13503
9018	10796	10157	11455	9598	12064	9271	12437
5425	19610	18745	20494	17983	21307	17535	21801
5305	13571	12853	14308	12224	14989	11854	15404
5426	9947	9334	10580	8799	11166	8486	11524
6226	15022	14266	15797	13603	16512	13213	16947
6126	6322	5835	6828	5414	7301	5169	7591
6224	11356	10700	12031	10126	12656	9791	13037
6216	7042	6528	7576	6081	8073	5822	8378
6316	15547	14778	16335	14102	17062	13706	17504
6215	12220	11539	12920	10943	13567	10594	13962
5100	3119	2780	3477	2491	3817	2326	4028
6213	10340	9715	10985	9168	11582	8849	11947
9005	3507	3147	3887	2839	4245	2663	4467
6124	14828	14077	15598	13418	16308	13031	16741
6125	5621	5163	6099	4766	6546	4537	6821
6214	238	151	344	90	456	61	531
5415	7884	7339	8448	6865	8973	6589	9295
5205	6849	6342	7376	5902	7866	5646	8168
9916	8131	7578	8704	7096	9236	6815	9563
9913	3653	3285	4040	2971	4406	2790	4632
9915	11986	11312	12679	10722	13321	10376	13712
4606	11661	10996	12345	10415	12978	10074	13364
6115	11944	11271	12636	10682	13276	10337	13667
4820	3839	3462	4236	3139	4610	2953	4841
9017	2294	2005	2603	1761	2898	1622	3082
6123	13294	12584	14024	11961	14698	11596	15108
6114	18343	17507	19198	16771	19986	16338	20464
4607	13611	12892	14349	12262	15031	11892	15446
6505	5564	5108	6040	4714	6485	4486	6758
5020	11823	11154	12512	10568	13149	10225	13537
6113	28212	27173	29271	26254	30241	25711	30829
5010	9496	8897	10114	8375	10688	8070	11038
6020	14422	13682	15182	13032	15883	12651	16309
4900	11656	10992	12340	10410	12973	10069	13359
6010	10517	9886	11167	9335	11769	9013	12137
4400	9790	9182	10418	8651	11000	8341	11355
9900	5313	4868	5778	4483	6213	4261	6481
9904	7141	6623	7678	6173	8179	5912	8486
9902	14821	14071	15591	13411	16301	13024	16734
4810	4942	4513	5391	4143	5812	3929	6071
5720	19368	18509	20247	17751	21055	17306	21546
9901	5746	5282	6229	4882	6681	4649	6959
5826	3514	3154	3894	2846	4253	2669	4475
5825	2042	1770	2334	1541	2614	1412	2788
5925	12319	11636	13022	11037	13672	10686	14068
9015	6734	6231	7256	5795	7743	5542	8042
4506	8550	7982	9137	7488	9683	7199	10017
4605	11520	10860	12200	10281	12829	9943	13213
9002	20026	19152	20919	18382	21741	17928	22240
4226	8042	7492	8612	7013	9142	6734	9466
4505	6294	5808	6799	5388	7271	5143	7561
4225	8193	7638	8768	7154	9302	6872	9630
5716	11839	11169	12528	10583	13166	10240	13555
5916	15897	15119	16694	14436	17429	14034	17876
4300	5964	5491	6456	5083	6916	4846	7198
5815	2393	2097	2708	1848	3009	1706	3196
9004	10366	9740	11012	9193	11610	8873	11975
5715	8163	7609	8737	7126	9271	6845	9597
3330	6976	6464	7507	6020	8002	5762	8306
6506	7725	7186	8284	6717	8803	6444	9122
5915	8530	7963	9116	7469	9661	7181	9995
3905	5094	4658	5549	4282	5976	4065	6239
4130	8865	8287	9463	7783	10018	7489	10357
6930	4600	4186	5033	3830	5440	3625	5691
3825	9587	8985	10208	8460	10784	8153	11137
4120	9884	9273	10515	8739	11099	8428	11456
3816	11302	10648	11976	10075	12599	9741	12979
4210	11901	11230	12592	10641	13231	10297	13621
9016	7287	6764	7830	6309	8335	6045	8645
4005	7517	6985	8068	6523	8581	6254	8896
4230	5085	4649	5540	4274	5967	4057	6229
3815	9044	8460	9648	7951	10208	7653	10551
3705	15768	14994	16562	14313	17294	13913	17739
3900	3735	3363	4126	3045	4496	2862	4724
4110	11750	11083	12437	10499	13072	10157	13459
3416	10979	10334	11643	9771	12258	9441	12633
3413	4759	4338	5200	3975	5613	3766	5868
3706	7671	7134	8228	6667	8746	6395	9063
3600	11347	10692	12022	10118	12646	9782	13028
3415	13609	12890	14347	12260	15029	11890	15444
3320	12140	11462	12838	10868	13483	10520	13876
3505	20388	19506	21289	18729	22118	18271	22621
3414	11291	10637	11964	10065	12587	9730	12968
6900	4794	4371	5236	4007	5651	3797	5907
2940	11025	10379	11690	9814	12306	9484	12683
2216	8932	8352	9532	7846	10089	7550	10430
3046	11191	10540	11861	9971	12482	9638	12861
2225	9828	9219	10457	8687	11040	8376	11396
3426	9460	8862	10077	8341	10650	8036	11000
3427	10228	9606	10869	9063	11464	8745	11827
3045	12725	12030	13439	11421	14099	11065	14501
3310	13519	12803	14255	12174	14934	11806	15348
3030	19960	19088	20852	18318	21672	17866	22170
3130	8507	7941	9093	7448	9637	7160	9970
3010	19152	18298	20026	17545	20830	17102	21318
3020	13793	13069	14536	12434	15222	12062	15640
3425	9422	8826	10038	8305	10609	8001	10959
2100	8638	8067	9228	7570	9776	7280	10112
1606	6136	5657	6635	5242	7101	5001	7387
2215	8277	7719	8855	7232	9392	6949	9721
1720	13302	12592	14032	11968	14706	11603	15117
3120	13778	13055	14521	12420	15206	12048	15624
1900	553	416	710	309	867	253	969
3110	3719	3348	4110	3030	4478	2848	4706
3200	10237	9615	10879	9071	11473	8754	11836
1605	8342	7781	8922	7293	9461	7009	9791
2000	6391	5902	6900	5477	7375	5231	7667
1820	5194	4754	5654	4374	6085	4154	6350
1200	8289	7730	8867	7244	9405	6960	9734
1710	12569	11879	13279	11274	13935	10919	14335
1810	3441	3084	3817	2780	4172	2605	4393
900	5277	4833	5740	4450	6174	4228	6442
806	16552	15758	17365	15060	18114	14650	18570
1506	10348	9723	10993	9176	11591	8856	11956
1410	5757	5293	6241	4892	6693	4659	6971
1505	9830	9221	10459	8688	11042	8378	11398
1330	9029	8445	9632	7936	10192	7640	10534
1000	4129	3737	4540	3402	4927	3208	5166
1320	7406	6878	7953	6420	8463	6153	8775
1420	10122	9503	10760	8963	11351	8647	11713
1130	3234	2889	3599	2594	3944	2426	4158
1116	8604	8035	9193	7538	9740	7249	10075
1310	10854	10213	11514	9653	12126	9325	12499
805	10430	9802	11077	9253	11677	8932	12044
1115	7166	6647	7704	6197	8206	5934	8514
205	5986	5513	6479	5103	6939	4865	7223
136	5257	4814	5720	4432	6153	4211	6420
1120	17551	16733	18388	16014	19159	15591	19627
705	13012	12309	13734	11693	14401	11332	14808
120	5406	4957	5875	4569	6314	4344	6584
325	11142	10493	11811	9924	12430	9592	12808
135	7250	6728	7791	6275	8296	6011	8605
706	6714	6212	7235	5777	7722	5524	8020
206	6179	5698	6680	5281	7147	5040	7434
2910	2130	1852	2428	1617	2713	1485	2891
315	6546	6051	7061	5621	7541	5372	7836
2935	2976	2645	3326	2364	3659	2203	3865
605	11529	10868	12209	10290	12839	9951	13223
606	13165	12458	13891	11838	14562	11475	14971
506	14615	13870	15380	13215	16085	12831	16515
110	2485	2183	2806	1929	3112	1784	3302
505	25438	24452	26444	23580	27366	23066	27926
2936	3370	3017	3742	2716	4094	2544	4312
405	13574	12856	14311	12226	14992	11857	15407
2926	11139	10490	11808	9922	12427	9589	12805
2925	9809	9200	10437	8669	11020	8358	11376
2927	7616	7081	8171	6615	8687	6345	9003
