faz_id mean lower_50 upper_50 lower_80 upper_80 lower_90 upper_90
8935	14252	12859	15717	11666	17097	10979	17951
8927	6579	5644	7586	4863	8553	4424	9160
8926	18141	16565	19789	15206	21334	14422	22287
8936	19538	17901	21247	16488	22847	15670	23832
8500	21257	19548	23038	18070	24703	17213	25727
8406	2604	2029	3251	1573	3894	1327	4307
8320	14161	12773	15621	11583	16997	10900	17849
8925	18298	16715	19953	15350	21505	14562	22461
8937	20748	19060	22508	17601	24154	16755	25167
8405	21252	19543	23033	18065	24698	17209	25722
8310	33621	31462	35851	29579	37921	28480	39188
8910	19864	18213	21587	16787	23199	15962	24192
7905	29605	27581	31700	25820	33648	24794	34842
7606	6022	5129	6987	4386	7917	3969	8501
7805	27026	25094	29029	23416	30895	22439	32039
8220	18550	16956	20216	15581	21778	14786	22740
8000	15448	13996	16971	12750	18405	12032	19290
8906	10113	8945	11352	7955	12530	7390	13262
8210	12359	11064	13725	9959	15017	9326	15818
9020	22373	20619	24199	19100	25905	18219	26953
8125	20851	19159	22615	17696	24265	16848	25280
8126	15867	14395	17410	13131	18862	12402	19758
8905	11278	10043	12585	8992	13823	8390	14592
7806	9090	7985	10267	7051	11388	6519	12087
7700	8605	7531	9751	6624	10845	6110	11527
7526	16173	14687	17731	13409	19195	12673	20099
7340	30769	28705	32904	26908	34889	25861	36104
7605	2149	1630	2740	1224	3333	1009	3716
7537	28838	26841	30906	25104	32830	24093	34009
8115	33767	31603	36002	29716	38077	28615	39345
7335	38296	35990	40674	33974	42877	32795	44223
8600	21881	20146	23687	18645	25375	17775	26413
7425	34280	32100	36532	30198	38621	29087	39899
7535	31034	28961	33178	27156	35171	26104	36391
7525	17434	15889	19050	14560	20567	13792	21502
7436	6522	5591	7524	4814	8488	4377	9093
9019	20038	18380	21768	16947	23387	16118	24384
7026	11282	10047	12589	8995	13828	8394	14596
7205	15307	13862	16824	12622	18251	11908	19132
7515	5793	4918	6740	4191	7654	3784	8228
7320	32084	29976	34264	28139	36288	27067	37527
7206	18300	16717	19955	15352	21507	14563	22463
7315	20267	18599	22007	17158	23635	16324	24637
7435	9355	8233	10548	7284	11685	6744	12392
7316	23335	21542	25199	19989	26939	19088	28008
7025	22512	20752	24344	19228	26054	18344	27106
7415	14117	12731	15575	11544	16949	10861	17799
7100	31029	28956	33173	27151	35165	26099	36385
7015	18410	16822	20070	15453	21626	14662	22585
9908	3737	3041	4504	2476	5257	2165	5735
6410	47695	45117	50345	42856	52792	41532	54285
6420	39781	37430	42204	35373	44448	34171	45818
5535	33218	31072	35435	29201	37493	28110	38753
5600	17285	15747	18894	14424	20405	13659	21337
5546	20216	18550	21954	17111	23580	16278	24580
4706	14442	13039	15916	11838	17305	11146	18164
6605	14344	12946	15813	11749	17198	11060	18054
6910	6406	5484	7400	4715	8356	4282	8956
6606	7122	6148	8168	5332	9171	4871	9799
9909	6943	5982	7976	5177	8968	4723	9589
9011	12423	11125	13793	10017	15088	9382	15890
5525	16591	15085	18168	13790	19650	13043	20565
5515	30552	28496	32680	26705	34658	25662	35869
6326	24386	22553	26291	20963	28068	20040	29159
9914	21767	20037	23569	18540	25253	17672	26288
5545	18588	16992	20256	15616	21819	14820	22782
6223	29155	27147	31234	25400	33169	24383	34354
5306	25210	23345	27146	21728	28951	20787	30059
6325	37264	34989	39610	33002	41785	31841	43113
9009	5970	5081	6931	4342	7857	3927	8439
9006	15233	13792	16746	12555	18170	11843	19050
6225	21838	20105	23643	18606	25329	17736	26366
9018	23178	21392	25036	19844	26771	18946	27836
5425	43493	41033	46025	38878	48366	37617	49795
5305	29922	27887	32028	26116	33986	25085	35186
5426	24008	22189	25898	20613	27662	19697	28745
6226	33522	31366	35749	29486	37816	28389	39081
6126	14123	12736	15581	11549	16956	10866	17806
6224	23621	21817	25496	20254	27247	19347	28322
6216	16712	15201	18295	13901	19782	13151	20700
6316	30103	28062	32215	26286	34179	25250	35382
6215	23940	22124	25828	20550	27589	19636	28671
5100	8729	7647	9883	6733	10984	6214	11670
6213	19448	17815	21153	16405	22750	15589	23733
9005	7434	6438	8502	5602	9525	5130	10165
6124	27355	25411	29370	23722	31247	22739	32397
6125	10510	9319	11773	8307	12971	7730	13716
6214	373	178	640	63	942	22	1150
5415	16183	14696	17741	13419	19206	12682	20110
5205	13501	12146	14928	10987	16274	10322	17107
9916	18180	16602	19830	15242	21377	14456	22330
9913	7786	6766	8878	5908	9923	5423	10575
9915	25729	23845	27685	22210	29507	21259	30625
4606	29739	27711	31839	25945	33791	24917	34987
6115	23618	21814	25493	20251	27243	19344	28318
4820	8627	7551	9775	6643	10869	6128	11552
9017	4354	3600	5180	2982	5984	2641	6494
6123	20722	19035	22481	17577	24126	16732	25138
6114	36026	33790	38334	31838	40473	30697	41781
4607	32375	30257	34564	28411	36597	27335	37842
6505	14555	13147	16035	11940	17429	11246	18291
5020	26615	24698	28603	23033	30456	22065	31591
6113	42857	40415	45371	38277	47696	37026	49115
5010	20819	19128	22582	17666	24231	16819	25245
6020	19587	17948	21298	16533	22900	15714	23886
4900	12396	11099	13764	9993	15058	9358	15860
6010	14672	13258	16158	12046	17557	11348	18422
4400	24286	22457	26187	20870	27960	19949	29049
9900	11406	10164	12720	9106	13965	8501	14737
9904	14214	12823	15677	11631	17055	10946	17908
9902	32152	30042	34334	28202	36360	27130	37600
4810	11168	9939	12469	8893	13701	8296	14467
5720	38614	36298	41002	34273	43213	33090	44565
9901	10165	8994	11408	8001	12588	7434	13322
5826	6418	5495	7413	4725	8370	4292	8970
5825	3730	3035	4497	2470	5249	2160	5726
5925	26642	24724	28631	23058	30484	22089	31621
9015	16595	15089	18173	13794	19655	13047	20569
4506	18746	17143	20421	15761	21990	14962	22957
4605	26800	24876	28795	23205	30653	22233	31793
9002	41842	39430	44326	37318	46625	36083	48028
4226	20381	18708	22126	17263	23758	16426	24762
4505	17347	15806	18959	14480	20472	13715	21406
4225	18983	17370	20668	15978	22247	15173	23219
5716	26362	24454	28341	22798	30185	21835	31316
5916	37783	35492	40145	33491	42334	32321	43671
4300	12576	11270	13954	10154	15256	9515	16063
5815	5264	4431	6168	3743	7044	3359	7595
9004	21976	20238	23786	18733	25478	17861	26517
5715	18280	16698	19934	15334	21485	14546	22441
3330	16645	15137	18225	13840	19709	13091	20625
6506	17761	16202	19392	14859	20922	14083	21865
5915	21500	19781	23291	18294	24965	17432	25994
3905	11958	10685	13303	9600	14575	8978	15364
4130	18529	16936	20194	15562	21755	14768	22717
6930	10649	9450	11920	8431	13126	7849	13875
3825	22479	20720	24309	19198	26019	18315	27070
4120	22360	20606	24186	19088	25891	18207	26939
3816	26342	24435	28320	22779	30163	21816	31294
4210	29638	27613	31734	25851	33684	24825	34878
9016	15996	14518	17546	13248	19002	12516	19902
4005	16923	15402	18516	14093	20012	13338	20934
4230	13261	11919	14675	10771	16010	10112	16836
3815	21243	19534	23023	18057	24688	17201	25712
3705	34384	32200	36639	30295	38732	29183	40011
3900	7355	6364	8417	5533	9435	5064	10072
4110	22362	20608	24188	19090	25893	18209	26941
3416	25308	23440	27248	21818	29056	20876	30166
3413	12193	10907	13550	9810	14834	9182	15630
3706	19031	17416	20718	16022	22299	15216	23272
3600	22767	20997	24609	19464	26329	18575	27386
3415	32474	30353	34667	28504	36703	27426	37949
3320	32292	30177	34479	28334	36509	27258	37752
3505	46619	44071	49239	41837	51660	40528	53136
3414	30273	28226	32391	26444	34360	25406	35566
6900	10393	9209	11649	8203	12841	7630	13583
2940	23691	21885	25569	20319	27322	19410	28398
2216	22133	20388	23949	18878	25647	18002	26690
3046	25502	23626	27449	21999	29264	21052	30378
2225	18822	17216	20500	15830	22072	15029	23041
3426	26323	24417	28301	22762	30143	21799	31273
3427	26362	24454	28341	22798	30185	21835	31316
3045	30869	28802	33008	27002	34995	25952	36212
3310	25540	23663	27489	22034	29305	21087	30419
3030	51727	49041	54485	46683	57030	45300	58581
3130	17325	15785	18936	14460	20449	13695	21381
3010	46534	43988	49152	41756	51571	40449	53046
3020	25216	23351	27152	21733	28958	20793	30066
3425	23924	22109	25811	20535	27572	19621	28653
2100	21666	19940	23464	18447	25144	17581	26177
1606	13330	11984	14748	10833	16086	10172	16914
2215	19559	17921	21269	16507	22870	15689	23855
1720	27733	25776	29762	24074	31651	23084	32808
3120	26718	24797	28710	23129	30566	22159	31704
1900	897	574	1291	345	1708	236	1985
3110	10240	9065	11487	8067	12671	7499	13408
3200	23755	21946	25636	20378	27390	19468	28468
1605	17564	16014	19186	14679	20708	13908	21647
2000	14422	13020	15895	11820	17283	11129	18141
1820	7613	6604	8693	5758	9727	5279	10374
1200	20083	18423	21815	16989	23436	16158	24434
1710	23147	21362	25004	19815	26737	18918	27802
1810	4174	3437	4983	2834	5773	2501	6273
900	11720	10460	13052	9387	14312	8772	15094
806	39198	36864	41603	34824	43831	33630	45192
1506	23889	22075	25775	20502	27534	19589	28615
1410	12166	10882	13522	9786	14804	9159	15600
1505	22641	20876	24478	19347	26193	18461	27247
1330	24553	22713	26464	21118	28247	20191	29341
1000	10400	9215	11656	8210	12849	7636	13591
1320	18445	16855	20106	15485	21664	14693	22623
1420	13945	12567	15394	11388	16761	10710	17606
1130	6745	5798	7764	5006	8743	4560	9356
1116	19634	17993	21347	16576	22951	15756	23938
1310	28641	26651	30702	24921	32620	23913	33795
805	25821	23934	27780	22295	29606	21342	30726
1115	18181	16603	19831	15243	21378	14457	22331
205	13485	12131	14911	10973	16256	10308	17089
136	11623	10368	12949	9300	14205	8688	14984
1120	39441	37100	41854	35053	44088	33856	45453
705	23746	21937	25626	20370	27381	19460	28458
120	12817	11498	14208	10371	15522	9725	16336
325	26962	25033	28963	23356	30827	22381	31969
135	17949	16381	19588	15031	21126	14250	22074
706	15566	14109	17095	12857	18534	12136	19422
206	13947	12569	15396	11390	16763	10712	17608
2910	4226	3484	5040	2877	5834	2541	6337
315	15644	14183	17177	12928	18619	12205	19509
2935	10520	9328	11783	8316	12983	7738	13728
605	27951	25986	29988	24277	31884	23283	33046
606	30321	28273	32441	26489	34411	25450	35618
506	31907	29805	34081	27973	36100	26905	37336
110	5132	4310	6025	3632	6891	3253	7437
505	60247	57345	63221	54793	65960	53294	67627
2936	8445	7381	9581	6484	10665	5975	11341
405	32436	30316	34627	28468	36662	27391	37908
2926	27661	25706	29687	24007	31574	23018	32730
2925	18629	17031	20298	15654	21863	14857	22827
2927	10382	9198	11637	8194	12829	7620	13570
