faz_id mean lower_50 upper_50 lower_80 upper_80 lower_90 upper_90
8935	6083	5627	6557	5231	6999	5002	7270
8927	2680	2380	2998	2126	3299	1980	3486
8926	7641	7129	8171	6683	8664	6423	8965
8936	7751	7235	8285	6786	8781	6524	9084
8500	9000	8443	9574	7957	10107	7673	10433
8406	1206	1008	1422	845	1632	754	1764
8320	5801	5356	6264	4970	6696	4746	6962
8925	7575	7065	8103	6621	8593	6362	8894
8937	8971	8415	9545	7930	10076	7646	10401
8405	8077	7550	8622	7091	9127	6823	9437
8310	13854	13161	14565	12552	15220	12195	15619
8910	8271	7738	8822	7273	9334	7001	9646
7905	11296	10671	11938	10124	12532	9803	12895
7606	2238	1965	2529	1734	2806	1603	2979
7805	10173	9581	10783	9062	11348	8759	11693
8220	9888	9304	10490	8793	11047	8495	11387
8000	6315	5850	6798	5447	7248	5212	7524
8906	3788	3430	4164	3123	4517	2946	4736
8210	7661	7148	8192	6701	8685	6441	8987
9020	9464	8893	10053	8394	10598	8102	10932
8125	8536	7994	9096	7521	9615	7245	9932
8126	7500	6993	8025	6551	8513	6293	8812
8905	4282	3901	4681	3573	5056	3383	5287
7806	3787	3429	4163	3122	4516	2945	4735
7700	3655	3303	4024	3002	4372	2829	4587
7526	6512	6040	7002	5630	7458	5391	7738
7340	11440	10811	12087	10260	12684	9937	13048
7605	800	640	978	512	1153	442	1264
7537	13020	12349	13709	11759	14345	11413	14732
8115	15982	15237	16745	14582	17447	14196	17873
7335	15910	15167	16671	14513	17371	14129	17797
8600	8235	7703	8785	7239	9295	6968	9608
7425	11940	11297	12600	10734	13210	10404	13582
7535	14323	13618	15045	12999	15711	12635	16116
7525	7426	6921	7949	6482	8434	6226	8732
7436	2337	2058	2634	1821	2917	1687	3093
9019	8445	7906	9002	7436	9518	7161	9834
7026	4357	3972	4759	3641	5137	3450	5370
7205	6453	5983	6941	5575	7395	5338	7674
7515	2434	2149	2737	1907	3025	1769	3204
7320	12563	11904	13240	11325	13865	10986	14246
7206	8289	7755	8841	7290	9353	7018	9666
7315	7906	7385	8445	6931	8946	6666	9252
7435	3474	3132	3834	2838	4174	2670	4384
7316	8754	8205	9321	7726	9846	7446	10168
7025	10529	9926	11150	9398	11724	9090	12074
7415	5304	4879	5747	4511	6161	4298	6416
7100	14328	13623	15050	13004	15716	12640	16122
7015	7978	7454	8519	6998	9022	6732	9330
9908	1152	959	1363	800	1569	711	1698
6410	23486	22581	24409	21782	25255	21310	25768
6420	19781	18951	20628	18220	21407	17788	21879
5535	14283	13579	15004	12961	15669	12598	16074
5600	7290	6790	7808	6355	8290	6101	8585
5546	8262	7729	8813	7264	9324	6993	9637
4706	5562	5126	6015	4749	6439	4530	6699
6605	5514	5080	5966	4705	6387	4487	6647
6910	2694	2393	3012	2138	3314	1992	3502
6606	3092	2769	3432	2494	3754	2336	3954
9909	3015	2697	3351	2425	3669	2269	3866
9011	5899	5450	6366	5061	6801	4835	7069
5525	6988	6499	7495	6073	7967	5825	8257
5515	12544	11885	13221	11307	13845	10968	14226
6326	12237	11586	12905	11016	13522	10681	13899
9914	8603	8059	9165	7584	9686	7307	10005
5545	6739	6258	7237	5841	7701	5598	7986
6223	14115	13416	14832	12801	15493	12440	15896
5306	11462	10833	12109	10281	12707	9958	13072
6325	17035	16266	17822	15588	18546	15190	18986
9009	2458	2171	2762	1928	3052	1790	3232
9006	6110	5653	6585	5256	7028	5026	7300
6225	11534	10903	12183	10349	12783	10025	13149
9018	10279	9683	10892	9162	11460	8857	11806
5425	18745	17938	19570	17226	20328	16807	20789
5305	13278	12600	13974	12004	14616	11655	15007
5426	9436	8866	10024	8367	10569	8076	10902
6226	14886	14168	15622	13536	16301	13165	16713
6126	6132	5674	6608	5277	7051	5046	7324
6224	11371	10744	12016	10195	12611	9873	12975
6216	7017	6526	7525	6100	7998	5852	8288
6316	15668	14931	16423	14282	17118	13901	17541
6215	12160	11511	12826	10943	13442	10609	13817
5100	3100	2777	3441	2501	3763	2343	3963
6213	10342	9745	10957	9222	11526	8916	11874
9005	3198	2870	3544	2589	3871	2428	4073
6124	14817	14100	15552	13470	16228	13100	16640
6125	5618	5180	6074	4801	6499	4581	6761
6214	238	155	339	95	445	67	515
5415	7044	6553	7553	6125	8027	5876	8317
5205	6325	5860	6808	5456	7258	5221	7534
9916	7559	7050	8086	6606	8576	6347	8876
9913	3620	3270	3988	2970	4334	2798	4548
9915	10767	10157	11394	9623	11975	9311	12329
4606	10931	10317	11563	9778	12148	9463	12504
6115	11844	11204	12502	10643	13109	10314	13480
4820	3816	3457	4193	3148	4548	2971	4767
9017	1958	1703	2231	1489	2491	1367	2654
6123	13355	12675	14053	12078	14697	11727	15089
6114	18250	17454	19064	16751	19813	16338	20268
4607	12205	11555	12872	10985	13489	10651	13865
6505	5223	4801	5663	4436	6074	4225	6327
5020	11044	10426	11679	9885	12267	9569	12625
6113	27827	26841	28830	25969	29749	25454	30306
5010	9109	8549	9687	8060	10222	7774	10550
6020	13998	13302	14712	12690	15371	12330	15771
4900	9439	8869	10027	8370	10572	8079	10905
6010	9790	9209	10389	8701	10943	8404	11282
4400	9739	9160	10336	8653	10889	8357	11227
9900	5067	4652	5500	4293	5906	4085	6155
9904	6504	6032	6994	5622	7450	5384	7730
9902	14412	13705	15137	13084	15804	12719	16211
4810	4817	4412	5240	4063	5635	3861	5879
5720	19344	18524	20182	17800	20952	17374	21420
9901	4498	4107	4907	3770	5290	3576	5526
5826	3450	3109	3809	2817	4148	2649	4357
5825	2039	1779	2317	1559	2583	1435	2749
5925	12069	11423	12733	10856	13346	10524	13720
9015	6602	6126	7095	5713	7555	5473	7837
4506	7943	7421	8483	6965	8985	6700	9292
4605	10870	10257	11500	9721	12083	9407	12439
9002	18418	17618	19236	16912	19988	16497	20445
4226	7934	7412	8474	6957	8975	6691	9282
4505	6146	5688	6622	5290	7066	5059	7339
4225	7552	7043	8079	6599	8569	6341	8869
5716	11414	10786	12060	10236	12657	9913	13021
5916	15224	14497	15968	13858	16654	13482	17071
4300	5703	5262	6162	4879	6591	4658	6854
5815	2310	2032	2605	1798	2887	1664	3062
9004	9155	8593	9734	8103	10271	7816	10599
5715	8137	7608	8684	7147	9191	6878	9502
3330	6624	6148	7118	5734	7578	5493	7860
6506	7123	6629	7635	6199	8111	5948	8403
5915	8276	7743	8827	7277	9339	7006	9652
3905	4786	4382	5207	4034	5602	3833	5845
4130	8677	8131	9241	7654	9765	7375	10085
6930	4580	4185	4992	3845	5379	3649	5617
3825	9109	8549	9687	8060	10222	7774	10550
4120	9470	8899	10059	8399	10605	8108	10938
3816	10547	9944	11168	9415	11743	9106	12093
4210	11356	10730	12000	10181	12596	9859	12959
9016	6658	6180	7153	5766	7615	5524	7898
4005	6710	6231	7207	5814	7670	5572	7954
4230	4941	4531	5369	4177	5770	3972	6016
3815	8976	8420	9550	7935	10082	7651	10407
3705	14247	13544	14967	12927	15632	12564	16036
3900	3600	3251	3967	2952	4312	2780	4525
4110	9973	9387	10577	8874	11137	8574	11478
3416	9999	9412	10604	8898	11164	8598	11506
3413	4598	4203	5011	3862	5398	3665	5637
3706	7542	7033	8069	6590	8558	6332	8858
3600	10035	9447	10641	8932	11202	8631	11545
3415	12473	11816	13148	11240	13771	10902	14150
3320	11784	11146	12440	10586	13046	10258	13416
3505	19251	18433	20087	17711	20855	17286	21322
3414	10727	10118	11353	9586	11933	9274	12286
6900	4406	4019	4811	3686	5190	3494	5424
2940	10077	9487	10684	8972	11247	8670	11590
2216	8465	7925	9022	7455	9540	7180	9856
3046	10752	10143	11379	9609	11959	9297	12313
2225	8411	7873	8967	7404	9482	7130	9798
3426	8999	8442	9573	7956	10106	7672	10431
3427	9747	9167	10344	8660	10898	8364	11236
3045	12277	11625	12946	11054	13565	10718	13941
3310	10916	10302	11548	9764	12132	9449	12488
3030	19179	18362	20013	17642	20780	17218	21246
3130	7901	7380	8440	6926	8940	6661	9247
3010	18193	17398	19006	16697	19753	16284	20207
3020	11236	10613	11877	10067	12469	9747	12830
3425	9109	8549	9687	8060	10222	7774	10550
2100	8298	7764	8850	7298	9362	7026	9676
1606	6018	5564	6489	5171	6929	4943	7199
2215	8006	7481	8548	7024	9052	6758	9360
1720	12744	12080	13426	11497	14055	11155	14439
3120	11473	10843	12120	10291	12719	9968	13084
1900	553	422	702	319	852	264	948
3110	3701	3347	4073	3044	4422	2869	4639
3200	9590	9015	10183	8513	10732	8219	11067
1605	8252	7719	8802	7255	9313	6984	9626
2000	5952	5501	6421	5110	6858	4883	7127
1820	5005	4592	5436	4236	5839	4029	6087
1200	7937	7415	8477	6960	8979	6694	9285
1710	11069	10451	11705	9909	12293	9592	12652
1810	2662	2363	2978	2109	3279	1965	3465
900	5024	4610	5455	4253	5859	4046	6108
806	15188	14462	15932	13824	16616	13449	17033
1506	10028	9440	10634	8925	11195	8625	11537
1410	5355	4928	5800	4558	6216	4344	6472
1505	9539	8966	10130	8464	10678	8172	11012
1330	8870	8317	9440	7835	9969	7553	10293
1000	4078	3706	4468	3387	4834	3202	5060
1320	7392	6888	7913	6450	8398	6195	8695
1420	7480	6973	8004	6532	8492	6275	8791
1130	3001	2683	3336	2412	3654	2257	3851
1116	8188	7657	8736	7195	9245	6925	9557
1310	10805	10194	11434	9659	12015	9346	12370
805	9733	9154	10330	8647	10883	8351	11221
1115	7018	6527	7526	6101	7999	5853	8289
205	5875	5427	6341	5039	6776	4813	7043
136	5210	4789	5649	4424	6060	4213	6313
1120	16258	15507	17027	14845	17735	14457	18165
705	10245	9650	10857	9130	11424	8826	11770
120	5292	4867	5735	4500	6148	4287	6403
325	10823	10212	11452	9676	12034	9363	12389
135	7213	6716	7728	6283	8207	6031	8501
706	6175	5715	6652	5317	7097	5085	7371
206	6079	5623	6553	5228	6995	4998	7266
2910	1741	1501	1999	1300	2246	1187	2401
315	6475	6004	6964	5595	7419	5358	7698
2935	2997	2680	3332	2409	3649	2254	3846
605	10838	10226	11468	9691	12050	9377	12405
606	12073	11427	12737	10860	13350	10528	13724
506	12181	11532	12848	10963	13464	10629	13839
110	2247	1973	2538	1742	2816	1611	2989
505	22564	21677	23468	20894	24298	20432	24801
2936	3140	2815	3483	2537	3807	2378	4008
405	12612	11951	13290	11372	13917	11032	14298
2926	10422	9822	11039	9297	11611	8990	11960
2925	8081	7554	8626	7095	9132	6827	9441
2927	5234	4812	5674	4446	6086	4235	6339
