faz_id mean lower_50 upper_50 lower_80 upper_80 lower_90 upper_90
8935	6345	5636	7096	5033	7808	4689	8251
8927	1229	929	1571	694	1915	570	2138
8926	4002	3443	4603	2976	5180	2713	5541
8936	3790	3247	4375	2794	4938	2539	5291
8500	16651	15489	17855	14479	18974	13891	19661
8406	282	149	457	65	650	32	782
8320	15063	13959	16209	13001	17277	12444	17932
8925	3369	2858	3922	2434	4456	2196	4792
8937	7453	6683	8265	6025	9033	5648	9508
8405	1076	796	1398	580	1723	468	1934
8310	11614	10647	12623	9813	13567	9330	14148
8910	3451	2934	4010	2504	4550	2263	4889
7905	6014	5324	6746	4739	7441	4405	7873
7606	800	562	1080	383	1368	293	1557
7805	4037	3476	4640	3006	5220	2742	5582
8220	16115	14973	17299	13980	18402	13402	19078
8000	40252	38434	42112	36833	43822	35892	44862
8906	1391	1070	1754	817	2116	682	2350
8210	45379	43448	47352	41744	49165	40742	50266
9020	5020	4392	5690	3862	6330	3561	6729
8125	8068	7266	8912	6579	9708	6185	10201
8126	10700	9773	11669	8974	12578	8512	13137
8905	1110	826	1436	606	1766	490	1980
7806	2121	1720	2564	1395	2999	1216	3276
7700	5837	5158	6558	4582	7244	4254	7670
7526	11127	10181	12115	9366	13040	8894	13610
7340	4220	3646	4836	3164	5427	2893	5797
7605	2109	1709	2551	1385	2985	1207	3261
7537	17329	16144	18556	15112	19698	14511	20397
8115	12673	11662	13726	10788	14710	10281	15315
7335	11842	10866	12860	10022	13813	9534	14400
8600	14011	12947	15117	12025	16149	11490	16782
7425	5472	4815	6171	4259	6836	3943	7251
7535	8084	7281	8929	6594	9726	6199	10219
7525	2835	2368	3344	1983	3838	1770	4150
7436	2597	2151	3085	1785	3560	1583	3861
9019	5832	5153	6553	4578	7238	4250	7664
7026	1776	1411	2183	1118	2586	959	2843
7205	8972	8125	9861	7398	10698	6979	11215
7515	8585	7757	9455	7047	10275	6639	10781
7320	11610	10644	12618	9809	13563	9326	14144
7206	33959	32291	35669	30825	37245	29964	38204
7315	5103	4469	5779	3935	6423	3631	6825
7435	5105	4471	5781	3936	6425	3633	6827
7316	5101	4467	5777	3933	6421	3629	6823
7025	13878	12819	14979	11902	16006	11369	16637
7415	14091	13024	15200	12099	16234	11562	16870
7100	17479	16288	18712	15252	19858	14648	20560
7015	6440	5726	7196	5118	7914	4771	8359
9908	4655	4051	5301	3542	5919	3255	6305
6410	21054	19745	22405	18603	23657	17935	24423
6420	8585	7757	9455	7047	10275	6639	10781
5535	4997	4370	5666	3842	6304	3542	6702
5600	16118	14976	17302	13983	18405	13405	19081
5546	14342	13265	15461	12332	16504	11790	17144
4706	2836	2369	3345	1984	3839	1770	4152
6605	2764	2303	3267	1924	3756	1714	4064
6910	1539	1200	1920	932	2298	787	2541
6606	1927	1546	2350	1238	2767	1071	3033
9909	1522	1185	1901	918	2277	775	2519
9011	6666	5939	7435	5320	8164	4966	8616
5525	6925	6183	7709	5551	8450	5190	8910
5515	6387	5676	7140	5071	7855	4725	8299
6326	16366	15215	17559	14214	18670	13631	19351
9914	4247	3671	4865	3188	5458	2915	5829
5545	4904	4283	5567	3760	6200	3463	6595
6223	11197	10248	12188	9430	13116	8956	13688
5306	25379	23940	26860	22680	28230	21942	29065
6325	9779	8894	10706	8132	11577	7693	12115
9009	2577	2133	3063	1769	3537	1567	3837
9006	2765	2304	3268	1925	3757	1714	4066
6225	21881	20546	23258	19380	24533	18699	25313
9018	12602	11594	13652	10723	14633	10217	15237
5425	64040	61742	66380	59708	68524	58507	69822
5305	29796	28235	31399	26865	32878	26062	33780
5426	19171	17923	20461	16835	21659	16201	22391
6226	7834	7044	8666	6368	9452	5980	9938
6126	3845	3298	4434	2841	5001	2584	5356
6224	8562	7735	9431	7026	10250	6618	10756
6216	10893	9958	11870	9151	12787	8685	13351
6316	24636	23219	26095	21978	27446	21252	28270
6215	21012	19705	22361	18563	23613	17896	24378
5100	1858	1484	2274	1183	2685	1019	2947
6213	16629	15468	17832	14459	18951	13871	19637
9005	518	330	748	197	990	134	1152
6124	14543	13459	15669	12518	16719	11972	17364
6125	12569	11563	13617	10692	14598	10188	15200
6214	31450	29846	33096	28437	34615	27610	35540
5415	65142	62824	67502	60772	69663	59561	70973
5205	48802	46798	50848	45030	52726	43988	53866
9916	2377	1951	2845	1604	3302	1412	3592
9913	6274	5569	7021	4970	7729	4628	8170
9915	3200	2703	3739	2291	4261	2060	4590
4606	3842	3295	4431	2838	4997	2581	5353
6115	9574	8698	10492	7946	11354	7511	11886
4820	6266	5562	7012	4963	7721	4621	8161
9017	358	206	552	104	763	60	906
6123	73008	70553	75505	68378	77790	67092	79174
6114	22915	21549	24323	20354	25628	19656	26424
4607	8954	8108	9842	7382	10678	6963	11194
6505	3379	2867	3933	2442	4467	2204	4803
5020	10325	9415	11277	8631	12171	8178	12722
6113	44683	42767	46641	41077	48441	40082	49534
5010	16515	15358	17714	14352	18829	13767	19513
6020	79399	76838	82002	74567	84383	73224	85823
4900	88270	85568	91014	83171	93521	81753	95037
6010	138306	134919	141735	131904	144859	130117	146745
4400	10398	9484	11354	8698	12250	8243	12803
9900	2570	2126	3056	1763	3529	1562	3828
9904	6972	6228	7758	5593	8502	5230	8964
9902	28001	26488	29556	25162	30991	24385	31867
4810	8479	7656	9344	6951	10159	6545	10663
5720	16115	14973	17299	13980	18402	13402	19078
9901	6792	6058	7568	5432	8303	5075	8759
5826	10288	9379	11239	8597	12131	8145	12681
5825	57357	55183	59573	53261	61604	52128	62836
5925	24179	22775	25625	21546	26963	20828	27780
9015	2163	1758	2610	1429	3049	1248	3328
4506	32070	30450	33732	29027	35265	28191	36199
4605	31149	29553	32787	28151	34299	27328	35220
9002	10464	9548	11422	8758	12322	8302	12876
4226	3838	3291	4427	2835	4993	2578	5348
4505	1711	1353	2111	1066	2507	911	2761
4225	3496	2975	4059	2542	4602	2299	4943
5716	10963	10024	11944	9215	12863	8747	13429
5916	9342	8477	10249	7734	11101	7306	11628
4300	27474	25976	29014	24663	30437	23893	31305
5815	30202	28630	31816	27251	33305	26442	34212
9004	7255	6495	8057	5847	8814	5476	9284
5715	2595	2149	3083	1784	3558	1581	3859
3330	3016	2534	3540	2135	4048	1913	4369
6506	12490	11487	13535	10619	14512	10116	15113
5915	6326	5618	7076	5016	7787	4673	8229
3905	24772	23351	26235	22106	27589	21378	28416
4130	31556	29949	33205	28538	34726	27710	35652
6930	4247	3671	4865	3188	5458	2915	5829
3825	10272	9364	11222	8583	12113	8131	12663
4120	4771	4159	5425	3644	6050	3352	6440
3816	5345	4696	6036	4147	6694	3836	7104
4210	7772	6985	8601	6312	9383	5926	9868
9016	2075	1679	2513	1357	2944	1182	3218
4005	2193	1785	2643	1453	3085	1271	3365
4230	2340	1918	2804	1573	3258	1384	3546
3815	12419	11419	13461	10554	14436	10053	15035
3705	41211	39372	43092	37751	44823	36798	45874
3900	37708	35949	39509	34402	41166	33492	42174
4110	38803	37019	40629	35448	42310	34524	43332
3416	3537	3013	4103	2577	4649	2332	4992
3413	1784	1418	2192	1124	2596	965	2853
3706	4597	3997	5239	3492	5854	3206	6238
3600	78311	75767	80897	73513	83261	72180	84692
3415	5210	4570	5892	4029	6543	3721	6949
3320	7064	6315	7855	5676	8604	5310	9068
3505	36854	35116	38634	33586	40274	32687	41271
3414	3418	2903	3975	2476	4512	2236	4850
6900	2117	1716	2560	1391	2994	1213	3271
2940	3313	2807	3861	2386	4391	2151	4725
2216	4963	4338	5630	3812	6266	3513	6663
3046	11559	10595	12565	9762	13507	9280	14088
2225	7341	6577	8147	5924	8909	5550	9381
3426	3930	3376	4526	2914	5098	2653	5456
3427	7120	6368	7914	5726	8666	5359	9131
3045	5151	4514	5830	3977	6477	3671	6880
3310	7434	6665	8245	6008	9012	5631	9487
3030	12739	11726	13794	10849	14781	10341	15387
3130	31288	29688	32930	28283	34445	27459	35367
3010	12403	11403	13445	10539	14419	10038	15018
3020	26261	24797	27767	23514	29159	22763	30009
3425	3756	3215	4339	2764	4899	2511	5251
2100	2899	2427	3413	2037	3913	1820	4228
1606	4114	3547	4723	3073	5307	2805	5673
2215	7277	6516	8080	5867	8839	5495	9309
1720	8247	7436	9100	6741	9905	6342	10402
3120	20684	19387	22023	18255	23265	17594	24024
1900	19854	18584	21166	17476	22384	16829	23129
3110	3755	3214	4338	2764	4898	2510	5250
3200	9914	9023	10847	8256	11724	7813	12265
1605	8123	7318	8970	6629	9769	6233	10263
2000	15808	14677	16981	13694	18074	13122	18744
1820	41152	39314	43032	37694	44761	36742	45812
1200	7214	6457	8013	5810	8769	5440	9238
1710	15020	13918	16164	12961	17231	12405	17885
1810	24430	23019	25883	21783	27228	21061	28049
900	13647	12597	14739	11688	15758	11160	16384
806	5282	4637	5969	4092	6624	3782	7032
1506	4975	4350	5642	3822	6279	3523	6677
1410	17507	16315	18741	15278	19887	14674	20590
1505	7568	6792	8386	6129	9159	5748	9638
1330	6364	5654	7116	5050	7829	4705	8272
1000	2431	2000	2904	1648	3366	1454	3658
1320	5990	5302	6720	4718	7414	4385	7845
1420	24229	22823	25677	21594	27016	20874	27834
1130	5581	4917	6287	4356	6958	4036	7376
1116	9803	8917	10731	8154	11603	7714	12141
1310	7737	6952	8564	6281	9345	5896	9828
805	5869	5188	6592	4610	7279	4281	7707
1115	5796	5119	6515	4546	7198	4219	7623
205	14765	13672	15900	12724	16957	12173	17606
136	4847	4230	5506	3710	6135	3416	6528
1120	18491	17266	19758	16198	20935	15576	21656
705	5755	5081	6471	4509	7152	4184	7576
120	1680	1325	2077	1042	2470	889	2721
325	7599	6821	8419	6156	9193	5775	9673
135	3820	3275	4407	2819	4972	2563	5327
706	4035	3474	4638	3004	5217	2740	5580
206	9796	8910	10724	8148	11596	7708	12134
2910	1188	893	1525	663	1864	542	2084
315	10647	9722	11614	8926	12520	8465	13079
2935	23599	22212	25028	20999	26351	20290	27158
605	4637	4034	5282	3527	5899	3240	6284
606	6712	5982	7484	5361	8215	5005	8669
506	13760	12706	14856	11793	15879	11263	16507
110	1484	1152	1858	889	2231	748	2470
505	19337	18084	20632	16991	21835	16353	22571
2936	3616	3086	4188	2644	4739	2397	5085
405	5260	4616	5946	4073	6599	3764	7006
2926	3850	3302	4440	2845	5007	2588	5362
2925	3506	2984	4070	2551	4613	2307	4955
2927	2117	1716	2560	1391	2994	1213	3271
