faz_id mean lower_50 upper_50 lower_80 upper_80 lower_90 upper_90
8935	6345	5366	7406	4554	8432	4101	9077
8927	1229	821	1719	524	2230	378	2568
8926	4002	3233	4853	2610	5690	2270	6222
8936	3790	3043	4619	2440	5436	2111	5957
8500	16651	15040	18344	13658	19940	12864	20926
8406	282	108	538	21	839	1	1051
8320	15063	13532	16676	12224	18198	11473	19141
8925	3369	2667	4153	2104	4930	1800	5426
8937	7453	6388	8600	5500	9702	5000	10394
8405	1076	697	1537	426	2022	295	2345
8310	11614	10275	13035	9139	14385	8491	15225
8910	3451	2740	4244	2169	5029	1860	5530
7905	6014	5062	7048	4275	8050	3835	8681
7606	800	479	1203	260	1636	160	1928
7805	4037	3264	4892	2639	5731	2296	6266
8220	16115	14530	17782	13173	19353	12393	20325
8000	40252	37724	42862	35517	45283	34229	46763
8906	1391	954	1910	631	2447	470	2800
8210	45379	42692	48148	40342	50712	38968	52278
9020	5020	4154	5968	3444	6893	3051	7477
8125	8068	6959	9259	6030	10402	5506	11118
8126	10700	9416	12066	8330	13366	7713	14175
8905	1110	724	1578	447	2069	313	2395
7806	2121	1572	2752	1148	3390	926	3804
7700	5837	4900	6856	4126	7845	3694	8468
7526	11127	9817	12519	8708	13842	8076	14666
7340	4220	3429	5093	2787	5949	2435	6493
7605	2109	1562	2738	1139	3375	918	3788
7537	17329	15684	19056	14273	20681	13461	21685
8115	12673	11272	14156	10081	15561	9400	16434
7335	11842	10489	13277	9342	14639	8687	15485
8600	14011	12536	15568	11278	17040	10557	17953
7425	5472	4566	6460	3820	7420	3405	8027
7535	8084	6974	9276	6044	10420	5519	11137
7525	2835	2194	3558	1687	4279	1416	4742
7436	2597	1985	3291	1505	3985	1249	4433
9019	5832	4895	6851	4121	7839	3690	8462
7026	1776	1277	2357	898	2950	703	3336
7205	8972	7800	10226	6815	11425	6257	12175
7515	8585	7439	9813	6478	10988	5935	11723
7320	11610	10271	13031	9136	14381	8488	15220
7206	33959	31640	36360	29622	38592	28446	39960
7315	5103	4229	6059	3512	6990	3115	7579
7435	5105	4231	6061	3514	6992	3117	7581
7316	5101	4227	6057	3511	6987	3114	7576
7025	13878	12410	15428	11159	16893	10442	17802
7415	14091	12612	15652	11350	17128	10627	18043
7100	17479	15827	19213	14409	20845	13593	21853
7015	6440	5453	7509	4635	8541	4177	9191
9908	4655	3822	5570	3143	6464	2768	7030
6410	21054	19237	22953	17671	24734	16765	25831
6420	8585	7439	9813	6478	10988	5935	11723
5535	4997	4133	5943	3425	6866	3033	7449
5600	16118	14533	17785	13176	19356	12396	20328
5546	14342	12849	15917	11575	17405	10845	18327
4706	2836	2195	3559	1688	4280	1416	4744
6605	2764	2132	3478	1633	4192	1366	4650
6910	1539	1078	2082	732	2642	557	3008
6606	1927	1406	2530	1007	3143	800	3542
9909	1522	1063	2063	721	2620	547	2985
9011	6666	5661	7753	4827	8801	4359	9460
5525	6925	5900	8032	5048	9098	4569	9769
5515	6387	5405	7451	4590	8480	4134	9128
6326	16366	14769	18045	13400	19628	12614	20606
9914	4247	3453	5123	2809	5981	2455	6527
5545	4904	4048	5842	3348	6756	2960	7336
6223	11197	9883	12593	8770	13920	8135	14747
5306	25379	23380	27460	21650	29404	20646	30600
6325	9779	8554	11086	7520	12334	6934	13112
9009	2577	1968	3268	1490	3961	1235	4407
9006	2765	2133	3479	1633	4193	1366	4652
6225	21881	20028	23816	18429	25629	17504	26746
9018	12602	11205	14081	10018	15482	9339	16353
5425	64040	60840	67322	58029	70347	56379	72189
5305	29796	27627	32047	25743	34145	24648	35432
5426	19171	17439	20985	15949	22689	15090	23740
6226	7834	6742	9008	5828	10136	5313	10843
6126	3845	3092	4680	2484	5502	2152	6026
6224	8562	7418	9788	6458	10962	5915	11697
6216	10893	9597	12271	8501	13581	7877	14397
6316	24636	22667	26687	20964	28604	19977	29783
6215	21012	19197	22909	17632	24688	16728	25784
5100	1858	1347	2451	957	3055	755	3448
6213	16629	15019	18321	13639	19916	12845	20901
9005	518	268	850	112	1220	51	1473
6124	14543	13040	16128	11756	17626	11020	18554
6125	12569	11174	14046	9988	15446	9311	16315
6214	31450	29220	33762	27282	35914	26154	37234
5415	65142	61915	68451	59078	71502	57413	73359
5205	48802	46014	51672	43573	54327	42145	55947
9916	2377	1794	3042	1338	3712	1098	4144
9913	6274	5301	7329	4494	8350	4044	8992
9915	3200	2517	3965	1971	4725	1677	5211
4606	3842	3089	4677	2481	5499	2150	6022
6115	9574	8362	10868	7341	12104	6761	12875
4820	6266	5293	7321	4488	8341	4037	8983
9017	358	157	641	46	967	11	1193
6123	73008	69589	76509	66580	79732	64811	81693
6114	22915	21018	24894	19379	26747	18430	27888
4607	8954	7783	10207	6799	11405	6242	12154
6505	3379	2676	4164	2112	4942	1807	5439
5020	10325	9065	11667	8000	12946	7395	13743
6113	44683	42017	47431	39686	49976	38324	51530
5010	16515	14910	18202	13535	19791	12744	20773
6020	79399	75832	83048	72689	86405	70841	88445
4900	88270	84506	92116	81187	95649	79233	97795
6010	138306	133585	143109	129403	147505	126932	150167
4400	10398	9133	11745	8064	13028	7457	13827
9900	2570	1962	3260	1484	3952	1230	4398
9904	6972	5944	8082	5088	9152	4608	9824
9902	28001	25899	30185	24076	32222	23018	33472
4810	8479	7341	9699	6386	10868	5846	11599
5720	16115	14530	17782	13173	19353	12393	20325
9901	6792	5778	7888	4934	8946	4461	9610
5826	10288	9030	11628	7967	12905	7363	13700
5825	57357	54331	60465	51676	63334	50120	65082
5925	24179	22229	26211	20543	28112	19565	29280
9015	2163	1608	2800	1179	3443	954	3860
4506	32070	29818	34404	27860	36577	26720	37908
4605	31149	28930	33450	27002	35593	25880	36906
9002	10464	9195	11815	8122	13102	7512	13903
4226	3838	3086	4672	2478	5494	2147	6017
4505	1711	1222	2282	852	2866	663	3247
4225	3496	2780	4294	2205	5083	1893	5587
5716	10963	9663	12345	8563	13659	7936	14478
5916	9342	8145	10621	7138	11843	6567	12605
4300	27474	25392	29638	23588	31656	22540	32896
5815	30202	28018	32468	26120	34580	25017	35875
9004	7255	6205	8387	5330	9476	4838	10160
5715	2595	1984	3288	1503	3983	1248	4430
3330	3016	2354	3760	1827	4501	1544	4976
6506	12490	11100	13962	9918	15358	9243	16225
5915	6326	5348	7386	4538	8410	4085	9055
3905	24772	22797	26829	21089	28751	20099	29933
4130	31556	29322	33872	27381	36028	26251	37349
6930	4247	3453	5123	2809	5981	2455	6527
3825	10272	9015	11611	7953	12887	7350	13682
4120	4771	3927	5697	3238	6600	2857	7173
3816	5345	4450	6322	3714	7272	3305	7873
4210	7772	6684	8942	5774	10066	5262	10770
9016	2075	1533	2699	1114	3332	896	3742
4005	2193	1634	2834	1201	3481	974	3900
4230	2340	1762	3000	1311	3665	1073	4095
3815	12419	11033	13887	9855	15279	9182	16144
3705	41211	38652	43852	36418	46300	35113	47797
3900	37708	35262	40236	33130	42582	31886	44018
4110	38803	36321	41367	34157	43745	32893	45201
3416	3537	2816	4340	2238	5133	1923	5639
3413	1784	1284	2366	904	2960	709	3347
3706	4597	3770	5506	3095	6395	2723	6959
3600	78311	74768	81936	71648	85270	69813	87297
3415	5210	4327	6175	3601	7115	3199	7709
3320	7064	6029	8181	5166	9258	4682	9933
3505	36854	34437	39353	32330	41674	31101	43095
3414	3418	2710	4208	2143	4989	1836	5488
6900	2117	1569	2747	1145	3385	924	3798
2940	3313	2617	4091	2060	4862	1759	5355
2216	4963	4102	5906	3396	6826	3006	7408
3046	11559	10223	12977	9090	14324	8444	15162
2225	7341	6285	8479	5404	9574	4908	10261
3426	3930	3168	4774	2552	5604	2216	6132
3427	7120	6080	8242	5214	9322	4728	10000
3045	5151	4273	6111	3552	7046	3153	7637
3310	7434	6371	8579	5484	9681	4985	10371
3030	12739	11335	14225	10140	15634	9457	16509
3130	31288	29064	33594	27131	35741	26006	37058
3010	12403	11018	13870	9841	15262	9168	16126
3020	26261	24227	28377	22465	30353	21443	31567
3425	3756	3012	4582	2412	5396	2085	5914
2100	2899	2251	3629	1737	4358	1461	4825
1606	4114	3334	4976	2701	5823	2354	6362
2215	7277	6226	8410	5349	9501	4856	10186
1720	8247	7125	9451	6185	10605	5654	11328
3120	20684	18883	22567	17332	24332	16435	25421
1900	19854	18091	21699	16573	23431	15696	24500
3110	3755	3011	4581	2412	5395	2085	5913
3200	9914	8680	11230	7639	12485	7048	13268
1605	8123	7010	9318	6078	10465	5551	11182
2000	15808	14239	17459	12896	19016	12124	19980
1820	41152	38595	43791	36363	46237	35059	47733
1200	7214	6167	8343	5295	9429	4805	10111
1710	15020	13492	16630	12185	18151	11435	19092
1810	24430	22469	26473	20774	28382	19791	29557
900	13647	12192	15184	10952	16638	10242	17540
806	5282	4392	6254	3661	7199	3256	7796
1506	4975	4113	5919	3406	6840	3016	7422
1410	17507	15854	19242	14435	20875	13618	21884
1505	7568	6495	8723	5599	9833	5094	10530
1330	6364	5383	7427	4570	8454	4116	9100
1000	2431	1841	3103	1379	3779	1135	4215
1320	5990	5040	7022	4254	8022	3816	8652
1420	24229	22277	26263	20589	28166	19610	29335
1130	5581	4665	6579	3911	7547	3491	8159
1116	9803	8576	11112	7541	12361	6954	13140
1310	7737	6652	8904	5744	10026	5233	10729
805	5869	4929	6891	4153	7882	3720	8506
1115	5796	4862	6812	4091	7797	3662	8418
205	14765	13250	16362	11956	17870	11213	18805
136	4847	3996	5780	3301	6690	2916	7266
1120	18491	16791	20273	15330	21949	14487	22983
705	5755	4825	6767	4057	7749	3629	8369
120	1680	1196	2246	831	2826	644	3204
325	7599	6524	8756	5625	9869	5120	10566
135	3820	3070	4652	2464	5472	2133	5995
706	4035	3263	4889	2637	5729	2295	6263
206	9796	8570	11104	7535	12353	6948	13132
2910	1188	788	1670	497	2175	355	2509
315	10647	9367	12009	8284	13306	7668	14114
2935	23599	21673	25607	20008	27486	19044	28642
605	4637	3806	5550	3128	6442	2754	7008
606	6712	5704	7802	4866	8854	4397	9515
506	13760	12299	15303	11053	16763	10340	17668
110	1484	1032	2018	695	2570	525	2931
505	19337	17597	21159	16101	22870	15237	23925
2936	3616	2887	4427	2301	5228	1981	5738
405	5260	4372	6230	3643	7173	3238	7770
2926	3850	3096	4686	2488	5508	2156	6032
2925	3506	2789	4305	2213	5095	1900	5600
2927	2117	1569	2747	1145	3385	924	3798
