faz_id mean lower_50 upper_50 lower_80 upper_80 lower_90 upper_90
8935	5754	4707	6906	3855	8033	3385	8748
8927	1201	751	1756	436	2345	288	2738
8926	2939	2206	3777	1636	4622	1335	5168
8936	3674	2848	4605	2194	5533	1844	6129
8500	14620	12920	16425	11480	18140	10658	19206
8406	274	87	566	8	919	1	1171
8320	12263	10711	13920	9403	15502	8661	16490
8925	2951	2216	3791	1645	4637	1343	5184
8937	7108	5939	8382	4976	9619	4440	10401
8405	1002	596	1513	320	2063	195	2433
8310	11134	9658	12715	8418	14230	7717	15176
8910	3330	2546	4219	1930	5109	1603	5682
7905	5696	4655	6842	3807	7964	3341	8676
7606	774	423	1230	197	1730	103	2070
7805	3599	2782	4521	2136	5441	1791	6032
8220	13353	11731	15080	10360	16725	9581	17750
8000	39291	36471	42216	34022	44940	32597	46610
8906	1349	869	1934	527	2550	363	2960
8210	35449	32773	38230	30453	40824	29106	42417
9020	4660	3723	5702	2970	6730	2559	7385
8125	7009	5848	8275	4893	9504	4362	10281
8126	8642	7347	10042	6271	11392	5668	12240
8905	1074	652	1601	361	2166	228	2545
7806	1907	1327	2592	894	3299	676	3763
7700	5662	4624	6805	3779	7924	3315	8634
7526	10377	8953	11906	7761	13372	7089	14290
7340	4070	3198	5047	2503	6017	2127	6637
7605	1791	1230	2457	815	3146	607	3599
7537	16154	14365	18048	12843	19844	11974	20959
8115	11343	9852	12939	8599	14466	7891	15420
7335	11198	9717	12784	8473	14302	7770	15251
8600	13094	11488	14805	10132	16435	9362	17451
7425	4977	4007	6052	3224	7110	2796	7783
7535	6517	5400	7739	4483	8930	3976	9683
7525	2604	1917	3396	1388	4199	1113	4720
7436	2539	1861	3322	1341	4116	1070	4633
9019	5557	4529	6690	3694	7800	3234	8504
7026	1716	1168	2369	765	3046	564	3493
7205	8244	6981	9612	5933	10934	5347	11766
7515	8481	7199	9868	6134	11207	5538	12049
7320	10621	9180	12167	7972	13649	7290	14576
7206	26046	23760	28437	21791	30680	20654	32063
7315	4909	3946	5977	3169	7028	2745	7698
7435	4965	3996	6039	3214	7095	2787	7768
7316	4822	3868	5881	3099	6924	2680	7589
7025	12940	11344	14641	9997	16262	9231	17273
7415	13670	12028	15417	10640	17080	9850	18115
7100	13435	11808	15167	10432	16817	9650	17845
7015	6126	5044	7313	4160	8471	3672	9205
9908	4573	3646	5605	2900	6625	2495	7276
6410	17129	15285	19078	13714	20923	12815	22068
6420	8526	7241	9916	6173	11259	5574	12102
5535	5133	4147	6224	3350	7296	2913	7978
5600	15670	13909	17536	12412	19307	11558	20407
5546	13427	11800	15159	10425	16808	9643	17835
4706	2770	2060	3585	1510	4409	1222	4943
6605	2670	1974	3471	1437	4283	1156	4809
6910	1317	844	1895	507	2506	347	2912
6606	1708	1162	2359	759	3036	560	3481
9909	1456	956	2061	595	2696	420	3117
9011	6512	5395	7734	4479	8924	3972	9677
5525	6828	5683	8078	4742	9293	4219	10061
5515	6225	5134	7421	4242	8587	3748	9326
6326	14872	13157	16692	11703	18420	10874	19495
9914	4143	3263	5128	2560	6105	2180	6731
5545	4709	3767	5756	3009	6788	2596	7447
6223	9740	8362	11223	7212	12648	6564	13541
5306	22034	19936	24237	18136	26312	17099	27593
6325	9084	7755	10518	6649	11898	6027	12765
9009	2491	1820	3267	1306	4055	1039	4568
9006	2264	1627	3006	1143	3764	894	4258
6225	19911	17919	22008	16215	23987	15236	25211
9018	12427	10864	14095	9547	15687	8799	16680
5425	42775	39831	45824	37269	48661	35777	50398
5305	27281	24940	29727	22922	32019	21755	33432
5426	18507	16588	20531	14950	22443	14011	23628
6226	7096	5928	8369	4966	9606	4431	10386
6126	3355	2568	4247	1949	5140	1620	5715
6224	8172	6915	9534	5872	10851	5289	11680
6216	10622	9181	12168	7973	13650	7291	14577
6316	22217	20110	24429	18302	26512	17261	27798
6215	19757	17773	21846	16076	23818	15101	25038
5100	1800	1238	2467	821	3158	613	3612
6213	16394	14591	18302	13057	20110	12180	21232
9005	500	228	877	74	1305	22	1603
6124	14103	12435	15876	11022	17563	10218	18613
6125	11597	10089	13210	8821	14752	8103	15716
6214	30664	28179	33254	26031	35676	24787	37166
5415	62851	59271	66536	56136	69945	54302	72025
5205	43310	40347	46378	37768	49231	36266	50979
9916	2324	1678	3075	1186	3841	932	4340
9913	6213	5123	7408	4232	8573	3739	9312
9915	3422	2627	4322	2001	5223	1667	5802
4606	3725	2893	4662	2234	5595	1880	6195
6115	9409	8056	10867	6927	12270	6293	13150
4820	6326	5226	7531	4325	8706	3827	9450
9017	336	123	654	21	1030	0	1296
6123	70631	66832	74534	63501	78140	61549	80338
6114	22547	20424	24775	18601	26872	17552	28167
4607	7672	6455	8994	5449	10274	4888	11081
6505	3276	2499	4158	1889	5042	1565	5612
5020	9575	8210	11045	7070	12459	6428	13346
6113	43509	40539	46584	37954	49443	36448	51195
5010	16978	15142	18919	13579	20756	12685	21896
6020	78929	74911	83052	71381	86856	69311	89172
4900	75500	71571	79534	68122	83257	66100	85525
6010	137479	132159	142904	127457	147880	124685	150898
4400	10042	8642	11547	7472	12991	6812	13897
9900	2416	1756	3181	1252	3959	991	4466
9904	7089	5921	8362	4960	9597	4425	10378
9902	25800	23525	28180	21566	30413	20435	31790
4810	8431	7153	9814	6092	11149	5498	11989
5720	14295	12615	16080	11192	17777	10381	18834
9901	6178	5092	7369	4203	8532	3712	9269
5826	9303	7958	10753	6836	12149	6206	13025
5825	55001	51655	58452	48732	61649	47023	63603
5925	22398	20282	24619	18466	26709	17420	28001
9015	2042	1440	2749	987	3476	757	3952
4506	31704	29176	34337	26990	36797	25722	38310
4605	24375	22165	26690	20265	28864	19169	30206
9002	10267	8851	11788	7666	13247	6998	14161
4226	3703	2874	4637	2217	5568	1864	6166
4505	1638	1104	2277	713	2942	520	3381
4225	3503	2698	4413	2063	5323	1723	5907
5716	9308	7962	10758	6841	12155	6210	13031
5916	8764	7460	10173	6375	11532	5767	12386
4300	21267	19206	23433	17440	25473	16424	26734
5815	29331	26902	31865	24804	34237	23590	35697
9004	6415	5307	7628	4399	8810	3896	9559
5715	2529	1853	3310	1334	4104	1064	4619
3330	2932	2200	3769	1630	4613	1330	5158
6506	9190	7853	10632	6739	12020	6114	12891
5915	5903	4842	7069	3977	8209	3500	8931
3905	23974	21783	26270	19899	28428	18813	29760
4130	28808	26401	31320	24323	33672	23121	35120
6930	3902	3049	4860	2371	5812	2006	6422
3825	9683	8310	11161	7163	12583	6517	13474
4120	4255	3362	5253	2648	6241	2262	6873
3816	4861	3903	5924	3130	6971	2709	7638
4210	6417	5309	7630	4400	8813	3898	9561
9016	2048	1445	2756	991	3484	761	3960
4005	2127	1511	2848	1046	3587	809	4070
4230	2253	1618	2993	1135	3750	888	4243
3815	11551	10046	13161	8781	14701	8064	15662
3705	39050	36239	41966	33797	44682	32377	46348
3900	32632	30067	35302	27847	37797	26559	39330
4110	38287	35504	41175	33088	43865	31683	45516
3416	3385	2594	4281	1972	5177	1641	5754
3413	1686	1144	2333	745	3006	547	3450
3706	4407	3498	5421	2768	6425	2373	7066
3600	74073	70182	78069	66767	81758	64765	84006
3415	5203	4210	6301	3406	7379	2966	8065
3320	6802	5659	8050	4720	9263	4199	10030
3505	27938	25568	30412	23524	32731	22342	34159
3414	3294	2515	4178	1903	5064	1578	5635
6900	2075	1467	2788	1010	3519	777	3998
2940	3204	2436	4077	1835	4952	1516	5517
2216	4759	3812	5811	3049	6848	2633	7510
3046	10899	9439	12464	8213	13964	7521	14902
2225	7211	6033	8494	5062	9739	4522	10525
3426	3650	2827	4578	2176	5503	1827	6098
3427	6583	5460	7811	4538	9007	4027	9763
3045	4986	4015	6062	3231	7120	2802	7794
3310	5485	4464	6611	3635	7714	3179	8415
3030	12442	10878	14111	9560	15704	8812	16697
3130	29332	26903	31866	24805	34238	23590	35698
3010	12024	10488	13665	9194	15234	8460	16212
3020	23753	21572	26039	19698	28187	18618	29513
3425	3614	2795	4538	2148	5459	1801	6051
2100	2785	2073	3602	1521	4428	1232	4963
1606	4058	3187	5034	2493	6002	2119	6622
2215	7253	6071	8540	5097	9788	4555	10576
1720	7815	6587	9148	5570	10439	5003	11252
3120	19345	17382	21413	15704	23365	14741	24574
1900	19034	17087	21086	15424	23023	14470	24223
3110	3671	2846	4601	2192	5529	1842	6125
3200	9604	8236	11077	7095	12493	6452	13380
1605	7950	6710	9294	5684	10595	5111	11414
2000	15605	13847	17468	12354	19235	11502	20333
1820	34183	31556	36915	29281	39464	27960	41031
1200	6631	5504	7863	4578	9063	4065	9822
1710	13792	12143	15546	10747	17216	9953	18256
1810	19967	17972	22067	16265	24048	15285	25274
900	12822	11234	14515	9893	16130	9132	17137
806	5141	4155	6232	3356	7305	2919	7988
1506	4850	3893	5912	3122	6958	2701	7624
1410	16670	14852	18593	13304	20415	12418	21546
1505	7513	6310	8821	5316	10090	4761	10889
1330	6107	5027	7292	4144	8449	3657	9182
1000	2402	1744	3165	1242	3941	982	4447
1320	5485	4464	6611	3635	7714	3179	8415
1420	18077	16181	20078	14564	21969	13637	23142
1130	4005	3140	4975	2452	5937	2080	6554
1116	9235	7895	10680	6778	12071	6150	12944
1310	7408	6213	8708	5227	9968	4678	10763
805	5701	4659	6848	3811	7970	3344	8682
1115	5362	4353	6476	3535	7568	3086	8263
205	14621	12921	16426	11481	18141	10659	19208
136	4809	3857	5866	3089	6908	2670	7573
1120	15520	13767	17378	12279	19141	11429	20236
705	4942	3976	6013	3196	7068	2769	7739
120	1599	1072	2231	687	2890	498	3325
325	7165	5991	8444	5023	9686	4485	10469
135	3503	2698	4413	2063	5323	1723	5907
706	3900	3048	4857	2370	5809	2005	6420
206	9095	7766	10529	6658	11911	6036	12778
2910	1150	711	1694	406	2274	264	2661
315	10188	8778	11703	7598	13157	6932	14068
2935	23130	20979	25386	19131	27508	18066	28818
605	4524	3602	5551	2861	6566	2459	7214
606	5744	4698	6895	3846	8021	3377	8735
506	8854	7543	10270	6452	11635	5840	12492
110	1311	839	1888	503	2498	343	2903
505	15501	13749	17358	12262	19119	11412	20214
2936	3171	2408	4039	1810	4911	1493	5474
405	4970	4001	6044	3218	7101	2790	7774
2926	3277	2500	4159	1890	5043	1566	5613
2925	3418	2623	4318	1998	5218	1664	5797
2927	1874	1299	2554	871	3256	656	3717
