faz_id mean lower_50 upper_50 lower_80 upper_80 lower_90 upper_90
8935	15761	14126	17486	12730	19116	11929	20126
8927	7365	6261	8558	5344	9709	4830	10433
8926	20509	18637	22470	17028	24313	16100	25450
8936	20552	18678	22515	17068	24360	16139	25498
8500	23170	21178	25252	19460	27203	18467	28405
8406	3317	2591	4132	2014	4944	1703	5463
8320	15882	14240	17613	12838	19249	12034	20262
8925	20503	18632	22464	17023	24306	16095	25444
8937	24643	22587	26788	20812	28797	19785	30034
8405	23533	21525	25631	19793	27596	18792	28807
8310	35147	32683	37701	30541	40077	29293	41533
8910	22300	20346	24343	18664	26260	17692	27441
7905	31525	29194	33946	27171	36202	25995	37587
7606	6292	5275	7398	4436	8471	3969	9148
7805	28799	26573	31115	24645	33277	23526	34605
8220	20421	18553	22378	16948	24217	16023	25352
8000	15755	14120	17479	12724	19109	11924	20119
8906	10670	9332	12097	8205	13459	7564	14308
8210	14684	13107	16350	11764	17928	10995	18906
9020	24011	21982	26129	20232	28114	19219	29336
8125	21485	19568	23491	17919	25375	16967	26536
8126	17336	15619	19143	14149	20846	13304	21901
8905	11934	10517	13441	9317	14874	8634	15767
7806	10508	9181	11925	8063	13277	7428	14121
7700	8615	7418	9902	6416	11137	5851	11911
7526	16444	14773	18205	13344	19867	12524	20896
7340	31978	29630	34416	27592	36688	26407	38082
7605	2195	1613	2867	1165	3548	932	3991
7537	29474	27221	31816	25269	34002	24136	35345
8115	35381	32909	37943	30759	40327	29507	41788
7335	39663	37043	42373	34760	44890	33428	46431
8600	22929	20947	25000	19240	26942	18252	28138
7425	35414	32941	37977	30790	40362	29537	41824
7535	32138	29784	34582	27740	36859	26552	38257
7525	18952	17155	20839	15612	22615	14724	23712
7436	6572	5532	7702	4672	8796	4192	9485
9019	21873	19939	23897	18273	25796	17312	26967
7026	11430	10044	12905	8873	14311	8206	15186
7205	15774	14138	17499	12741	19130	11940	20140
7515	6088	5089	7177	4265	8234	3807	8901
7320	33611	31202	36109	29110	38435	27893	39862
7206	18659	16876	20532	15347	22295	14466	23385
7315	21182	19279	23174	17642	25045	16697	26199
7435	9750	8473	11116	7400	12423	6793	13240
7316	23920	21895	26034	20148	28015	19138	29235
7025	22933	20951	25004	19243	26946	18256	28143
7415	14662	13086	16327	11744	17903	10976	18881
7100	32172	29817	34617	27772	36896	26583	38294
7015	18714	16928	20589	15396	22355	14515	23446
9908	3683	2916	4540	2301	5388	1968	5931
6410	52950	49916	56074	47259	58964	45705	60728
6420	45679	42864	48584	40405	51277	38969	52922
5535	35542	33064	38110	30909	40499	29654	41963
5600	18092	16337	19937	14833	21675	13968	22749
5546	21097	19198	23085	17565	24953	16622	26105
4706	14754	13173	16424	11826	18005	11055	18986
6605	15546	13922	17259	12537	18879	11742	19883
6910	7142	6056	8318	5154	9453	4650	10167
6606	8286	7113	9549	6133	10763	5581	11524
9909	8090	6931	9338	5964	10539	5420	11293
9011	13943	12408	15568	11102	17108	10355	18064
5525	16926	15230	18712	13779	20397	12945	21439
5515	31481	29151	33900	27130	36155	25955	37539
6326	25089	23014	27253	21222	29279	20185	30526
9914	22685	20714	24745	19016	26677	18035	27868
5545	19042	17240	20933	15694	22713	14804	23813
6223	29580	27323	31926	25367	34116	24232	35461
5306	25670	23571	27859	21757	29907	20706	31167
6325	37291	34752	39920	32541	42364	31254	43861
9009	6399	5373	7514	4526	8595	4054	9277
9006	16496	14822	18259	13391	19924	12570	20955
6225	22306	20352	24349	18669	26266	17697	27448
9018	24594	22540	26737	20767	28744	19741	29980
5425	44248	41478	47108	39060	49760	37648	51381
5305	30190	27910	32560	25933	34771	24784	36128
5426	24854	22789	27008	21006	29025	19974	30267
6226	33575	31168	36072	29076	38397	27860	39823
6126	14221	12670	15862	11350	17416	10595	18380
6224	23597	21586	25697	19852	27666	18849	28878
6216	16672	14989	18445	13550	20118	12723	21153
6316	30155	27876	32524	25900	34733	24753	36090
6215	23952	21926	26068	20178	28050	19166	29271
5100	8705	7501	9998	6494	11240	5926	12017
6213	19500	17676	21413	16110	23213	15208	24325
9005	8507	7318	9786	6323	11015	5763	11784
6124	27396	25226	29656	23348	31767	22259	33066
6125	10478	9153	11893	8036	13243	7403	14086
6214	377	162	682	45	1033	10	1277
5415	16944	15247	18731	13795	20416	12961	21460
5205	13974	12437	15601	11129	17142	10382	18099
9916	19005	17205	20895	15660	22673	14771	23772
9913	7938	6791	9175	5834	10366	5296	11113
9915	27168	25007	29418	23138	31522	22054	32815
4606	31156	28839	33563	26828	35807	25660	37184
6115	23691	21676	25795	19938	27767	18933	28982
4820	8723	7518	10018	6509	11260	5941	12038
9017	5050	4144	6046	3404	7019	2997	7636
6123	21428	19514	23432	17867	25313	16916	26473
6114	36536	34023	39139	31836	41559	30563	43042
4607	35098	32636	37650	30495	40025	29249	41480
6505	14941	13350	16621	11994	18212	11217	19198
5020	27177	25016	29428	23146	31532	22062	32825
6113	43719	40966	46562	38563	49199	37160	50811
5010	21049	19152	23035	17521	24901	16579	26051
6020	21226	19321	23220	17682	25093	16736	26248
4900	15908	14265	17641	12862	19278	12057	20292
6010	15328	13716	17030	12341	18639	11553	19636
4400	24548	22496	26689	20725	28695	19700	29929
9900	11878	10464	13381	9268	14812	8587	15702
9904	14834	13249	16509	11898	18093	11125	19076
9902	32427	30062	34881	28009	37169	26815	38572
4810	11214	9842	12676	8682	14069	8024	14937
5720	38783	36192	41463	33936	43953	32621	45478
9901	11743	10338	13238	9149	14661	8472	15547
5826	6671	5623	7809	4755	8910	4271	9604
5825	3726	2954	4588	2335	5440	2000	5985
5925	27336	25168	29593	23293	31703	22205	33000
9015	17260	15547	19063	14080	20763	13238	21815
4506	19213	17403	21113	15849	22900	14955	24004
4605	27676	25495	29947	23607	32069	22512	33373
9002	44779	41992	47655	39559	50323	38138	51953
4226	20824	18938	22800	17316	24656	16380	25801
4505	17472	15748	19286	14272	20996	13423	22053
4225	19890	18048	21822	16465	23639	15553	24760
5716	26570	24433	28796	22586	30877	21515	32157
5916	38362	35786	41028	33542	43505	32235	45022
4300	13274	11777	14861	10505	16366	9779	17301
5815	5396	4458	6424	3689	7426	3264	8060
9004	24604	22550	26748	20776	28755	19750	29991
5715	18304	16538	20159	15025	21907	14154	22987
3330	18051	16298	19894	14796	21630	13932	22703
6506	18869	17076	20752	15537	22524	14651	23620
5915	21582	19661	23593	18007	25480	17053	26644
3905	12166	10735	13687	9522	15133	8832	16033
4130	18997	17197	20886	15653	22664	14764	23763
6930	10721	9380	12151	8249	13516	7607	14367
3825	23248	21252	25333	19532	27288	18537	28492
4120	22800	20824	24865	19121	26802	18137	27996
3816	26486	24353	28709	22509	30787	21440	32065
4210	30884	28577	33280	26576	35515	25414	36887
9016	17920	16173	19756	14677	21486	13816	22556
4005	17415	15694	19226	14220	20933	13374	21989
4230	13818	12290	15436	10990	16969	10247	17922
3815	21384	19472	23386	17827	25265	16877	26424
3705	35141	32677	37694	30535	40070	29288	41527
3900	7745	6612	8967	5668	10145	5139	10884
4110	24250	22211	26379	20451	28372	19433	29600
3416	26195	24074	28406	22240	30473	21178	31745
3413	12959	11480	14527	10225	16016	9509	16942
3706	19222	17411	21122	15858	22910	14963	24014
3600	23719	21703	25825	19964	27798	18958	29013
3415	33700	31288	36201	29193	38531	27974	39959
3320	33356	30957	35845	28873	38163	27660	39584
3505	47521	44649	50483	42138	53227	40671	54904
3414	30137	27859	32505	25883	34714	24736	36070
6900	11546	10153	13029	8975	14441	8305	15320
2940	26841	24693	29078	22836	31170	21759	32456
2216	23070	21082	25147	19369	27095	18378	28295
3046	25843	23737	28039	21916	30093	20862	31357
2225	21264	19357	23260	17717	25134	16770	26291
3426	27069	24912	29315	23046	31415	21965	32706
3427	27076	24919	29323	23053	31423	21971	32714
3045	31364	29039	33779	27021	36030	25849	37412
3310	30391	28103	32769	26119	34987	24967	36348
3030	54112	51044	57270	48357	60190	46785	61972
3130	17782	16042	19611	14552	21335	13695	22401
3010	47687	44810	50654	42295	53403	40825	55082
3020	25869	23761	28066	21940	30121	20885	31386
3425	24948	22879	27106	21093	29127	20058	30371
2100	22099	20154	24133	18480	26042	17513	27218
1606	13565	12051	15168	10765	16689	10029	17633
2215	19975	18128	21911	16542	23731	15628	24855
1720	29042	26806	31367	24869	33538	23745	34872
3120	28968	26735	31290	24801	33458	23678	34790
1900	888	534	1332	292	1808	182	2127
3110	10270	8959	11671	7854	13009	7228	13845
3200	25221	23141	27391	21344	29422	20303	30672
1605	17679	15944	19503	14459	21222	13605	22286
2000	15203	13598	16898	12229	18501	11444	19494
1820	8150	6987	9403	6016	10608	5469	11363
1200	20386	18520	22341	16916	24179	15992	25313
1710	24979	22909	27139	21121	29160	20086	30405
1810	4965	4067	5953	3335	6919	2931	7532
900	12046	10622	13559	9416	14999	8730	15895
806	42216	39511	45010	37152	47603	35775	49190
1506	24397	22352	26532	20586	28531	19565	29762
1410	12707	11243	14260	10002	15736	9294	16653
1505	23008	21023	25083	19312	27028	18323	28226
1330	24525	22474	26665	20704	28670	19679	29904
1000	10497	9171	11913	8053	13264	7419	14108
1320	18340	16573	20197	15057	21946	14186	23027
1420	16343	14677	18098	13253	19756	12436	20783
1130	6991	5917	8155	5026	9279	4528	9987
1116	20084	18232	22025	16641	23850	15724	24977
1310	28517	26302	30822	24384	32974	23271	34296
805	26749	24605	28982	22751	31070	21676	32354
1115	18835	17043	20716	15506	22487	14621	23581
205	13491	11981	15090	10699	16607	9966	17549
136	11771	10364	13268	9173	14692	8496	15579
1120	41604	38919	44378	36578	46953	35212	48529
705	28413	26202	30713	24288	32862	23177	34182
120	13106	11619	14683	10356	16179	9635	17110
325	27328	25161	29585	23285	31694	22198	32991
135	18072	16318	19916	14815	21653	13950	22727
706	16883	15189	18667	13740	20349	12908	21391
206	13839	12310	15458	11009	16993	10265	17946
2910	4641	3774	5597	3070	6535	2684	7131
315	16011	14363	17749	12955	19391	12147	20408
2935	10367	9049	11774	7939	13118	7310	13957
605	29319	27072	31655	25126	33836	23996	35175
606	32911	30528	35383	28459	37687	27255	39099
506	35025	32565	37574	30427	39947	29182	41401
110	5160	4244	6166	3495	7149	3081	7771
505	65084	61715	68543	58757	71734	57022	73678
2936	8577	7382	9861	6383	11094	5820	11867
405	34442	32003	36970	29884	39324	28650	40767
2926	28983	26750	31306	24815	33475	23692	34807
2925	21858	19924	23881	18260	25780	17298	26951
2927	13851	12321	15471	11019	17006	10276	17959
