faz_id mean lower_50 upper_50 lower_80 upper_80 lower_90 upper_90
8935	4428	3839	5059	3345	5663	3065	6041
8927	1157	866	1490	640	1825	522	2042
8926	1794	1427	2203	1132	2608	972	2866
8936	3099	2610	3630	2205	4144	1979	4468
8500	10985	10045	11967	9235	12886	8767	13453
8406	250	126	416	50	601	21	728
8320	8214	7404	9066	6711	9868	6313	10365
8925	2304	1885	2765	1544	3216	1356	3502
8937	7236	6477	8037	5830	8793	5459	9263
8405	849	603	1137	417	1432	323	1625
8310	9800	8914	10728	8152	11600	7712	12138
8910	2832	2365	3341	1981	3835	1767	4147
7905	4523	3928	5160	3427	5770	3144	6151
7606	718	493	985	327	1261	244	1442
7805	2934	2459	3451	2066	3953	1848	4270
8220	11564	10599	12571	9767	13513	9285	14093
8000	37788	36028	39590	34478	41250	33567	42259
8906	1293	984	1644	743	1995	614	2222
8210	19814	18545	21125	17438	22342	16792	23086
9020	3816	3271	4403	2816	4968	2560	5322
8125	5575	4912	6280	4350	6951	4031	7369
8126	7511	6738	8326	6077	9096	5698	9573
8905	993	725	1303	520	1618	413	1822
7806	1551	1211	1933	941	2313	796	2556
7700	5465	4809	6163	4253	6828	3937	7243
7526	9138	8283	10035	7549	10879	7126	11400
7340	3851	3303	4441	2846	5008	2589	5363
7605	1049	773	1367	561	1689	450	1898
7537	14013	12949	15119	12027	16151	11492	16784
8115	9861	8972	10792	8207	11666	7766	12206
7335	10034	9137	10973	8365	11855	7920	12398
8600	11233	10283	12225	9463	13155	8989	13727
7425	4006	3447	4607	2979	5184	2716	5546
7535	5079	4447	5753	3914	6396	3611	6797
7525	2368	1943	2835	1596	3291	1405	3581
7436	2307	1888	2768	1546	3219	1358	3506
9019	5039	4409	5711	3878	6351	3577	6751
7026	1582	1238	1968	965	2351	818	2596
7205	7601	6823	8421	6158	9195	5777	9675
7515	7418	6650	8228	5994	8994	5617	9468
7320	7781	6994	8610	6320	9393	5934	9878
7206	17336	16150	18564	15118	19705	14517	20404
7315	4430	3841	5061	3347	5665	3067	6043
7435	3799	3255	4385	2801	4948	2546	5302
7316	4425	3836	5056	3342	5659	3063	6037
7025	10455	9539	11413	8750	12312	8294	12866
7415	12495	11492	13540	10624	14518	10121	15119
7100	8981	8133	9870	7406	10708	6987	11225
7015	5319	4672	6008	4125	6665	3813	7074
9908	4288	3709	4909	3223	5504	2949	5877
6410	15353	14238	16510	13271	17587	12708	18248
6420	9144	8289	10041	7554	10885	7131	11407
5535	5662	4993	6373	4427	7048	4105	7469
5600	14201	13130	15314	12201	16353	11662	16990
5546	12282	11287	13319	10428	14288	9929	14885
4706	2487	2051	2965	1694	3431	1497	3727
6605	2496	2059	2975	1702	3442	1504	3738
6910	812	572	1094	392	1384	300	1574
6606	1521	1185	1899	918	2276	774	2518
9909	1375	1056	1736	805	2097	671	2329
9011	6283	5578	7030	4978	7739	4636	8180
5525	6849	6112	7628	5483	8366	5124	8824
5515	5802	5125	6521	4551	7205	4224	7630
6326	11648	10680	12658	9844	13604	9360	14186
9914	3775	3233	4359	2781	4921	2526	5274
5545	4386	3800	5014	3308	5615	3030	5992
6223	7683	6901	8507	6232	9286	5848	9768
5306	18770	17535	20047	16460	21232	15832	21958
6325	7693	6910	8518	6241	9297	5857	9779
9009	2385	1958	2854	1610	3311	1418	3602
9006	1594	1249	1981	974	2365	826	2612
6225	16389	15237	17583	14235	18695	13652	19376
9018	11432	10473	12433	9646	13370	9167	13947
5425	29358	27809	30949	26449	32418	25652	33313
5305	22309	20961	23699	19783	24986	19095	25773
5426	14912	13814	16052	12861	17115	12307	17767
6226	6739	6008	7512	5385	8245	5029	8699
6126	2947	2470	3466	2077	3968	1858	4286
6224	7882	7089	8717	6411	9504	6022	9992
6216	9631	8753	10551	7997	11416	7562	11950
6316	19036	17793	20321	16709	21515	16076	22245
6215	15018	13916	16162	12959	17228	12403	17883
5100	1654	1302	2048	1021	2438	870	2688
6213	16035	14896	17216	13905	18316	13329	18991
9005	467	290	686	166	919	109	1075
6124	12967	11944	14032	11059	15026	10546	15638
6125	10630	9706	11596	8910	12502	8450	13060
6214	29447	27895	31041	26534	32512	25736	33408
5415	62490	60220	64802	58212	66920	57026	68204
5205	34955	33263	36689	31774	38287	30900	39260
9916	2219	1808	2672	1474	3115	1291	3397
9913	5621	4955	6329	4391	7003	4070	7422
9915	3216	2717	3757	2304	4280	2073	4609
4606	3546	3021	4113	2585	4659	2340	5002
6115	9182	8325	10081	7589	10927	7165	11449
4820	6179	5480	6920	4886	7624	4547	8061
9017	260	133	429	55	617	24	745
6123	55968	53821	58157	51923	60165	50804	61382
6114	19753	18486	21062	17381	22277	16736	23020
4607	6137	5440	6876	4848	7577	4511	8013
6505	3142	2649	3677	2242	4194	2014	4520
5020	9103	8250	9998	7517	10841	7095	11361
6113	41143	39305	43023	37686	44752	36733	45803
5010	16689	15526	17894	14515	19015	13926	19702
6020	53344	51248	55482	49397	57443	48306	58632
4900	52633	50552	54756	48713	56705	47629	57887
6010	116745	113635	119897	110869	122772	109231	124509
4400	9411	8543	10321	7797	11177	7367	11705
9900	2041	1648	2476	1330	2904	1156	3176
9904	6944	6201	7729	5568	8471	5206	8932
9902	22477	21124	23872	19941	25164	19250	25954
4810	7617	6838	8438	6173	9213	5791	9693
5720	11792	10818	12808	9976	13759	9489	14345
9901	4383	3797	5011	3306	5612	3028	5988
5826	8151	7345	8999	6654	9799	6258	10294
5825	49077	47068	51128	45294	53012	44249	54155
5925	19673	18409	20979	17306	22192	16662	22934
9015	1871	1496	2288	1193	2700	1029	2963
4506	31766	30154	33420	28737	34946	27906	35875
4605	17665	16468	18904	15426	20056	14819	20761
9002	9782	8897	10709	8135	11581	7696	12118
4226	3210	2712	3750	2299	4273	2068	4602
4505	1428	1103	1795	846	2162	708	2398
4225	3266	2763	3811	2346	4337	2113	4669
5716	7940	7144	8778	6464	9568	6073	10057
5916	7892	7099	8727	6420	9515	6031	10003
4300	14920	13822	16060	12868	17123	12314	17776
5815	27571	26070	29114	24755	30539	23984	31408
9004	5194	4555	5875	4015	6525	3708	6930
5715	2280	1863	2739	1524	3188	1337	3472
3330	2693	2238	3190	1865	3673	1658	3978
6506	5865	5184	6588	4607	7275	4278	7702
5915	5157	4520	5836	3982	6484	3677	6887
3905	20739	19440	22080	18306	23323	17644	24083
4130	24611	23194	26070	21954	27419	21229	28243
6930	3560	3034	4128	2597	4675	2351	5019
3825	8680	7847	9555	7133	10379	6722	10888
4120	3481	2961	4043	2529	4585	2287	4925
3816	4472	3880	5106	3383	5713	3102	6092
4210	5355	4705	6047	4156	6705	3844	7116
9016	1861	1487	2277	1185	2688	1022	2950
4005	1749	1387	2153	1096	2553	939	2809
4230	2099	1700	2540	1377	2973	1200	3248
3815	10209	9304	11156	8525	12045	8075	12593
3705	33522	31865	35221	30409	36787	29554	37740
3900	26387	24919	27897	23633	29292	22880	30143
4110	36154	34432	37918	32918	39542	32028	40530
3416	3312	2806	3860	2385	4390	2150	4724
3413	1502	1168	1878	903	2253	761	2493
3706	4171	3600	4784	3122	5372	2852	5740
3600	52716	50633	54841	48793	56791	47708	57974
3415	4902	4281	5565	3758	6197	3462	6592
3320	5435	4780	6132	4227	6795	3912	7208
3505	20773	19473	22115	18338	23359	17676	24120
3414	3069	2582	3598	2180	4110	1955	4432
6900	1963	1578	2390	1267	2811	1097	3078
2940	2990	2510	3512	2113	4018	1892	4337
2216	4168	3597	4781	3119	5368	2850	5736
3046	8201	7392	9052	6699	9854	6301	10351
2225	6667	5940	7436	5321	8165	4967	8617
3426	3134	2642	3668	2235	4185	2007	4510
3427	6140	5443	6879	4851	7581	4513	8017
3045	4573	3974	5214	3471	5827	3186	6210
3310	4112	3545	4721	3071	5305	2803	5671
3030	9987	9092	10924	8322	11804	7878	12346
3130	24375	22965	25827	21731	27170	21010	27990
3010	10913	9977	11891	9169	12808	8703	13373
3020	22598	21241	23997	20055	25292	19362	26084
3425	3297	2792	3844	2373	4373	2138	4706
2100	2452	2019	2927	1665	3390	1470	3684
1606	2968	2490	3488	2095	3993	1875	4311
2215	7081	6331	7873	5691	8623	5325	9087
1720	7269	6509	8071	5860	8830	5488	9300
3120	17027	15852	18244	14830	19376	14235	20069
1900	14667	13578	15798	12633	16852	12084	17499
3110	3113	2623	3645	2217	4161	1991	4485
3200	8687	7854	9562	7139	10386	6728	10896
1605	7413	6645	8223	5989	8989	5613	9463
2000	14659	13570	15790	12626	16844	12077	17491
1820	23861	22466	25298	21246	26627	20533	27439
1200	5491	4833	6191	4276	6858	3959	7273
1710	12171	11181	13203	10325	14168	9830	14762
1810	13671	12620	14764	11710	15783	11182	16410
900	11525	10562	12530	9731	13471	9250	14050
806	4240	3664	4858	3182	5450	2909	5821
1506	4049	3487	4653	3017	5233	2751	5597
1410	15079	13975	16225	13016	17294	12459	17949
1505	6121	5425	6859	4834	7560	4497	7995
1330	5702	5031	6415	4463	7093	4139	7515
1000	2272	1856	2730	1518	3178	1331	3463
1320	4993	4366	5662	3838	6300	3538	6698
1420	14216	13144	15330	12215	16369	11675	17006
1130	3357	2847	3909	2424	4442	2187	4777
1116	8243	7432	9096	6737	9900	6338	10398
1310	6555	5834	7318	5221	8041	4870	8490
805	5164	4526	5844	3988	6492	3682	6895
1115	4748	4138	5400	3624	6024	3332	6413
205	13751	12697	14847	11784	15869	11254	16498
136	4710	4102	5360	3590	5981	3301	6369
1120	12842	11824	13902	10944	14892	10433	15500
705	2879	2408	3392	2020	3889	1804	4203
120	1426	1101	1793	844	2160	707	2395
325	6119	5423	6857	4832	7557	4495	7993
135	3256	2754	3800	2338	4326	2105	4657
706	3663	3129	4239	2685	4793	2435	5141
206	8135	7329	8983	6640	9782	6244	10276
2910	915	659	1213	464	1518	364	1716
315	7633	6853	8455	6187	9231	5805	9711
2935	20527	19235	21861	18107	23098	17449	23855
605	4016	3456	4618	2988	5196	2724	5558
606	4608	4007	5251	3501	5866	3215	6251
506	4653	4049	5299	3541	5917	3253	6303
110	1136	848	1466	625	1799	507	2014
505	9742	8858	10668	8099	11537	7660	12074
2936	3088	2600	3618	2196	4132	1971	4455
405	3914	3362	4508	2900	5080	2640	5438
2926	2592	2146	3080	1781	3555	1579	3855
2925	2484	2048	2962	1692	3428	1495	3723
2927	1661	1308	2055	1027	2447	875	2697
