faz_id mean lower_50 upper_50 lower_80 upper_80 lower_90 upper_90
8935	4825	4209	5483	3691	6111	3397	6503
8927	1162	871	1495	644	1832	525	2049
8926	2092	1694	2532	1371	2965	1194	3239
8936	3332	2824	3882	2402	4413	2166	4747
8500	12109	11122	13138	10268	14102	9774	14694
8406	243	121	407	47	590	19	716
8320	9571	8695	10489	7943	11351	7509	11883
8925	2460	2026	2936	1672	3400	1476	3694
8937	7187	6431	7985	5786	8739	5417	9207
8405	871	622	1162	433	1461	336	1656
8310	10295	9386	11246	8604	12138	8152	12688
8910	2869	2399	3381	2012	3878	1796	4191
7905	4809	4194	5466	3677	6093	3384	6484
7606	735	508	1004	339	1283	254	1466
7805	3133	2641	3667	2234	4184	2007	4509
8220	12106	11119	13135	10265	14098	9771	14691
8000	37847	36085	39651	34534	41311	33623	42321
8906	1288	980	1638	739	1989	611	2215
8210	21644	20317	23013	19157	24282	18480	25058
9020	3975	3418	4574	2953	5149	2690	5509
8125	5796	5119	6515	4546	7198	4219	7623
8126	7654	6873	8477	6206	9254	5823	9735
8905	996	728	1306	522	1622	415	1826
7806	1591	1246	1978	972	2362	824	2608
7700	5512	4853	6213	4295	6881	3977	7297
7526	9582	8706	10500	7953	11363	7519	11895
7340	3943	3389	4539	2925	5113	2664	5472
7605	1234	933	1577	698	1922	574	2144
7537	14669	13580	15800	12635	16854	12086	17502
8115	10065	9167	11005	8393	11888	7947	12433
7335	10493	9575	11453	8785	12353	8328	12908
8600	11710	10739	12723	9901	13671	9416	14254
7425	4049	3487	4653	3017	5233	2751	5597
7535	5456	4800	6154	4245	6818	3930	7232
7525	2415	1986	2886	1635	3347	1441	3639
7436	2360	1936	2826	1590	3282	1399	3571
9019	5181	4542	5862	4003	6511	3697	6915
7026	1607	1261	1995	985	2381	836	2628
7205	7749	6963	8577	6292	9358	5906	9842
7515	7764	6977	8593	6305	9375	5919	9859
7320	8444	7623	9307	6919	10120	6515	10623
7206	18851	17614	20130	16535	21318	15906	22045
7315	4547	3950	5186	3448	5797	3164	6179
7435	4210	3636	4826	3156	5416	2884	5786
7316	4571	3972	5212	3469	5824	3184	6207
7025	11538	10575	12543	9743	13485	9262	14064
7415	12922	11901	13985	11018	14978	10506	15588
7100	9840	8952	10770	8188	11644	7747	12183
7015	5373	4722	6066	4172	6726	3859	7137
9908	4420	3832	5050	3338	5654	3059	6031
6410	15163	14056	16312	13094	17384	12535	18041
6420	9065	8213	9959	7482	10799	7061	11318
5535	5742	5069	6457	4498	7138	4173	7561
5600	14646	13558	15776	12614	16830	12065	17476
5546	12507	11503	13553	10635	14531	10132	15132
4706	2544	2103	3027	1741	3498	1541	3797
6605	2524	2085	3005	1725	3475	1526	3772
6910	874	624	1166	435	1465	338	1660
6606	1572	1230	1956	957	2338	811	2583
9909	1398	1076	1762	823	2125	687	2359
9011	6320	5612	7070	5011	7781	4668	8222
5525	6908	6167	7691	5536	8432	5175	8891
5515	5916	5232	6642	4652	7332	4321	7760
6326	12241	11248	13276	10390	14244	9892	14839
9914	3986	3428	4586	2962	5162	2700	5522
5545	4545	3948	5184	3447	5795	3163	6177
6223	8031	7231	8873	6546	9668	6152	10159
5306	19315	18062	20610	16970	21812	16333	22547
6325	8391	7573	9251	6871	10062	6468	10564
9009	2415	1986	2886	1635	3347	1441	3639
9006	1833	1462	2246	1163	2655	1001	2915
6225	16688	15525	17893	14514	19014	13925	19701
9018	11748	10776	12762	9936	13712	9450	14296
5425	30593	29011	32217	27622	33715	26808	34628
5305	23374	21994	24796	20787	26113	20081	26917
5426	16450	15296	17646	14292	18760	13708	19442
6226	6828	6092	7606	5465	8343	5106	8800
6126	3013	2531	3537	2133	4045	1911	4365
6224	7944	7148	8782	6467	9572	6076	10062
6216	9951	9058	10886	8289	11764	7846	12306
6316	19216	17967	20507	16877	21706	16242	22440
6215	15482	14363	16643	13391	17725	12825	18389
5100	1686	1331	2083	1047	2477	893	2729
6213	15985	14847	17165	13859	18263	13283	18936
9005	474	295	695	171	929	112	1086
6124	13114	12086	14184	11195	15184	10679	15799
6125	11023	10082	12006	9270	12928	8801	13495
6214	29870	28307	31475	26936	32956	26131	33859
5415	63705	61413	66039	59385	68177	58187	69473
5205	36712	34977	38489	33451	40125	32553	41120
9916	2245	1832	2700	1496	3146	1311	3429
9913	5658	4990	6368	4424	7044	4101	7465
9915	3238	2738	3780	2323	4305	2091	4635
4606	3533	3009	4099	2574	4644	2329	4987
6115	9215	8356	10116	7619	10963	7194	11486
4820	6282	5577	7029	4977	7738	4635	8179
9017	272	142	444	61	635	28	766
6123	60575	58340	62852	56364	64938	55198	66202
6114	20357	19070	21686	17948	22918	17292	23672
4607	6737	6006	7510	5383	8242	5027	8697
6505	3169	2674	3706	2264	4225	2035	4552
5020	9471	8600	10384	7852	11242	7420	11772
6113	41694	39844	43586	38213	45326	37254	46384
5010	16910	15739	18123	14721	19251	14128	19942
6020	65010	62694	67368	60645	69527	59435	70835
4900	56697	54536	58900	52625	60920	51499	62145
6010	125369	122145	128635	119278	131612	117578	133410
4400	9645	8766	10566	8010	11431	7574	11966
9900	2260	1845	2717	1508	3164	1322	3448
9904	7022	6275	7811	5638	8557	5274	9020
9902	23085	21714	24498	20514	25807	19813	26607
4810	7942	7146	8780	6466	9570	6075	10059
5720	12061	11076	13088	10224	14050	9731	14641
9901	4705	4097	5355	3586	5976	3296	6363
5826	8149	7343	8997	6652	9797	6256	10292
5825	51502	49443	53603	47625	55531	46553	56700
5925	20455	19165	21787	18040	23022	17383	23777
9015	1936	1554	2360	1245	2778	1077	3045
4506	31958	30341	33617	28920	35148	28086	36080
4605	20247	18964	21572	17844	22801	17191	23553
9002	9970	9076	10906	8307	11785	7863	12327
4226	3539	3015	4105	2579	4651	2334	4994
4505	1468	1138	1840	876	2211	736	2450
4225	3357	2847	3909	2424	4442	2187	4777
5716	8180	7372	9030	6681	9831	6283	10327
5916	7992	7194	8832	6511	9625	6118	10116
4300	16312	15163	17503	14163	18612	13582	19292
5815	28139	26623	29697	25293	31137	24514	32014
9004	5519	4859	6221	4301	6889	3983	7305
5715	2303	1884	2764	1543	3215	1355	3501
3330	2899	2427	3413	2037	3913	1820	4228
6506	6534	5814	7296	5202	8018	4852	8466
5915	5258	4614	5944	4071	6597	3762	7004
3905	21832	20499	23207	19334	24481	18654	25260
4130	25481	24039	26965	22776	28337	22037	29175
6930	3621	3091	4193	2649	4745	2401	5091
3825	8657	7825	9531	7112	10353	6702	10862
4120	3667	3133	4243	2688	4798	2438	5146
3816	4594	3994	5236	3489	5850	3204	6234
4210	6112	5417	6849	4826	7550	4489	7985
9016	1894	1516	2314	1212	2728	1046	2992
4005	1929	1547	2353	1240	2770	1072	3036
4230	2131	1729	2575	1403	3011	1224	3288
3815	10484	9567	11443	8776	12343	8320	12898
3705	34860	33170	36592	31684	38188	30811	39159
3900	27347	25852	28884	24542	30303	23775	31169
4110	36625	34892	38400	33367	40034	32472	41028
3416	3163	2669	3699	2259	4218	2031	4545
3413	1525	1188	1904	921	2281	777	2523
3706	4340	3757	4965	3268	5563	2992	5938
3600	57711	55530	59934	53603	61971	52465	63207
3415	5046	4416	5718	3885	6359	3583	6759
3320	5776	5100	6493	4528	7176	4202	7600
3505	22582	21226	23980	20040	25275	19347	26066
3414	3153	2659	3689	2251	4207	2023	4533
6900	1977	1591	2405	1278	2827	1108	3096
2940	3014	2532	3538	2134	4046	1912	4366
2216	4390	3804	5018	3312	5620	3034	5996
3046	8560	7733	9429	7024	10247	6617	10753
2225	7003	6257	7791	5621	8536	5257	8999
3426	3383	2871	3937	2446	4472	2208	4808
3427	6259	5555	7005	4957	7713	4615	8153
3045	4761	4150	5414	3635	6039	3343	6429
3310	4453	3862	5086	3367	5691	3086	6070
3030	10691	9764	11660	8966	12568	8504	13128
3130	25480	24038	26964	22776	28336	22036	29174
3010	11181	10233	12171	9415	13099	8942	13670
3020	22976	21608	24386	20412	25692	19712	26490
3425	3386	2874	3940	2448	4475	2210	4812
2100	2638	2188	3130	1819	3608	1615	3911
1606	3582	3055	4151	2615	4700	2369	5045
2215	7167	6412	7964	5768	8717	5399	9185
1720	7396	6629	8205	5974	8970	5598	9444
3120	17610	16415	18847	15374	19997	14768	20702
1900	16004	14866	17184	13876	18283	13301	18957
3110	3250	2749	3793	2333	4319	2100	4649
3200	9192	8334	10092	7598	10938	7174	11460
1605	7545	6770	8362	6108	9134	5728	9612
2000	15139	14032	16288	13072	17358	12513	18015
1820	26206	24743	27711	23462	29102	22712	29950
1200	5817	5139	6537	4564	7221	4237	7647
1710	12479	11476	13524	10609	14501	10107	15101
1810	14590	13504	15718	12562	16770	12015	17415
900	11891	10913	12911	10067	13866	9578	14454
806	4479	3887	5113	3389	5721	3108	6100
1506	4210	3636	4826	3156	5416	2884	5786
1410	15708	14580	16878	13601	17967	13031	18635
1505	6932	6190	7716	5558	8458	5196	8918
1330	5812	5134	6532	4560	7216	4233	7641
1000	2286	1869	2745	1529	3195	1342	3480
1320	5064	4433	5737	3900	6379	3598	6780
1420	14829	13734	15966	12784	17026	12232	17676
1130	3538	3014	4104	2578	4650	2333	4993
1116	8452	7630	9316	6927	10129	6522	10632
1310	6622	5897	7389	5280	8115	4928	8566
805	5468	4811	6167	4256	6832	3940	7246
1115	4780	4167	5435	3652	6060	3359	6451
205	13914	12854	15016	11935	16044	11402	16676
136	4728	4119	5379	3606	6002	3316	6390
1120	13320	12283	14399	11386	15406	10865	16025
705	3278	2774	3824	2357	4351	2123	4683
120	1501	1167	1877	902	2252	760	2492
325	6221	5519	6965	4923	7671	4583	8109
135	3324	2817	3873	2396	4404	2160	4738
706	3705	3168	4284	2721	4841	2469	5191
206	8223	7413	9075	6719	9878	6321	10375
2910	1052	776	1370	563	1693	452	1902
315	8423	7603	9285	6900	10097	6496	10600
2935	21737	20407	23109	19245	24381	18566	25158
605	4128	3560	4738	3085	5323	2817	5689
606	4862	4244	5522	3723	6152	3428	6546
506	5105	4471	5781	3936	6425	3633	6827
110	1181	887	1517	658	1855	538	2074
505	10935	9998	11914	9189	12832	8722	13398
2936	3084	2596	3614	2193	4127	1967	4450
405	4183	3611	4797	3132	5385	2862	5754
2926	2820	2354	3328	1971	3821	1758	4132
2925	2731	2273	3231	1897	3717	1688	4024
2927	1751	1389	2155	1098	2556	940	2811
