faz_id mean lower_50 upper_50 lower_80 upper_80 lower_90 upper_90
8935	6083	5698	6481	5362	6850	5166	7075
8927	2680	2427	2946	2209	3196	2084	3351
8926	7641	7209	8086	6830	8497	6608	8748
8936	7751	7316	8199	6934	8613	6711	8866
8500	9000	8530	9482	8118	9927	7876	10199
8406	1206	1038	1387	898	1560	818	1669
8320	5801	5425	6189	5097	6550	4906	6771
8925	7575	7145	8018	6768	8428	6547	8678
8937	8971	8502	9453	8090	9897	7849	10168
8405	8077	7632	8534	7243	8957	7014	9215
8310	13854	13270	14451	12754	14999	12451	15332
8910	8271	7821	8734	7426	9161	7195	9422
7905	11296	10769	11836	10305	12332	10033	12634
7606	2238	2007	2482	1810	2712	1696	2855
7805	10173	9673	10685	9234	11158	8976	11445
8220	9888	9395	10393	8962	10859	8708	11143
8000	6315	5923	6720	5580	7096	5380	7325
8906	3788	3485	4103	3224	4398	3072	4579
8210	7661	7228	8106	6849	8518	6627	8770
9020	9464	8982	9958	8559	10414	8311	10692
8125	8536	8079	9006	7678	9440	7443	9704
8126	7500	7072	7941	6697	8349	6477	8597
8905	4282	3960	4617	3681	4929	3518	5120
7806	3787	3485	4102	3223	4397	3071	4578
7700	3655	3358	3965	3101	4254	2952	4432
7526	6512	6113	6923	5765	7304	5562	7537
7340	11440	10910	11983	10443	12483	10168	12787
7605	800	664	948	553	1092	491	1184
7537	13020	12454	13599	11955	14131	11661	14454
8115	15982	15354	16623	14799	17210	14472	17567
7335	15910	15283	16549	14730	17136	14404	17491
8600	8235	7786	8697	7392	9123	7162	9383
7425	11940	11398	12495	10921	13005	10640	13315
7535	14323	13729	14930	13204	15487	12896	15825
7525	7426	7000	7865	6627	8271	6409	8518
7436	2337	2101	2586	1899	2821	1783	2966
9019	8445	7990	8912	7591	9344	7358	9607
7026	4357	4032	4694	3750	5009	3587	5202
7205	6453	6056	6862	5710	7242	5507	7474
7515	2434	2193	2688	1986	2927	1868	3075
7320	12563	12007	13132	11517	13655	11229	13972
7206	8289	7838	8752	7443	9180	7212	9441
7315	7906	7466	8358	7081	8777	6855	9032
7435	3474	3185	3776	2935	4059	2790	4233
7316	8754	8291	9230	7884	9669	7646	9937
7025	10529	10020	11050	9573	11530	9310	11822
7415	5304	4945	5676	4632	6021	4450	6233
7100	14328	13734	14935	13209	15492	12900	15831
7015	7978	7536	8432	7149	8853	6922	9109
9908	1152	988	1329	851	1498	774	1605
6410	23486	22723	24261	22047	24970	21648	25399
6420	19781	19082	20493	18462	21145	18097	21540
5535	14283	13690	14889	13166	15445	12858	15783
5600	7290	6868	7725	6498	8127	6282	8373
5546	8262	7812	8724	7418	9152	7187	9412
4706	5562	5194	5943	4874	6296	4687	6512
6605	5514	5148	5893	4829	6245	4643	6460
6910	2694	2440	2961	2222	3212	2096	3367
6606	3092	2819	3377	2584	3645	2449	3810
9909	3015	2746	3297	2514	3561	2380	3725
9011	5899	5520	6291	5189	6654	4996	6877
5525	6988	6575	7414	6214	7808	6002	8049
5515	12544	11988	13112	11499	13635	11211	13952
6326	12237	11688	12798	11205	13315	10920	13628
9914	8603	8144	9075	7741	9510	7505	9776
5545	6739	6333	7157	5979	7545	5772	7781
6223	14115	13525	14717	13005	15271	12698	15607
5306	11462	10931	12005	10464	12506	10189	12810
6325	17035	16386	17696	15813	18302	15475	18670
9009	2458	2216	2713	2008	2954	1889	3102
9006	6110	5724	6509	5387	6878	5191	7104
6225	11534	11001	12079	10533	12581	10257	12886
9018	10279	9777	10794	9335	11269	9075	11557
5425	18745	18064	19438	17462	20073	17107	20458
5305	13278	12706	13862	12202	14400	11905	14726
5426	9436	8955	9930	8532	10385	8284	10662
6226	14886	14280	15504	13745	16072	13430	16417
6126	6132	5745	6531	5408	6902	5211	7128
6224	11371	10842	11912	10377	12411	10103	12714
6216	7017	6603	7444	6241	7839	6029	8080
6316	15668	15046	16302	14497	16884	14173	17238
6215	12160	11613	12720	11131	13234	10848	13547
5100	3100	2827	3386	2592	3654	2456	3819
6213	10342	9838	10859	9395	11335	9135	11624
9005	3198	2921	3488	2681	3760	2543	3928
6124	14817	14213	15434	13679	16001	13365	16344
6125	5618	5248	6000	4926	6356	4738	6573
6214	238	167	322	114	408	87	464
5415	7044	6629	7471	6266	7867	6054	8109
5205	6325	5932	6730	5589	7106	5389	7336
9916	7559	7129	8002	6753	8411	6532	8661
9913	3620	3324	3928	3069	4217	2921	4394
9915	10767	10253	11294	9800	11779	9534	12075
4606	10931	10413	11462	9957	11951	9689	12248
6115	11844	11304	12396	10829	12905	10549	13214
4820	3816	3512	4132	3250	4428	3097	4610
9017	1958	1742	2186	1559	2403	1454	2537
6123	13355	12781	13941	12276	14480	11978	14807
6114	18250	17578	18934	16984	19561	16634	19941
4607	12205	11657	12766	11174	13281	10890	13595
6505	5223	4867	5592	4557	5935	4376	6145
5020	11044	10523	11578	10065	12069	9795	12368
6113	27827	26996	28670	26259	29441	25823	29906
5010	9109	8636	9594	8222	10042	7978	10315
6020	13998	13411	14598	12892	15149	12587	15484
4900	9439	8958	9933	8535	10388	8287	10666
6010	9790	9300	10293	8869	10756	8616	11039
4400	9739	9250	10240	8821	10703	8569	10984
9900	5067	4716	5430	4411	5769	4233	5976
9904	6504	6106	6915	5758	7296	5554	7529
9902	14412	13816	15021	13290	15580	12980	15919
4810	4817	4475	5172	4178	5502	4005	5704
5720	19344	18652	20048	18040	20693	17679	21084
9901	4498	4168	4841	3881	5160	3715	5356
5826	3450	3162	3751	2913	4033	2769	4206
5825	2039	1819	2272	1631	2492	1524	2629
5925	12069	11524	12627	11044	13139	10762	13451
9015	6602	6201	7016	5850	7400	5645	7634
4506	7943	7502	8396	7116	8816	6890	9071
4605	10870	10353	11399	9898	11887	9631	12184
9002	18418	17743	19105	17147	19735	16794	20117
4226	7934	7493	8387	7107	8806	6881	9062
4505	6146	5759	6546	5421	6916	5224	7143
4225	7552	7122	7994	6746	8403	6526	8653
5716	11414	10884	11956	10418	12456	10144	12759
5916	15224	14611	15849	14070	16423	13751	16772
4300	5703	5330	6088	5006	6446	4816	6665
5815	2310	2075	2557	1874	2791	1759	2936
9004	9155	8681	9641	8265	10090	8021	10364
5715	8137	7691	8596	7299	9020	7070	9279
3330	6624	6222	7039	5871	7423	5665	7658
6506	7123	6706	7553	6341	7951	6127	8194
5915	8276	7826	8739	7431	9166	7200	9427
3905	4786	4445	5139	4149	5468	3977	5670
4130	8677	8216	9151	7811	9588	7574	9855
6930	4580	4247	4926	3957	5248	3789	5446
3825	9109	8636	9594	8222	10042	7978	10315
4120	9470	8988	9965	8565	10421	8316	10699
3816	10547	10038	11069	9590	11549	9327	11842
4210	11356	10828	11897	10362	12395	10089	12698
9016	6658	6255	7074	5903	7459	5697	7694
4005	6710	6305	7127	5952	7514	5745	7750
4230	4941	4595	5300	4293	5634	4118	5839
3815	8976	8507	9458	8095	9902	7854	10173
3705	14247	13654	14852	13131	15408	12823	15745
3900	3600	3305	3907	3051	4195	2903	4372
4110	9973	9478	10480	9043	10948	8788	11233
3416	9999	9504	10507	9068	10975	8812	11260
3413	4598	4264	4945	3974	5267	3805	5465
3706	7542	7113	7984	6737	8393	6516	8642
3600	10035	9539	10544	9102	11013	8846	11299
3415	12473	11919	13040	11431	13561	11143	13877
3320	11784	11246	12335	10772	12842	10493	13150
3505	19251	18561	19953	17951	20597	17590	20987
3414	10727	10214	11253	9762	11737	9497	12032
6900	4406	4079	4745	3796	5062	3631	5256
2940	10077	9580	10587	9142	11057	8886	11343
2216	8465	8010	8933	7610	9365	7376	9629
3046	10752	10238	11279	9786	11764	9520	12059
2225	8411	7957	8877	7559	9308	7326	9571
3426	8999	8529	9481	8117	9926	7875	10198
3427	9747	9258	10249	8828	10711	8576	10993
3045	12277	11727	12839	11243	13356	10958	13671
3310	10916	10398	11447	9942	11935	9675	12232
3030	19179	18490	19880	17881	20522	17521	20912
3130	7901	7461	8353	7076	8771	6850	9026
3010	18193	17523	18876	16929	19502	16579	19881
3020	11236	10710	11774	10248	12270	9976	12571
3425	9109	8636	9594	8222	10042	7978	10315
2100	8298	7847	8761	7452	9189	7220	9450
1606	6018	5635	6414	5301	6781	5106	7005
2215	8006	7563	8461	7175	8882	6948	9139
1720	12744	12184	13317	11690	13843	11400	14163
3120	11473	10942	12017	10474	12517	10199	12822
1900	553	441	677	351	800	303	878
3110	3701	3402	4013	3144	4304	2994	4483
3200	9590	9105	10088	8679	10547	8429	10826
1605	8252	7802	8714	7408	9141	7178	9401
2000	5952	5571	6345	5239	6710	5045	6934
1820	5005	4656	5366	4353	5702	4177	5908
1200	7937	7496	8390	7110	8809	6884	9065
1710	11069	10547	11603	10088	12095	9819	12394
1810	2662	2409	2927	2193	3177	2068	3331
900	5024	4675	5386	4371	5723	4194	5929
806	15188	14576	15813	14035	16386	13717	16734
1506	10028	9532	10537	9096	11006	8840	11291
1410	5355	4994	5728	4680	6076	4497	6288
1505	9539	9055	10035	8630	10493	8381	10772
1330	8870	8404	9349	7995	9791	7755	10060
1000	4078	3764	4405	3492	4710	3334	4897
1320	7392	6967	7830	6595	8235	6377	8482
1420	7480	7052	7920	6678	8328	6459	8576
1130	3001	2732	3282	2501	3546	2368	3709
1116	8188	7740	8648	7348	9074	7118	9333
1310	10805	10290	11333	9836	11819	9570	12115
805	9733	9244	10234	8815	10697	8563	10978
1115	7018	6604	7445	6242	7840	6030	8081
205	5875	5497	6266	5167	6629	4974	6851
136	5210	4854	5578	4544	5921	4364	6131
1120	16258	15625	16904	15065	17497	14735	17856
705	10245	9743	10759	9302	11233	9044	11521
120	5292	4933	5663	4621	6008	4439	6220
325	10823	10307	11351	9854	11838	9587	12134
135	7213	6793	7645	6426	8046	6211	8290
706	6175	5787	6576	5448	6947	5251	7174
206	6079	5694	6477	5358	6845	5162	7071
2910	1741	1538	1957	1366	2162	1268	2289
315	6475	6078	6885	5730	7265	5528	7497
2935	2997	2729	3278	2498	3542	2364	3705
605	10838	10322	11367	9868	11854	9601	12150
606	12073	11528	12631	11048	13144	10766	13455
506	12181	11634	12741	11151	13256	10868	13569
110	2247	2015	2491	1818	2722	1704	2865
505	22564	21817	23324	21154	24019	20763	24440
2936	3140	2865	3427	2628	3697	2492	3863
405	12612	12055	13182	11564	13706	11275	14024
2926	10422	9916	10941	9471	11418	9210	11709
2925	8081	7636	8538	7246	8961	7018	9219
2927	5234	4877	5603	4567	5947	4386	6157
