faz_id mean lower_50 upper_50 lower_80 upper_80 lower_90 upper_90
1	20423	18960	21941	17688	23354	16949	24221
2	119617	116037	123252	112859	126572	110979	128579
3	150120	146106	154189	142537	157899	140423	160140
4	33026	31158	34949	29522	36727	28564	37812
5	33785	31895	35729	30239	37527	29270	38624
6	318086	312231	323996	307004	329365	303897	332598
7	228989	224025	234007	219601	238574	216975	241327
8	118456	114893	122073	111731	125377	109861	127375
9	87924	84858	91044	82144	93900	80541	95631
10	107419	104028	110865	101020	114015	99241	115920
11	23707	22128	25340	20753	26858	19951	27787
12	92248	89107	95443	86325	98367	84682	100138
13	55803	53366	58294	51218	60584	49954	61976
14	176597	172241	181007	168364	185026	166066	187451
15	29714	27943	31539	26395	33229	25490	34262
16	34626	32712	36594	31035	38413	30053	39523
17	67765	65077	70507	62703	73024	61303	74550
18	31331	29512	33204	27920	34938	26989	35997
