faz_id mean lower_50 upper_50 lower_80 upper_80 lower_90 upper_90
1	17737	15954	19614	14429	21386	13554	22482
2	189963	184021	195999	178751	201516	175634	204853
3	158257	152838	163770	148038	168817	145203	171873
4	24737	22623	26945	20800	29015	19746	30290
5	25655	23501	27903	21643	30008	20567	31305
6	716920	705333	728602	694978	739203	688819	745582
7	497759	488112	507501	479504	516355	474391	521689
8	137558	132509	142701	128043	147414	125407	150271
9	284442	277161	291818	270684	298541	266846	302600
10	60908	57564	64346	54633	67524	52916	69461
11	20236	18329	22238	16691	24122	15749	25285
12	178936	173171	184796	168059	190154	165038	193396
13	73602	69921	77377	66687	80858	64789	82977
14	142326	137189	147557	132644	152349	129961	155253
15	22427	20416	24532	18687	26508	17688	27728
16	20772	18839	22800	17179	24706	16222	25884
17	71276	67655	74992	64474	78419	62608	80506
18	27085	24871	29394	22958	31553	21849	32882
