faz_id mean lower_50 upper_50 lower_80 upper_80 lower_90 upper_90
1	16506	14414	18739	12652	20872	11652	22203
2	159884	153224	166686	147347	172932	143886	176725
3	135714	129584	141986	124184	147756	121008	151263
4	21415	19023	23949	16989	26353	15827	27846
5	24228	21679	26919	19504	29464	18258	31041
6	644036	630598	657616	618617	669967	611504	677412
7	438741	427662	449962	417806	460188	411963	466362
8	124725	118851	130741	113682	136280	110645	139649
9	243514	235278	251891	227982	259557	223672	264199
10	56478	52548	60549	49131	64337	47141	66658
11	16650	14549	18893	12778	21034	11773	22370
12	153614	147087	160282	141331	166409	137941	170130
13	68834	64488	73321	60696	77484	58482	80029
14	119225	113484	125108	108434	130528	105468	133825
15	21574	19172	24117	17131	26529	15964	28027
16	19319	17050	21730	15128	24022	14033	25448
17	65115	60890	69481	57207	73535	55058	76015
18	25120	22523	27859	20305	30447	19033	32050
