faz_id mean lower_50 upper_50 lower_80 upper_80 lower_90 upper_90
1	50397	47125	53779	44273	56918	42609	58839
2	285775	277908	293751	270918	301029	266778	305426
3	370303	361341	379375	353363	387640	348633	392627
4	84455	80204	88816	76469	92838	74277	95287
5	77094	73034	81263	69472	85112	67384	87458
6	631685	619962	643517	609499	654267	603281	660742
7	550458	539519	561507	529761	571552	523965	577604
8	292677	284715	300749	277639	308112	273448	312560
9	208414	201704	215234	195755	221470	192238	225243
10	282269	274451	290197	267504	297430	263390	301801
11	61228	57616	64950	54457	68395	52610	70499
12	216818	209973	223773	203902	230130	200313	233977
13	135279	129884	140784	125119	145836	122310	148901
14	440530	430750	450420	422035	459421	416864	464849
15	70592	66710	74584	63307	78273	61314	80523
16	81384	77212	85666	73548	89617	71398	92023
17	151358	145648	157178	140599	162513	137621	165748
18	72184	68258	76220	64816	79949	62799	82223
