faz_id mean lower_50 upper_50 lower_80 upper_80 lower_90 upper_90
1	75927	71899	80065	68365	83886	66293	86214
2	372184	363199	381279	355201	389564	350458	394564
3	430089	420426	439862	411817	448757	406709	454122
4	116755	111747	121873	107330	126577	104730	129433
5	108970	104133	113917	99871	118465	97364	121229
6	665095	653065	677235	642325	688262	635942	694902
7	641624	629809	653549	619263	664382	612995	670906
8	332432	323943	341031	316392	348869	311917	353601
9	246218	238920	253626	232441	260391	228608	264482
10	348961	340262	357769	332522	365796	327934	370642
11	81539	77363	85825	73695	89779	71544	92188
12	247265	239951	254688	233459	261468	229617	265567
13	143337	137782	149002	132873	154198	129978	157349
14	595970	584585	607464	574426	617910	568390	624203
15	97581	93007	102265	88982	106577	86616	109200
16	111101	106217	116095	101912	120687	99379	123477
17	201686	195086	208396	189236	214532	185779	218247
18	95320	90800	99950	86823	104214	84486	106807
