faz_id mean lower_50 upper_50 lower_80 upper_80 lower_90 upper_90
1	25485	23139	27944	21123	30256	19961	31683
2	138789	133238	144453	128337	149651	125448	152804
3	162257	156251	168376	150939	173984	147804	177384
4	39792	36846	42851	34290	45703	32805	47453
5	43267	40193	46454	37521	49422	35967	51241
6	330497	321901	339206	314256	347147	309726	351942
7	248306	240863	255863	234256	262765	230347	266939
8	126638	121339	132051	116663	137022	113909	140041
9	95577	90981	100287	86938	104625	84563	107265
10	120863	115687	126152	111123	131013	108436	133964
11	28052	25588	30629	23465	33048	22240	34538
12	100455	95741	105282	91593	109726	89155	112429
13	57620	54064	61289	50958	64691	49144	66770
14	205889	199116	212775	193114	219074	189566	222886
15	34959	32202	37830	29815	40512	28431	42161
16	40833	37848	43931	35257	46818	33751	48589
17	76977	72858	81209	69245	85118	67127	87501
18	36031	33231	38945	30806	41665	29399	43337
