faz_id mean lower_50 upper_50 lower_80 upper_80 lower_90 upper_90
1	17141	14691	19780	12647	22317	11496	23909
2	169445	161540	177538	154583	184989	150494	189520
3	144664	137367	152149	130958	159052	127196	163256
4	22774	19936	25801	17541	28689	16182	30490
5	25170	22181	28347	19652	31370	18211	33252
6	682802	666839	698954	652625	713662	644193	722535
7	458402	445340	471653	433737	483749	426869	491059
8	130524	123598	137639	117522	144208	113960	148212
9	262331	252472	272378	243756	281588	238613	287172
10	58195	53602	62977	49626	67446	47321	70192
11	17928	15421	20624	13324	23214	12143	24837
12	162409	154672	170335	147866	177634	143867	182075
13	71129	66041	76406	61620	81320	59048	84333
14	127708	120858	134747	114851	141247	111329	145210
15	22035	19245	25014	16894	27858	15560	29634
16	20092	17432	22941	15198	25668	13934	27373
17	67685	62724	72835	58417	77635	55914	80580
18	25972	22935	29198	20361	32265	18894	34173
