faz_id mean lower_50 upper_50 lower_80 upper_80 lower_90 upper_90
1	22600	21192	24054	19962	25402	19244	26226
2	127475	124099	130896	121097	134016	119319	135901
3	155224	151496	158997	148178	162434	146210	164508
4	35990	34207	37819	32640	39504	31720	40530
5	37008	35199	38862	33609	40570	32676	41610
6	323703	318310	329142	313491	334078	310626	337049
7	237183	232570	241842	228454	246076	226009	248627
8	122603	119293	125959	116350	129020	114607	130869
9	91040	88190	93935	85663	96581	84168	98181
10	113893	110703	117128	107869	120081	106191	121865
11	25680	24177	27228	22863	28661	22094	29536
12	95076	92163	98034	89579	100736	88051	102371
13	56708	54464	58997	52482	61098	51313	62373
14	190023	185896	194195	182218	197991	180035	200280
15	32195	30510	33926	29031	35523	28163	36496
16	37428	35609	39292	34010	41010	33070	42055
17	72171	69636	74751	67392	77113	66068	78544
18	33524	31804	35290	30293	36918	29407	37911
