faz_id mean lower_50 upper_50 lower_80 upper_80 lower_90 upper_90
1	29149	26402	32032	24044	34745	22687	36420
2	155812	149372	162388	143688	168427	140340	172093
3	175187	168354	182156	162317	188548	158757	192426
4	43852	40467	47373	37535	50660	35834	52679
5	49571	45968	53310	42840	56793	41021	58930
6	335240	325762	344854	317342	353629	312357	358932
7	265469	257042	274032	249569	281860	245150	286596
8	134793	128808	140914	123534	146543	120431	149964
9	104584	99320	109984	94696	114963	91981	117995
10	129606	123738	135610	118570	141133	115531	144490
11	30650	27831	33604	25409	36382	24013	38096
12	107734	102390	113214	97694	118265	94937	121340
13	59087	55147	63163	51715	66950	49715	69268
14	227661	219862	235596	212955	242858	208875	247256
15	38062	34913	41347	32194	44421	30620	46313
16	44413	41006	47956	38055	51262	36341	53294
17	83560	78862	88394	74747	92864	72338	95591
18	38605	35433	41912	32694	45007	31107	46912
