faz_id mean lower_50 upper_50 lower_80 upper_80 lower_90 upper_90
1	17737	14962	20748	12664	23663	11381	25498
2	189963	180612	199550	172392	208386	167566	213765
3	158257	149732	167018	142257	175110	137875	180043
4	24737	21438	28272	18669	31658	17104	33775
5	25655	22293	29253	19467	32695	17868	34846
6	716920	698642	735434	682384	752309	672747	762497
7	497759	482549	513205	469053	527318	461069	535853
8	137558	129618	145734	122669	153299	118603	157917
9	284442	272973	296147	262846	306891	256878	313410
10	60908	55664	66388	51143	71525	48530	74690
11	20236	17263	23445	14788	26536	13399	28478
12	178936	169864	188244	161895	196829	157219	202057
13	73602	67826	79614	62826	85231	59926	88683
14	142326	134248	150640	127174	158330	123034	163023
15	22427	19291	25799	16669	29037	15192	31066
16	20772	17759	24021	15247	27150	13836	29113
17	71276	65594	77194	60678	82726	57829	86128
18	27085	23627	30779	20716	34307	19065	36510
