faz_id mean lower_50 upper_50 lower_80 upper_80 lower_90 upper_90
1	15920	14233	17701	12795	19386	11972	20430
2	152464	147146	157877	142437	162832	139657	165833
3	128405	123528	133376	119217	137934	116675	140697
4	20449	18531	22461	16885	24354	15937	25523
5	24497	22394	26695	20580	28755	19532	30024
6	609413	598734	620187	589196	629971	583527	635861
7	419687	410832	428636	402939	436776	398253	441683
8	120886	116156	125711	111976	130137	109513	132821
9	231125	224566	237778	218740	243851	215291	247521
10	53737	50599	56969	47854	59961	46248	61788
11	15799	14119	17573	12687	19252	11867	20293
12	145676	140479	150968	135879	155814	133163	158751
13	66199	62711	69782	59650	73089	57856	75104
14	112761	108194	117422	104162	121701	101786	124298
15	20906	18966	22940	17300	24853	16340	26033
16	18708	16876	20635	15306	22451	14404	23574
17	63081	59677	66579	56692	69811	54943	71781
18	24534	22429	26733	20614	28795	19565	30065
