faz_id mean lower_50 upper_50 lower_80 upper_80 lower_90 upper_90
1	25485	23598	27445	21961	29272	21009	30393
2	138789	134337	143314	130389	147451	128056	149954
3	162257	157440	167146	153164	171612	150634	174312
4	39792	37425	42232	35355	44491	34145	45871
5	43267	40797	45809	38635	48161	37369	49596
6	330497	323607	337460	317464	343792	313817	347609
7	248306	242339	254346	237027	259848	233877	263167
8	126638	122387	130962	118620	134918	116395	137313
9	95577	91889	99338	88629	102787	86707	104879
10	120863	116711	125088	113033	128955	110861	131297
11	28052	26070	30106	24348	32018	23345	33191
12	100455	96673	104310	93328	107844	91356	109986
13	57620	54764	60548	52254	63248	50781	64891
14	205889	200458	211392	195630	216410	192769	219441
15	34959	32743	37248	30809	39372	29680	40670
16	40833	38435	43304	36337	45591	35110	46988
17	76977	73671	80356	70755	83461	69039	85347
18	36031	33780	38354	31815	40509	30668	41826
