faz_id mean lower_50 upper_50 lower_80 upper_80 lower_90 upper_90
1	17141	14690	19781	12645	22319	11495	23912
2	169445	161537	177541	154578	184995	150487	189528
3	144664	137365	152152	130953	159058	127190	163263
4	22774	19935	25802	17540	28691	16180	30493
5	25170	22180	28349	19650	31373	18209	33256
6	682802	666833	698960	652614	713673	644179	722549
7	458402	445335	471658	433728	483758	426857	491071
8	130524	123595	137642	117517	144213	113954	148219
9	262331	252469	272382	243749	281596	238605	287182
10	58195	53600	62979	49623	67449	47317	70197
11	17928	15420	20625	13322	23216	12141	24840
12	162409	154669	170338	147861	177640	143860	182082
13	71129	66039	76408	61617	81324	59044	84339
14	127708	120856	134749	114846	141253	111324	145217
15	22035	19244	25015	16892	27861	15558	29637
16	20092	17431	22942	15196	25670	13932	27376
17	67685	62722	72837	58414	77638	55910	80585
18	25972	22934	29199	20359	32268	18892	34177
