faz_id mean lower_50 upper_50 lower_80 upper_80 lower_90 upper_90
1	20423	19085	21806	17919	23090	17239	23876
2	119617	116347	122932	113442	125956	111721	127783
3	150120	146454	153831	143192	157212	141258	159252
4	33026	31319	34779	29820	36396	28941	37381
5	33785	32058	35557	30541	37192	29652	38188
6	318086	312740	323477	307964	328372	305124	331317
7	228989	224457	233567	220413	237728	218012	240236
8	118456	115202	121755	112311	124765	110599	126583
9	87924	85124	90769	82641	93370	81173	94944
10	107419	104322	110562	101571	113430	99943	115165
11	23707	22264	25195	21003	26574	20266	27417
12	92248	89379	95162	86835	97825	85330	99436
13	55803	53577	58074	51611	60159	50452	61423
14	176597	172619	180620	169076	184282	166973	186490
15	29714	28096	31378	26677	32914	25846	33852
16	34626	32877	36420	31341	38074	30440	39082
17	67765	65310	70266	63137	72556	61855	73945
18	31331	29669	33039	28210	34615	27356	35576
