faz_id mean lower_50 upper_50 lower_80 upper_80 lower_90 upper_90
1	20423	18791	22123	17379	23712	16561	24690
2	119617	115619	123683	112076	127403	109983	129655
3	150120	145637	154671	141658	158828	139303	161341
4	33026	30941	35179	29122	37176	28060	38397
5	33785	31676	35962	29835	37981	28760	39215
6	318086	311545	324695	305712	330706	302248	334328
7	228989	223444	234602	218509	239715	215582	242801
8	118456	114477	122503	110953	126205	108870	128447
9	87924	84501	91415	81476	94617	79693	96559
10	107419	103632	111274	100279	114804	98300	116942
11	23707	21946	25536	20418	27241	19530	28288
12	92248	88741	95823	85641	99101	83812	101088
13	55803	53083	58591	50691	61160	49287	62724
14	176597	171732	181530	167408	186031	164848	188751
15	29714	27738	31758	26017	33656	25014	34819
16	34626	32491	36829	30626	38872	29536	40120
17	67765	64764	70834	62120	73656	60564	75371
18	31331	29301	33429	27532	35376	26499	36567
