faz_id mean lower_50 upper_50 lower_80 upper_80 lower_90 upper_90
1	54969	50795	59308	47177	63356	45076	65842
2	302421	292520	312487	283744	321693	278557	327266
3	384032	372864	395365	362947	405712	357078	411967
4	91127	85729	96690	81009	101840	78248	104986
5	81087	76000	86339	71559	91210	68966	94188
6	644978	630481	659640	617565	672986	609902	681035
7	572503	558849	586322	546693	598908	539485	606502
8	303941	294015	314032	285216	323261	280016	328847
9	215864	207512	224381	200131	232193	195778	236930
10	300232	290367	310262	281624	319436	276456	324988
11	64992	60446	69703	56493	74086	54192	76772
12	222418	213939	231062	206443	238988	202022	243794
13	138025	131363	144852	125504	151142	122062	154968
14	479574	467084	492229	455977	503766	449395	510733
15	77086	72128	82209	67804	86963	65280	89872
16	88659	83336	94147	78683	99230	75963	102336
17	166620	159292	174113	152833	181002	149033	185188
18	78048	73059	83202	68706	87985	66166	90911
