faz_id mean lower_50 upper_50 lower_80 upper_80 lower_90 upper_90
1	16506	14788	18319	13321	20032	12480	21093
2	159884	154437	165426	149612	170497	146762	173568
3	135714	130699	140823	126264	145505	123646	148343
4	21415	19451	23473	17764	25407	16791	26601
5	24228	22136	26414	20334	28463	19291	29726
6	644036	633056	655110	623248	665165	617417	671217
7	438741	429687	447890	421613	456210	416819	461224
8	124725	119919	129625	115672	134119	113168	136844
9	243514	236781	250342	230797	256572	227254	260336
10	56478	53260	59791	50442	62855	48793	64725
11	16650	14924	18470	13451	20190	12606	21256
12	153614	148276	159047	143549	164020	140757	167032
13	68834	65276	72486	62153	75856	60321	77909
14	119225	114528	124017	110378	128413	107932	131080
15	21574	19603	23639	17909	25580	16931	26778
16	19319	17456	21276	15860	23119	14941	24259
17	65115	61656	68669	58621	71950	56842	73949
18	25120	22989	27345	21151	29430	20088	30714
