faz_id mean lower_50 upper_50 lower_80 upper_80 lower_90 upper_90
1	25485	23988	27027	22679	28455	21913	29327
2	138789	135265	142358	132131	145611	130273	147575
3	162257	158445	166114	155051	169626	153038	171746
4	39792	37916	41714	36265	43483	35295	44559
5	43267	41310	45270	39586	47112	38572	48232
6	330497	325047	335992	320178	340980	317282	343981
7	248306	243585	253072	239373	257403	236870	260012
8	126638	123273	130048	120282	133158	118509	135036
9	95577	92657	98543	90066	101252	88533	102891
10	120863	117576	124195	114655	127235	112925	129071
11	28052	26480	29669	25104	31164	24298	32076
12	100455	97461	103495	94803	106271	93230	107950
13	57620	55358	59928	53359	62045	52181	63329
14	205889	201592	210231	197762	214180	195487	216560
15	34959	33202	36761	31658	38424	30752	39436
16	40833	38932	42779	37259	44571	36275	45660
17	76977	74359	79641	72039	82078	70669	83554
18	36031	34247	37861	32679	39547	31758	40574
