faz_id mean lower_50 upper_50 lower_80 upper_80 lower_90 upper_90
1	18817	15694	22223	13124	25533	11696	27624
2	216120	205197	227326	195603	237660	189972	243953
3	178276	168369	188466	159689	197886	154605	203632
4	27334	23541	31410	20367	35324	18578	37775
5	29639	25683	33878	22363	37938	20486	40477
6	746448	726027	767152	707879	786040	697130	797451
7	563484	545760	581491	530041	597950	520745	607908
8	146204	137245	155446	129420	164011	124847	169246
9	310695	297571	324103	285993	336420	279176	343899
10	66295	60309	72564	55160	78453	52189	82086
11	24216	20654	28061	17689	31767	16024	34093
12	201474	190933	212298	181682	222289	176257	228376
13	76150	69724	82859	64179	89144	60971	93014
14	162517	153064	172253	144793	181264	139955	186765
15	22894	19435	26637	16561	30250	14952	32521
16	21957	18572	25625	15766	29171	14197	31403
17	74909	68537	81564	63040	87801	59862	91642
18	28039	24195	32166	20976	36125	19160	38603
