faz_id mean lower_50 upper_50 lower_80 upper_80 lower_90 upper_90
1	29149	27008	31372	25149	33444	24069	34715
2	155812	150808	160898	146371	165548	143748	168362
3	175187	169879	180577	165168	185501	162381	188479
4	43852	41217	46569	38913	49086	37566	50624
5	49571	46766	52457	44310	55127	42873	56755
6	335240	327881	342681	321323	349452	317432	353534
7	265469	258925	272095	253101	278132	249648	281776
8	134793	130142	139526	126022	143859	123590	146482
9	104584	100492	108758	96876	112587	94745	114909
10	129606	125046	134248	121009	138498	118625	141073
11	30650	28453	32928	26545	35050	25435	36351
12	107734	103580	111970	99909	115854	97744	118210
13	59087	56021	62234	53330	65139	51752	66908
14	227661	221604	233800	216219	239398	213028	242780
15	38062	35609	40596	33471	42948	32223	44387
16	44413	41760	47147	39441	49680	38086	51226
17	83560	79906	87295	76686	90729	74791	92815
18	38605	36135	41157	33980	43525	32722	44974
