faz_id mean lower_50 upper_50 lower_80 upper_80 lower_90 upper_90
1	68321	62334	74582	57177	80456	54198	84077
2	343519	329924	357389	317915	370114	310837	377835
3	410056	395190	425197	382036	439067	374273	447473
4	108845	101252	116712	94649	124032	90805	128518
5	98629	91408	106124	85140	113110	81496	117396
6	662847	643909	682060	627088	699598	617130	710197
7	614741	596508	633248	580322	650151	570745	660371
8	321077	307938	334490	296340	346805	289507	354280
9	231633	220494	243047	210697	253561	204942	259958
10	333805	320405	347479	308573	360029	301600	367644
11	76330	69994	82940	64523	89129	61356	92938
12	237002	225733	248546	215819	259177	209994	265644
13	141788	133103	150748	125516	159052	121083	164126
14	554157	536853	571736	521503	587802	512426	597521
15	91150	84214	98361	78201	105090	74711	109223
16	104563	97124	112277	90659	119458	86898	123862
17	189874	179802	200221	170966	209774	165785	215596
18	90450	83541	97634	77553	104338	74077	108456
