faz_id mean lower_50 upper_50 lower_80 upper_80 lower_90 upper_90
1	18948	17660	20281	16539	21520	15886	22279
2	113371	110189	116599	107361	119545	105687	121325
3	145002	141400	148649	138195	151973	136294	153979
4	30882	29232	32577	27784	34143	26936	35098
5	31960	30281	33684	28807	35276	27943	36246
6	310873	305588	316203	300867	321042	298061	323955
7	221030	216577	225528	212606	229618	210248	232082
8	114247	111052	117487	108214	120444	106533	122231
9	85114	82360	87914	79918	90474	78474	92023
10	101372	98364	104425	95694	107214	94113	108900
11	22487	21082	23937	19856	25282	19140	26104
12	90005	87172	92883	84659	95515	83173	97106
13	54848	52641	57100	50693	59167	49544	60421
14	163679	159850	167553	156441	171080	154419	173208
15	27680	26119	29286	24752	30772	23951	31678
16	32157	30473	33887	28995	35483	28128	36456
17	62682	60321	65088	58234	67293	57003	68631
18	29435	27824	31091	26413	32621	25586	33554
