faz_id mean lower_50 upper_50 lower_80 upper_80 lower_90 upper_90
1	54969	50796	59306	47179	63354	45079	65839
2	302421	292523	312484	283750	321687	278564	327258
3	384032	372868	395361	362954	405705	357086	411958
4	91127	85731	96688	81012	101837	78252	104982
5	81087	76001	86337	71562	91207	68970	94184
6	644978	630485	659636	617574	672977	609913	681023
7	572503	558853	586317	546701	598899	539495	606491
8	303941	294018	314029	285222	323255	280023	328839
9	215864	207514	224378	200135	232187	195784	236924
10	300232	290370	310259	281629	319430	276464	324980
11	64992	60448	69701	56496	74083	54195	76769
12	222418	213941	231059	206448	238983	202029	243787
13	138025	131365	144850	125508	151137	122067	154963
14	479574	467088	492225	455984	503759	449405	510723
15	77086	72129	82207	67807	86960	65284	89868
16	88659	83337	94145	78686	99227	75967	102331
17	166620	159294	174110	152838	180997	149038	185182
18	78048	73060	83201	68709	87982	66170	90906
