faz_id mean lower_50 upper_50 lower_80 upper_80 lower_90 upper_90
1	17141	15389	18987	13892	20731	13033	21810
2	169445	163836	175148	158865	180366	155928	183524
3	144664	139485	149937	134901	154767	132196	157694
4	22774	20748	24895	19003	26886	17996	28113
5	25170	23037	27397	21197	29484	20133	30769
6	682802	671495	694203	661393	704552	655385	710781
7	458402	449146	467752	440891	476254	435988	481377
8	130524	125607	135535	121259	140130	118695	142915
9	262331	255340	269416	249126	275877	245444	279780
10	58195	54927	61557	52065	64666	50390	66562
11	17928	16135	19815	14602	21595	13721	22697
12	162409	156919	167994	152055	173104	149181	176198
13	71129	67512	74841	64334	78265	62470	80350
14	127708	122845	132666	118546	137211	116010	139968
15	22035	20043	24122	18329	26082	17340	27292
16	20092	18192	22087	16561	23964	15622	25124
17	67685	64157	71307	61061	74650	59245	76686
18	25972	23805	28234	21934	30351	20851	31655
