faz_id mean lower_50 upper_50 lower_80 upper_80 lower_90 upper_90
1	18817	15692	22225	13121	25537	11692	27629
2	216120	205192	227331	195593	237671	189960	243967
3	178276	168364	188472	159680	197896	154594	203645
4	27334	23539	31412	20364	35328	18574	37781
5	29639	25681	33880	22360	37942	20482	40483
6	746448	726017	767162	707860	786060	697106	797477
7	563484	545752	581500	530024	597968	520725	607930
8	146204	137241	155450	129412	164020	124837	169258
9	310695	297564	324109	285981	336433	279161	343916
10	66295	60306	72568	55155	78459	52183	82094
11	24216	20652	28063	17686	31771	16020	34099
12	201474	190928	212304	181673	222300	176245	228390
13	76150	69721	82863	64174	89151	60964	93023
14	162517	153060	172258	144785	181273	139944	186777
15	22894	19433	26639	16558	30254	14949	32526
16	21957	18570	25627	15763	29175	14193	31408
17	74909	68534	81568	63035	87807	59855	91650
18	28039	24194	32168	20973	36129	19156	38609
