faz_id mean lower_50 upper_50 lower_80 upper_80 lower_90 upper_90
1	75927	69019	83164	63080	89963	59655	94159
2	372184	356691	388007	343019	402539	334967	411361
3	430089	413422	447086	398693	462675	390008	472130
4	116755	108150	125690	100682	134018	96341	139129
5	108970	100662	117607	93462	125668	89282	130618
6	665095	644328	686191	625907	705472	615014	717136
7	641624	621230	662348	603145	681293	592452	692756
8	332432	317798	347395	304901	361152	297313	369511
9	246218	233647	259118	222608	271018	216130	278266
10	348961	333964	364287	320740	378372	312955	386927
11	81539	74375	89033	68204	96063	64641	100398
12	247265	234667	260192	223603	272117	217111	279379
13	143337	133785	153219	125464	162400	120613	168021
14	595970	576321	615949	558906	634223	548615	645285
15	97581	89728	105763	82938	113414	79003	118119
16	111101	102711	119821	95436	127955	91212	132950
17	201686	190324	213377	180374	224188	174548	230784
18	95320	87561	103409	80854	110975	76970	115630
