faz_id mean lower_50 upper_50 lower_80 upper_80 lower_90 upper_90
1	61117	56046	66408	51667	71360	49132	74409
2	321072	309307	333056	298900	344037	292758	350692
3	396299	383216	409601	371622	421769	364770	429134
4	99575	93072	106298	87403	112540	84097	116360
5	87476	81388	93784	76093	99653	73009	103249
6	654425	637582	671488	622601	687042	613723	696434
7	592796	576771	609041	562527	623859	554089	632809
8	313976	302343	325828	292055	336690	285984	343275
9	223156	213366	233165	204737	242368	199660	247959
10	317988	306280	329915	295925	340845	289814	347469
11	70581	65123	76258	60396	81559	57653	84816
12	228296	218393	238419	209662	247723	204523	253375
13	140448	132704	148411	125918	155771	121943	160260
14	516901	501944	532077	488662	545933	480800	554309
15	84205	78234	90396	73044	96159	70024	99693
16	96409	90012	103026	84439	109173	81189	112935
17	178695	169946	187664	162255	195928	157738	200959
18	84387	78409	90584	73213	96354	70190	99891
