faz_id mean lower_50 upper_50 lower_80 upper_80 lower_90 upper_90
1	16506	14415	18739	12652	20871	11653	22202
2	159884	153226	166684	147350	172929	143890	176721
3	135714	129585	141984	124187	147753	121012	151259
4	21415	19023	23949	16990	26351	15829	27844
5	24228	21679	26918	19505	29462	18259	31039
6	644036	630601	657612	618623	669960	611512	677403
7	438741	427665	449959	417811	460183	411970	466355
8	124725	118852	130739	113685	136277	110648	139645
9	243514	235280	251889	227986	259553	223677	264194
10	56478	52549	60548	49132	64335	47143	66656
11	16650	14549	18892	12779	21033	11774	22369
12	153614	147089	160281	141334	166406	137945	170125
13	68834	64490	73320	60698	77481	58485	80026
14	119225	113485	125107	108437	130525	105471	133822
15	21574	19173	24117	17132	26528	15965	28025
16	19319	17051	21729	15129	24020	14034	25446
17	65115	60891	69480	57209	73533	55061	76012
18	25120	22524	27858	20306	30445	19035	32048
