faz_id mean lower_50 upper_50 lower_80 upper_80 lower_90 upper_90
1	22600	20938	24326	19495	25934	18656	26921
2	127475	123484	131530	119943	135236	117850	137478
3	155224	150816	159695	146901	163776	144583	166243
4	35990	33884	38159	32042	40168	30964	41394
5	37008	34872	39207	33003	41243	31909	42485
6	323703	317324	330146	311633	336003	308252	339531
7	237183	231727	242703	226867	247728	223985	250759
8	122603	118689	126580	115219	130217	113167	132417
9	91040	87672	94472	84693	97617	82935	99523
10	113893	110122	117728	106780	121235	104805	123359
11	25680	23906	27517	22363	29227	21464	30274
12	95076	91633	98582	88587	101794	86789	103741
13	56708	54056	59423	51723	61923	50351	63443
14	190023	185143	194967	180802	199474	178229	202195
15	32195	30205	34249	28467	36152	27452	37316
16	37428	35280	39640	33399	41686	32299	42935
17	72171	69176	75230	66532	78039	64975	79745
18	33524	31493	35619	29717	37560	28680	38746
