faz_id mean lower_50 upper_50 lower_80 upper_80 lower_90 upper_90
1	61117	57509	64835	54353	68278	52507	70380
2	321072	312730	329523	305312	337229	300916	341881
3	396299	387025	405682	378768	414227	373869	419382
4	99575	94954	104306	90886	108660	88495	111308
5	87476	83148	91914	79345	96004	77111	98494
6	654425	642492	666467	631840	677407	625509	683994
7	592796	581442	604260	571310	614678	565291	620954
8	313976	305728	322334	298393	329955	294047	334558
9	223156	216211	230211	210050	236659	206406	240559
10	317988	309687	326399	302305	334068	297930	338699
11	70581	66699	74573	63297	78262	61304	80511
12	228296	221271	235431	215038	241951	211351	245894
13	140448	134950	146056	130092	151201	127228	154322
14	516901	506302	527610	496851	537348	491239	543217
15	84205	79960	88560	76231	92576	74042	95021
16	96409	91863	101065	87863	105352	85512	107960
17	178695	172486	185014	166988	190799	163741	194302
18	84387	80137	88747	76404	92767	74213	95215
