faz_id mean lower_50 upper_50 lower_80 upper_80 lower_90 upper_90
1	61117	56044	66410	51663	71365	49127	74415
2	321072	309302	333062	298890	344048	292745	350707
3	396299	383210	409608	371611	421781	364756	429150
4	99575	93069	106301	87398	112546	84090	116368
5	87476	81385	93787	76087	99659	73003	103257
6	654425	637574	671496	622586	687058	613704	696454
7	592796	576763	609048	562513	623873	554071	632829
8	313976	302338	325834	292045	336701	285971	343289
9	223156	213362	233170	204729	242377	199649	247971
10	317988	306275	329921	295914	340856	289801	347483
11	70581	65121	76261	60391	81564	57647	84823
12	228296	218388	238424	209653	247733	204512	253387
13	140448	132701	148415	125911	155779	121934	160269
14	516901	501937	532085	488649	545947	480783	554326
15	84205	78231	90399	73039	96165	70018	99700
16	96409	90009	103029	84433	109179	81182	112944
17	178695	169942	187668	162247	195937	157729	200969
18	84387	78406	90587	73208	96360	70183	99898
