faz_id mean lower_50 upper_50 lower_80 upper_80 lower_90 upper_90
1	68321	62331	74586	57171	80463	54191	84087
2	343519	329916	357396	317901	370130	310819	377855
3	410056	395181	425205	382021	439084	374253	447494
4	108845	101248	116717	94642	124041	90795	128530
5	98629	91404	106129	85132	113118	81487	117407
6	662847	643898	682071	627068	699619	617105	710224
7	614741	596498	633259	580303	650171	570720	660397
8	321077	307931	334498	296326	346820	289490	354299
9	231633	220488	243053	210685	253573	204927	259974
10	333805	320398	347487	308559	360044	301582	367663
11	76330	69991	82944	64516	89136	61348	92947
12	237002	225727	248552	215807	259189	209979	265660
13	141788	133098	150753	125507	159062	121072	164140
14	554157	536843	571746	521485	587821	512403	597546
15	91150	84210	98365	78194	105098	74702	109233
16	104563	97120	112281	90652	119467	86888	123873
17	189874	179796	200227	170955	209785	165772	215611
18	90450	83537	97638	77546	104346	74068	108467
