faz_id mean lower_50 upper_50 lower_80 upper_80 lower_90 upper_90
1	75927	69015	83169	63073	89973	59645	94171
2	372184	356681	388017	343001	402558	334944	411386
3	430089	413411	447097	398673	462696	389984	472157
4	116755	108144	125695	100672	134029	96329	139143
5	108970	100657	117613	93453	125679	89270	130632
6	665095	644315	686205	625883	705498	614983	717169
7	641624	621217	662361	603121	681318	592422	692789
8	332432	317789	347404	304884	361171	297291	369535
9	246218	233639	259126	222593	271034	216112	278286
10	348961	333955	364297	320722	378391	312933	386951
11	81539	74370	89037	68196	96073	64631	100410
12	247265	234659	260201	223589	272133	217093	279399
13	143337	133779	153225	125453	162413	120599	168037
14	595970	576308	615961	558884	634248	548586	645316
15	97581	89723	105768	82929	113424	78992	118133
16	111101	102706	119826	95427	127966	91200	132965
17	201686	190317	213385	180361	224203	174531	230803
18	95320	87556	103414	80846	110986	76959	115644
