faz_id mean lower_50 upper_50 lower_80 upper_80 lower_90 upper_90
1	29149	27546	30797	26142	32320	25319	33248
2	155812	152077	159592	148752	163035	146781	165113
3	175187	171225	179194	167696	182841	165602	185041
4	43852	41881	45868	40145	47722	39124	48850
5	49571	47474	51713	45625	53681	44536	54876
6	335240	329751	340774	324847	345797	321930	348820
7	265469	260587	270396	256229	274872	253639	277568
8	134793	131321	138311	128233	141517	126402	143453
9	104584	101528	107685	98815	110517	97209	112228
10	129606	126202	133056	123175	136201	121381	138101
11	30650	29006	32339	27564	33899	26719	34850
12	107734	104632	110881	101878	113754	100247	115491
13	59087	56796	61424	54771	63567	53577	64866
14	227661	223142	232226	219110	236375	216716	238876
15	38062	36228	39942	34614	41673	33666	42727
16	44413	42430	46442	40682	48308	39654	49442
17	83560	80831	86334	78412	88872	76982	90407
18	38605	36757	40498	35132	42242	34177	43302
