faz_id mean lower_50 upper_50 lower_80 upper_80 lower_90 upper_90
1	54969	51550	58498	48564	61770	46821	63771
2	302421	294327	310625	287131	318107	282869	322627
3	384032	374904	393270	366777	401683	361957	406760
4	91127	86709	95655	82823	99827	80541	102366
5	81087	76922	85362	73265	89305	71120	91707
6	644978	633132	656934	622558	667795	616274	674336
7	572503	561346	583770	551392	594011	545478	600181
8	303941	295826	312165	288612	319666	284339	324197
9	215864	209034	222804	202977	229147	199396	232986
10	300232	292167	308406	284998	315862	280752	320366
11	64992	61269	68825	58010	72370	56103	74534
12	222418	215484	229461	209334	235899	205697	239793
13	138025	132575	143585	127760	148687	124922	151781
14	479574	469367	489891	460269	499276	454867	504934
15	77086	73027	81255	69465	85104	67376	87449
16	88659	84302	93126	80471	97243	78222	99749
17	166620	160626	172724	155322	178314	152191	181702
18	78048	73963	82243	70378	86114	68276	88473
