faz_id mean lower_50 upper_50 lower_80 upper_80 lower_90 upper_90
1	18817	16979	20749	15405	22570	14500	23696
2	216120	209779	222555	204150	228431	200818	231984
3	178276	172521	184125	167420	189473	164404	192710
4	27334	25109	29653	23187	31822	22073	33157
5	29639	27321	32052	25313	34306	24149	35691
6	746448	734624	758367	724055	769182	717769	775689
7	563484	553217	573846	544051	583258	538603	588927
8	146204	140997	151505	136389	156360	133668	159302
9	310695	303083	318401	296309	325422	292292	329660
10	66295	62804	69880	59741	73190	57945	75206
11	24216	22125	26401	20323	28450	19281	29713
12	201474	195354	207689	189922	213367	186709	216800
13	76150	72405	79989	69114	83527	67181	85681
14	162517	157025	168104	152159	173216	149285	176311
15	22894	20862	25020	19113	27016	18103	28247
16	21957	19968	24040	18258	25997	17271	27205
17	74909	71195	78717	67932	82227	66016	84364
18	28039	25785	30387	23836	32583	22707	33933
