faz_id mean lower_50 upper_50 lower_80 upper_80 lower_90 upper_90
1	17737	14960	20750	12662	23665	11378	25501
2	189963	180608	199555	172384	208395	167556	213776
3	158257	149728	167022	142250	175118	137867	180053
4	24737	21437	28274	18666	31661	17100	33779
5	25655	22292	29255	19465	32698	17865	34851
6	716920	698634	735442	682368	752325	672728	762518
7	497759	482542	513212	469040	527331	461053	535871
8	137558	129615	145738	122663	153306	118595	157926
9	284442	272968	296152	262836	306901	256866	313424
10	60908	55662	66390	51139	71530	48525	74697
11	20236	17262	23446	14786	26539	13396	28482
12	178936	169860	188248	161888	196837	157210	202068
13	73602	67823	79617	62821	85236	59920	88690
14	142326	134244	150644	127168	158338	123025	163032
15	22427	19290	25800	16667	29040	15189	31070
16	20772	17757	24023	15245	27153	13833	29117
17	71276	65591	77197	60674	82732	57823	86135
18	27085	23626	30780	20713	34310	19062	36514
