faz_id mean lower_50 upper_50 lower_80 upper_80 lower_90 upper_90
1	68321	64503	72249	61158	75881	59199	78096
2	343519	334889	352259	327210	360224	322659	365032
3	410056	400622	419600	392220	428289	387235	433530
4	108845	104011	113789	99752	118335	97246	121098
5	98629	94030	103338	89982	107672	87603	110308
6	662847	650838	674966	640116	685975	633743	692604
7	614741	603178	626414	592857	637021	586725	643410
8	321077	312735	329529	305317	337234	300921	341887
9	231633	224556	238820	218277	245386	214562	249357
10	333805	325298	342421	317732	350275	313247	355017
11	76330	72291	80479	68747	84309	66670	86644
12	237002	229843	244271	223489	250911	219731	254927
13	141788	136263	147423	131381	152591	128503	155726
14	554157	543181	565243	533390	575321	527574	581393
15	91150	86731	95679	82845	99851	80563	102390
16	104563	99826	109410	95654	113868	93201	116579
17	189874	183472	196386	177800	202344	174449	205952
18	90450	86048	94961	82178	99118	79905	101648
