faz_id mean lower_50 upper_50 lower_80 upper_80 lower_90 upper_90
1	22600	20622	24669	18917	26610	17933	27807
2	127475	122714	132327	118504	136774	116020	139470
3	155224	149965	160573	145307	165468	142555	168432
4	35990	33481	38589	31300	41008	30030	42490
5	37008	34464	39643	32250	42094	30960	43595
6	323703	316089	331408	309310	338424	305288	342657
7	237183	230672	243785	224886	249807	221459	253446
8	122603	117935	127362	113808	131725	111374	134371
9	91040	87023	95147	83484	98924	81401	101218
10	113893	109395	118481	105422	122691	103080	125245
11	25680	23568	27883	21744	29944	20687	31212
12	95076	90970	99272	87350	103129	85220	105472
13	56708	53548	59959	50779	62965	49157	64798
14	190023	184200	195937	179033	201340	175977	204608
15	32195	29825	34656	27768	36950	26572	38357
16	37428	34869	40078	32642	42542	31344	44051
17	72171	68600	75833	65461	79208	63618	81263
18	33524	31104	36034	29003	38372	27781	39806
