faz_id mean median lower_50 upper_50 lower_80 upper_80 lower_90 upper_90 lower_95 upper_95
8935	16641	16642	15555	17764	14608	18806	14056	19444	13585	20007
8927	7312	7312	6598	8062	5987	8770	5635	9207	5338	9596
8926	20271	20272	19070	21508	18020	22654	17407	23354	16882	23970
8936	21222	21223	19993	22488	18918	23659	18289	24374	17750	25003
8500	25983	25984	24621	27381	23426	28672	22726	29459	22125	30151
8406	3290	3290	2817	3799	2423	4290	2201	4597	2017	4873
8320	17424	17425	16312	18572	15342	19638	14776	20290	14293	20865
8925	22018	22019	20766	23307	19670	24499	19028	25226	18479	25867
8937	25209	25210	23868	26587	22692	27859	22002	28634	21411	29316
8405	24210	24211	22896	25560	21744	26808	21069	27569	20492	28238
8310	37766	37767	36121	39448	34670	40994	33816	41934	33083	42759
8910	22439	22440	21175	23740	20068	24943	19420	25677	18865	26323
7905	33849	33850	32292	35442	30921	36909	30116	37800	29424	38584
7606	6048	6048	5401	6732	4849	7380	4533	7781	4267	8139
7805	28864	28865	27428	30337	26166	31695	25425	32521	24790	33248
8220	22318	22319	21057	23615	19953	24815	19307	25547	18754	26192
8000	16681	16682	15594	17805	14646	18849	14093	19487	13621	20051
8906	10478	10478	9620	11373	8879	12210	8449	12725	8085	13181
8210	15373	15374	14330	16453	13422	17457	12893	18072	12441	18614
9020	24233	24234	22919	25584	21766	26832	21091	27593	20513	28263
8125	22149	22150	20893	23441	19794	24637	19150	25366	18599	26009
8126	18898	18899	17739	20093	16727	21201	16136	21878	15631	22475
8905	11882	11883	10967	12834	10174	13722	9714	14268	9323	14750
7806	10736	10736	9867	11641	9116	12488	8681	13009	8312	13470
7700	8722	8722	7941	9540	7269	10308	6881	10782	6552	11202
7526	17017	17018	15918	18152	14961	19206	14402	19850	13925	20419
7340	33148	33149	31608	34725	30252	36177	29455	37059	28771	37835
7605	2124	2124	1748	2537	1440	2940	1271	3196	1132	3426
7537	30844	30845	29359	32366	28052	33768	27285	34621	26627	35371
8115	38790	38791	37122	40495	35651	42061	34786	43012	34042	43848
7335	43531	43532	41763	45336	40202	46992	39283	47997	38492	48880
8600	22865	22866	21589	24178	20471	25392	19816	26132	19256	26784
7425	35910	35911	34306	37551	32893	39060	32061	39977	31348	40782
7535	35827	35828	34225	37466	32813	38973	31983	39889	31270	40694
7525	21402	21403	20168	22673	19088	23849	18456	24566	17915	25199
7436	6550	6550	5875	7261	5299	7933	4969	8349	4690	8720
9019	22604	22605	21335	23909	20224	25117	19573	25853	19016	26502
7026	11570	11571	10667	12509	9886	13386	9433	13926	9047	14403
7205	16815	16816	15723	17944	14771	18991	14216	19632	13742	20198
7515	6696	6696	6014	7415	5431	8094	5096	8514	4814	8888
7320	36146	36147	34537	37792	33119	39306	32284	40226	31568	41034
7206	19967	19968	18776	21195	17734	22332	17125	23027	16604	23640
7315	23894	23895	22589	25236	21445	26475	20775	27231	20201	27897
7435	9755	9755	8928	10619	8214	11428	7801	11927	7451	12369
7316	24268	24269	22953	25620	21799	26869	21124	27631	20545	28301
7025	24367	24368	23049	25722	21893	26973	21216	27736	20636	28408
7415	15212	15213	14174	16286	13271	17285	12745	17897	12297	18437
7100	35949	35950	34344	37591	32930	39100	32098	40018	31384	40824
7015	20232	20233	19033	21468	17984	22613	17370	23312	16846	23928
9908	3882	3882	3367	4434	2934	4962	2690	5292	2486	5588
6410	59985	59986	57906	62100	56066	64036	54979	65209	54043	66237
6420	52069	52070	50134	54041	48422	55848	47412	56944	46544	57904
5535	41523	41524	39797	43286	38273	44905	37376	45888	36605	46751
5600	19471	19472	18295	20684	17267	21808	16666	22494	16152	23100
5546	22450	22451	21186	23751	20078	24954	19430	25688	18875	26335
4706	15834	15835	14775	16930	13853	17948	13315	18571	12856	19121
6605	15986	15987	14922	17087	13995	18110	13454	18736	12993	19288
6910	7298	7298	6585	8048	5974	8754	5623	9191	5326	9580
6606	8706	8706	7925	9523	7254	10290	6866	10764	6538	11184
9909	9235	9235	8431	10076	7737	10865	7337	11351	6998	11782
9011	15013	15014	13982	16080	13085	17073	12563	17681	12118	18218
5525	18225	18226	17088	19399	16095	20488	15515	21154	15019	21741
5515	32497	32498	30972	34059	29630	35496	28841	36371	28164	37139
6326	26365	26366	24993	27773	23789	29073	23083	29865	22478	30562
9914	22834	22835	21559	24146	20441	25359	19787	26099	19227	26751
5545	19731	19732	18547	20952	17512	22083	16906	22774	16389	23383
6223	30531	30532	29053	32045	27754	33440	26991	34289	26336	35036
5306	26308	26309	24938	27715	23735	29013	23030	29805	22425	30501
6325	37576	37577	35935	39254	34488	40796	33637	41733	32905	42556
9009	6339	6339	5676	7039	5110	7701	4785	8111	4512	8476
9006	16348	16349	15272	17461	14334	18495	13787	19127	13320	19686
6225	22974	22975	21695	24290	20574	25507	19917	26249	19356	26902
9018	24917	24918	23584	26287	22415	27552	21729	28323	21142	29001
5425	47669	47670	45818	49557	44183	51288	43218	52338	42389	53259
5305	30807	30808	29323	32328	28017	33729	27250	34582	26593	35331
5426	25828	25829	24470	27222	23279	28509	22581	29293	21982	29984
6226	34095	34096	32532	35694	31157	37166	30348	38060	29653	38846
6126	14366	14367	13358	15410	12482	16382	11972	16978	11537	17505
6224	23784	23785	22482	25123	21341	26360	20672	27114	20100	27778
6216	16506	16507	15424	17624	14482	18663	13932	19298	13463	19859
6316	30452	30453	28976	31964	27679	33358	26917	34206	26263	34951
6215	24357	24358	23039	25711	21884	26963	21207	27726	20627	28397
5100	8619	8619	7842	9432	7175	10196	6789	10667	6463	11085
6213	19850	19851	18662	21075	17624	22209	17017	22902	16498	23512
9005	8264	8264	7504	9061	6851	9809	6474	10272	6156	10682
6124	27913	27914	26501	29362	25261	30698	24533	31511	23909	32227
6125	10719	10719	9851	11624	9101	12470	8666	12990	8297	13451
6214	399	399	246	588	140	790	91	925	57	1051
5415	18908	18909	17749	20104	16737	21212	16145	21889	15640	22486
5205	15296	15297	14255	16373	13350	17375	12822	17988	12372	18530
9916	20279	20280	19078	21517	18028	22662	17414	23362	16889	23979
9913	7683	7683	6951	8452	6323	9175	5961	9623	5656	10020
9915	29012	29013	27572	30489	26307	31850	25564	32678	24927	33407
4606	32039	32040	30525	33590	29193	35018	28410	35886	27738	36650
6115	24483	24484	23162	25841	22003	27095	21324	27860	20743	28533
4820	8624	8624	7847	9437	7179	10201	6794	10673	6467	11091
9017	4973	4973	4388	5595	3892	6187	3609	6555	3372	6883
6123	22431	22432	21167	23732	20060	24934	19412	25668	18858	26314
6114	37428	37429	35790	39103	34346	40642	33497	41578	32767	42399
4607	36176	36177	34566	37823	33147	39337	32313	40257	31596	41066
6505	15591	15592	14540	16678	13625	17689	13092	18308	12638	18854
5020	28865	28866	27429	30338	26167	31696	25426	32522	24791	33249
6113	46342	46343	44517	48203	42905	49911	41955	50947	41138	51856
5010	21665	21666	20423	22943	19336	24126	18700	24848	18156	25484
6020	26417	26418	25044	27827	23838	29128	23132	29921	22526	30618
4900	28950	28951	27512	30425	26248	31785	25506	32613	24869	33340
6010	18064	18065	16932	19233	15943	20317	15366	20980	14873	21565
4400	24786	24787	23456	26152	22290	27414	21607	28183	21022	28860
9900	12238	12239	11309	13203	10504	14104	10037	14657	9639	15147
9904	16028	16029	14962	17130	14034	18154	13493	18781	13031	19334
9902	33108	33109	31569	34684	30213	36135	29417	37017	28733	37792
4810	11500	11500	10600	12436	9821	13311	9369	13849	8985	14324
5720	40271	40272	38571	42007	37072	43603	36189	44571	35430	45421
9901	13116	13117	12154	14115	11319	15046	10833	15617	10420	16122
5826	6928	6928	6234	7659	5640	8349	5299	8775	5011	9155
5825	3586	3586	3092	4117	2678	4627	2444	4946	2250	5232
5925	27747	27748	26339	29191	25103	30524	24377	31335	23755	32049
9015	17378	17379	16268	18525	15299	19589	14734	20240	14251	20815
4506	20187	20188	18989	21422	17941	22565	17329	23263	16805	23879
4605	29650	29651	28194	31143	26914	32518	26163	33355	25518	34091
9002	47440	47441	45594	49323	43962	51050	43000	52098	42173	53017
4226	20679	20680	19466	21928	18405	23085	17785	23791	17254	24414
4505	17734	17735	16612	18892	15633	19967	15062	20624	14574	21204
4225	21533	21534	20295	22808	19211	23987	18577	24707	18035	25341
5716	27290	27291	25894	28723	24668	30044	23949	30849	23333	31557
5916	38929	38930	37258	40637	35785	42206	34917	43159	34172	43996
4300	13602	13603	12622	14619	11770	15566	11275	16147	10854	16660
5815	5386	5386	4776	6033	4258	6646	3962	7028	3714	7368
9004	25316	25317	23972	26697	22793	27971	22102	28748	21510	29432
5715	18370	18371	17228	19549	16231	20642	15648	21310	15151	21899
3330	18108	18109	16974	19278	15985	20364	15407	21027	14913	21613
6506	19667	19668	18485	20886	17451	22015	16847	22705	16331	23313
5915	21388	21389	20154	22658	19075	23834	18443	24551	17902	25184
3905	12249	12250	11320	13215	10514	14116	10047	14669	9649	15159
4130	20274	20275	19073	21511	18023	22657	17409	23357	16884	23973
6930	10906	10906	10030	11818	9273	12671	8834	13196	8461	13661
3825	24194	24195	22881	25544	21729	26791	21055	27552	20477	28221
4120	22844	22845	21568	24156	20451	25370	19796	26110	19236	26761
3816	27656	27657	26251	29098	25016	30428	24292	31238	23671	31951
4210	31486	31487	29985	33023	28665	34439	27889	35301	27224	36058
9016	18154	18155	17019	19326	16028	20413	15449	21077	14955	21663
4005	19254	19255	18084	20460	17062	21578	16465	22261	15955	22863
4230	14114	14115	13115	15149	12247	16113	11742	16704	11312	17226
3815	21319	21320	20087	22587	19009	23761	18379	24477	17839	25109
3705	36896	36897	35270	38559	33837	40088	32993	41017	32269	41833
3900	8006	8006	7258	8790	6616	9528	6246	9984	5934	10388
4110	27918	27919	26506	29367	25265	30703	24537	31517	23914	32232
3416	27961	27962	26548	29411	25306	30748	24578	31562	23953	32279
3413	12946	12947	11990	13938	11161	14864	10679	15431	10269	15933
3706	19382	19383	18208	20592	17183	21714	16583	22399	16071	23003
3600	26095	26096	24730	27496	23533	28790	22830	29578	22229	30271
3415	35507	35508	33912	37139	32507	38639	31681	39551	30971	40353
3320	33554	33555	32004	35141	30640	36601	29837	37489	29149	38269
3505	48230	48231	46368	50129	44723	51870	43752	52926	42918	53852
3414	30099	30100	28632	31603	27342	32988	26585	33831	25935	34573
6900	11604	11605	10700	12545	9917	13423	9463	13963	9077	14441
2940	26830	26831	25446	28251	24231	29561	23518	30360	22907	31062
2216	23295	23296	22007	24620	20878	25845	20216	26592	19650	27249
3046	26067	26068	24703	27468	23506	28760	22804	29548	22203	30241
2225	22747	22748	21474	24057	20359	25267	19706	26006	19147	26656
3426	26833	26834	25449	28254	24234	29565	23521	30363	22910	31066
3427	27419	27420	26020	28855	24791	30180	24070	30986	23452	31696
3045	32181	32182	30663	33735	29328	35166	28543	36037	27870	36802
3310	33179	33180	31638	34757	30281	36209	29484	37092	28800	37868
3030	55202	55203	53209	57232	51445	59091	50404	60218	49508	61206
3130	18851	18852	17694	20045	16683	21151	16093	21828	15588	22424
3010	49204	49205	47323	51121	45661	52880	44680	53946	43837	54881
3020	29023	29024	27583	30500	26317	31861	25574	32690	24937	33419
3425	25242	25243	23900	26621	22723	27893	22033	28669	21442	29352
2100	22784	22785	21510	24095	20394	25306	19741	26045	19181	26696
1606	13995	13996	13001	15026	12136	15986	11633	16575	11205	17095
2215	20502	20503	19294	21746	18238	22898	17621	23601	17093	24221
1720	30355	30356	28882	31865	27586	33256	26825	34103	26173	34847
3120	30676	30677	29195	32194	27892	33592	27127	34443	26471	35191
1900	958	958	711	1241	521	1528	421	1713	342	1883
3110	10005	10005	9167	10880	8444	11699	8025	12203	7670	12650
3200	25309	25310	23965	26689	22787	27964	22096	28741	21504	29424
1605	18140	18141	17005	19311	16015	20398	15436	21062	14942	21648
2000	15826	15827	14767	16921	13845	17939	13308	18562	12849	19113
1820	8321	8321	7558	9120	6903	9871	6525	10335	6205	10747
1200	20871	20872	19652	22126	18586	23288	17963	23997	17430	24622
1710	27988	27989	26574	29439	25332	30776	24603	31591	23978	32308
1810	6213	6213	5556	6906	4997	7562	4676	7968	4406	8330
900	12409	12410	11474	13381	10663	14288	10192	14845	9791	15337
806	42910	42911	41155	44702	39606	46347	38693	47345	37908	48222
1506	25537	25538	24187	26923	23003	28203	22309	28984	21714	29670
1410	12892	12893	11938	13882	11111	14806	10630	15372	10220	15873
1505	23550	23551	22254	24882	21119	26113	20454	26864	19885	27525
1330	24136	24137	22824	25484	21674	26730	21000	27490	20424	28158
1000	10461	10461	9604	11355	8863	12191	8434	12706	8070	13162
1320	18351	18352	17210	19529	16213	20621	15631	21289	15134	21878
1420	22343	22344	21082	23641	19977	24841	19330	25574	18777	26219
1130	7466	7466	6745	8224	6126	8938	5770	9380	5470	9772
1116	20768	20769	19553	22020	18489	23179	17867	23887	17335	24510
1310	27977	27978	26563	29427	25322	30765	24593	31579	23968	32296
805	27385	27386	25987	28820	24758	30144	24038	30950	23420	31659
1115	18613	18614	17463	19799	16459	20899	15873	21571	15372	22164
205	13756	13757	12770	14778	11914	15731	11416	16315	10991	16831
136	11783	11784	10872	12731	10083	13615	9625	14159	9236	14640
1120	43105	43106	41346	44901	39793	46549	38878	47550	38092	48428
705	31330	31331	29833	32864	28516	34276	27742	35136	27079	35891
120	13110	13111	12148	14109	11313	15039	10828	15610	10415	16115
325	26981	26982	25593	28406	24374	29720	23660	30521	23047	31225
135	17870	17871	16744	19033	15761	20111	15187	20771	14697	21353
706	16435	16436	15356	17551	14415	18587	13867	19221	13399	19781
206	13982	13983	12988	15013	12124	15972	11621	16561	11193	17080
2910	5103	5103	4510	5733	4007	6332	3720	6704	3480	7036
315	15998	15999	14933	17099	14006	18122	13465	18749	13004	19302
2935	8054	8054	7304	8841	6660	9580	6289	10037	5975	10443
605	29138	29139	27695	30618	26427	31982	25682	32812	25044	33542
606	34320	34321	32752	35924	31372	37401	30560	38298	29863	39087
506	37248	37249	35614	38919	34174	40455	33326	41388	32599	42207
110	5502	5502	4885	6155	4361	6775	4062	7160	3810	7503
505	66557	66558	64367	68784	62425	70821	61278	72054	60290	73134
2936	7876	7876	7135	8654	6498	9386	6132	9839	5822	10240
405	34298	34299	32731	35902	31351	37378	30539	38275	29843	39063
2926	28954	28955	27516	30429	26251	31789	25509	32617	24873	33345
2925	22953	22954	21674	24268	20554	25484	19898	26226	19336	26879
2927	15279	15280	14239	16356	13334	17357	12806	17970	12357	18511
