faz_id mean median lower_50 upper_50 lower_80 upper_80 lower_90 upper_90 lower_95 upper_95
8935	6767	6768	5541	8116	4541	9436	3990	10273	3541	11029
8927	1315	1315	809	1944	457	2615	295	3064	182	3483
8926	4057	4058	3121	5115	2383	6173	1989	6854	1676	7474
8936	4254	4255	3294	5336	2535	6416	2128	7109	1803	7740
8500	16010	16011	14091	18052	12467	19996	11543	21206	10769	22287
8406	311	311	96	648	8	1057	2	1349	26	1632
8320	14573	14574	12745	16524	11203	18386	10328	19547	9597	20585
8925	3499	3500	2634	4486	1960	5480	1605	6122	1325	6709
8937	8080	8081	6734	9548	5627	10975	5012	11877	4507	12689
8405	1154	1154	684	1747	365	2386	221	2816	126	3218
8310	11771	11772	10134	13531	8765	15220	7993	16278	7351	17227
8910	3451	3451	2593	4432	1925	5420	1572	6059	1295	6643
7905	6218	6219	5045	7514	4093	8785	3572	9594	3147	10325
7606	877	877	475	1402	217	1979	111	2372	47	2743
7805	3817	3818	2911	4845	2200	5876	1822	6541	1523	7147
8220	17120	17121	15133	19229	13449	21234	12488	22481	11683	23593
8000	39906	39908	36840	43094	34184	46070	32643	47898	31332	49516
8906	1393	1393	870	2038	504	2725	332	3183	212	3610
8210	44328	44330	41094	47685	38286	50813	36653	52732	35263	54428
9020	4793	4794	3771	5938	2955	7074	2514	7801	2160	8462
8125	7896	7897	6566	9348	5474	10761	4867	11654	4370	12458
8126	9852	9853	8360	11467	7120	13026	6426	14007	5852	14887
8905	1170	1170	696	1767	374	2409	228	2841	131	3245
7806	2037	2037	1392	2805	916	3601	678	4125	501	4609
7700	6408	6409	5216	7722	4248	9011	3716	9829	3283	10569
7526	10765	10766	9202	12450	7900	14073	7168	15091	6561	16005
7340	3974	3975	3048	5022	2320	6071	1931	6746	1623	7361
7605	2049	2049	1402	2819	924	3617	685	4142	507	4627
7537	17983	17984	15945	20143	14215	22194	13227	23468	12397	24604
8115	13876	13877	12093	15781	10593	17602	9743	18739	9033	19755
7335	12727	12728	11022	14554	9592	16304	8784	17399	8110	18379
8600	13434	13435	11681	15310	10207	17103	9373	18224	8677	19227
7425	4825	4826	3799	5974	2980	7113	2537	7842	2181	8504
7535	8799	8800	7392	10329	6230	11811	5582	12745	5048	13586
7525	2720	2720	1965	3598	1390	4493	1093	5076	864	5612
7436	2494	2494	1774	3337	1230	4201	952	4765	739	5285
9019	5399	5400	4310	6610	3434	7806	2958	8569	2573	9261
7026	1810	1810	1205	2537	766	3297	550	3799	392	4264
7205	9981	9982	8478	11606	7230	13174	6531	14160	5952	15046
7515	8962	8963	7541	10505	6367	12000	5712	12941	5171	13789
7320	11407	11408	9796	13140	8451	14806	7693	15850	7064	16786
7206	28483	28484	25903	31186	23683	33725	22403	35292	21320	36682
7315	5158	5159	4095	6343	3243	7516	2780	8265	2407	8945
7435	5229	5230	4158	6422	3299	7602	2832	8355	2456	9038
7316	5269	5270	4194	6466	3331	7650	2862	8405	2483	9091
7025	13574	13575	11812	15459	10329	17261	9490	18387	8789	19395
7415	14726	14727	12888	16687	11337	18557	10457	19724	9721	20767
7100	15671	15672	13773	17692	12168	19616	11255	20816	10491	21886
7015	7601	7602	6298	9027	5229	10416	4636	11295	4151	12087
9908	4660	4661	3653	5790	2850	6912	2418	7631	2071	8285
6410	19411	19412	17291	21653	15487	23777	14456	25095	13588	26270
6420	8481	8482	7101	9984	5963	11442	5329	12362	4807	13190
5535	5307	5308	4228	6509	3361	7696	2890	8453	2509	9140
5600	16718	16719	14755	18803	13093	20786	12145	22020	11351	23121
5546	14966	14967	13112	16942	11548	18827	10659	20002	9916	21052
4706	2379	2379	1677	3204	1149	4051	881	4606	677	5117
6605	2882	2882	2103	3784	1506	4700	1197	5296	957	5843
6910	1304	1304	800	1930	451	2600	290	3047	178	3465
6606	1513	1513	965	2183	577	2891	392	3363	261	3801
9909	1389	1389	867	2034	502	2719	330	3177	211	3603
9011	6761	6762	5535	8109	4536	9428	3986	10265	3537	11021
5525	6469	6470	5271	7789	4297	9083	3762	9905	3326	10648
5515	5677	5678	4559	6918	3657	8140	3164	8919	2766	9624
6326	15274	15275	13401	17270	11819	19172	10919	20358	10167	21417
9914	4435	4436	3454	5539	2675	6637	2257	7342	1922	7984
5545	4680	4681	3670	5812	2866	6936	2432	7657	2084	8311
6223	12302	12303	10627	14099	9224	15823	8431	16902	7772	17868
5306	25482	25483	23045	28042	20954	30452	19751	31942	18735	33265
6325	8541	8542	7156	10049	6013	11512	5377	12434	4853	13265
9009	2628	2628	1887	3492	1324	4374	1035	4950	813	5479
9006	3341	3341	2497	4307	1843	5282	1498	5913	1228	6490
6225	20533	20534	18351	22837	16491	25017	15426	26369	14529	27573
9018	12631	12632	10933	14451	9509	16196	8704	17287	8034	18264
5425	63735	63737	59845	67748	56446	71467	54460	73739	52763	75743
5305	30744	30745	28061	33550	25749	36182	24413	37804	23282	39242
5426	19203	19204	17095	21433	15302	23547	14276	24859	13414	26028
6226	7830	7831	6506	9276	5419	10684	4816	11573	4321	12375
6126	3558	3559	2686	4553	2005	5554	1645	6200	1361	6791
6224	8255	8256	6894	9738	5773	11179	5150	12089	4638	12908
6216	10887	10888	9315	12581	8004	14212	7267	15236	6656	16154
6316	25098	25099	22679	27639	20606	30032	19413	31512	18405	32826
6215	20968	20969	18763	23296	16881	25497	15803	26862	14895	28076
5100	1814	1814	1209	2542	768	3302	552	3805	393	4270
6213	15938	15939	14023	17975	12403	19915	11482	21123	10710	22202
9005	640	640	305	1097	109	1614	39	1971	6	2309
6124	13802	13803	12024	15702	10528	17518	9681	18652	8973	19667
6125	12240	12241	10569	14033	9170	15753	8380	16829	7723	17793
6214	31399	31401	28687	34234	26349	36892	24997	38530	23852	39982
5415	62913	62915	59048	66900	55672	70596	53700	72855	52015	74847
5205	45483	45485	42206	48883	39360	52049	37704	53991	36294	55707
9916	2573	2573	1840	3428	1285	4303	1001	4874	782	5400
9913	6298	6299	5117	7601	4158	8880	3632	9693	3204	10428
9915	3504	3505	2639	4492	1964	5486	1608	6129	1328	6716
4606	3614	3615	2734	4616	2047	5624	1683	6274	1396	6868
6115	9479	9480	8016	11064	6804	12597	6126	13561	5566	14428
4820	6365	6366	5177	7675	4213	8960	3683	9776	3252	10514
9017	363	363	126	722	17	1151	0	1455	14	1748
6123	72894	72896	68729	77181	65083	81147	62949	83568	61124	85700
6114	23845	23846	21489	26323	19472	28660	18313	30106	17335	31391
4607	8145	8146	6794	9619	5681	11051	5063	11956	4555	12770
6505	3554	3555	2682	4548	2002	5549	1642	6195	1359	6785
5020	9022	9023	7596	10570	6417	12069	5760	13013	5217	13863
6113	44405	44407	41168	47765	38357	50895	36723	52816	35332	54514
5010	17003	17004	15023	19105	13345	21104	12388	22347	11586	23456
6020	74712	74714	70495	79052	66802	83065	64639	85514	62789	87670
4900	91085	91088	86422	95870	82328	100285	79925	102974	77867	105339
6010	139039	139042	133264	144937	128167	150353	125165	153642	122586	156528
4400	11143	11144	9552	12857	8224	14505	7477	15538	6856	16465
9900	2081	2081	1428	2856	945	3659	704	4187	523	4675
9904	7325	7326	6047	8726	5000	10092	4421	10958	3948	11738
9902	31674	31676	28949	34521	26601	37190	25243	38834	24092	40292
4810	8329	8330	6962	9819	5835	11265	5209	12178	4693	13001
5720	15128	15129	13264	17115	11690	19008	10796	20189	10048	21244
9901	6706	6707	5485	8049	4491	9363	3944	10197	3497	10951
5826	9990	9991	8487	11616	7238	13185	6538	14171	5959	15057
5825	57306	57308	53620	61114	50406	64649	48530	66811	46929	68719
5925	23790	23791	21437	26266	19423	28600	18265	30044	17288	31328
9015	2059	2059	1410	2831	930	3630	691	4156	512	4642
4506	31990	31992	29252	34851	26890	37532	25525	39184	24367	40648
4605	38487	38489	35477	41619	32872	44545	31360	46343	30076	47934
9002	10520	10521	8976	12187	7690	13793	6968	14801	6370	15706
4226	3889	3890	2974	4926	2255	5966	1872	6635	1569	7245
4505	1587	1587	1025	2272	623	2993	430	3473	292	3918
4225	3287	3287	2451	4246	1803	5214	1462	5841	1195	6414
5716	10925	10926	9350	12622	8037	14256	7298	15281	6686	16200
5916	9653	9654	8176	11252	6951	12797	6266	13769	5699	14643
4300	32138	32140	29393	35005	27026	37693	25657	39348	24497	40815
5815	30643	30644	27964	33444	25656	36072	24323	37692	23194	39128
9004	6961	6962	5716	8328	4700	9664	4140	10511	3682	11276
5715	2310	2310	1619	3124	1101	3961	839	4510	640	5015
3330	2706	2706	1953	3582	1380	4475	1084	5057	856	5591
6506	12791	12792	11082	14623	9648	16377	8837	17474	8161	18456
5915	6739	6740	5515	8085	4518	9402	3969	10238	3521	10993
3905	23417	23418	21083	25874	19086	28191	17938	29625	16970	30900
4130	30404	30405	27736	33195	25438	35813	24110	37427	22986	38858
6930	4085	4086	3146	5147	2405	6208	2009	6890	1694	7512
3825	9150	9151	7714	10709	6526	12217	5862	13167	5314	14021
4120	5062	5063	4010	6237	3167	7400	2710	8143	2342	8818
3816	4790	4791	3768	5935	2952	7070	2512	7797	2158	8458
4210	7484	7485	6191	8899	5132	10279	4545	11152	4064	11939
9016	2223	2223	1546	3022	1042	3847	787	4388	595	4887
4005	2483	2483	1764	3324	1222	4187	945	4750	733	5269
4230	2250	2250	1569	3054	1060	3882	803	4426	609	4927
3815	14281	14282	12472	16213	10947	18057	10082	19209	9360	20238
3705	45194	45196	41928	48583	39091	51740	37441	53676	36036	55388
3900	44383	44385	41147	47742	38337	50872	36703	52792	35312	54489
4110	38088	38090	35094	41204	32503	44115	31000	45905	29723	47488
3416	3220	3220	2393	4169	1753	5129	1418	5751	1155	6321
3413	1780	1780	1181	2502	746	3256	534	3756	378	4218
3706	4476	4477	3490	5584	2707	6688	2286	7395	1949	8039
3600	79903	79905	75540	84389	71715	88534	69474	91061	67555	93286
3415	5171	5172	4107	6358	3253	7532	2790	8281	2416	8962
3320	7509	7510	6214	8927	5152	10308	4565	11182	4083	11971
3505	33755	33757	30940	36692	28510	39442	27104	41135	25911	42635
3414	3266	3266	2433	4222	1787	5187	1448	5813	1183	6385
6900	2190	2190	1519	2984	1019	3803	768	4341	578	4838
2940	4698	4699	3686	5832	2880	6958	2445	7680	2096	8335
2216	4988	4989	3944	6155	3108	7310	2656	8049	2291	8720
3046	11941	11942	10292	13713	8911	15413	8133	16478	7485	17432
2225	7915	7916	6584	9369	5490	10783	4882	11677	4384	12482
3426	3272	3272	2438	4229	1792	5195	1452	5821	1186	6393
3427	7062	7063	5808	8439	4783	9783	4218	10635	3755	11405
3045	4683	4684	3673	5815	2868	6940	2434	7661	2086	8315
3310	6823	6824	5591	8177	4587	9502	4033	10342	3581	11100
3030	11863	11864	10219	13629	8844	15325	8069	16386	7424	17338
3130	30947	30948	28255	33762	25935	36402	24594	38029	23458	39471
3010	12886	12887	11170	14724	9730	16484	8916	17585	8237	18570
3020	24295	24296	21916	26796	19879	29153	18708	30611	17719	31907
3425	3660	3661	2774	4668	2081	5681	1714	6335	1424	6931
2100	2786	2786	2021	3673	1437	4578	1135	5166	902	5706
1606	3912	3913	2994	4952	2273	5994	1888	6665	1583	7277
2215	8310	8311	6944	9798	5819	11243	5194	12155	4679	12977
1720	7562	7563	6262	8984	5196	10370	4606	11247	4122	12038
3120	20447	20448	18270	22747	16414	24922	15351	26272	14457	27473
1900	20015	20016	17862	22291	16027	24445	14977	25782	14094	26972
3110	3819	3820	2913	4848	2202	5879	1824	6543	1524	7150
3200	8973	8974	7552	10517	6376	12012	5720	12955	5180	13802
1605	9484	9485	8021	11070	6808	12602	6130	13567	5569	14434
2000	16465	16466	14518	18535	12869	20504	11930	21729	11143	22823
1820	44511	44513	41270	47875	38456	51009	36820	52932	35427	54631
1200	8129	8130	6779	9602	5668	11033	5051	11936	4543	12750
1710	15138	15139	13273	17125	11699	19020	10804	20201	10056	21256
1810	21177	21178	18960	23516	17069	25728	15985	27098	15072	28318
900	13374	13375	11625	15245	10155	17036	9323	18154	8628	19155
806	5345	5346	4262	6551	3391	7741	2918	8501	2535	9190
1506	5641	5642	4527	6878	3628	8097	3138	8873	2741	9577
1410	18323	18324	16265	20503	14517	22571	13519	23856	12680	25002
1505	7985	7986	6648	9445	5548	10865	4937	11762	4436	12570
1330	6556	6557	5350	7885	4368	9186	3829	10012	3389	10759
1000	2146	2146	1482	2932	989	3745	742	4279	555	4772
1320	6110	6111	4948	7395	4006	8657	3490	9459	3070	10186
1420	23921	23922	21561	26403	19541	28744	18380	30191	17400	31478
1130	4481	4482	3494	5590	2711	6694	2289	7402	1952	8046
1116	11168	11169	9575	12883	8245	14533	7497	15568	6876	16496
1310	7022	7023	5772	8395	4750	9736	4187	10586	3726	11354
805	5976	5977	4827	7247	3897	8497	3389	9292	2975	10012
1115	5391	5392	4303	6602	3428	7797	2952	8559	2567	9251
205	15025	15026	13168	17005	11600	18893	10709	20070	9964	21122
136	4585	4586	3586	5706	2792	6821	2364	7535	2021	8185
1120	18061	18062	16019	20226	14284	22280	13294	23557	12462	24695
705	5890	5891	4750	7153	3828	8394	3324	9185	2915	9901
120	1789	1789	1188	2512	752	3269	538	3769	382	4232
325	7400	7401	6115	8808	5062	10180	4480	11049	4003	11833
135	3468	3469	2607	4451	1937	5441	1584	6081	1306	6666
706	4224	4225	3268	5303	2512	6379	2107	7070	1784	7700
206	10438	10439	8900	12098	7620	13699	6901	14704	6306	15606
2910	1282	1282	783	1904	438	2568	279	3014	170	3429
315	8026	8027	6685	9490	5582	10913	4970	11811	4466	12621
2935	22784	22785	20483	25208	18515	27496	17385	28912	16432	30172
605	5480	5481	4383	6700	3499	7904	3018	8671	2629	9367
606	5206	5207	4138	6397	3281	7574	2815	8326	2440	9008
506	10488	10489	8946	12152	7663	13756	6942	14763	6345	15667
110	1583	1583	1021	2267	621	2988	428	3467	290	3912
505	20868	20869	18668	23190	16792	25387	15716	26749	14811	27961
2936	4645	4646	3639	5773	2839	6894	2407	7612	2061	8265
405	5421	5422	4330	6635	3452	7833	2974	8597	2588	9290
2926	3457	3457	2598	4439	1929	5427	1576	6067	1299	6651
2925	2737	2737	1979	3617	1402	4515	1104	5099	874	5636
2927	2545	2545	1817	3396	1265	4267	983	4836	767	5359
