faz_id mean median lower_50 upper_50 lower_80 upper_80 lower_90 upper_90 lower_95 upper_95
8935	5169	5169	4667	5696	4238	6193	3990	6500	3781	6773
8927	2206	2206	1883	2555	1614	2891	1462	3102	1337	3291
8926	6187	6187	5637	6763	5164	7303	4890	7636	4659	7932
8936	7327	7327	6727	7952	6209	8537	5909	8897	5654	9216
8500	8131	8131	7499	8789	6951	9403	6633	9781	6363	10115
8406	829	829	636	1048	484	1267	403	1408	338	1536
8320	4937	4937	4447	5453	4028	5939	3787	6240	3583	6507
8925	6343	6343	5786	6926	5306	7472	5029	7809	4794	8108
8937	6538	6538	5972	7129	5485	7684	5203	8025	4964	8328
8405	6503	6503	5939	7093	5453	7646	5172	7987	4934	8289
8310	13424	13424	12608	14266	11895	15046	11478	15522	11122	15943
8910	6872	6872	6292	7478	5791	8046	5501	8395	5256	8705
7905	10075	10075	9370	10806	8756	11486	8399	11903	8095	12271
7606	1847	1847	1552	2167	1309	2478	1173	2673	1061	2849
7805	8862	8862	8201	9548	7628	10188	7295	10581	7012	10929
8220	9190	9190	8517	9889	7933	10540	7593	10939	7304	11293
8000	6165	6165	5616	6740	5144	7279	4871	7612	4640	7907
8906	3416	3416	3011	3847	2667	4257	2472	4512	2308	4740
8210	6559	6559	5992	7151	5504	7707	5222	8049	4982	8352
9020	8375	8375	7733	9043	7177	9666	6854	10048	6579	10387
8125	8269	8269	7631	8932	7079	9552	6758	9932	6485	10269
8126	6881	6881	6300	7487	5799	8055	5509	8405	5263	8715
8905	3836	3836	3406	4292	3040	4724	2831	4993	2656	5233
7806	2823	2823	2456	3216	2147	3592	1972	3827	1826	4037
7700	3642	3642	3223	4087	2868	4509	2665	4771	2495	5006
7526	6409	6409	5849	6995	5367	7544	5088	7882	4852	8183
7340	10825	10825	10093	11582	9456	12286	9085	12717	8769	13098
7605	775	775	589	987	443	1200	365	1337	304	1462
7537	12675	12675	11882	13493	11190	14252	10786	14716	10441	15125
8115	15076	15076	14210	15967	13453	16792	13009	17295	12630	17739
7335	15835	15835	14947	16748	14170	17592	13715	18107	13325	18561
8600	7516	7516	6909	8149	6383	8741	6079	9105	5821	9428
7425	11026	11026	10288	11790	9644	12500	9269	12935	8950	13319
7535	13972	13972	13139	14831	12411	15626	11985	16111	11621	16539
7525	6768	6768	6192	7369	5696	7933	5408	8280	5165	8588
7436	2259	2259	1932	2612	1659	2952	1506	3165	1378	3356
9019	7399	7399	6796	8027	6276	8615	5974	8976	5718	9297
7026	4301	4301	3845	4783	3455	5239	3233	5522	3045	5774
7205	6210	6210	5659	6787	5185	7328	4911	7662	4679	7958
7515	2342	2342	2009	2701	1730	3046	1573	3263	1443	3457
7320	12174	12174	11397	12976	10720	13721	10324	14176	9987	14578
7206	8223	8223	7587	8885	7036	9502	6716	9882	6445	10218
7315	7439	7439	6835	8069	6312	8658	6010	9021	5753	9342
7435	3280	3280	2883	3703	2547	4105	2357	4356	2197	4580
7316	8522	8522	7874	9195	7313	9824	6987	10209	6710	10551
7025	10495	10495	9775	11241	9148	11934	8783	12359	8472	12734
7415	5139	5139	4639	5665	4210	6160	3964	6466	3756	6739
7100	13941	13941	13109	14799	12382	15593	11956	16078	11593	16506
7015	8087	8087	7456	8743	6910	9356	6594	9733	6324	10066
9908	1185	1185	952	1444	763	1699	660	1862	577	2009
6410	20847	20848	19827	21893	18930	22857	18403	23443	17951	23959
6420	18022	18023	17074	18995	16243	19894	15755	20441	15337	20923
5535	13156	13156	12348	13989	11642	14762	11230	15234	10878	15650
5600	7308	7308	6709	7932	6192	8517	5892	8876	5638	9195
5546	7816	7816	7196	8461	6660	9064	6349	9435	6085	9763
4706	5378	5378	4866	5915	4427	6421	4174	6734	3961	7012
6605	4819	4819	4335	5328	3921	5809	3684	6107	3483	6371
6910	2155	2155	1836	2500	1570	2832	1421	3041	1297	3229
6606	2443	2443	2102	2809	1817	3161	1656	3382	1523	3579
9909	2465	2465	2123	2833	1836	3186	1675	3408	1540	3606
9011	5094	5094	4596	5617	4170	6111	3924	6416	3717	6687
5525	7052	7052	6464	7666	5956	8240	5662	8594	5413	8907
5515	12284	12284	11504	13090	10823	13837	10426	14295	10086	14698
6326	12183	12183	11406	12986	10728	13730	10333	14186	9995	14587
9914	8069	8069	7439	8725	6894	9337	6577	9713	6308	10046
5545	6451	6451	5889	7038	5405	7589	5125	7929	4888	8230
6223	14165	14165	13326	15029	12593	15830	12164	16318	11797	16749
5306	11349	11349	10600	12124	9947	12844	9566	13285	9241	13673
6325	17045	17046	16124	17992	15316	18867	14842	19400	14437	19869
9009	2230	2230	1905	2581	1634	2918	1482	3130	1356	3321
9006	5191	5191	4688	5719	4257	6217	4010	6525	3800	6798
6225	11503	11503	10748	12283	10091	13008	9707	13451	9380	13842
9018	9415	9415	8734	10122	8142	10781	7798	11185	7505	11542
5425	18690	18691	17725	19681	16877	20595	16380	21152	15954	21642
5305	13325	13325	12512	14164	11802	14941	11386	15416	11032	15835
5426	8893	8893	8231	9581	7657	10222	7323	10615	7039	10963
6226	15041	15041	14176	15931	13419	16755	12977	17258	12598	17701
6126	6093	6093	5547	6664	5078	7201	4807	7532	4577	7825
6224	11460	11460	10707	12239	10050	12962	9668	13405	9341	13795
6216	6960	6960	6376	7570	5872	8141	5580	8492	5333	8804
6316	15850	15850	14962	16764	14184	17608	13729	18124	13339	18577
6215	12510	12510	11723	13323	11035	14077	10634	14538	10291	14945
5100	3094	3094	2709	3505	2384	3897	2199	4141	2045	4359
6213	10374	10374	9658	11116	9035	11805	8672	12228	8363	12601
9005	2515	2515	2169	2887	1879	3243	1716	3466	1580	3667
6124	14973	14973	14110	15861	13355	16683	12913	17185	12536	17627
6125	5650	5650	5125	6201	4674	6718	4414	7038	4194	7322
6214	238	238	140	361	74	494	45	583	25	667
5415	6469	6469	5906	7057	5422	7609	5141	7949	4904	8250
5205	6291	6291	5736	6871	5259	7416	4983	7752	4749	8049
9916	7140	7140	6548	7757	6037	8335	5741	8691	5490	9006
9913	3482	3482	3073	3917	2726	4331	2528	4588	2363	4818
9915	9858	9858	9160	10581	8554	11254	8201	11667	7901	12032
4606	10315	10315	9601	11054	8980	11742	8619	12164	8310	12536
6115	11932	11932	11163	12726	10493	13464	10102	13915	9768	14313
4820	3792	3792	3364	4245	3001	4676	2793	4943	2619	5181
9017	1597	1597	1324	1896	1100	2187	976	2371	874	2537
6123	13484	13484	12666	14328	11951	15109	11533	15587	11176	16008
6114	18266	18267	17312	19246	16474	20150	15983	20701	15563	21186
4607	10883	10883	10149	11642	9511	12348	9138	12780	8821	13161
6505	4959	4959	4468	5476	4048	5963	3806	6264	3602	6532
5020	10908	10908	10174	11668	9534	12374	9161	12807	8843	13189
6113	27742	27743	26563	28947	25523	30053	24911	30725	24385	31315
5010	9014	9014	8348	9706	7769	10351	7433	10747	7147	11097
6020	16045	16045	15152	16964	14369	17814	13910	18332	13518	18788
4900	9873	9873	9175	10597	8568	11270	8215	11683	7914	12048
6010	10146	10146	9438	10879	8822	11562	8464	11980	8159	12350
4400	9747	9747	9053	10466	8451	11136	8100	11546	7801	11909
9900	4818	4818	4334	5327	3920	5808	3683	6106	3482	6370
9904	6322	6322	5766	6904	5287	7449	5010	7786	4776	8084
9902	14163	14163	13324	15027	12591	15828	12162	16316	11795	16747
4810	4791	4791	4309	5299	3896	5778	3659	6075	3459	6339
5720	19676	19677	18685	20692	17815	21630	17304	22200	16866	22702
9901	3726	3726	3302	4176	2942	4602	2737	4868	2564	5104
5826	3286	3286	2889	3709	2553	4112	2362	4363	2202	4587
5825	2009	2009	1701	2342	1446	2665	1303	2867	1185	3050
5925	11807	11807	11042	12597	10376	13331	9987	13780	9655	14176
9015	6178	6178	5628	6753	5155	7293	4882	7626	4651	7921
4506	7758	7758	7141	8401	6606	9002	6297	9371	6034	9699
4605	10870	10870	10137	11629	9498	12334	9126	12766	8809	13147
9002	16789	16790	15875	17729	15073	18597	14604	19127	14202	19593
4226	7503	7503	6896	8136	6371	8727	6067	9091	5809	9413
4505	6077	6077	5532	6648	5063	7183	4793	7514	4563	7807
4225	7304	7304	6705	7928	6188	8512	5888	8872	5634	9190
5716	11176	11176	10432	11945	9785	12660	9407	13097	9085	13484
5916	14960	14960	14098	15848	13343	16669	12901	17171	12524	17613
4300	5391	5391	4878	5929	4439	6436	4186	6749	3972	7027
5815	2244	2244	1918	2596	1646	2934	1493	3147	1367	3338
9004	7836	7836	7215	8482	6678	9086	6367	9457	6103	9786
5715	8124	8124	7492	8782	6945	9396	6627	9773	6357	10107
3330	5810	5810	5277	6368	4820	6893	4556	7217	4332	7504
6506	6448	6448	5886	7035	5402	7586	5123	7926	4886	8227
5915	8179	8179	7545	8839	6995	9455	6677	9834	6406	10169
3905	4682	4682	4205	5184	3798	5659	3564	5952	3367	6214
4130	8809	8809	8150	9493	7579	10132	7247	10523	6965	10870
6930	4537	4537	4068	5032	3667	5499	3438	5789	3244	6046
3825	8836	8836	8176	9521	7604	10160	7272	10553	6989	10900
4120	9068	9068	8399	9762	7819	10409	7482	10806	7195	11157
3816	10432	10432	9714	11176	9089	11867	8725	12291	8415	12665
4210	10744	10744	10015	11498	9381	12200	9011	12629	8696	13009
9016	5509	5509	4991	6053	4546	6565	4290	6881	4073	7161
4005	6497	6497	5933	7087	5447	7639	5166	7980	4928	8282
4230	4621	4621	4147	5120	3743	5592	3511	5884	3315	6143
3815	8897	8897	8235	9585	7661	10226	7327	10619	7043	10968
3705	13959	13959	13126	14817	12399	15612	11973	16097	11609	16525
3900	3396	3396	2992	3826	2650	4235	2455	4489	2292	4717
4110	9251	9251	8576	9952	7989	10605	7648	11006	7358	11360
3416	9723	9723	9030	10441	8428	11110	8078	11520	7780	11883
3413	4073	4073	3629	4542	3251	4987	3035	5263	2853	5509
3706	7418	7418	6815	8047	6293	8635	5991	8997	5734	9318
3600	9995	9995	9292	10723	8682	11401	8326	11816	8023	12183
3415	11578	11578	10821	12361	10161	13087	9776	13532	9448	13925
3320	11245	11245	10499	12017	9849	12733	9470	13172	9147	13559
3505	18656	18657	17692	19646	16845	20560	16348	21116	15923	21606
3414	10788	10788	10058	11544	9422	12247	9051	12677	8735	13057
6900	3653	3653	3233	4098	2877	4521	2674	4784	2504	5019
2940	8159	8159	7526	8818	6977	9434	6659	9812	6388	10146
2216	7928	7928	7304	8578	6763	9185	6450	9558	6184	9889
3046	10568	10568	9845	11316	9216	12012	8850	12438	8538	12815
2225	7378	7378	6776	8005	6256	8592	5955	8953	5699	9273
3426	8364	8364	7722	9031	7167	9654	6844	10036	6570	10375
3427	9298	9298	8621	10001	8033	10655	7691	11057	7400	11412
3045	12191	12191	11414	12994	10736	13739	10340	14194	10002	14596
3310	8639	8639	7987	9317	7421	9949	7093	10337	6814	10681
3030	17528	17529	16594	18488	15774	19375	15293	19915	14882	20390
3130	7730	7730	7114	8372	6581	8972	6272	9341	6009	9667
3010	17496	17497	16562	18455	15744	19341	15264	19881	14852	20356
3020	11034	11034	10295	11798	9652	12509	9277	12944	8957	13327
3425	8370	8370	7728	9037	7172	9660	6849	10043	6575	10381
2100	8007	8007	7380	8660	6836	9270	6521	9645	6254	9977
1606	5946	5946	5407	6511	4944	7041	4676	7368	4450	7658
2215	7744	7744	7127	8386	6594	8987	6284	9356	6021	9683
1720	11935	11935	11166	12729	10496	13467	10104	13918	9770	14316
3120	10218	10218	9508	10954	8890	11639	8530	12058	8223	12429
1900	554	554	398	735	280	920	219	1041	173	1152
3110	3654	3654	3234	4099	2878	4522	2675	4785	2505	5020
3200	8763	8763	8106	9446	7536	10082	7205	10473	6924	10819
1605	8241	8241	7604	8903	7053	9522	6733	9902	6461	10238
2000	5651	5651	5126	6202	4675	6719	4415	7039	4195	7323
1820	4898	4898	4410	5412	3993	5896	3753	6196	3550	6462
1200	7667	7667	7053	8306	6523	8904	6215	9271	5954	9597
1710	9958	9958	9257	10685	8647	11361	8292	11776	7990	12142
1810	2147	2147	1828	2491	1563	2823	1414	3032	1291	3219
900	4771	4771	4290	5278	3878	5757	3642	6053	3442	6316
806	13374	13374	12559	14214	11848	14993	11432	15469	11076	15888
1506	9906	9906	9207	10631	8599	11306	8245	11719	7944	12085
1410	5135	5135	4635	5661	4207	6156	3960	6462	3752	6734
1505	9366	9366	8686	10071	8096	10728	7753	11131	7461	11488
1330	8724	8724	8069	9405	7500	10040	7170	10430	6889	10775
1000	3988	3988	3549	4453	3175	4893	2962	5166	2782	5410
1320	7363	7363	6762	7990	6242	8576	5941	8937	5686	9256
1420	6325	6325	5769	6907	5290	7453	5013	7789	4779	8088
1130	2834	2834	2466	3228	2156	3604	1981	3839	1835	4050
1116	7859	7859	7238	8506	6700	9111	6388	9482	6123	9811
1310	10715	10715	9987	11468	9354	12169	8984	12598	8670	12977
805	9048	9048	8380	9741	7801	10388	7464	10784	7177	11135
1115	6300	6300	5745	6881	5267	7426	4991	7762	4757	8059
205	5933	5933	5395	6497	4932	7027	4665	7354	4439	7644
136	5134	5134	4634	5659	4206	6155	3960	6461	3752	6733
1120	15155	15155	14287	16049	13527	16875	13082	17380	12702	17824
705	8061	8061	7431	8716	6886	9328	6570	9704	6301	10037
120	5091	5091	4593	5614	4167	6107	3922	6413	3715	6684
325	10364	10364	9648	11105	9026	11795	8663	12217	8354	12590
135	7106	7106	6516	7722	6006	8299	5711	8653	5460	8968
706	5227	5227	4723	5757	4290	6256	4041	6565	3831	6839
206	6054	6054	5510	6623	5042	7158	4772	7488	4544	7781
2910	1502	1502	1238	1792	1021	2075	902	2255	804	2416
315	6345	6345	5788	6928	5308	7474	5031	7811	4796	8110
2935	2234	2234	1909	2585	1637	2923	1485	3135	1359	3325
605	9942	9942	9241	10668	8632	11344	8278	11758	7976	12125
606	10576	10576	9853	11325	9224	12021	8857	12447	8545	12824
506	10608	10608	9884	11358	9254	12055	8887	12482	8574	12859
110	2222	2222	1898	2572	1627	2909	1475	3121	1350	3311
505	19458	19459	18473	20469	17607	21401	17099	21969	16664	22468
2936	2815	2815	2448	3207	2140	3583	1965	3817	1819	4027
405	10882	10882	10148	11641	9510	12347	9137	12779	8820	13160
2926	9399	9399	8718	10105	8127	10764	7783	11167	7490	11524
2925	6237	6237	5685	6815	5209	7357	4935	7692	4702	7988
2927	3457	3457	3049	3890	2704	4303	2507	4559	2342	4788
