faz_id mean median lower_50 upper_50 lower_80 upper_80 lower_90 upper_90 lower_95 upper_95
8935	12164	12165	11238	13127	10436	14025	9970	14577	9573	15065
8927	5540	5540	4921	6196	4395	6817	4095	7204	3842	7548
8926	14380	14381	13372	15425	12495	16398	11985	16994	11550	17521
8936	17908	17909	16781	19072	15797	20152	15222	20812	14732	21394
8500	18887	18888	17729	20082	16717	21190	16126	21866	15621	22463
8406	1646	1646	1317	2012	1052	2372	908	2602	791	2811
8320	12405	12406	11470	13377	10659	14284	10188	14841	9788	15333
8925	14973	14974	13944	16039	13048	17030	12526	17638	12082	18174
8937	13194	13195	12229	14196	11391	15130	10904	15702	10490	16209
8405	16355	16355	15278	17468	14340	18502	13793	19135	13326	19693
8310	31610	31611	30107	33151	28784	34570	28006	35433	27339	36191
8910	15353	15354	14311	16432	13403	17435	12874	18050	12423	18592
7905	24133	24133	22821	25481	21671	26727	20997	27486	20420	28155
7606	4249	4249	3709	4825	3254	5375	2996	5719	2781	6026
7805	21542	21542	20303	22816	19220	23996	18585	24716	18043	25350
8220	17963	17964	16834	19129	15848	20210	15273	20871	14782	21454
8000	14647	14647	13629	15701	12744	16682	12228	17283	11789	17814
8906	8796	8796	8011	9617	7336	10388	6946	10864	6616	11285
8210	10102	10102	9260	10981	8533	11803	8112	12310	7755	12759
9020	17848	17849	16723	19010	15741	20088	15167	20748	14678	21329
8125	19425	19426	18250	20637	17223	21759	16623	22445	16110	23049
8126	13986	13987	12992	15017	12128	15977	11625	16565	11197	17085
8905	9923	9924	9089	10795	8369	11610	7952	12113	7598	12558
7806	5660	5660	5034	6322	4502	6950	4198	7340	3942	7687
7700	8697	8698	7917	9514	7246	10281	6858	10754	6530	11174
7526	15942	15942	14879	17041	13953	18062	13414	18688	12954	19240
7340	28557	28557	27128	30022	25873	31372	25136	32195	24505	32918
7605	1966	1966	1605	2364	1311	2753	1149	3001	1017	3224
7537	26701	26702	25320	28118	24108	29426	23397	30223	22788	30923
8115	31483	31483	29982	33020	28662	34436	27886	35297	27221	36054
7335	36840	36841	35215	38502	33783	40029	32940	40958	32217	41773
8600	18124	18124	16990	19295	15999	20381	15421	21044	14927	21630
7425	30151	30152	28683	31656	27392	33042	26633	33886	25983	34628
7535	28559	28559	27130	30024	25875	31375	25138	32197	24507	32920
7525	16106	16107	15038	17211	14107	18238	13565	18866	13102	19420
7436	6057	6058	5409	6742	4857	7390	4541	7792	4275	8149
9019	16853	16853	15759	17982	14806	19031	14250	19673	13776	20239
7026	11063	11064	10181	11982	9418	12841	8975	13369	8600	13836
7205	14373	14374	13365	15418	12489	16390	11979	16986	11544	17513
7515	5507	5508	4890	6161	4366	6781	4066	7166	3815	7510
7320	30219	30220	28749	31725	27456	33113	26697	33958	26046	34701
7206	17800	17801	16677	18961	15696	20038	15123	20696	14634	21277
7315	18179	18179	17043	19351	16051	20439	15472	21104	14977	21690
7435	8440	8440	7672	9245	7011	10001	6630	10468	6308	10882
7316	21413	21414	20178	22684	19098	23860	18466	24578	17925	25211
7025	22583	22583	21314	23887	20204	25094	19553	25830	18997	26478
7415	11970	11970	11051	12925	10256	13816	9794	14364	9401	14848
7100	27369	27369	25971	28803	24743	30127	24023	30933	23405	31642
7015	18370	18371	17228	19549	16231	20642	15649	21310	15151	21899
9908	3848	3848	3336	4398	2905	4924	2662	5253	2459	5548
6410	41510	41511	39784	43273	38261	44892	37364	45874	36593	46737
6420	37266	37267	35632	38937	34191	40474	33344	41407	32616	42227
5535	29189	29190	27745	30670	26476	32036	25730	32867	25091	33597
5600	16461	16462	15381	17578	14440	18615	13891	19250	13422	19810
5546	18197	18197	17060	19370	16068	20458	15488	21123	14994	21710
4706	14587	14587	13571	15639	12688	16618	12174	17218	11735	17748
6605	12275	12275	11345	13242	10538	14144	10070	14698	9672	15188
6910	4493	4494	3938	5086	3469	5650	3203	6003	2980	6317
6606	5618	5618	4994	6278	4464	6904	4162	7292	3907	7639
9909	5314	5314	4708	5956	4194	6566	3901	6946	3654	7284
9011	9899	9900	9066	10770	8347	11585	7930	12086	7578	12531
5525	15270	15271	14231	16347	13326	17347	12798	17960	12349	18501
5515	29003	29004	27563	30479	26298	31840	25555	32669	24918	33397
6326	24785	24786	23456	26152	22290	27413	21606	28182	21021	28859
9914	18735	18736	17582	19926	16574	21029	15986	21703	15483	22298
5545	16517	16518	15435	17636	14492	18675	13942	19311	13473	19872
6223	28883	28884	27446	30356	26184	31715	25443	32541	24807	33269
5306	24588	24588	23264	25949	22102	27205	21422	27972	20839	28646
6325	36997	36998	35368	38662	33933	40193	33089	41123	32364	41940
9009	5221	5222	4621	5858	4112	6463	3821	6840	3578	7175
9006	11462	11462	10564	12397	9786	13270	9335	13807	8952	14282
6225	20568	20568	19358	21814	18300	22967	17681	23672	17152	24293
9018	19032	19032	17869	20231	16853	21343	16260	22022	15753	22621
5425	40949	40950	39235	42700	37722	44308	36832	45284	36066	46141
5305	29128	29128	27685	30607	26417	31971	25672	32801	25034	33531
5426	22281	22282	21022	23577	19918	24776	19273	25508	18720	26152
6226	33050	33051	31512	34625	30158	36074	29362	36956	28679	37731
6126	13857	13857	12867	14883	12007	15838	11507	16424	11081	16942
6224	23450	23451	22157	24779	21024	26008	20361	26757	19793	27417
6216	16621	16622	15536	17743	14589	18785	14038	19423	13567	19985
6316	30370	30371	28897	31881	27601	33272	26840	34119	26187	34864
6215	23659	23660	22361	24995	21223	26229	20556	26981	19985	27643
5100	8548	8548	7774	9357	7109	10118	6726	10587	6401	11004
6213	19036	19036	17873	20235	16857	21347	16263	22026	15756	22625
9005	5628	5628	5004	6288	4473	6915	4170	7304	3915	7650
6124	27202	27203	25808	28632	24584	29952	23866	30756	23251	31463
6125	10432	10432	9576	11325	8836	12160	8408	12674	8044	13129
6214	354	354	211	533	114	726	70	856	41	977
5415	15839	15839	14780	16935	13857	17953	13320	18576	12861	19127
5205	12849	12850	11897	13838	11071	14760	10591	15326	10182	15826
9916	14806	14807	13783	15866	12893	16853	12374	17457	11932	17990
9913	7121	7122	6417	7862	5814	8561	5468	8993	5176	9377
9915	20112	20112	18916	21344	17870	22485	17259	23182	16736	23797
4606	26117	26118	24752	27519	23553	28813	22851	29601	22249	30295
6115	23678	23679	22379	25014	21241	26248	20574	27001	20003	27664
4820	8231	8231	7472	9026	6821	9773	6445	10234	6127	10644
9017	3589	3588	3094	4120	2680	4630	2447	4949	2252	5235
6123	19457	19458	18281	20669	17253	21793	16653	22479	16139	23084
6114	35531	35532	33936	37163	32530	38664	31703	39577	30994	40378
4607	28000	28000	26585	29450	25343	30788	24614	31603	23989	32320
6505	14231	14231	13228	15270	12356	16238	11848	16831	11416	17355
5020	25837	25838	24480	27232	23288	28519	22589	29303	21991	29994
6113	40700	40701	38991	42446	37484	44049	36596	45023	35833	45877
5010	20101	20101	18905	21333	17860	22474	17249	23171	16726	23785
6020	20835	20836	19618	22089	18553	23250	17929	23959	17397	24583
4900	9699	9699	8874	10560	8163	11368	7751	11865	7402	12306
6010	13893	13893	12902	14920	12041	15877	11540	16463	11113	16982
4400	24589	24589	23265	25950	22103	27206	21423	27973	20840	28647
9900	9722	9722	8896	10584	8184	11393	7772	11890	7422	12331
9904	12893	12894	11939	13884	11112	14807	10631	15374	10221	15875
9902	29747	29748	28289	31242	27007	32620	26254	33459	25609	34196
4810	10638	10639	9774	11540	9026	12383	8593	12901	8226	13361
5720	39206	39207	37530	40920	36051	42495	35180	43451	34432	44290
9901	8135	8135	7381	8925	6733	9669	6360	10128	6045	10535
5826	6235	6236	5578	6930	5017	7587	4695	7994	4425	8356
5825	3256	3256	2786	3763	2394	4251	2174	4557	1991	4832
5925	26251	26251	24882	27656	23680	28953	22976	29743	22372	30439
9015	15034	15034	14002	16102	13105	17095	12582	17704	12136	18241
4506	18034	18035	16903	19202	15915	20285	15338	20948	14846	21532
4605	25909	25910	24550	27306	23356	28595	22657	29380	22057	30071
9002	34046	34047	32485	35644	31110	37115	30302	38009	29608	38795
4226	17618	17618	16500	18773	15524	19844	14955	20499	14469	21077
4505	16934	16935	15839	18067	14883	19118	14326	19761	13850	20329
4225	17916	17917	16789	19080	15804	20160	15230	20821	14739	21403
5716	25900	25901	24541	27296	23348	28585	22648	29370	22049	30061
5916	37253	37254	35619	38924	34179	40460	33331	41393	32604	42213
4300	11494	11494	10594	12430	9816	13305	9364	13842	8980	14318
5815	4989	4990	4403	5612	3906	6205	3623	6574	3386	6903
9004	18470	18471	17325	19652	16325	20748	15741	21417	15242	22008
5715	18245	18246	17107	19420	16114	20510	15533	21176	15038	21763
3330	13721	13722	12737	14742	11881	15693	11384	16276	10960	16792
6506	15411	15411	14366	16492	13457	17497	12927	18113	12476	18656
5915	20596	20596	19385	21843	18327	22997	17707	23702	17178	24323
3905	10449	10449	9592	11342	8852	12178	8423	12693	8059	13148
4130	18657	18657	17506	19844	16500	20945	15913	21618	15411	22212
6930	10860	10860	9986	11770	9230	12622	8792	13145	8420	13609
3825	20801	20802	19585	22054	18520	23214	17898	23922	17366	24546
4120	20533	20533	19324	21778	18267	22930	17649	23634	17121	24255
3816	24744	24745	23416	26109	22251	27370	21568	28139	20983	28815
4210	25781	25781	24424	27173	23234	28459	22536	29243	21938	29932
9016	12628	12628	11684	13608	10866	14523	10390	15084	9985	15580
4005	15141	15141	14105	16212	13205	17209	12680	17819	12232	18359
4230	11404	11405	10508	12337	9733	13208	9283	13743	8901	14217
3815	20669	20670	19457	21919	18396	23075	17776	23781	17245	24403
3705	32075	32075	30560	33626	29227	35055	28443	35924	27771	36688
3900	6204	6204	5548	6896	4988	7551	4668	7958	4398	8319
4110	20063	20063	18868	21294	17824	22434	17213	23130	16692	23744
3416	24241	24242	22927	25593	21774	26841	21099	27602	20520	28272
3413	9568	9569	8749	10424	8043	11226	7635	11720	7288	12158
3706	17937	17938	16809	19102	15824	20183	15249	20843	14758	21426
3600	21295	21296	20064	22563	18987	23736	18356	24452	17817	25083
3415	27508	27509	26107	28947	24876	30273	24154	31081	23535	31792
3320	30034	30035	28569	31536	27280	32920	26524	33762	25875	34503
3505	41355	41356	39633	43115	38113	44731	37217	45712	36448	46573
3414	27562	27563	26159	29002	24927	30330	24204	31139	23584	31850
6900	8302	8303	7541	9101	6886	9851	6508	10314	6189	10725
2940	16402	16402	15323	17516	14384	18552	13836	19185	13368	19745
2216	19601	19601	18420	20818	17389	21945	16786	22634	16270	23241
3046	23891	23892	22586	25233	21442	26472	20772	27228	20198	27894
2225	15715	15716	14660	16807	13742	17821	13206	18442	12749	18991
3426	21119	21120	19894	22382	18821	23550	18193	24264	17657	24892
3427	23792	23793	22490	25131	21349	26368	20680	27123	20107	27787
3045	28465	28465	27039	29927	25786	31276	25050	32097	24420	32820
3310	20414	20415	19209	21655	18155	22805	17539	23507	17012	24126
3030	40514	40514	38809	42255	37305	43855	36419	44826	35658	45679
3130	16313	16313	15238	17425	14301	18457	13754	19089	13288	19647
3010	42693	42694	40943	44481	39397	46122	38487	47118	37705	47992
3020	23619	23619	22321	24953	21184	26185	20518	26937	19948	27599
3425	19755	19756	18570	20977	17534	22109	16929	22800	16411	23409
2100	20575	20575	19365	21821	18307	22975	17688	23679	17159	24300
1606	13025	13025	12066	14020	11234	14948	10750	15517	10339	16021
2215	18241	18242	17104	19416	16110	20505	15530	21171	15034	21759
1720	26810	26810	25426	28230	24212	29540	23499	30338	22889	31041
3120	24238	24239	22924	25590	21771	26838	21096	27599	20518	28269
1900	939	939	695	1220	506	1504	408	1688	331	1857
3110	9399	9399	8587	10247	7888	11043	7483	11533	7140	11967
3200	20842	20843	19624	22096	18559	23257	17936	23966	17403	24591
1605	17453	17454	16341	18603	15370	19669	14803	20321	14319	20897
2000	11847	11847	10933	12797	10142	13684	9683	14229	9292	14711
1820	7450	7451	6730	8207	6112	8921	5757	9362	5456	9754
1200	17887	17888	16761	19051	15777	20130	15203	20790	14713	21372
1710	21920	21921	20671	23206	19577	24395	18937	25121	18389	25760
1810	3586	3585	3091	4117	2678	4626	2444	4945	2250	5231
900	10298	10299	9448	11185	8713	12016	8288	12527	7927	12979
806	31683	31684	30178	33225	28853	34646	28075	35510	27407	36269
1506	23260	23261	21973	24584	20845	25808	20184	26555	19619	27212
1410	11462	11462	10564	12397	9786	13270	9335	13807	8952	14282
1505	21552	21552	20313	22827	19229	24007	18595	24727	18052	25361
1330	22256	22257	20997	23552	19895	24750	19250	25481	18697	26125
1000	9774	9774	8946	10639	8231	11449	7818	11948	7468	12390
1320	18391	18392	17248	19571	16251	20664	15668	21333	15170	21922
1420	12809	12810	11859	13797	11034	14717	10555	15282	10147	15782
1130	5352	5352	4744	5997	4228	6608	3933	6989	3686	7328
1116	17707	17707	16586	18864	15608	19938	15037	20595	14549	21174
1310	26948	26949	25561	28372	24343	29686	23629	30486	23017	31190
805	21952	21952	20702	23239	19607	24429	18966	25155	18418	25795
1115	13159	13160	12196	14160	11359	15092	10873	15664	10459	16170
205	13177	13178	12213	14179	11376	15111	10889	15684	10475	16190
136	11318	11319	10426	12248	9653	13116	9206	13649	8825	14122
1120	34173	34174	32609	35774	31231	37247	30421	38143	29726	38930
705	19046	19046	17883	20246	16866	21358	16273	22037	15765	22636
120	11765	11766	10855	12712	10066	13596	9609	14140	9220	14620
325	23340	23341	22050	24666	20920	25892	20258	26640	19692	27298
135	16705	16706	15617	17830	14668	18874	14115	19513	13642	20077
706	12651	12651	11706	13632	10887	14547	10411	15109	10006	15606
206	13458	13458	12483	14469	11636	15412	11144	15990	10725	16500
2910	3524	3524	3034	4051	2624	4556	2393	4873	2201	5157
315	14581	14581	13565	15633	12682	16612	12168	17212	11730	17742
2935	7800	7800	7062	8574	6429	9303	6065	9754	5756	10153
605	22093	22093	20838	23383	19740	24577	19097	25306	18547	25948
606	22010	22010	20758	23298	19662	24490	19020	25217	18471	25858
506	26124	26125	24758	27526	23560	28820	22857	29609	22255	30302
110	4956	4956	4371	5577	3876	6167	3594	6535	3358	6863
505	46284	46285	44461	48145	42850	49851	41900	50887	41084	51795
2936	6306	6307	5645	7004	5080	7665	4757	8074	4484	8438
405	24234	24235	22920	25585	21767	26834	21092	27595	20514	28265
2926	24932	24933	23599	26302	22429	27568	21743	28339	21156	29018
2925	15518	15518	14470	16602	13557	17611	13025	18228	12572	18774
2927	6960	6960	6264	7692	5669	8384	5327	8811	5038	9192
