faz_id mean median lower_50 upper_50 lower_80 upper_80 lower_90 upper_90 lower_95 upper_95
8935	16565	16566	15482	17685	14537	18726	13986	19362	13516	19924
8927	7262	7262	6551	8010	5941	8715	5591	9151	5295	9538
8926	20187	20188	18989	21422	17942	22565	17329	23264	16805	23879
8936	21136	21137	19910	22399	18837	23568	18209	24282	17672	24910
8500	25888	25889	24529	27284	23336	28573	22637	29358	22038	30049
8406	3256	3256	2786	3763	2394	4251	2174	4557	1991	4832
8320	17346	17347	16237	18492	15270	19556	14705	20206	14223	20780
8925	21931	21932	20681	23217	19587	24407	18947	25133	18399	25772
8937	25116	25116	23777	26491	22603	27761	21915	28535	21326	29216
8405	24119	24119	22807	25467	21658	26712	20984	27471	20408	28140
8310	37652	37653	36009	39331	34561	40875	33708	41813	32976	42637
8910	22351	22352	21089	23649	19985	24850	19338	25582	18784	26228
7905	33741	33742	32187	35332	30818	36796	30014	37686	29323	38468
7606	6002	6003	5357	6684	4808	7329	4493	7729	4229	8086
7805	28764	28765	27331	30235	26071	31590	25331	32415	24697	33141
8220	22230	22231	20972	23525	19870	24723	19225	25453	18674	26097
8000	16605	16606	15520	17727	14575	18768	14023	19405	13552	19968
8906	10418	10418	9562	11310	8823	12145	8395	12659	8032	13114
8210	15300	15301	14260	16377	13354	17379	12826	17993	12376	18534
9020	24142	24142	22830	25490	21680	26736	21006	27496	20429	28164
8125	22062	22062	20808	23352	19711	24545	19069	25273	18519	25914
8126	18817	18818	17661	20010	16651	21116	16061	21791	15557	22387
8905	11818	11818	10906	12767	10115	13653	9657	14197	9267	14679
7806	10675	10676	9809	11578	9060	12423	8626	12942	8258	13402
7700	8667	8668	7888	9483	7219	10248	6832	10721	6505	11140
7526	16940	16941	15844	18073	14889	19124	14331	19768	13855	20335
7340	33041	33042	31503	34616	30149	36065	29354	36946	28671	37721
7605	2097	2097	1723	2507	1418	2908	1250	3162	1112	3392
7537	30741	30742	29258	32260	27954	33660	27188	34512	26531	35260
8115	38674	38675	37009	40376	35541	41940	34676	42891	33934	43725
7335	43408	43409	41643	45210	40084	46865	39166	47869	38377	48750
8600	22776	22777	21502	24087	20387	25298	19733	26037	19174	26688
7425	35799	35800	34197	37437	32786	38944	31956	39859	31244	40664
7535	35716	35717	34116	37352	32707	38857	31878	39772	31166	40575
7525	21316	21317	20084	22584	19007	23758	18376	24474	17837	25105
7436	6502	6503	5830	7211	5257	7881	4927	8296	4650	8665
9019	22516	22516	21249	23819	20140	25023	19491	25759	18935	26406
7026	11507	11507	10607	12444	9828	13318	9376	13856	8991	14332
7205	16739	16739	15650	17865	14700	18910	14146	19550	13673	20114
7515	6648	6648	5968	7364	5387	8041	5054	8460	4773	8833
7320	36034	36035	34427	37678	33012	39189	32179	40108	31464	40915
7206	19884	19885	18695	21110	17656	22245	17048	22938	16529	23549
7315	23803	23804	22501	25142	21359	26380	20690	27134	20117	27799
7435	9697	9697	8872	10558	8161	11366	7749	11863	7401	12303
7316	24176	24177	22864	25526	21713	26773	21038	27533	20461	28202
7025	24275	24276	22960	25628	21806	26877	21130	27638	20552	28309
7415	15140	15140	14104	16211	13204	17208	12679	17818	12232	18357
7100	35838	35838	34235	37477	32823	38984	31993	39900	31280	40705
7015	20148	20149	18952	21382	17905	22524	17293	23222	16770	23837
9908	3845	3845	3333	4395	2903	4921	2659	5250	2457	5544
6410	59841	59842	57765	61954	55927	63888	54841	65059	53906	66086
6420	51935	51936	50002	53904	48293	55709	47284	56803	46417	57763
5535	41403	41404	39680	43164	38159	44780	37263	45762	36493	46623
5600	19389	19390	18215	20599	17189	21721	16590	22406	16078	23010
5546	22362	22363	21100	23661	19995	24861	19348	25594	18794	26239
4706	15760	15761	14704	16853	13784	17869	13247	18491	12790	19040
6605	15912	15912	14850	17010	13925	18030	13386	18655	12927	19207
6910	7248	7248	6537	7995	5929	8699	5579	9135	5283	9522
6606	8651	8652	7873	9466	7204	10231	6818	10703	6491	11122
9909	9179	9179	8377	10017	7686	10804	7287	11289	6949	11718
9011	14941	14942	13913	16006	13018	16996	12497	17603	12053	18139
5525	18146	18146	17011	19317	16020	20404	15441	21068	14947	21654
5515	32391	32392	30869	33950	29529	35386	28741	36259	28066	37026
6326	26270	26270	24900	27676	23698	28973	22994	29764	22390	30459
9914	22745	22746	21472	24055	20357	25265	19705	26004	19146	26654
5545	19648	19649	18467	20867	17434	21996	16830	22685	16314	23293
6223	30428	30429	28953	31940	27656	33333	26894	34180	26241	34926
5306	26213	26213	24845	27617	23644	28913	22940	29703	22337	30398
6325	37462	37463	35823	39137	34379	40678	33529	41613	32799	42435
9009	6292	6293	5631	6990	5068	7649	4745	8058	4473	8422
9006	16273	16273	15199	17383	14263	18415	13718	19046	13252	19603
6225	22885	22886	21608	24198	20490	25413	19835	26153	19274	26806
9018	24824	24825	23494	26192	22327	27454	21643	28224	21057	28901
5425	47541	47542	45692	49426	44059	51155	43096	52203	42268	53123
5305	30704	30705	29222	32222	27919	33621	27153	34472	26497	35221
5426	25734	25734	24379	27125	23190	28410	22492	29193	21895	29882
6226	33987	33987	32427	35583	31053	37052	30245	37946	29552	38731
6126	14296	14296	13290	15338	12416	16307	11908	16902	11474	17427
6224	23693	23694	22394	25030	21255	26264	20588	27017	20017	27680
6216	16431	16431	15351	17546	14411	18582	13863	19217	13395	19776
6316	30349	30350	28876	31859	27581	33250	26820	34097	26168	34841
6215	24265	24266	22950	25617	21797	26866	21121	27628	20542	28298
5100	8564	8565	7791	9375	7125	10137	6741	10606	6416	11023
6213	19767	19768	18582	20989	17546	22121	16940	22813	16422	23422
9005	8211	8211	7453	9005	6802	9751	6427	10212	6110	10621
6124	27815	27816	26405	29261	25167	30595	24441	31407	23818	32121
6125	10658	10659	9793	11560	9045	12404	8611	12923	8243	13383
6214	387	387	237	574	133	774	85	907	52	1032
5415	18827	18828	17671	20020	16661	21126	16071	21802	15566	22398
5205	15223	15224	14185	16298	13282	17297	12756	17909	12307	18450
9916	20195	20196	18997	21430	17949	22574	17336	23272	16813	23888
9913	7632	7632	6902	8398	6276	9119	5916	9565	5612	9961
9915	28912	28913	27475	30386	26211	31745	25470	32572	24834	33300
4606	31934	31935	30422	33482	29092	34908	28311	35775	27640	36537
6115	24391	24392	23072	25746	21916	26999	21238	27762	20658	28434
4820	8569	8570	7795	9380	7129	10142	6745	10612	6420	11029
9017	4932	4932	4349	5551	3855	6141	3574	6507	3338	6835
6123	22343	22344	21082	23641	19977	24841	19330	25574	18777	26219
6114	37314	37315	35679	38986	34237	40524	33389	41458	32661	42278
4607	36064	36065	34457	37708	33040	39221	32207	40139	31492	40947
6505	15518	15518	14470	16602	13557	17611	13025	18228	12572	18774
5020	28765	28766	27331	30236	26072	31591	25332	32416	24698	33142
6113	46216	46217	44393	48074	42784	49780	41835	50814	41019	51722
5010	21579	21579	20339	22854	19254	24035	18620	24756	18077	25390
6020	26322	26322	24951	27729	23748	29028	23042	29819	22438	30515
4900	28850	28851	27414	30323	26152	31680	25412	32506	24777	33233
6010	17985	17986	16855	19152	15869	20233	15293	20895	14802	21478
4400	24694	24694	23366	26057	22203	27317	21521	28084	20937	28760
9900	12173	12174	11247	13136	10444	14035	9978	14586	9581	15075
9904	15954	15954	14891	17053	13965	18075	13425	18701	12964	19253
9902	33001	33002	31464	34575	30111	36023	29316	36904	28634	37678
4810	11437	11438	10540	12371	9763	13243	9313	13780	8930	14254
5720	40153	40154	38456	41887	36959	43480	36077	44447	35320	45296
9901	13049	13049	12089	14045	11256	14974	10772	15543	10360	16047
5826	6879	6880	6187	7608	5596	8295	5256	8720	4969	9099
5825	3551	3551	3059	4079	2647	4587	2415	4904	2222	5189
5925	27649	27650	26244	29091	25010	30421	24285	31231	23665	31943
9015	17301	17301	16193	18445	15227	19507	14663	20157	14181	20730
4506	20104	20104	18908	21336	17863	22477	17251	23174	16729	23788
4605	29549	29550	28095	31039	26818	32412	26068	33248	25425	33983
9002	47312	47313	45468	49193	43839	50918	42878	51964	42052	52882
4226	20595	20595	19384	21841	18326	22996	17706	23701	17177	24322
4505	17656	17656	16537	18812	15560	19884	14990	20540	14503	21118
4225	21447	21447	20211	22719	19130	23896	18497	24614	17956	25247
5716	27193	27194	25799	28623	24576	29942	23858	30746	23243	31453
5916	38813	38814	37145	40518	35674	42085	34808	43037	34064	43872
4300	13534	13534	12556	14548	11707	15493	11213	16072	10792	16584
5815	5343	5343	4735	5987	4220	6599	3925	6979	3678	7317
9004	25223	25223	23881	26601	22705	27873	22015	28648	21424	29331
5715	18290	18291	17151	19467	16156	20557	15575	21224	15079	21812
3330	18029	18030	16898	19197	15910	20280	15334	20942	14841	21526
6506	19585	19585	18405	20801	17374	21928	16771	22616	16256	23223
5915	21302	21303	20071	22570	18993	23743	18363	24459	17824	25090
3905	12184	12185	11257	13147	10454	14046	9988	14598	9591	15087
4130	20190	20191	18992	21425	17944	22569	17332	23267	16808	23882
6930	10845	10845	9971	11755	9216	12605	8779	13129	8407	13592
3825	24103	24103	22792	25450	21643	26695	20969	27454	20393	28122
4120	22755	22756	21482	24065	20367	25276	19714	26015	19155	26665
3816	27558	27559	26155	28998	24923	30326	24200	31134	23581	31846
4210	31382	31383	29883	32917	28565	34330	27791	35191	27127	35947
9016	18075	18075	16942	19244	15953	20329	15376	20992	14883	21577
4005	19172	19173	18005	20376	16986	21492	16390	22173	15881	22774
4230	14044	14045	13048	15077	12182	16039	11678	16628	11249	17149
3815	21233	21234	20004	22499	18928	23670	18299	24386	17761	25016
3705	36783	36784	35159	38443	33729	39970	32887	40898	32164	41712
3900	7953	7954	7208	8735	6569	9471	6200	9925	5888	10328
4110	27820	27821	26410	29266	25172	30600	24445	31412	23823	32127
3416	27863	27864	26452	29310	25213	30645	24486	31458	23862	32173
3413	12879	12880	11926	13869	11099	14792	10618	15358	10209	15859
3706	19300	19301	18129	20508	17106	21627	16508	22311	15997	22913
3600	26000	26001	24638	27399	23443	28690	22742	29477	22141	30169
3415	35396	35397	33804	37025	32401	38524	31576	39435	30868	40235
3320	33446	33447	31899	35030	30537	36488	29736	37375	29049	38154
3505	48101	48102	46242	49997	44598	51736	43630	52790	42796	53716
3414	29997	29998	28533	31498	27245	32881	26489	33723	25841	34463
6900	11541	11541	10639	12479	9859	13355	9406	13893	9021	14370
2940	26734	26735	25352	28152	24139	29460	23428	30258	22818	30959
2216	23205	23206	21919	24528	20793	25750	20133	26496	19568	27152
3046	25972	25973	24611	27370	23416	28661	22715	29447	22115	30139
2225	22658	22659	21388	23965	20275	25174	19624	25911	19066	26560
3426	26737	26738	25355	28155	24142	29464	23431	30261	22821	30962
3427	27322	27322	25925	28755	24698	30078	23979	30883	23362	31591
3045	32076	32076	30561	33627	29228	35056	28444	35925	27772	36689
3310	33072	33073	31533	34647	30179	36097	29383	36979	28700	37754
3030	55064	55065	53073	57091	51312	58948	50272	60074	49377	61060
3130	18770	18771	17616	19962	16607	21066	16018	21741	15515	22336
3010	49074	49075	47195	50989	45535	52744	44556	53809	43714	54743
3020	28923	28924	27485	30397	26222	31756	25480	32584	24844	33311
3425	25149	25149	23809	26525	22634	27795	21946	28570	21356	29251
2100	22695	22696	21424	24003	20310	25213	19658	25951	19100	26600
1606	13926	13926	12934	14954	12072	15912	11570	16499	11143	17018
2215	20418	20419	19213	21660	18159	22809	17543	23511	17016	24130
1720	30253	30253	28782	31760	27489	33149	26729	33994	26078	34737
3120	30573	30574	29094	32088	27794	33484	27030	34334	26375	35081
1900	940	940	696	1221	507	1505	409	1689	332	1858
3110	9946	9947	9111	10818	8390	11635	7972	12138	7619	12584
3200	25216	25216	23874	26593	22698	27866	22008	28641	21418	29323
1605	18061	18062	16929	19230	15940	20314	15363	20977	14870	21561
2000	15752	15753	14696	16845	13776	17861	13240	18482	12783	19031
1820	8267	8268	7507	9064	6854	9813	6478	10275	6159	10686
1200	20786	20787	19570	22039	18506	23198	17884	23906	17352	24530
1710	27890	27890	26478	29338	25238	30673	24511	31487	23887	32202
1810	6167	6167	5513	6857	4955	7511	4636	7916	4367	8277
900	12344	12344	11411	13313	10602	14218	10132	14773	9733	15264
806	42788	42789	41036	44578	39489	46220	38577	47217	37794	48093
1506	25443	25444	24096	26827	22914	28105	22221	28884	21627	29569
1410	12825	12826	11874	13813	11049	14734	10569	15300	10161	15799
1505	23460	23461	22167	24789	21034	26018	20370	26768	19802	27428
1330	24045	24045	22735	25391	21588	26634	20915	27392	20340	28060
1000	10401	10401	9546	11292	8808	12127	8380	12640	8017	13095
1320	18271	18272	17132	19447	16138	20537	15557	21204	15061	21791
1420	22255	22256	20996	23551	19894	24749	19249	25480	18696	26124
1130	7415	7416	6696	8171	6080	8883	5726	9323	5427	9714
1116	20683	20684	19470	21933	18409	23090	17789	23796	17258	24418
1310	27879	27880	26468	29327	25228	30662	24501	31475	23877	32190
805	27288	27289	25892	28720	24666	30042	23947	30847	23331	31555
1115	18533	18533	17386	19717	16384	20814	15799	21485	15299	22077
205	13687	13688	12704	14707	11850	15657	11353	16240	10930	16754
136	11719	11720	10811	12664	10024	13547	9567	14089	9179	14569
1120	42983	42984	41226	44776	39676	46423	38762	47422	37977	48299
705	31226	31227	29731	32757	28417	34168	27644	35026	26982	35780
120	13043	13043	12083	14039	11251	14967	10767	15537	10355	16041
325	26885	26885	25499	28307	24283	29619	23569	30418	22958	31121
135	17791	17792	16668	18952	15687	20028	15115	20686	14626	21267
706	16360	16360	15283	17473	14345	18507	13797	19140	13331	19699
206	13913	13913	12921	14941	12059	15898	11558	16485	11131	17004
2910	5061	5061	4470	5688	3970	6285	3684	6656	3445	6987
315	15924	15924	14862	17022	13937	18043	13397	18668	12937	19220
2935	8001	8002	7254	8785	6612	9523	6242	9979	5930	10383
605	29038	29039	27597	30515	26331	31877	25588	32706	24951	33435
606	34211	34212	32646	35813	31268	37287	30457	38183	29762	38970
506	37135	37135	35503	38803	34065	40336	33219	41268	32492	42087
110	5458	5459	4844	6109	4322	6727	4025	7111	3774	7453
505	66405	66407	64218	68630	62278	70665	61133	71896	60145	72975
2936	7824	7824	7085	8600	6451	9329	6086	9780	5777	10181
405	34189	34190	32624	35791	31247	37264	30437	38160	29741	38947
2926	28854	28855	27418	30327	26156	31684	25415	32511	24780	33237
2925	22864	22865	21588	24177	20470	25391	19815	26131	19255	26783
2927	15206	15207	14169	16280	13266	17279	12740	17891	12292	18431
