faz_id mean median lower_50 upper_50 lower_80 upper_80 lower_90 upper_90 lower_95 upper_95
8935	13463	13464	12102	14896	10939	16249	10271	17086	9708	17831
8927	6122	6123	5216	7100	4463	8043	4040	8635	3689	9167
8926	16588	16589	15074	18175	13772	19666	13021	20586	12386	21403
8936	19655	19656	18003	21379	16578	22994	15753	23988	15054	24869
8500	20998	20999	19290	22779	17813	24444	16958	25469	16232	26377
8406	2269	2269	1732	2879	1310	3490	1086	3884	908	4243
8320	13628	13629	12259	15070	11088	16430	10415	17272	9848	18021
8925	17395	17396	15843	19019	14508	20544	13737	21484	13085	22318
8937	17862	17863	16289	19507	14935	21051	14153	22003	13490	22847
8405	19193	19194	17561	20897	16154	22494	15340	23477	14650	24349
8310	34202	34203	32012	36465	30101	38564	28986	39849	28035	40982
8910	18524	18525	16922	20199	15541	21769	14743	22737	14066	23595
7905	28509	28510	26513	30578	24777	32503	23766	33683	22905	34726
7606	5237	5237	4402	6144	3712	7024	3327	7578	3010	8077
7805	25385	25386	23503	27339	21870	29161	20922	30280	20114	31269
8220	19728	19729	18073	21455	16645	23073	15819	24069	15118	24951
8000	15745	15746	14271	17292	13005	18747	12276	19646	11659	20444
8906	9576	9577	8434	10790	7468	11946	6918	12665	6457	13308
8210	13301	13302	11949	14726	10793	16071	10130	16904	9570	17644
9020	21214	21215	19497	23004	18012	24677	17152	25707	16422	26619
8125	20712	20713	19016	22481	17550	24136	16701	25154	15981	26056
8126	16231	16232	14733	17801	13447	19277	12705	20188	12078	20997
8905	10796	10797	9581	12083	8549	13304	7960	14063	7465	14739
7806	7752	7753	6728	8848	5868	9897	5382	10553	4976	11140
7700	8850	8851	7754	10019	6828	11133	6303	11828	5863	12449
7526	16580	16581	15066	18166	13765	19657	13014	20577	12379	21394
7340	30460	30461	28395	32597	26598	34584	25550	35801	24657	36876
7605	2086	2086	1572	2672	1172	3262	960	3643	794	3991
7537	28631	28632	26630	30704	24890	32633	23877	33816	23014	34860
8115	34304	34305	32110	36570	30197	38673	29080	39959	28127	41094
7335	39956	39957	37586	42399	35513	44661	34301	46042	33265	47259
8600	20729	20730	19032	22499	17566	24154	16716	25173	15996	26075
7425	32983	32984	30833	35206	28958	37269	27865	38532	26932	39647
7535	31899	31900	29785	34085	27943	36116	26869	37360	25953	38457
7525	17800	17801	16230	19442	14878	20984	14097	21934	13436	22777
7436	6407	6408	5480	7407	4706	8369	4272	8973	3911	9515
9019	19354	19355	17715	21065	16302	22668	15484	23655	14791	24530
7026	11486	11487	10232	12812	9165	14069	8554	14849	8041	15544
7205	15222	15223	13773	16744	12530	18176	11814	19061	11210	19847
7515	5984	5985	5089	6952	4345	7885	3928	8471	3582	8998
7320	32354	32355	30225	34556	28369	36601	27287	37852	26364	38957
7206	18564	18565	16960	20241	15577	21812	14778	22781	14101	23640
7315	20289	20290	18610	22040	17161	23679	16321	24688	15609	25581
7435	9318	9319	8192	10516	7240	11658	6699	12368	6245	13003
7316	23119	23120	21325	24986	19771	26729	18869	27800	18103	28748
7025	23880	23881	22056	25777	20475	27547	19557	28634	18777	29596
7415	14032	14033	12642	15494	11452	16873	10769	17726	10192	18485
7100	31752	31753	29643	33933	27806	35960	26735	37201	25821	38296
7015	19262	19263	17627	20969	16217	22568	15402	23554	14710	24427
9908	3882	3882	3168	4668	2587	5438	2268	5927	2007	6369
6410	49359	49360	46721	52070	44406	54573	43050	56099	41888	57442
6420	43477	43478	41003	46023	38837	48379	37569	49816	36484	51082
5535	33664	33665	31491	35909	29597	37993	28491	39268	27548	40393
5600	17930	17931	16354	19578	14997	21125	14213	22078	13549	22924
5546	20488	20489	18801	22247	17344	23894	16500	24907	15784	25805
4706	15241	15242	13791	16763	12547	18197	11831	19082	11226	19869
6605	13697	13698	12324	15142	11150	16506	10476	17350	9907	18100
6910	5639	5639	4771	6579	4052	7488	3649	8060	3317	8574
6606	6685	6686	5737	7706	4945	8687	4499	9302	4129	9853
9909	6632	6633	5688	7649	4900	8626	4456	9239	4088	9789
9011	11812	11813	10540	13157	9456	14430	8836	15219	8314	15923
5525	16822	16823	15297	18420	13985	19921	13229	20847	12588	21668
5515	31283	31284	29190	33449	27367	35461	26304	36693	25398	37781
6326	25188	25189	23314	27135	21688	28950	20743	30065	19939	31050
9914	21577	21578	19845	23382	18347	25069	17479	26106	16741	27025
5545	18387	18388	16791	20056	15415	21621	14620	22585	13947	23440
6223	30109	30110	28056	32234	26270	34210	25229	35421	24341	36489
5306	25602	25603	23712	27565	22072	29394	21119	30517	20307	31509
6325	37732	37733	35430	40107	33418	42307	32243	43652	31239	44838
9009	5828	5828	4945	6783	4212	7706	3802	8286	3462	8807
9006	14193	14194	12795	15663	11598	17050	10910	17907	10329	18670
6225	22405	22406	20639	24243	19111	25961	18225	27016	17472	27951
9018	22474	22475	20705	24315	19175	26035	18287	27092	17533	28028
5425	44438	44439	41936	47012	39746	49392	38463	50844	37365	52123
5305	30585	30586	28516	32727	26714	34717	25665	35937	24770	37013
5426	23785	23786	21965	25678	20387	27445	19471	28530	18693	29490
6226	33856	33857	31677	36107	29777	38197	28668	39475	27721	40603
6126	14082	14083	12690	15547	11498	16928	10813	17783	10234	18542
6224	23986	23987	22158	25887	20573	27661	19653	28750	18871	29714
6216	16696	16697	15177	18288	13870	19783	13117	20706	12479	21525
6316	31055	31056	28970	33213	27154	35218	26095	36446	25193	37530
6215	24621	24622	22768	26546	21162	28342	20228	29445	19435	30420
5100	8639	8640	7556	9794	6643	10897	6125	11584	5692	12199
6213	19848	19849	18188	21580	16755	23202	15926	24201	15223	25086
9005	6538	6539	5601	7548	4819	8519	4379	9128	4014	9675
6124	27925	27926	25949	29973	24232	31879	23233	33048	22382	34081
6125	10699	10700	9490	11980	8463	13197	7877	13952	7385	14626
6214	386	386	186	659	67	966	25	1179	5	1380
5415	16029	16030	14541	17589	13263	19057	12526	19963	11904	20767
5205	13971	13972	12584	15430	11397	16806	10715	17658	10140	18415
9916	18503	18504	16902	20177	15521	21746	14724	22713	14048	23571
9913	7442	7443	6440	8517	5599	9547	5124	10191	4729	10768
9915	25259	25260	23382	27209	21753	29026	20807	30142	20002	31129
4606	29553	29554	27520	31659	25750	33617	24720	34817	23842	35877
6115	24434	24435	22588	26352	20988	28141	20059	29240	19269	30212
4820	8510	8511	7436	9657	6530	10752	6016	11435	5587	12046
9017	4062	4062	3331	4866	2735	5651	2406	6149	2137	6599
6123	22532	22533	20761	24375	19228	26097	18339	27156	17584	28093
6114	37083	37084	34801	39438	32808	41620	31643	42954	30648	44130
4607	31668	31669	29562	33847	27727	35871	26657	37110	25745	38204
6505	14729	14730	13304	16226	12083	17637	11380	18509	10787	19284
5020	26988	26989	25046	29002	23360	30878	22379	32028	21544	33045
6113	44809	44810	42297	47394	40096	49783	38808	51241	37705	52525
5010	20703	20704	19007	22471	17542	24126	16693	25144	15973	26046
6020	25605	25606	23715	27568	22075	29397	21121	30520	20310	31513
4900	18028	18029	16448	19681	15087	21231	14300	22187	13634	23034
6010	16693	16694	15174	18285	13868	19780	13114	20703	12477	21522
4400	24952	24953	23087	26890	21469	28697	20529	29807	19729	30788
9900	11315	11316	10071	12632	9012	13880	8407	14655	7898	15345
9904	14555	14556	13139	16044	11925	17446	11228	18314	10638	19084
9902	32135	32136	30013	34329	28164	36368	27086	37615	26166	38716
4810	11062	11063	9832	12364	8786	13599	8189	14366	7687	15050
5720	40358	40359	37976	42813	35892	45085	34674	46473	33632	47697
9901	10068	10069	8896	11312	7903	12495	7337	13230	6862	13887
5826	6647	6648	5702	7665	4912	8643	4468	9257	4099	9807
5825	3657	3657	2965	4421	2404	5172	2097	5649	1846	6080
5925	27236	27237	25285	29259	23591	31143	22605	32298	21765	33319
9015	16472	16473	14963	18053	13666	19539	12918	20457	12286	21271
4506	18766	18767	17153	20451	15762	22031	14959	23005	14277	23868
4605	28006	28007	26028	30057	24308	31966	23307	33136	22454	34170
9002	41422	41423	39008	43908	36896	46210	35661	47615	34604	48853
4226	19691	19692	18038	21417	16611	23033	15786	24028	15085	24909
4505	17405	17406	15853	19029	14517	20555	13746	21495	13093	22329
4225	19536	19537	17890	21255	16469	22865	15647	23856	14950	24735
5716	26461	26462	24539	28456	22870	30314	21899	31454	21073	32461
5916	38119	38120	35805	40506	33783	42717	32601	44068	31591	45260
4300	12538	12539	11226	13922	10107	15231	9465	16042	8925	16764
5815	5205	5205	4373	6110	3685	6987	3302	7539	2986	8037
9004	21147	21148	19433	22934	17951	24605	17092	25633	16363	26544
5715	18498	18499	16897	20172	15517	21741	14719	22708	14043	23565
3330	15881	15882	14400	17434	13128	18895	12396	19798	11776	20599
6506	17334	17335	15785	18955	14452	20477	13683	21416	13032	22249
5915	21185	21186	19469	22973	17986	24646	17126	25675	16396	26586
3905	11691	11692	10426	13029	9348	14296	8731	15082	8212	15782
4130	19570	19571	17922	21290	16500	22902	15677	23894	14979	24773
6930	10909	10910	9688	12203	8650	13430	8057	14192	7559	14871
3825	22616	22617	20842	24463	19306	26188	18415	27248	17658	28187
4120	21573	21574	19841	23377	18343	25065	17475	26102	16738	27021
3816	26407	26408	24487	28400	22820	30256	21850	31395	21025	32402
4210	29240	29241	27218	31335	25458	33283	24434	34477	23561	35532
9016	15046	15047	13606	16559	12370	17984	11659	18864	11059	19646
4005	16939	16940	15408	18542	14092	20048	13332	20977	12689	21801
4230	13000	13001	11664	14409	10522	15740	9867	16564	9315	17297
3815	21136	21137	19422	22922	17940	24593	17082	25621	16353	26531
3705	33816	33817	31638	36066	29739	38154	28631	39432	27685	40559
3900	7380	7381	6382	8450	5545	9477	5073	10119	4679	10693
4110	22267	22268	20507	24100	18984	25812	18100	26865	17350	27797
3416	25497	25498	23611	27456	21974	29281	21023	30402	20214	31393
3413	11312	11313	10068	12629	9009	13876	8404	14651	7895	15341
3706	19078	19079	17451	20777	16049	22369	15237	23350	14549	24219
3600	23297	23298	21496	25171	19935	26920	19030	27995	18260	28946
3415	31208	31209	29117	33371	27297	35381	26236	36612	25330	37698
3320	32190	32191	30066	34386	28216	36426	27137	37675	26216	38777
3505	45332	45333	42805	47931	40591	50335	39295	51800	38185	53091
3414	29514	29515	27482	31618	25714	33576	24684	34775	23807	35834
6900	9675	9676	8527	10895	7555	12056	7002	12779	6538	13424
2940	21460	21461	19733	23260	18239	24943	17373	25978	16638	26894
2216	21751	21752	20012	23563	18507	25256	17635	26298	16895	27220
3046	24868	24869	23006	26803	21391	28607	20452	29715	19654	30694
2225	18719	18720	17108	20402	15719	21980	14917	22953	14236	23815
3426	24792	24793	22933	26724	21320	28526	20384	29632	19587	30610
3427	25968	25969	24064	27944	22412	29786	21451	30916	20633	31915
3045	30798	30799	28722	32947	26913	34944	25860	36167	24961	37247
3310	24739	24740	22882	26669	21271	28469	20335	29574	19540	30551
3030	49505	49506	46863	52220	44545	54727	43186	56255	42023	57600
3130	17365	17366	15815	18988	14481	20511	13711	21451	13059	22284
3010	45914	45915	43371	48530	41142	50948	39837	52422	38720	53721
3020	24964	24965	23098	26902	21480	28710	20539	29820	19740	30801
3425	23126	23127	21331	24993	19777	26736	18876	27808	18109	28756
2100	21719	21720	19981	23529	18478	25222	17607	26263	16867	27184
1606	13643	13644	12273	15085	11101	16446	10428	17289	9861	18038
2215	19817	19818	18158	21548	16727	23169	15898	24167	15196	25051
1720	28002	28003	26024	30053	24304	31962	23303	33132	22451	34166
3120	25233	25234	23357	27182	21729	28998	20784	30114	19979	31100
1900	965	965	627	1375	385	1807	268	2093	184	2359
3110	9997	9998	8830	11237	7840	12416	7276	13149	6803	13803
3200	23140	23141	21345	25008	19790	26751	18888	27823	18121	28771
1605	17948	17949	16371	19597	15014	21144	14229	22098	13565	22944
2000	14303	14304	12899	15779	11697	17170	11006	18031	10423	18796
1820	8126	8127	7077	9247	6194	10319	5694	10989	5277	11588
1200	19865	19866	18204	21598	16771	23221	15941	24220	15238	25105
1710	23479	23480	21671	25360	20104	27116	19195	28195	18422	29149
1810	4150	4150	3411	4962	2807	5755	2474	6258	2201	6711
900	11596	11597	10336	12929	9263	14191	8649	14974	8133	15672
806	37538	37539	35242	39907	33236	42102	32064	43444	31062	44626
1506	24570	24571	22719	26493	21114	28287	20182	29389	19389	30363
1410	12101	12102	10813	13462	9715	14749	9086	15547	8557	16258
1505	22701	22702	20923	24551	19384	26279	18492	27341	17733	28281
1330	23794	23795	21973	25687	20395	27454	19480	28540	18701	29500
1000	10293	10294	9108	11551	8103	12745	7529	13488	7048	14151
1320	18462	18463	16862	20134	15484	21702	14687	22668	14012	23525
1420	14738	14739	13313	16236	12091	17647	11388	18519	10795	19294
1130	6584	6585	5643	7597	4858	8571	4417	9183	4050	9731
1116	19427	19428	17785	21141	16369	22747	15549	23736	14854	24612
1310	28022	28023	26043	30074	24323	31983	23322	33154	22469	34188
805	25331	25332	23451	27283	21820	29104	20873	30221	20066	31209
1115	16869	16870	15342	18469	14028	19972	13270	20899	12629	21722
205	13652	13653	12282	15095	11109	16456	10436	17299	9868	18048
136	11629	11630	10367	12963	9292	14227	8678	15012	8161	15710
1120	39415	39416	37061	41841	35003	44088	33800	45461	32772	46671
705	22618	22619	20844	24465	19308	26190	18417	27250	17660	28189
120	12598	12599	11283	13985	10161	15297	9517	16110	8975	16833
325	25794	25795	23897	27764	22250	29600	21293	30726	20478	31722
135	17768	17769	16200	19409	14849	20949	14069	21898	13408	22740
706	13964	13965	12578	15423	11391	16799	10709	17650	10134	18407
206	13854	13855	12473	15307	11292	16678	10613	17526	10040	18280
2910	4139	4139	3401	4950	2798	5742	2465	6244	2193	6697
315	15473	15474	14012	17007	12758	18450	12036	19342	11425	20134
2935	7926	7927	6890	9034	6020	10094	5527	10756	5116	11349
605	26472	26473	24549	28467	22880	30326	21909	31466	21083	32474
606	28972	28973	26959	31057	25208	32997	24189	34186	23320	35237
506	30800	30801	28723	32949	26915	34946	25862	36170	24963	37250
110	5139	5139	4312	6038	3630	6910	3249	7460	2936	7955
505	56551	56553	53724	59450	51241	62123	49783	63750	48533	65182
2936	7036	7037	6062	8082	5248	9086	4788	9715	4406	10279
405	29885	29886	27840	32002	26060	33971	25024	35178	24140	36243
2926	26423	26424	24502	28416	22835	30273	21865	31412	21039	32419
2925	17014	17015	15480	18621	14160	20129	13399	21060	12754	21886
2927	9215	9216	8096	10407	7149	11542	6611	12250	6161	12882
