faz_id mean median lower_50 upper_50 lower_80 upper_80 lower_90 upper_90 lower_95 upper_95
8935	4816	4816	4079	5615	3467	6387	3124	6872	2842	7308
8927	1180	1180	830	1591	568	2013	435	2290	333	2544
8926	1989	1989	1526	2513	1161	3038	967	3375	813	3683
8936	3468	3468	2847	4150	2340	4817	2060	5240	1832	5622
8500	11746	11747	10577	12976	9577	14137	9002	14855	8517	15493
8406	258	258	111	466	31	707	7	874	0	1034
8320	9776	9777	8712	10901	7807	11967	7289	12628	6853	13217
8925	2538	2538	2011	3126	1589	3708	1360	4081	1176	4418
8937	7283	7284	6369	8258	5598	9189	5161	9769	4795	10288
8405	871	871	575	1228	361	1602	256	1850	180	2080
8310	9925	9926	8853	11058	7940	12131	7417	12797	6978	13390
8910	2891	2891	2327	3517	1871	4133	1621	4525	1420	4880
7905	4914	4914	4169	5721	3550	6499	3204	6989	2917	7429
7606	802	802	519	1146	317	1508	220	1749	150	1972
7805	3019	3019	2441	3658	1974	4285	1718	4685	1510	5046
8220	11717	11718	10550	12946	9551	14105	8977	14822	8492	15460
8000	38425	38426	36286	40625	34412	42659	33315	43900	32375	44993
8906	1261	1261	899	1685	625	2119	484	2402	377	2663
8210	21644	21645	20046	23303	18660	24849	17854	25799	17168	26638
9020	3837	3837	3182	4553	2645	5251	2347	5692	2102	6089
8125	5914	5914	5093	6796	4407	7642	4020	8173	3698	8648
8126	7745	7746	6802	8750	6004	9707	5551	10303	5172	10836
8905	1041	1041	715	1429	473	1830	352	2094	262	2338
7806	1537	1537	1134	2002	823	2472	661	2778	534	3058
7700	5583	5583	4787	6441	4122	7265	3748	7783	3437	8247
7526	9020	9021	7999	10102	7133	11129	6638	11767	6222	12335
7340	3754	3754	3106	4463	2576	5154	2282	5591	2041	5985
7605	1082	1082	749	1477	501	1885	376	2152	282	2400
7537	16170	16171	14793	17608	13606	18956	12919	19786	12337	20521
8115	10943	10944	9816	12131	8853	13254	8301	13950	7835	14569
7335	11481	11482	10326	12698	9338	13846	8770	14556	8292	15188
8600	11215	11216	10073	12418	9098	13553	8538	14257	8066	14882
7425	3643	3643	3006	4342	2484	5023	2196	5455	1959	5844
7535	6179	6179	5340	7080	4636	7943	4239	8484	3908	8968
7525	2295	2295	1795	2856	1398	3413	1184	3771	1012	4096
7436	2278	2278	1780	2837	1385	3393	1172	3749	1001	4073
9019	4779	4779	4044	5575	3435	6344	3095	6828	2813	7263
7026	1714	1714	1286	2203	954	2696	778	3014	641	3305
7205	8317	8318	7338	9357	6509	10346	6037	10962	5641	11511
7515	7740	7741	6797	8744	6000	9701	5547	10298	5168	10830
7320	8678	8679	7678	9740	6829	10748	6345	11376	5939	11935
7206	17856	17857	16408	19366	15156	20778	14430	21646	13814	22415
7315	4793	4793	4057	5590	3447	6360	3106	6845	2824	7280
7435	4416	4416	3711	5182	3129	5925	2804	6393	2536	6814
7316	4460	4460	3751	5230	3166	5976	2839	6445	2570	6868
7025	11382	11383	10232	12593	9248	13737	8684	14445	8207	15074
7415	13891	13892	12617	15226	11522	16481	10891	17256	10357	17943
7100	10434	10435	9334	11595	8396	12693	7858	13374	7406	13980
7015	5838	5838	5023	6714	4341	7556	3957	8083	3638	8556
9908	4299	4299	3604	5055	3030	5789	2711	6252	2448	6668
6410	15280	15281	13942	16679	12790	17991	12125	18800	11561	19517
6420	8668	8669	7668	9729	6820	10737	6336	11364	5931	11923
5535	5886	5886	5067	6766	4383	7611	3997	8140	3676	8614
5600	14828	14829	13511	16206	12377	17500	11722	18298	11168	19006
5546	13249	13250	12006	14554	10938	15781	10323	16539	9804	17212
4706	2202	2202	1713	2752	1325	3300	1117	3651	951	3971
6605	2611	2611	2076	3207	1647	3797	1414	4173	1225	4514
6910	845	845	554	1197	344	1567	242	1812	168	2039
6606	1183	1183	833	1594	570	2017	437	2294	335	2549
9909	1126	1126	785	1528	531	1943	402	2214	305	2465
9011	6418	6418	5562	7335	4843	8214	4437	8763	4099	9255
5525	6495	6495	5634	7418	4910	8301	4501	8853	4160	9348
5515	5329	5329	4552	6168	3904	6975	3540	7482	3239	7937
6326	11674	11675	10509	12901	9512	14058	8939	14774	8456	15410
9914	3826	3826	3172	4541	2635	5238	2338	5678	2094	6076
5545	4514	4514	3801	5288	3211	6038	2882	6510	2611	6935
6223	8206	8207	7234	9239	6411	10222	5942	10834	5550	11380
5306	18847	18848	17358	20397	16070	21846	15323	22736	14688	23524
6325	7419	7420	6496	8403	5718	9342	5276	9927	4906	10450
9009	2452	2452	1935	3031	1521	3604	1297	3971	1117	4305
9006	2059	2059	1587	2592	1215	3124	1016	3466	858	3778
6225	16181	16182	14804	17620	13616	18968	12929	19798	12346	20534
9018	11515	11516	10358	12733	9368	13883	8800	14595	8320	15227
5425	31151	31152	29228	33135	27549	34974	26568	36099	25730	37090
5305	23474	23475	21809	25200	20362	26808	19519	27793	18802	28664
5426	16244	16245	14864	17685	13673	19036	12985	19868	12401	20605
6226	6845	6845	5960	7791	5215	8696	4793	9261	4441	9767
6126	2947	2947	2377	3578	1916	4200	1664	4595	1459	4953
6224	7504	7505	6576	8493	5792	9437	5347	10025	4975	10551
6216	9537	9538	8487	10649	7593	11702	7082	12356	6653	12939
6316	19965	19966	18432	21560	17103	23048	16332	23962	15677	24771
6215	16295	16296	14913	17739	13720	19091	13031	19924	12446	20662
5100	1692	1692	1267	2178	937	2668	764	2985	627	3275
6213	15445	15446	14100	16851	12941	18170	12272	18983	11704	19704
9005	514	514	294	796	148	1102	84	1308	43	1503
6124	13019	13020	11787	14313	10729	15530	10120	16282	9606	16950
6125	10858	10859	9735	12042	8777	13161	8227	13854	7763	14470
6214	29749	29750	27871	31689	26231	33488	25274	34588	24457	35559
5415	62329	62330	59596	65123	57188	67692	55770	69252	54553	70623
5205	36120	36121	34047	38254	32233	40229	31171	41434	30262	42495
9916	2405	2405	1893	2978	1484	3547	1263	3911	1086	4242
9913	5721	5721	4914	6589	4240	7423	3861	7945	3546	8414
9915	3418	3418	2802	4096	2299	4759	2022	5179	1795	5558
4606	3410	3410	2794	4087	2292	4749	2016	5169	1790	5548
6115	9129	9130	8102	10217	7230	11250	6731	11891	6313	12463
4820	6082	6082	5249	6976	4552	7833	4159	8370	3831	8851
9017	264	264	115	474	33	716	8	885	0	1046
6123	60070	60071	57388	62813	55025	65336	53635	66870	52441	68217
6114	21131	21132	19553	22771	18184	24300	17388	25238	16712	26068
4607	6379	6379	5526	7294	4809	8170	4405	8718	4068	9208
6505	2870	2870	2308	3494	1854	4108	1606	4499	1405	4853
5020	8626	8627	7629	9685	6783	10690	6301	11316	5896	11874
6113	40810	40811	38605	43077	36671	45170	35538	46447	34568	47570
5010	16994	16995	15582	18468	14362	19847	13656	20696	13058	21448
6020	66527	66529	63703	69412	61212	72064	59745	73673	58485	75087
4900	56167	56168	53574	58821	51292	61263	49950	62748	48799	64053
6010	123485	123487	119626	127405	116203	130988	114179	133155	112435	135053
4400	9804	9805	8739	10931	7832	11998	7313	12660	6876	13250
9900	2000	2000	1536	2526	1170	3051	975	3390	820	3698
9904	7204	7205	6295	8174	5529	9100	5095	9678	4731	10195
9902	23941	23942	22259	25684	20797	27307	19946	28301	19220	29180
4810	7928	7929	6973	8944	6166	9912	5706	10514	5321	11052
5720	11566	11567	10406	12787	9414	13939	8844	14652	8364	15286
9901	4619	4619	3897	5402	3300	6159	2966	6636	2691	7065
5826	8285	8286	7308	9323	6481	10310	6010	10925	5615	11473
5825	50616	50617	48156	53137	45994	55459	44724	56873	43634	58115
5925	19789	19790	18263	21377	16940	22859	16173	23770	15521	24575
9015	1858	1858	1412	2366	1062	2875	876	3204	730	3504
4506	31819	31820	29875	33824	28177	35682	27185	36818	26337	37819
4605	20935	20936	19364	22567	18002	24089	17211	25024	16537	25850
9002	9863	9864	8794	10993	7884	12063	7364	12727	6926	13318
4226	3628	3628	2992	4325	2472	5006	2184	5437	1948	5825
4505	1484	1484	1088	1941	784	2405	626	2706	503	2983
4225	3237	3237	2638	3897	2151	4544	1883	4955	1665	5327
5716	8289	8290	7312	9327	6484	10315	6013	10929	5618	11478
5916	8277	8278	7301	9315	6474	10301	6003	10916	5608	11464
4300	18221	18222	16758	19746	15492	21171	14759	22048	14136	22824
5815	27807	27808	25992	29683	24410	31426	23487	32492	22699	33433
9004	5521	5521	4729	6374	4069	7195	3697	7709	3389	8171
5715	2189	2189	1702	2737	1315	3284	1108	3635	942	3954
3330	2374	2374	1865	2944	1460	3510	1241	3872	1065	4201
6506	6807	6807	5924	7751	5182	8653	4762	9217	4411	9721
5915	5232	5232	4462	6063	3821	6864	3461	7367	3163	7819
3905	20346	20347	18798	21955	17456	23457	16677	24380	16014	25195
4130	24483	24484	22782	26245	21302	27885	20440	28890	19706	29778
6930	3702	3702	3059	4406	2533	5093	2241	5527	2003	5919
3825	8063	8064	7100	9087	6285	10063	5821	10670	5432	11212
4120	4032	4032	3360	4765	2807	5478	2500	5929	2247	6334
3816	4227	4227	3538	4977	2970	5705	2654	6165	2394	6578
4210	5880	5880	5062	6759	4378	7604	3992	8133	3671	8607
9016	1952	1952	1494	2472	1133	2992	941	3327	789	3633
4005	2201	2201	1712	2751	1325	3299	1117	3650	950	3970
4230	2012	2012	1546	2539	1179	3066	983	3405	827	3715
3815	10300	10301	9207	11454	8276	12546	7742	13223	7293	13825
3705	37905	37906	35781	40091	33920	42111	32830	43344	31898	44430
3900	28749	28750	26903	30656	25293	32426	24353	33509	23551	34465
4110	36927	36928	34831	39085	32995	41080	31921	42298	31002	43370
3416	3283	3283	2679	3948	2188	4599	1918	5012	1698	5386
3413	1522	1522	1121	1984	812	2453	651	2758	525	3036
3706	4224	4224	3535	4974	2967	5702	2651	6161	2391	6575
3600	60254	60255	57568	63002	55201	65528	53809	67064	52613	68413
3415	4946	4946	4198	5755	3577	6536	3229	7027	2942	7468
3320	5656	5656	4854	6519	4185	7349	3808	7869	3495	8335
3505	21606	21607	20010	23264	18624	24809	17819	25757	17134	26595
3414	3109	3109	2522	3757	2047	4393	1786	4797	1573	5162
6900	1930	1930	1474	2447	1116	2965	926	3298	775	3603
2940	3504	3504	2879	4190	2369	4860	2088	5285	1858	5668
2216	4319	4319	3622	5077	3047	5812	2727	6276	2463	6693
3046	8972	8973	7954	10051	7090	11075	6597	11712	6183	12279
2225	7565	7566	6633	8558	5846	9505	5399	10096	5025	10623
3426	2939	2939	2370	3570	1909	4190	1657	4585	1453	4943
3427	6296	6296	5448	7205	4737	8076	4336	8621	4001	9109
3045	4312	4312	3616	5069	3041	5804	2721	6267	2458	6684
3310	4075	4075	3399	4812	2843	5529	2534	5981	2280	6388
3030	10294	10295	9202	11448	8270	12539	7737	13216	7288	13818
3130	25500	25501	23763	27298	22251	28970	21371	29994	20620	30898
3010	11529	11530	10371	12748	9381	13898	8812	14610	8332	15244
3020	22803	22804	21162	24505	19737	26090	18908	27063	18202	27922
3425	3299	3299	2694	3965	2201	4618	1930	5032	1709	5406
2100	2295	2295	1795	2856	1398	3413	1184	3771	1012	4096
1606	3482	3482	2860	4166	2351	4834	2071	5258	1842	5640
2215	7280	7281	6366	8255	5596	9186	5158	9766	4793	10285
1720	6933	6934	6042	7885	5292	8795	4867	9363	4512	9872
3120	17320	17321	15894	18807	14662	20199	13949	21056	13343	21814
1900	15565	15566	14215	16977	13051	18300	12379	19116	11809	19839
3110	3250	3250	2650	3912	2161	4560	1893	4972	1674	5344
3200	7815	7816	6867	8824	6066	9785	5610	10384	5229	10919
1605	7771	7772	6826	8777	6027	9736	5573	10333	5193	10867
2000	15721	15722	14364	17139	13194	18469	12518	19289	11945	20015
1820	25056	25057	23335	26839	21837	28497	20964	29512	20221	30409
1200	6282	6282	5435	7190	4725	8060	4324	8604	3990	9092
1710	13793	13794	12524	15124	11433	16374	10804	17146	10272	17832
1810	14605	14606	13298	15973	12173	17258	11524	18050	10975	18753
900	11981	11982	10800	13223	9789	14394	9208	15119	8717	15763
806	4625	4625	3903	5408	3305	6166	2971	6643	2695	7073
1506	4484	4484	3773	5256	3186	6003	2858	6474	2588	6898
1410	15837	15838	14475	17261	13300	18595	12621	19417	12046	20146
1505	6913	6914	6023	7864	5275	8773	4850	9340	4496	9848
1330	6134	6134	5298	7031	4597	7892	4202	8431	3872	8913
1000	2001	2001	1537	2527	1171	3053	975	3391	820	3700
1320	5079	5079	4321	5898	3690	6689	3337	7186	3044	7632
1420	15701	15702	14345	17119	13176	18448	12500	19267	11927	19993
1130	2932	2932	2363	3562	1904	4182	1652	4576	1448	4934
1116	8780	8781	7774	9848	6919	10862	6432	11492	6023	12055
1310	6242	6242	5398	7147	4691	8015	4291	8557	3958	9044
805	5444	5444	4658	6291	4002	7107	3634	7618	3328	8078
1115	4778	4778	4044	5574	3435	6343	3094	6827	2812	7262
205	14245	14246	12955	15597	11845	16866	11205	17650	10663	18345
136	4481	4481	3771	5253	3183	6000	2856	6471	2586	6894
1120	13299	13300	12053	14606	10984	15836	10368	16595	9847	17269
705	3490	3490	2867	4175	2358	4843	2077	5267	1848	5650
120	1616	1616	1202	2092	881	2572	713	2884	581	3169
325	6761	6761	5882	7702	5142	8601	4723	9163	4374	9666
135	3185	3185	2591	3840	2108	4483	1843	4891	1628	5260
706	3775	3775	3126	4486	2593	5178	2298	5616	2057	6011
206	8375	8376	7393	9419	6560	10411	6086	11028	5689	11579
2910	1111	1111	773	1511	520	1923	393	2193	297	2443
315	6835	6835	5951	7781	5206	8685	4785	9249	4433	9755
2935	21507	21508	19914	23161	18533	24703	17730	25649	17046	26486
605	4560	4560	3843	5338	3250	6091	2919	6566	2646	6992
606	4393	4393	3690	5157	3109	5898	2786	6365	2519	6785
506	5100	5100	4340	5921	3708	6713	3354	7210	3061	7657
110	1337	1337	963	1772	678	2217	532	2507	419	2773
505	12110	12111	10923	13359	9906	14536	9321	15264	8827	15911
2936	4051	4051	3377	4786	2823	5501	2515	5952	2262	6358
405	4507	4507	3795	5281	3205	6030	2877	6502	2605	6927
2926	2909	2909	2343	3537	1885	4154	1635	4548	1432	4904
2925	2244	2244	1750	2799	1358	3351	1147	3705	978	4027
2927	1867	1867	1419	2376	1069	2887	883	3216	735	3517
