faz_id mean median lower_50 upper_50 lower_80 upper_80 lower_90 upper_90 lower_95 upper_95
8935	13463	13464	12095	14904	10925	16265	10254	17108	9688	17858
8927	6122	6123	5211	7106	4454	8055	4029	8651	3677	9186
8926	16588	16589	15065	18184	13757	19684	13002	20610	12364	21432
8936	19655	19656	17994	21389	16561	23014	15732	24014	15029	24900
8500	20998	20999	19280	22789	17796	24465	16936	25496	16206	26409
8406	2269	2269	1729	2882	1305	3498	1080	3894	902	4256
8320	13628	13629	12251	15078	11074	16447	10398	17294	9828	18048
8925	17395	17396	15835	19029	14492	20562	13718	21509	13062	22348
8937	17862	17863	16280	19517	14919	21070	14133	22028	13467	22877
8405	19193	19194	17552	20907	16137	22513	15319	23503	14626	24380
8310	34202	34203	31999	36478	30079	38590	28958	39882	28001	41023
8910	18524	18525	16913	20209	15524	21788	14722	22762	14042	23625
7905	28509	28510	26501	30590	24756	32527	23740	33714	22875	34763
7606	5237	5237	4397	6150	3704	7035	3318	7593	2999	8095
7805	25385	25386	23493	27351	21851	29184	20897	30309	20086	31304
8220	19728	19729	18064	21465	16628	23093	15798	24095	15093	24983
8000	15745	15746	14262	17301	12990	18765	12257	19669	11637	20472
8906	9576	9577	8428	10797	7457	11960	6904	12684	6441	13331
8210	13301	13302	11941	14734	10779	16087	10113	16925	9551	17671
9020	21214	21215	19487	23014	17995	24698	17130	25734	16396	26651
8125	20712	20713	19006	22491	17533	24156	16679	25181	15955	26088
8126	16231	16232	14725	17810	13432	19295	12686	20212	12056	21026
8905	10796	10797	9575	12091	8537	13319	7945	14083	7448	14764
7806	7752	7753	6723	8855	5858	9910	5370	10571	4962	11161
7700	8850	8851	7748	10026	6818	11147	6290	11847	5848	12472
7526	16580	16581	15058	18176	13749	19675	12995	20601	12357	21423
7340	30460	30461	28384	32610	26576	34609	25523	35833	24626	36914
7605	2086	2086	1570	2676	1167	3269	955	3653	788	4004
7537	28631	28632	26619	30716	24870	32657	23851	33847	22984	34898
8115	34304	34305	32098	36583	30174	38698	29052	39993	28093	41134
7335	39956	39957	37572	42413	35489	44688	34270	46078	33229	47303
8600	20729	20730	19022	22509	17548	24175	16695	25200	15970	26107
7425	32983	32984	30821	35219	28936	37295	27837	38565	26899	39686
7535	31899	31900	29773	34098	27921	36141	26842	37392	25921	38497
7525	17800	17801	16221	19452	14862	21003	14078	21959	13413	22807
7436	6407	6408	5475	7413	4697	8381	4261	8989	3899	9535
9019	19354	19355	17706	21075	16285	22688	15463	23681	14766	24561
7026	11486	11487	10225	12820	9152	14085	8539	14870	8023	15569
7205	15222	15223	13765	16752	12515	18194	11796	19084	11188	19875
7515	5984	5985	5084	6957	4336	7896	3917	8487	3571	9017
7320	32354	32355	30213	34568	28347	36626	27259	37885	26331	38996
7206	18564	18565	16951	20250	15561	21832	14758	22806	14077	23670
7315	20289	20290	18601	22050	17144	23699	16300	24714	15584	25613
7435	9318	9319	8186	10523	7229	11672	6685	12387	6230	13026
7316	23119	23120	21315	24997	19752	26750	18846	27828	18076	28782
7025	23880	23881	22046	25788	20456	27568	19534	28662	18750	29630
7415	14032	14033	12634	15503	11438	16890	10751	17749	10172	18512
7100	31752	31753	29631	33946	27784	35985	26707	37233	25789	38335
7015	19262	19263	17618	20979	16201	22588	15381	23579	14686	24458
9908	3882	3882	3164	4673	2581	5448	2260	5940	1998	6385
6410	49359	49360	46706	52086	44379	54604	43015	56139	41847	57490
6420	43477	43478	40989	46038	38811	48408	37537	49854	36446	51127
5535	33664	33665	31479	35922	29574	38019	28463	39301	27515	40433
5600	17930	17931	16345	19588	14981	21144	14193	22103	13526	22954
5546	20488	20489	18792	22258	17327	23914	16478	24934	15759	25837
4706	15241	15242	13783	16772	12532	18214	11813	19105	11205	19897
6605	13697	13698	12317	15151	11136	16523	10458	17372	9887	18127
6910	5639	5639	4766	6585	4043	7499	3639	8075	3305	8592
6606	6685	6686	5732	7712	4936	8699	4488	9318	4116	9873
9909	6632	6633	5683	7655	4890	8638	4445	9255	4075	9809
9011	11812	11813	10533	13165	9443	14445	8820	15240	8296	15948
5525	16822	16823	15288	18429	13970	19939	13209	20871	12566	21698
5515	31283	31284	29178	33461	27345	35485	26277	36725	25366	37820
6326	25188	25189	23303	27146	21668	28973	20719	30094	19911	31085
9914	21577	21578	19835	23392	18329	25090	17457	26134	16716	27058
5545	18387	18388	16782	20065	15399	21640	14600	22610	13923	23471
6223	30109	30110	28045	32247	26248	34234	25202	35452	24310	36528
5306	25602	25603	23701	27576	22052	29416	21094	30546	20279	31545
6325	37732	37733	35417	40121	33394	42334	32213	43687	31203	44880
9009	5828	5829	4940	6789	4204	7717	3791	8301	3450	8825
9006	14193	14194	12787	15672	11584	17067	10892	17930	10309	18697
6225	22405	22406	20629	24254	19093	25982	18202	27044	17445	27984
9018	22474	22475	20696	24326	19157	26056	18264	27120	17506	28062
5425	44438	44439	41922	47027	39719	49421	38430	50882	37327	52169
5305	30585	30586	28504	32739	26693	34742	25638	35968	24738	37052
5426	23785	23786	21954	25689	20368	27466	19448	28558	18665	29524
6226	33856	33857	31665	36120	29754	38223	28640	39509	27688	40644
6126	14082	14083	12682	15555	11484	16945	10795	17805	10214	18570
6224	23986	23987	22147	25898	20554	27682	19630	28778	18844	29748
6216	16696	16697	15168	18297	13855	19802	13098	20730	12457	21555
6316	31055	31056	28958	33225	27132	35243	26068	36478	25161	37569
6215	24621	24622	22758	26557	21143	28364	20205	29474	19407	30455
5100	8639	8640	7550	9801	6633	10910	6112	11602	5677	12221
6213	19848	19849	18179	21590	16738	23222	15905	24227	15198	25118
9005	6538	6539	5596	7554	4810	8531	4368	9144	4001	9694
6124	27925	27926	25938	29985	24212	31903	23207	33079	22352	34118
6125	10699	10700	9483	11988	8451	13212	7862	13972	7367	14650
6214	386	386	185	661	66	970	24	1184	4	1388
5415	16029	16030	14533	17599	13248	19075	12508	19986	11882	20796
5205	13971	13972	12577	15439	11383	16823	10698	17680	10120	18442
9916	18503	18504	16893	20187	15505	21766	14703	22739	14024	23602
9913	7442	7443	6434	8523	5589	9560	5112	10208	4715	10789
9915	25259	25260	23371	27220	21734	29049	20783	30171	19974	31164
4606	29553	29554	27508	31671	25729	33641	24694	34849	23811	35915
6115	24434	24435	22578	26363	20969	28163	20035	29269	19241	30247
4820	8510	8511	7430	9664	6520	10765	6003	11453	5572	12067
9017	4062	4062	3327	4870	2728	5661	2398	6163	2128	6616
6123	22532	22533	20751	24386	19210	26119	18317	27184	17557	28126
6114	37083	37084	34788	39451	32784	41647	31613	42989	30613	44172
4607	31668	31669	29550	33859	27705	35895	26630	37142	25713	38243
6505	14729	14730	13296	16235	12069	17654	11363	18532	10766	19311
5020	26988	26989	25036	29014	23340	30901	22354	32058	21514	33081
6113	44809	44810	42283	47409	40070	49813	38775	51279	37667	52571
5010	20703	20704	18998	22482	17524	24146	16671	25171	15947	26078
6020	25605	25606	23704	27579	22055	29420	21097	30549	20282	31548
4900	18028	18029	16439	19690	15071	21250	14280	22212	13611	23065
6010	16693	16694	15165	18294	13852	19799	13095	20727	12454	21551
4400	24952	24953	23076	26901	21449	28719	20505	29836	19701	30823
9900	11315	11316	10064	12640	9000	13895	8391	14675	7880	15370
9904	14555	14556	13131	16052	11911	17464	11210	18336	10618	19112
9902	32135	32136	30001	34342	28142	36393	27058	37648	26134	38756
4810	11062	11063	9825	12372	8774	13615	8174	14387	7669	15075
5720	40358	40359	37962	42827	35867	45113	34643	46510	33595	47740
9901	10068	10069	8890	11320	7891	12509	7322	13250	6845	13910
5826	6647	6648	5697	7671	4903	8656	4457	9273	4087	9827
5825	3657	3657	2961	4426	2398	5181	2089	5661	1838	6096
5925	27236	27237	25274	29271	23571	31166	22580	32328	21736	33356
9015	16472	16473	14955	18063	13651	19558	12899	20481	12264	21300
4506	18766	18767	17144	20461	15746	22051	14938	23030	14253	23899
4605	28006	28007	26016	30069	24287	31989	23281	33167	22424	34207
9002	41422	41423	38994	43923	36871	46238	35629	47651	34567	48897
4226	19691	19692	18029	21427	16594	23052	15764	24054	15061	24941
4505	17405	17406	15844	19039	14501	20573	13726	21520	13070	22359
4225	19536	19537	17880	21265	16452	22885	15626	23882	14925	24766
5716	26461	26462	24528	28467	22850	30337	21875	31484	21044	32498
5916	38119	38120	35792	40520	33759	42744	32571	44104	31555	45302
4300	12538	12539	11219	13930	10094	15247	9449	16063	8906	16790
5815	5205	5205	4368	6115	3677	6998	3292	7554	2975	8055
9004	21147	21148	19423	22944	17933	24626	17070	25660	16337	26576
5715	18498	18499	16888	20181	15501	21760	14699	22733	14020	23596
3330	15881	15882	14392	17443	13113	18913	12377	19821	11754	20627
6506	17334	17335	15777	18965	14437	20496	13663	21441	13009	22279
5915	21185	21186	19459	22984	17968	24667	17104	25702	16371	26619
3905	11691	11692	10419	13037	9335	14312	8716	15103	8194	15807
4130	19570	19571	17913	21300	16483	22922	15656	23920	14955	24805
6930	10909	10910	9681	12210	8638	13445	8042	14212	7542	14896
3825	22616	22617	20832	24473	19288	26209	18392	27276	17632	28220
4120	21573	21574	19831	23388	18325	25085	17453	26129	16712	27054
3816	26407	26408	24476	28411	22800	30279	21825	31425	20996	32438
4210	29240	29241	27206	31347	25437	33307	24408	34509	23530	35570
9016	15046	15047	13598	16568	12356	18001	11641	18887	11038	19674
4005	16939	16940	15400	18551	14076	20066	13313	21001	12667	21831
4230	13000	13001	11656	14417	10509	15756	9850	16586	9296	17324
3815	21136	21137	19412	22933	17923	24614	17060	25648	16328	26564
3705	33816	33817	31626	36079	29717	38180	28603	39465	27652	40600
3900	7380	7381	6377	8457	5536	9489	5061	10135	4666	10714
4110	22267	22268	20497	24110	18966	25833	18078	26892	17324	27830
3416	25497	25498	23600	27467	21955	29304	20999	30431	20185	31428
3413	11312	11313	10061	12636	8997	13892	8389	14671	7878	15366
3706	19078	19079	17442	20787	16032	22389	15217	23376	14525	24250
3600	23297	23298	21486	25182	19917	26942	19007	28023	18233	28980
3415	31208	31209	29106	33384	27275	35406	26208	36644	25299	37737
3320	32190	32191	30054	34399	28194	36451	27109	37707	26184	38816
3505	45332	45333	42791	47947	40565	50364	39262	51839	38146	53137
3414	29514	29515	27471	31631	25693	33600	24658	34806	23776	35872
6900	9675	9676	8521	10903	7544	12071	6988	12798	6522	13448
2940	21460	21461	19723	23270	18221	24963	17351	26005	16613	26927
2216	21751	21752	20002	23573	18490	25277	17613	26325	16869	27253
3046	24868	24869	22995	26814	21372	28629	20428	29744	19626	30730
2225	18719	18720	17099	20412	15703	22000	14896	22978	14212	23845
3426	24792	24793	22922	26735	21301	28548	20360	29661	19559	30645
3427	25968	25969	24054	27956	22392	29809	21427	30946	20605	31951
3045	30798	30799	28710	32959	26892	34969	25833	36199	24930	37286
3310	24739	24740	22871	26680	21252	28491	20312	29603	19512	30586
3030	49505	49506	46848	52236	44517	54757	43151	56295	41982	57648
3130	17365	17366	15806	18997	14465	20530	13691	21475	13036	22314
3010	45914	45915	43356	48545	41116	50977	39803	52461	38680	53767
3020	24964	24965	23088	26914	21461	28732	20515	29849	19711	30836
3425	23126	23127	21321	25004	19759	26758	18853	27836	18082	28790
2100	21719	21720	19971	23540	18460	25243	17584	26290	16841	27217
1606	13643	13644	12265	15094	11088	16463	10411	17311	9841	18065
2215	19817	19818	18149	21558	16710	23189	15877	24193	15171	25083
1720	28002	28003	26013	30065	24284	31985	23278	33163	22421	34203
3120	25233	25234	23346	27193	21710	29021	20759	30143	19951	31135
1900	965	965	626	1378	383	1812	266	2101	181	2368
3110	9997	9998	8823	11244	7829	12430	7262	13168	6787	13827
3200	23140	23141	21335	25018	19772	26773	18865	27851	18095	28805
1605	17948	17949	16363	19607	14997	21163	14209	22123	13541	22974
2000	14303	14304	12892	15788	11683	17187	10989	18053	10403	18823
1820	8126	8127	7071	9254	6184	10333	5682	11007	5262	11609
1200	19865	19866	18195	21608	16754	23241	15920	24246	15213	25137
1710	23479	23480	21660	25371	20085	27137	19171	28223	18394	29183
1810	4150	4150	3407	4967	2800	5765	2465	6271	2192	6728
900	11596	11597	10329	12936	9250	14206	8634	14995	8115	15697
806	37538	37539	35229	39920	33212	42129	32034	43479	31027	44669
1506	24570	24571	22709	26504	21095	28309	20158	29418	19362	30398
1410	12101	12102	10806	13470	9702	14765	9070	15568	8538	16284
1505	22701	22702	20913	24562	19366	26301	18469	27369	17707	28315
1330	23794	23795	21963	25698	20377	27476	19456	28568	18673	29534
1000	10293	10294	9101	11558	8091	12760	7515	13508	7031	14175
1320	18462	18463	16854	20144	15468	21721	14667	22693	13988	23555
1420	14738	14739	13305	16245	12077	17664	11370	18542	10774	19322
1130	6584	6585	5638	7603	4849	8584	4406	9199	4037	9750
1116	19427	19428	17776	21151	16352	22767	15528	23762	14830	24644
1310	28022	28023	26032	30085	24302	32006	23296	33184	22439	34225
805	25331	25332	23441	27295	21801	29126	20848	30250	20038	31244
1115	16869	16870	15333	18478	14013	19990	13251	20923	12606	21751
205	13652	13653	12274	15103	11096	16473	10419	17321	9848	18075
136	11629	11630	10360	12971	9280	14243	8662	15032	8142	15735
1120	39415	39416	37048	41855	34979	44116	33769	45497	32736	46714
705	22618	22619	20834	24476	19290	26211	18394	27278	17633	28222
120	12598	12599	11276	13994	10148	15313	9501	16131	8956	16859
325	25794	25795	23886	27775	22231	29622	21268	30756	20450	31758
135	17768	17769	16191	19419	14833	20968	14049	21923	13385	22771
706	13964	13965	12570	15431	11377	16816	10692	17672	10114	18434
206	13854	13855	12466	15316	11278	16695	10596	17549	10020	18308
2910	4139	4139	3397	4955	2791	5752	2457	6257	2184	6714
315	15473	15474	14004	17016	12743	18468	12017	19365	11404	20162
2935	7926	7927	6885	9041	6010	10107	5515	10774	5102	11370
605	26472	26473	24539	28479	22860	30348	21885	31496	21054	32510
606	28972	28973	26948	31070	25188	33021	24163	34217	23290	35274
506	30800	30801	28712	32962	26894	34971	25835	36202	24931	37288
110	5139	5139	4308	6044	3622	6921	3240	7474	2925	7973
505	56551	56553	53708	59467	51211	62156	49745	63793	48489	65233
2936	7036	7037	6057	8088	5238	9099	4777	9732	4393	10299
405	29885	29886	27829	32015	26039	33995	24997	35209	24109	36281
2926	26423	26424	24492	28428	22815	30296	21840	31442	21010	32455
2925	17014	17015	15471	18630	14145	20148	13380	21085	12732	21916
2927	9215	9216	8089	10414	7138	11556	6598	12268	6145	12904
