faz_id mean median lower_50 upper_50 lower_80 upper_80 lower_90 upper_90 lower_95 upper_95
8935	4933	4933	4507	5378	4141	5795	3928	6052	3749	6280
8927	2089	2089	1815	2382	1585	2662	1455	2837	1347	2994
8926	5753	5753	5293	6233	4894	6681	4664	6957	4468	7201
8936	6994	6994	6485	7522	6044	8014	5787	8315	5568	8582
8500	7695	7695	7161	8248	6697	8763	6426	9078	6196	9357
8406	683	683	531	855	410	1025	345	1135	293	1235
8320	4699	4699	4284	5133	3926	5541	3720	5792	3545	6015
8925	5825	5825	5362	6308	4961	6758	4728	7036	4531	7281
8937	5672	5672	5215	6148	4820	6594	4591	6868	4396	7110
8405	5883	5883	5417	6368	5014	6821	4781	7099	4582	7346
8310	13010	13010	12313	13726	11701	14388	11343	14791	11036	15146
8910	6288	6288	5806	6789	5389	7257	5147	7544	4940	7798
7905	9373	9373	8783	9982	8268	10548	7967	10894	7710	11198
7606	1675	1675	1431	1938	1228	2192	1113	2351	1019	2494
7805	8160	8160	7610	8729	7131	9258	6852	9583	6614	9869
8220	8611	8611	8046	9196	7553	9738	7265	10071	7020	10364
8000	5984	5984	5514	6473	5108	6930	4872	7210	4671	7459
8906	3279	3279	2934	3643	2639	3988	2471	4202	2328	4392
8210	5683	5683	5225	6160	4830	6605	4601	6880	4406	7122
9020	7782	7782	7245	8338	6778	8856	6506	9173	6274	9453
8125	8015	8015	7470	8579	6995	9104	6719	9425	6483	9709
8126	6308	6308	5825	6810	5407	7278	5165	7566	4958	7820
8905	3660	3660	3295	4044	2982	4407	2803	4632	2651	4831
7806	2472	2472	2174	2790	1921	3092	1778	3281	1657	3449
7700	3628	3628	3264	4011	2953	4372	2775	4596	2624	4794
7526	6312	6312	5829	6814	5411	7282	5168	7570	4962	7825
7340	10500	10500	9875	11145	9328	11741	9008	12106	8735	12427
7605	749	749	589	928	461	1106	392	1220	337	1323
7537	12339	12339	11660	13037	11066	13682	10717	14075	10419	14421
8115	14465	14465	13729	15220	13083	15916	12704	16340	12379	16713
7335	15256	15256	14500	16031	13836	16745	13446	17180	13112	17562
8600	7076	7076	6564	7607	6120	8101	5862	8405	5642	8673
7425	10485	10485	9860	11129	9314	11726	8994	12090	8721	12411
7535	13446	13446	12737	14174	12115	14846	11750	15256	11438	15616
7525	6366	6366	5881	6870	5461	7340	5217	7629	5010	7885
7436	2204	2204	1923	2504	1686	2792	1551	2971	1439	3131
9019	6850	6850	6347	7372	5910	7859	5656	8158	5440	8422
7026	4255	4255	3860	4669	3521	5058	3326	5298	3161	5511
7205	5991	5991	5521	6480	5114	6937	4878	7218	4678	7467
7515	2265	2265	1980	2569	1739	2860	1603	3041	1489	3204
7320	11837	11837	11172	12521	10590	13153	10250	13539	9958	13878
7206	8024	8024	7479	8589	7004	9114	6727	9435	6491	9719
7315	7038	7038	6528	7567	6085	8061	5827	8363	5608	8631
7435	3145	3145	2807	3502	2519	3840	2354	4050	2216	4237
7316	8226	8226	7674	8798	7193	9329	6912	9654	6673	9941
7025	10292	10292	9673	10930	9132	11521	8816	11883	8545	12201
7415	4781	4781	4362	5219	4001	5630	3793	5883	3616	6108
7100	13006	13006	12309	13722	11698	14384	11339	14787	11032	15142
7015	7956	7956	7413	8518	6940	9041	6665	9361	6430	9644
9908	1185	1185	981	1408	814	1625	722	1762	646	1886
6410	18548	18548	17714	19401	16979	20187	16547	20664	16175	21083
6420	16325	16325	15543	17126	14855	17864	14451	18313	14104	18708
5535	12255	12255	11579	12951	10986	13593	10639	13985	10342	14331
5600	7010	7010	6501	7538	6059	8031	5802	8333	5583	8600
5546	7433	7433	6908	7977	6452	8483	6187	8793	5961	9067
4706	5256	5256	4816	5715	4437	6144	4217	6409	4031	6643
6605	4528	4528	4121	4955	3770	5355	3568	5602	3397	5821
6910	1950	1950	1686	2233	1465	2505	1340	2675	1236	2827
6606	2231	2231	1948	2533	1709	2822	1574	3002	1461	3163
9909	2220	2220	1938	2522	1700	2810	1565	2989	1452	3150
9011	4744	4744	4327	5180	3968	5590	3760	5842	3584	6066
5525	6757	6757	6257	7276	5824	7760	5572	8057	5357	8319
5515	11983	11983	11314	12671	10729	13307	10385	13695	10092	14036
6326	12046	12046	11376	12736	10788	13373	10444	13762	10150	14105
9914	7632	7632	7100	8183	6638	8695	6369	9010	6139	9287
5545	6171	6171	5694	6667	5281	7131	5041	7416	4837	7667
6223	13789	13789	13071	14526	12441	15207	12071	15621	11755	15986
5306	11157	11157	10512	11821	9948	12436	9618	12811	9335	13141
6325	16854	16854	16059	17668	15360	18418	14949	18873	14596	19274
9009	2117	2117	1842	2412	1610	2694	1479	2870	1369	3027
9006	4662	4662	4249	5095	3893	5501	3687	5751	3513	5973
6225	11002	11002	10362	11662	9801	12272	9474	12645	9193	12973
9018	8858	8858	8284	9451	7784	10001	7493	10338	7243	10635
5425	18132	18132	17307	18976	16581	19752	16154	20224	15787	20639
5305	13133	13133	12433	13853	11818	14517	11458	14922	11149	15279
5426	8612	8612	8047	9197	7554	9740	7266	10072	7021	10365
6226	14805	14805	14061	15569	13407	16273	13023	16701	12694	17078
6126	6042	6042	5570	6533	5161	6992	4924	7274	4723	7524
6224	11402	11402	10750	12073	10179	12694	9845	13073	9559	13407
6216	6922	6922	6416	7447	5977	7936	5722	8237	5504	8502
6316	15758	15758	14990	16545	14314	17271	13918	17713	13578	18101
6215	12167	12167	11493	12860	10903	13501	10557	13891	10261	14235
5100	3087	3087	2752	3441	2467	3776	2304	3984	2167	4169
6213	10197	10197	9581	10832	9042	11421	8728	11780	8459	12097
9005	2294	2294	2007	2600	1765	2893	1627	3075	1512	3238
6124	14861	14861	14115	15626	13460	16331	13075	16761	12746	17138
6125	5601	5601	5147	6074	4754	6517	4527	6789	4334	7031
6214	235	235	150	340	89	450	60	524	40	592
5415	6253	6253	5773	6753	5356	7219	5115	7505	4909	7759
5205	5983	5983	5513	6472	5107	6929	4871	7209	4671	7458
9916	6604	6604	6110	7117	5682	7596	5433	7889	5221	8149
9913	3454	3454	3099	3828	2797	4181	2623	4399	2476	4594
9915	8986	8986	8408	9583	7904	10137	7610	10476	7359	10775
4606	9760	9760	9157	10382	8631	10958	8324	11310	8061	11621
6115	11813	11813	11149	12496	10568	13128	10227	13513	9936	13852
4820	3757	3757	3387	4146	3070	4514	2888	4741	2734	4942
9017	1508	1508	1277	1758	1085	2000	978	2152	890	2289
6123	12662	12662	11974	13369	11372	14022	11018	14420	10716	14770
6114	17910	17910	17090	18749	16369	19521	15944	19990	15580	20402
4607	10230	10230	9613	10866	9074	11456	8758	11816	8489	12133
6505	4865	4865	4442	5307	4078	5721	3868	5976	3689	6203
5020	10576	10576	9948	11223	9400	11822	9079	12188	8804	12510
6113	27444	27445	26427	28480	25528	29430	24997	30005	24540	30510
5010	8905	8905	8330	9499	7828	10051	7536	10389	7286	10686
6020	15064	15064	14313	15834	13653	16544	13266	16976	12934	17356
4900	8012	8012	7467	8576	6993	9101	6716	9422	6480	9706
6010	9797	9797	9193	10420	8666	10997	8358	11350	8095	11661
4400	9694	9694	9094	10314	8569	10888	8263	11239	8001	11549
9900	4582	4582	4172	5011	3820	5414	3616	5662	3444	5883
9904	6083	6083	5609	6576	5199	7036	4961	7319	4759	7569
9902	13866	13866	13146	14605	12514	15287	12143	15703	11826	16069
4810	4733	4733	4316	5169	3957	5578	3750	5830	3575	6054
5720	19498	19498	18642	20373	17888	21177	17444	21666	17063	22095
9901	3420	3420	3067	3792	2766	4143	2593	4361	2448	4555
5826	3259	3259	2915	3622	2621	3966	2453	4179	2312	4369
5825	1926	1926	1664	2208	1444	2478	1320	2646	1216	2798
5925	11436	11436	10783	12108	10211	12730	9877	13110	9590	13444
9015	5891	5891	5425	6376	5022	6830	4788	7108	4589	7355
4506	7570	7570	7040	8119	6580	8629	6312	8942	6084	9219
4605	10513	10513	9887	11158	9340	11755	9020	12120	8747	12441
9002	15618	15618	14853	16402	14181	17124	13786	17564	13448	17951
4226	7178	7178	6663	7713	6215	8210	5954	8516	5733	8786
4505	5998	5998	5528	6487	5121	6945	4884	7226	4684	7474
4225	6996	6996	6487	7524	6046	8016	5789	8317	5570	8584
5716	10976	10976	10336	11635	9777	12244	9450	12617	9170	12945
5916	14605	14605	13866	15363	13216	16063	12835	16489	12509	16863
4300	5222	5222	4784	5679	4406	6108	4187	6371	4001	6605
5815	2168	2168	1889	2466	1654	2751	1521	2929	1410	3088
9004	7242	7242	6724	7779	6274	8279	6013	8585	5790	8856
5715	8089	8089	7541	8656	7064	9183	6787	9506	6550	9791
3330	5432	5432	4985	5898	4599	6335	4375	6603	4185	6841
6506	6133	6133	5657	6628	5245	7090	5006	7374	4803	7625
5915	8002	8002	7457	8566	6983	9090	6707	9411	6471	9695
3905	4500	4500	4094	4925	3745	5325	3543	5571	3373	5790
4130	8726	8726	8157	9314	7661	9861	7371	10195	7124	10490
6930	4536	4536	4128	4963	3778	5364	3575	5611	3404	5831
3825	8558	8558	7994	9141	7503	9682	7217	10013	6972	10306
4120	8919	8919	8343	9514	7841	10066	7549	10404	7299	10702
3816	10140	10140	9526	10774	8989	11361	8675	11719	8407	12035
4210	10184	10184	9568	10819	9030	11407	8716	11767	8447	12083
9016	5012	5012	4583	5460	4213	5880	3999	6139	3818	6369
4005	6137	6137	5661	6632	5249	7094	5010	7378	4807	7630
4230	4394	4394	3993	4814	3648	5209	3449	5453	3281	5669
3815	8841	8841	8268	9433	7768	9983	7477	10319	7228	10616
3705	13615	13615	12902	14348	12276	15024	11908	15436	11594	15798
3900	3034	3034	2702	3385	2420	3717	2259	3924	2123	4108
4110	8683	8683	8115	9270	7620	9815	7332	10149	7085	10443
3416	9496	9496	8902	10109	8383	10678	8080	11026	7821	11333
3413	3813	3813	3440	4205	3120	4575	2937	4803	2782	5007
3706	7311	7311	6791	7850	6339	8353	6076	8661	5852	8933
3600	9546	9546	8950	10161	8430	10731	8126	11080	7867	11387
3415	11010	11010	10369	11670	9809	12280	9481	12653	9201	12982
3320	10896	10896	10259	11552	9701	12160	9375	12531	9096	12858
3505	18056	18056	17233	18898	16508	19673	16082	20144	15716	20558
3414	10506	10506	9880	11151	9334	11748	9014	12112	8740	12434
6900	3390	3390	3039	3760	2739	4110	2567	4327	2422	4520
2940	7197	7197	6681	7732	6233	8231	5972	8536	5750	8807
2216	7526	7526	6998	8073	6539	8582	6272	8894	6044	9170
3046	10354	10354	9733	10994	9190	11587	8873	11949	8602	12268
2225	6805	6805	6303	7326	5868	7811	5615	8109	5400	8372
3426	7880	7880	7340	8440	6869	8960	6595	9279	6362	9560
3427	8963	8963	8386	9559	7883	10113	7589	10451	7338	10750
3045	11793	11793	11130	12475	10549	13107	10209	13492	9918	13831
3310	7353	7353	6831	7894	6378	8398	6114	8706	5889	8979
3030	16020	16020	15245	16814	14564	17545	14164	17990	13821	18382
3130	7526	7526	6998	8073	6539	8582	6272	8894	6044	9170
3010	16824	16824	16030	17637	15331	18386	14921	18842	14568	19242
3020	10712	10712	10080	11363	9528	11966	9205	12334	8928	12658
3425	7803	7803	7265	8360	6797	8878	6525	9195	6293	9476
2100	7843	7843	7304	8401	6835	8921	6561	9239	6329	9520
1606	5864	5864	5399	6348	4997	6800	4764	7079	4565	7325
2215	7478	7478	6952	8023	6494	8531	6228	8842	6001	9117
1720	11554	11554	10898	12230	10323	12855	9986	13236	9699	13572
3120	9948	9948	9340	10576	8808	11157	8498	11513	8232	11826
1900	553	553	417	708	311	865	255	966	210	1058
3110	3597	3597	3235	3978	2925	4338	2748	4561	2598	4759
3200	8352	8352	7795	8928	7310	9463	7028	9791	6787	10080
1605	8188	8188	7637	8758	7157	9288	6877	9613	6639	9899
2000	5236	5236	4797	5694	4419	6123	4199	6387	4013	6621
1820	4741	4741	4324	5177	3965	5587	3757	5839	3582	6063
1200	7377	7377	6854	7919	6400	8423	6136	8732	5911	9006
1710	9536	9536	8941	10151	8421	10721	8117	11069	7858	11377
1810	1903	1903	1642	2183	1424	2451	1301	2620	1198	2770
900	4598	4598	4187	5028	3834	5431	3630	5680	3457	5901
806	12424	12424	11743	13124	11146	13771	10796	14166	10497	14513
1506	9696	9696	9095	10316	8571	10890	8265	11242	8003	11551
1410	4943	4943	4517	5388	4150	5806	3937	6063	3757	6291
1505	9141	9141	8558	9743	8050	10302	7753	10643	7500	10945
1330	8418	8418	7859	8996	7372	9533	7088	9862	6846	10152
1000	3910	3910	3532	4307	3208	4681	3022	4912	2865	5118
1320	7362	7362	6840	7903	6386	8407	6122	8716	5897	8989
1420	5661	5661	5204	6137	4810	6582	4581	6855	4387	7098
1130	2615	2615	2308	2941	2047	3252	1899	3445	1775	3617
1116	7612	7612	7081	8162	6619	8674	6350	8988	6121	9265
1310	10561	10561	9934	11207	9385	11806	9065	12171	8791	12494
805	8500	8500	7938	9081	7449	9620	7164	9951	6920	10242
1115	5616	5616	5161	6090	4768	6533	4540	6806	4347	7047
205	5843	5843	5379	6326	4977	6778	4745	7056	4547	7301
136	5088	5088	4656	5540	4283	5963	4067	6223	3884	6454
1120	14325	14325	13593	15076	12950	15769	12573	16191	12250	16563
705	7572	7572	7042	8121	6582	8631	6314	8944	6085	9221
120	4937	4937	4511	5382	4144	5799	3932	6056	3752	6284
325	9824	9824	9219	10448	8691	11026	8383	11379	8119	11691
135	6954	6954	6447	7480	6007	7971	5751	8272	5533	8538
706	4941	4941	4515	5386	4148	5803	3936	6061	3756	6289
206	6005	6005	5534	6495	5127	6952	4891	7233	4690	7482
2910	1392	1392	1170	1633	987	1866	885	2013	801	2145
315	6158	6158	5681	6654	5269	7117	5029	7401	4825	7653
2935	2219	2219	1937	2520	1699	2808	1564	2988	1451	3149
605	9106	9106	8524	9707	8017	10264	7721	10606	7468	10906
606	9316	9316	8728	9924	8214	10487	7914	10832	7658	11136
506	9864	9864	9258	10489	8729	11068	8420	11422	8156	11735
110	2177	2177	1897	2476	1662	2761	1529	2939	1418	3099
505	17495	17495	16685	18324	15972	19087	15553	19551	15193	19959
2936	2696	2696	2384	3027	2119	3342	1968	3538	1842	3713
405	9822	9822	9218	10446	8690	11024	8381	11377	8118	11689
2926	9048	9048	8468	9647	7962	10203	7667	10543	7415	10843
2925	5896	5896	5430	6381	5026	6835	4792	7114	4594	7361
2927	2974	2974	2646	3322	2366	3651	2207	3855	2073	4038
