faz_id mean median lower_50 upper_50 lower_80 upper_80 lower_90 upper_90 lower_95 upper_95
8935	6047	6048	4987	7209	4120	8343	3640	9061	3248	9710
8927	1315	1316	848	1885	515	2485	355	2883	240	3254
8926	3158	3158	2406	4012	1816	4868	1503	5420	1255	5924
8936	4236	4236	3357	5217	2653	6188	2271	6808	1963	7371
8500	14305	14306	12647	16066	11242	17738	10440	18778	9768	19706
8406	321	322	116	629	19	993	0	1250	8	1498
8320	12862	12863	11293	14534	9966	16126	9213	17119	8582	18006
8925	3133	3134	2385	3984	1798	4838	1486	5388	1239	5891
8937	7984	7984	6758	9311	5741	10595	5173	11402	4703	12127
8405	1104	1104	680	1630	386	2191	250	2566	155	2916
8310	11122	11122	9666	12680	8442	14170	7749	15101	7172	15935
8910	3363	3363	2585	4242	1972	5122	1645	5688	1385	6204
7905	6016	6016	4958	7175	4094	8307	3616	9023	3225	9670
7606	883	884	510	1359	261	1875	151	2223	80	2550
7805	3702	3702	2883	4622	2234	5538	1885	6126	1605	6661
8220	14419	14420	12754	16186	11342	17865	10537	18909	9862	19840
8000	39498	39499	36709	42388	34285	45079	32874	46729	31672	48186
8906	1438	1438	947	2031	593	2652	420	3064	294	3445
8210	33051	33052	30504	35700	28298	38173	27018	39692	25929	41036
9020	4561	4561	3647	5577	2911	6579	2511	7219	2187	7798
8125	7019	7020	5873	8267	4928	9479	4403	10243	3970	10932
8126	9257	9258	7933	10683	6829	12054	6207	12915	5691	13686
8905	1168	1168	731	1707	424	2280	280	2663	180	3019
7806	1915	1915	1341	2591	911	3288	693	3744	528	4165
7700	6166	6167	5095	7339	4218	8483	3733	9207	3335	9861
7526	10582	10583	9163	12103	7973	13560	7300	14472	6740	15288
7340	4014	4014	3160	4970	2478	5919	2109	6526	1813	7078
7605	1708	1708	1168	2349	770	3014	571	3452	422	3856
7537	17724	17725	15873	19678	14293	21524	13387	22669	12624	23687
8115	12878	12879	11308	14551	9981	16144	9226	17138	8595	18025
7335	12293	12294	10760	13928	9466	15488	8732	16461	8118	17331
8600	12991	12992	11413	14671	10080	16271	9322	17268	8687	18158
7425	4212	4213	3336	5191	2634	6159	2254	6779	1947	7341
7535	7560	7560	6368	8853	5383	10105	4833	10894	4379	11603
7525	2596	2596	1919	3375	1397	4164	1124	4676	911	5144
7436	2517	2517	1851	3285	1339	4063	1072	4569	864	5033
9019	5333	5334	4341	6428	3534	7501	3091	8182	2730	8799
7026	1852	1852	1288	2518	867	3205	655	3655	495	4071
7205	9741	9742	8382	11203	7245	12606	6605	13485	6072	14274
7515	8538	8538	7268	9909	6213	11231	5621	12062	5130	12808
7320	10517	10518	9102	12033	7916	13486	7246	14395	6688	15209
7206	22398	22399	20311	24588	18518	26647	17485	27918	16611	29048
7315	5092	5093	4124	6163	3339	7215	2909	7883	2559	8489
7435	5185	5186	4207	6265	3414	7325	2979	7999	2625	8609
7316	5000	5001	4041	6062	3264	7105	2839	7769	2494	8370
7025	12540	12540	10991	14191	9683	15765	8940	16747	8319	17624
7415	14863	14864	13172	16656	11737	18359	10917	19417	10230	20360
7100	12543	12543	10993	14194	9685	15769	8943	16750	8321	17627
7015	6460	6461	5363	7660	4462	8828	3962	9566	3553	10232
9908	4699	4699	3770	5729	3021	6745	2613	7392	2282	7978
6410	15736	15737	13995	17580	12514	19327	11667	20413	10956	21380
6420	8324	8324	7071	9678	6030	10986	5447	11808	4965	12546
5535	5545	5545	4532	6660	3707	7751	3253	8444	2882	9070
5600	16414	16415	14634	18295	13119	20077	12252	21183	11522	22168
5546	14112	14113	12466	15861	11070	17523	10275	18557	9608	19479
4706	2398	2398	1749	3148	1252	3912	995	4408	795	4864
6605	2895	2895	2177	3715	1618	4540	1323	5074	1091	5562
6910	1041	1041	631	1553	349	2101	220	2469	132	2812
6606	1410	1411	925	1998	575	2615	405	3023	282	3402
9909	1397	1397	914	1982	566	2597	398	3004	276	3382
9011	6777	6777	5651	8004	4725	9197	4211	9950	3788	10629
5525	6581	6581	5473	7791	4562	8968	4057	9712	3642	10383
5515	5736	5736	4705	6869	3863	7977	3400	8679	3021	9314
6326	13822	13823	12193	15553	10814	17199	10028	18224	9369	19138
9914	4403	4403	3506	5402	2785	6389	2394	7020	2078	7591
5545	4725	4725	3794	5758	3042	6776	2633	7425	2301	8012
6223	11174	11175	9715	12736	8488	14229	7793	15163	7214	15998
5306	21650	21651	19598	23803	17838	25830	16825	27082	15968	28195
6325	7880	7880	6662	9199	5653	10475	5089	11278	4623	11999
9009	2633	2633	1950	3417	1424	4210	1148	4725	932	5196
9006	3045	3046	2308	3885	1731	4728	1425	5272	1184	5769
6225	18330	18331	16446	20316	14837	22191	13914	23353	13136	24387
9018	12542	12542	10992	14193	9685	15767	8942	16749	8320	17626
5425	47290	47292	44234	50448	41569	53380	40014	55174	38686	56757
5305	27550	27552	25230	29973	23227	32243	22068	33640	21086	34878
5426	18212	18213	16335	20192	14732	22062	13812	23220	13037	24251
6226	7517	7518	6329	8807	5347	10056	4799	10843	4346	11551
6126	3431	3431	2645	4319	2024	5206	1693	5776	1429	6296
6224	8041	8042	6811	9373	5790	10661	5219	11471	4747	12198
6216	10522	10523	9107	12039	7920	13492	7250	14401	6692	15215
6316	22720	22721	20617	24925	18811	26998	17769	28278	16889	29414
6215	19764	19765	17806	21824	16130	23766	15167	24968	14354	26036
5100	1845	1845	1282	2509	863	3195	651	3645	492	4060
6213	15805	15806	14059	17652	12575	19403	11726	20491	11013	21460
9005	623	623	318	1031	130	1486	57	1797	18	2092
6124	13726	13727	12103	15451	10729	17093	9946	18114	9290	19026
6125	12132	12132	10609	13756	9325	15307	8596	16275	7987	17139
6214	30893	30894	28432	33455	26304	35851	25070	37323	24022	38627
5415	63270	63272	59727	66916	56623	70286	54806	72342	53251	74153
5205	40455	40456	37632	43380	35177	46101	33747	47769	32529	49243
9916	2609	2610	1930	3390	1406	4181	1132	4693	918	5163
9913	6299	6299	5216	7484	4328	8639	3836	9369	3433	10028
9915	3490	3490	2697	4385	2070	5278	1734	5853	1467	6376
4606	3598	3599	2792	4506	2153	5412	1811	5993	1537	6522
6115	9301	9302	7974	10731	6867	12105	6243	12967	5726	13740
4820	6198	6198	5124	7374	4244	8520	3757	9246	3358	9900
9017	355	355	137	675	28	1051	2	1315	4	1569
6123	71294	71296	67530	75161	64227	78730	62291	80905	60632	82820
6114	23365	23367	21232	25601	19398	27701	18341	28997	17446	30148
4607	7251	7252	6086	8519	5123	9749	4587	10524	4145	11221
6505	3455	3456	2666	4346	2043	5236	1710	5808	1444	6329
5020	9063	9064	7754	10475	6662	11833	6049	12686	5540	13450
6113	43860	43862	40919	46904	38357	49733	36864	51464	35591	52993
5010	16885	16886	15079	18793	13540	20598	12659	21718	11918	22715
6020	75161	75163	71295	79130	67900	82791	65909	85021	64202	86984
4900	79928	79930	75939	84019	72434	87790	70377	90086	68613	92106
6010	138256	138258	132994	143620	128342	148538	125598	151520	123238	154136
4400	10515	10516	9101	12031	7914	13484	7244	14393	6686	15207
9900	2140	2140	1530	2852	1068	3581	831	4056	650	4494
9904	7452	7453	6270	8737	5292	9981	4747	10765	4297	11471
9902	27605	27606	25282	30030	23277	32301	22117	33700	21133	34939
4810	8501	8502	7235	9870	6182	11190	5591	12019	5102	12764
5720	13226	13227	11633	14920	10287	16533	9521	17538	8879	18435
9901	6043	6044	4983	7205	4116	8339	3637	9056	3245	9704
5826	9370	9371	8038	10804	6926	12183	6300	13048	5780	13823
5825	55198	55200	51892	58607	49002	61763	47313	63692	45869	65391
5925	22167	22168	20090	24345	18308	26394	17281	27660	16412	28784
9015	2069	2069	1470	2770	1018	3488	787	3958	611	4390
4506	32333	32334	29814	34953	27634	37400	26369	38904	25293	40235
4605	28669	28670	26301	31140	24255	33452	23071	34875	22066	36135
9002	10367	10367	8963	11872	7786	13316	7121	14219	6568	15028
4226	3912	3913	3070	4857	2398	5796	2036	6397	1745	6943
4505	1611	1611	1088	2235	705	2885	516	3314	375	3710
4225	3434	3434	2648	4322	2027	5210	1695	5780	1431	6300
5716	9777	9777	8415	11240	7276	12646	6634	13527	6100	14316
5916	9134	9135	7819	10551	6723	11914	6106	12769	5595	13536
4300	25596	25598	23361	27933	21436	30126	20323	31477	19381	32675
5815	29696	29697	27285	32210	25200	34560	23993	36007	22968	37287
9004	6597	6598	5487	7809	4575	8987	4069	9732	3654	10403
5715	2357	2357	1714	3102	1223	3860	968	4353	771	4806
3330	2685	2686	1996	3477	1462	4277	1183	4796	964	5270
6506	10336	10337	8935	11840	7760	13282	7096	14184	6544	14992
5915	6136	6137	5068	7306	4193	8448	3709	9170	3313	9822
3905	22664	22666	20564	24867	18760	26937	17721	28216	16841	29351
4130	27454	27455	25137	29873	23138	32138	21982	33533	21001	34770
6930	4097	4097	3233	5063	2543	6020	2170	6632	1869	7188
3825	8938	8939	7638	10340	6555	11690	5947	12538	5442	13298
4120	4771	4772	3835	5810	3080	6832	2667	7483	2333	8073
3816	4688	4689	3761	5718	3013	6732	2605	7379	2275	7965
4210	6703	6704	5584	7924	4664	9111	4153	9861	3733	10536
9016	2232	2232	1608	2958	1133	3699	889	4182	701	4626
4005	2505	2506	1841	3272	1330	4049	1064	4554	857	5017
4230	2221	2221	1598	2945	1125	3685	882	4167	694	4610
3815	12195	12196	10668	13824	9380	15378	8649	16348	8038	17215
3705	42807	42809	39902	45815	37373	48611	35899	50323	34643	51835
3900	36333	36334	33660	39108	31341	41694	29992	43281	28845	44684
4110	37868	37869	35138	40699	32767	43337	31388	44954	30214	46384
3416	3315	3316	2543	4189	1936	5063	1612	5626	1354	6139
3413	1736	1737	1192	2383	789	3052	588	3493	437	3899
3706	4649	4649	3726	5674	2982	6685	2576	7329	2248	7913
3600	77004	77006	73090	81020	69652	84725	67635	86981	65906	88965
3415	5201	5201	4221	6282	3426	7343	2991	8018	2636	8628
3320	6987	6988	5844	8232	4901	9441	4377	10204	3946	10891
3505	28167	28168	25819	30616	23793	32909	22620	34320	21625	35571
3414	3300	3300	2530	4172	1924	5044	1601	5606	1345	6118
6900	2205	2206	1585	2927	1114	3665	872	4146	686	4588
2940	4411	4411	3513	5411	2792	6399	2400	7030	2083	7602
2216	4966	4966	4010	6024	3236	7064	2813	7726	2470	8325
3046	10397	10398	8991	11905	7812	13350	7146	14255	6592	15065
2225	7943	7944	6721	9268	5707	10548	5140	11354	4672	12078
3426	3261	3262	2496	4128	1895	4997	1574	5556	1320	6066
3427	6967	6967	5825	8210	4884	9418	4361	10180	3930	10866
3045	4710	4710	3780	5741	3030	6758	2621	7406	2290	7993
3310	5573	5573	4557	6691	3730	7785	3274	8479	2903	9106
3030	11782	11783	10282	13384	9018	14914	8302	15869	7704	16723
3130	29023	29024	26640	31508	24581	33834	23388	35265	22376	36532
3010	12623	12624	11069	14280	9756	15859	9011	16843	8387	17723
3020	23581	23582	21437	25826	19595	27935	18532	29237	17632	30392
3425	3644	3644	2832	4557	2189	5468	1843	6052	1567	6583
2100	2647	2647	1963	3433	1434	4228	1157	4744	941	5216
1606	3972	3973	3123	4924	2445	5868	2079	6473	1785	7022
2215	8173	8174	6933	9516	5902	10813	5326	11628	4849	12361
1720	7343	7344	6170	8619	5201	9855	4660	10634	4215	11335
3120	19400	19401	17460	21441	15801	23367	14848	24558	14044	25618
1900	19084	19085	17161	21109	15516	23020	14572	24203	13776	25255
3110	3857	3857	3020	4795	2355	5728	1996	6325	1708	6869
3200	8807	8808	7517	10199	6443	11540	5840	12382	5340	13138
1605	9470	9471	8130	10912	7011	12297	6382	13166	5858	13945
2000	16585	16586	14796	18476	13272	20267	12400	21378	11666	22367
1820	32298	32299	29781	34917	27601	37363	26337	38866	25262	40196
1200	7483	7483	6298	8770	5318	10016	4771	10802	4320	11508
1710	14475	14476	12807	16245	11392	17926	10585	18972	9908	19905
1810	16422	16423	14642	18304	13126	20086	12259	21192	11529	22178
900	12914	12915	11342	14589	10013	16185	9257	17179	8624	18068
806	5280	5281	4293	6370	3491	7438	3051	8117	2693	8731
1506	5132	5132	4159	6206	3371	7262	2938	7933	2587	8540
1410	17465	17466	15627	19404	14060	21238	13162	22375	12405	23387
1505	7968	7969	6744	9295	5729	10577	5161	11384	4691	12109
1330	6497	6497	5396	7700	4492	8870	3991	9610	3580	10277
1000	2201	2202	1582	2923	1111	3660	870	4140	683	4582
1320	5847	5847	4805	6991	3955	8108	3485	8816	3101	9455
1420	19580	19581	17631	21630	15964	23564	15006	24761	14197	25825
1130	3638	3638	2827	4551	2184	5460	1839	6044	1563	6575
1116	10247	10247	8851	11744	7682	13180	7022	14079	6472	14884
1310	6935	6936	5796	8176	4858	9381	4336	10142	3907	10827
805	5791	5792	4755	6930	3909	8042	3442	8748	3061	9385
1115	5328	5329	4336	6422	3530	7495	3087	8176	2727	8792
205	14865	14866	13174	16659	11739	18361	10919	19419	10231	20363
136	4661	4662	3737	5688	2991	6700	2585	7345	2256	7929
1120	15511	15512	13782	17341	12313	19077	11473	20156	10768	21117
705	5283	5283	4295	6372	3493	7441	3053	8120	2694	8734
120	1795	1795	1240	2451	828	3129	622	3575	466	3986
325	7191	7192	6030	8454	5072	9678	4539	10451	4099	11146
135	3461	3462	2672	4353	2048	5243	1714	5816	1448	6337
706	4171	4171	3299	5145	2601	6109	2223	6726	1919	7286
206	10373	10373	8968	11879	7791	13323	7126	14226	6573	15036
2910	1290	1290	828	1854	499	2449	342	2845	229	3213
315	7778	7778	6568	9089	5567	10357	5007	11155	4545	11873
2935	22550	22551	20455	24747	18656	26812	17619	28088	16742	29220
605	5116	5116	4145	6189	3358	7242	2926	7912	2575	8519
606	5019	5020	4058	6083	3280	7128	2854	7793	2507	8395
506	6993	6994	5849	8239	4906	9448	4382	10212	3950	10899
110	1580	1580	1063	2199	685	2844	498	3270	360	3663
505	17592	17593	15748	19539	14175	21379	13273	22519	12513	23535
2936	4569	4569	3654	5586	2918	6589	2517	7229	2192	7809
405	5169	5170	4193	6248	3401	7306	2967	7979	2614	8588
2926	3380	3381	2600	4262	1986	5143	1657	5710	1396	6227
2925	2534	2534	1866	3304	1351	4085	1083	4592	874	5057
2927	2214	2215	1593	2938	1121	3677	878	4159	691	4601
