faz_id mean median lower_50 upper_50 lower_80 upper_80 lower_90 upper_90 lower_95 upper_95
8935	14625	14626	13034	16308	11679	17902	10904	18891	10252	19772
8927	6541	6542	5492	7682	4626	8788	4143	9485	3745	10112
8926	18156	18157	16378	20025	14855	21788	13979	22878	13239	23847
8936	20354	20355	18469	22331	16849	24190	15915	25338	15126	26357
8500	22644	22646	20653	24727	18938	26681	17948	27886	17109	28955
8406	2761	2761	2096	3518	1575	4278	1298	4769	1080	5217
8320	14352	14353	12777	16020	11436	17600	10669	18581	10024	19455
8925	18978	18979	17159	20889	15599	22688	14701	23800	13943	24787
8937	21023	21024	19106	23031	17458	24918	16507	26083	15703	27117
8405	21708	21709	19760	23749	18083	25664	17116	26846	16296	27895
8310	35503	35505	32998	38100	30821	40516	29554	41998	28474	43307
8910	20269	20270	18388	22242	16772	24098	15840	25243	15053	26260
7905	30088	30089	27786	32482	25791	34716	24633	36088	23648	37303
7606	5627	5627	4657	6688	3862	7722	3422	8376	3062	8967
7805	27114	27115	24931	29389	23043	31516	21949	32824	21020	33983
8220	21434	21435	19498	23461	17833	25366	16872	26541	16059	27584
8000	16126	16127	14453	17891	13025	19559	12205	20592	11515	21512
8906	10078	10079	8765	11483	7661	12826	7035	13666	6514	14417
8210	15542	15543	13900	17275	12500	18914	11698	19931	11022	20836
9020	22655	22657	20664	24739	18948	26693	17958	27898	17118	28967
8125	21401	21402	19466	23427	17803	25330	16843	26504	16030	27546
8126	17835	17836	16073	19689	14565	21437	13698	22518	12966	23479
8905	11266	11266	9875	12748	8700	14162	8033	15043	7475	15830
7806	9019	9020	7779	10350	6741	11628	6156	12428	5668	13144
7700	8759	8760	7538	10072	6517	11332	5941	12122	5463	12830
7526	16753	16754	15047	18551	13588	20248	12751	21300	12046	22235
7340	31493	31494	29136	33941	27092	36224	25905	37625	24895	38865
7605	2081	2081	1509	2744	1073	3420	847	3860	673	4264
7537	29161	29162	26895	31518	24933	33719	23794	35072	22826	36269
8115	35893	35894	33374	38503	31184	40932	29909	42421	28823	43737
7335	41403	41405	38695	44204	36334	46804	34957	48395	33782	49800
8600	21666	21667	19720	23705	18045	25619	17078	26800	16260	27847
7425	34294	34295	31833	36847	29695	39224	28451	40682	27392	41970
7535	32956	32958	30545	35459	28451	37792	27234	39224	26198	40489
7525	19524	19525	17678	21461	16094	23284	15182	24410	14411	25411
7436	6501	6501	5455	7638	4592	8740	4111	9436	3714	10061
9019	20798	20799	18892	22796	17253	24674	16308	25833	15509	26862
7026	11488	11489	10083	12985	8896	14411	8221	15300	7657	16094
7205	15908	15909	14246	17661	12828	19318	12015	20345	11331	21259
7515	6185	6185	5166	7295	4327	8373	3860	9054	3477	9667
7320	33571	33573	31137	36097	29023	38451	27793	39894	26747	41170
7206	19188	19189	17359	21109	15790	22918	14887	24035	14123	25028
7315	21892	21893	19935	23941	18251	25864	17279	27050	16456	28103
7435	9513	9513	8238	10879	7169	12187	6564	13006	6061	13739
7316	23515	23516	21485	25636	19735	27625	18724	28851	17866	29938
7025	24113	24114	22056	26260	20283	28273	19257	29513	18388	30612
7415	14792	14793	13192	16485	11829	18087	11049	19081	10393	19967
7100	32829	32831	30422	35328	28333	37656	27119	39085	26085	40348
7015	19551	19552	17704	21489	16119	23314	15206	24441	14435	25441
9908	3845	3846	3052	4731	2416	5606	2070	6166	1792	6674
6410	55542	55544	52398	58778	49644	61771	48033	63597	46653	65206
6420	48389	48390	45457	51412	42895	54214	41397	55925	40118	57434
5535	36665	36667	34119	39303	31904	41757	30615	43261	29516	44589
5600	18785	18786	16976	20686	15425	22477	14532	23584	13778	24567
5546	21584	21585	19641	23618	17969	25529	17005	26708	16188	27753
4706	15511	15512	13871	17242	12472	18880	11671	19896	10996	20800
6605	14571	14572	12983	16251	11631	17842	10857	18830	10207	19709
6910	6395	6395	5358	7523	4503	8618	4027	9308	3635	9930
6606	7402	7403	6283	8613	5354	9781	4834	10516	4403	11176
9909	7420	7421	6300	8632	5370	9802	4848	10537	4417	11198
9011	13096	13096	11592	14691	10317	16205	9589	17147	8979	17987
5525	17049	17050	15327	18862	13855	20574	13010	21634	12297	22576
5515	31845	31846	29475	34306	27419	36602	26225	38010	25208	39256
6326	25678	25679	23554	27893	21720	29966	20659	31242	19758	32372
9914	22397	22398	20417	24469	18712	26413	17728	27611	16894	28675
5545	18896	18897	17081	20803	15525	22598	14629	23708	13873	24694
6223	30543	30544	28223	32955	26212	35205	25045	36587	24052	37809
5306	26125	26126	23983	28359	22132	30449	21060	31735	20150	32874
6325	37668	37669	35086	40341	32840	42827	31531	44349	30416	45694
9009	6003	6004	5000	7098	4175	8162	3717	8835	3341	9440
9006	15384	15385	13751	17109	12358	18741	11561	19752	10889	20653
6225	22974	22975	20968	25071	19240	27039	18241	28252	17395	29327
9018	23544	23545	21512	25667	19761	27657	18749	28883	17892	29970
5425	46192	46193	43328	49147	40828	51887	39367	53561	38119	55038
5305	30792	30793	28462	33213	26443	35472	25270	36859	24272	38086
5426	24319	24320	22254	26476	20473	28497	19442	29741	18568	30845
6226	33935	33936	31487	36474	29361	38839	28124	40290	27071	41573
6126	14064	14065	12505	15715	11179	17281	10421	18253	9784	19119
6224	23938	23939	21889	26078	20123	28084	19101	29320	18235	30415
6216	16617	16618	14918	18408	13466	20099	12633	21147	11931	22078
6316	30954	30956	28619	33382	26593	35646	25417	37037	24417	38267
6215	24456	24457	22385	26619	20598	28645	19564	29893	18688	30999
5100	8610	8611	7400	9912	6388	11163	5819	11947	5345	12650
6213	19868	19869	18006	21822	16407	23660	15486	24795	14707	25803
9005	7329	7329	6216	8533	5292	9697	4774	10428	4346	11085
6124	27887	27888	25672	30193	23756	32349	22645	33674	21701	34847
6125	10688	10689	9334	12133	8194	13513	7547	14375	7006	15145
6214	385	385	165	697	46	1056	10	1306	0	1545
5415	17066	17067	15344	18880	13871	20593	13025	21653	12311	22595
5205	14415	14416	12836	16086	11492	17670	10723	18653	10077	19528
9916	19350	19351	17513	21279	15937	23094	15029	24216	14262	25213
9913	7536	7537	6407	8757	5468	9935	4942	10675	4506	11340
9915	27028	27029	24849	29300	22964	31423	21872	32730	20945	33886
4606	30765	30766	28436	33185	26418	35443	25245	36829	24248	38056
6115	24408	24409	22339	26569	20554	28593	19522	29840	18646	30945
4820	8547	8547	7341	9844	6334	11091	5766	11872	5295	12573
9017	4340	4341	3494	5278	2811	6201	2437	6788	2134	7321
6123	22476	22477	20492	24551	18784	26498	17798	27699	16962	28764
6114	37418	37420	34845	40082	32607	42560	31303	44078	30192	45419
4607	33539	33541	31106	36064	28993	38416	27764	39859	26718	41135
6505	14987	14988	13376	16690	12003	18302	11217	19302	10556	20193
5020	27926	27927	25709	30234	23792	32391	22680	33717	21735	34890
6113	45443	45444	42603	48374	40124	51093	38676	52755	37439	54220
5010	20786	20787	18880	22784	17242	24661	16298	25820	15499	26848
6020	26207	26208	24061	28444	22207	30537	21134	31825	20222	32966
4900	23458	23459	21430	25577	19683	27564	18673	28788	17817	29874
6010	17168	17169	15440	18987	13962	20704	13114	21767	12398	22712
4400	24502	24503	22429	26667	20640	28695	19606	29943	18728	31050
9900	11652	11653	10237	13159	9041	14595	8360	15490	7791	16289
9904	15063	15064	13447	16770	12071	18386	11283	19388	10619	20281
9902	32594	32595	30196	35083	28114	37404	26905	38828	25875	40087
4810	11219	11219	9831	12698	8659	14109	7994	14989	7437	15775
5720	40501	40502	37822	43271	35488	45844	34128	47419	32967	48809
9901	11121	11122	9739	12594	8573	14000	7911	14876	7357	15659
5826	6933	6934	5852	8106	4956	9241	4456	9955	4043	10598
5825	3585	3585	2820	4441	2210	5291	1880	5834	1615	6329
5925	27708	27709	25501	30007	23591	32156	22484	33477	21544	34647
9015	17034	17035	15313	18847	13842	20558	12997	21617	12284	22559
4506	19391	19392	17552	21322	15974	23139	15065	24262	14297	25259
4605	28774	28775	26524	31116	24575	33304	23445	34648	22485	35838
9002	43910	43911	41119	46792	38684	49466	37263	51102	36049	52545
4226	20116	20117	18241	22081	16632	23930	15705	25072	14920	26085
4505	17474	17475	15731	19309	14239	21041	13382	22112	12658	23065
4225	20238	20239	18358	22210	16744	24064	15813	25209	15026	26225
5716	27164	27165	24979	29441	23089	31570	21994	32879	21064	34038
5916	38715	38717	36098	41425	33818	43943	32490	45485	31358	46847
4300	12904	12905	11412	14488	10147	15992	9426	16928	8820	17763
5815	5363	5363	4417	6400	3644	7412	3217	8054	2868	8633
9004	22927	22928	20923	25022	19197	26988	18199	28200	17354	29274
5715	18394	18395	16604	20276	15070	22049	14188	23145	13443	24120
3330	16919	16920	15204	18726	13738	20431	12897	21487	12187	22427
6506	18272	18273	16488	20148	14960	21916	14081	23009	13339	23980
5915	21319	21320	19388	23341	17728	25241	16770	26413	15959	27453
3905	11889	11890	10459	13411	9249	14860	8561	15762	7984	16568
4130	19819	19820	17959	21771	16363	23607	15443	24741	14665	25748
6930	10919	10920	9551	12380	8396	13773	7741	14643	7194	15420
3825	22995	22996	20988	25093	19259	27062	18260	28275	17413	29351
4120	22123	22125	20156	24183	18462	26116	17484	27308	16656	28365
3816	26761	26762	24592	29021	22717	31135	21631	32435	20709	33587
4210	30306	30307	27995	32708	25992	34950	24830	36327	23841	37545
9016	16636	16637	14936	18428	13483	20120	12649	21168	11947	22100
4005	17667	17668	15913	19512	14413	21252	13550	22329	12822	23286
4230	13569	13570	12038	15192	10738	16732	9995	17689	9372	18542
3815	21238	21239	19311	23257	17654	25153	16698	26323	15889	27362
3705	34433	34434	31967	36991	29824	39372	28578	40833	27516	42124
3900	7815	7816	6664	9057	5706	10255	5168	11007	4723	11682
4110	23796	23797	21754	25930	19993	27930	18975	29163	18112	30255
3416	26352	26354	24201	28596	22341	30694	21264	31986	20350	33129
3413	12072	12073	10631	13605	9411	15065	8717	15973	8135	16784
3706	19169	19170	17340	21088	15772	22896	14869	24013	14106	25005
3600	24161	24162	22102	26310	20327	28325	19300	29566	18430	30666
3415	32615	32616	30216	35105	28134	37427	26924	38851	25894	40110
3320	32907	32909	30497	35409	28406	37740	27190	39170	26154	40435
3505	46536	46538	43662	49502	41151	52252	39685	53932	38433	55414
3414	29748	29750	27460	32129	25476	34351	24326	35717	23347	36925
6900	10500	10500	9158	11933	8029	13301	7389	14156	6854	14920
2940	24139	24140	22081	26288	20307	28301	19281	29542	18411	30641
2216	22557	22558	20569	24635	18858	26586	17870	27789	17032	28855
3046	25322	25324	23214	27522	21394	29582	20340	30850	19446	31973
2225	20644	20645	18745	22635	17113	24507	16172	25662	15376	26687
3426	25720	25721	23594	27936	21759	30011	20696	31288	19795	32419
3427	26501	26502	24343	28751	22478	30855	21398	32150	20481	33296
3045	31517	31518	29159	33966	27115	36249	25927	37651	24916	38891
3310	28554	28555	26312	30887	24372	33066	23246	34406	22290	35592
3030	52673	52675	49612	55826	46934	58743	45367	60524	44027	62094
3130	17799	17800	16039	19651	14532	21397	13666	22478	12936	23438
3010	47290	47292	44392	50280	41861	53050	40382	54744	39118	56237
3020	25663	25664	23540	27877	21707	29950	20645	31225	19745	32355
3425	24379	24380	22311	26539	20527	28562	19496	29808	18621	30912
2100	22177	22178	20207	24239	18511	26174	17532	27368	16703	28426
1606	13772	13773	12229	15406	10918	16957	10169	17920	9540	18778
2215	20187	20188	18310	22157	16697	24008	15768	25152	14982	26167
1720	29692	29693	27405	32070	25424	34290	24274	35654	23297	36861
3120	26589	26590	24428	28842	22559	30950	21477	32246	20558	33394
1900	950	950	578	1413	322	1908	205	2240	124	2550
3110	9954	9955	8649	11351	7553	12687	6932	13521	6415	14269
3200	23974	23975	21924	26116	20156	28123	19134	29359	18267	30456
1605	18003	18004	16233	19865	14716	21621	13845	22706	13109	23671
2000	14880	14881	13275	16577	11907	18184	11125	19181	10466	20069
1820	8570	8571	7363	9869	6354	11118	5786	11900	5314	12602
1200	20359	20360	18473	22336	16854	24195	15920	25343	15130	26362
1710	25755	25756	23628	27973	21791	30049	20728	31327	19825	32458
1810	5264	5265	4328	6292	3563	7296	3141	7933	2796	8507
900	12030	12031	10591	13561	9374	15018	8681	15925	8101	16735
806	40293	40294	37621	43056	35294	45623	33937	47194	32779	48581
1506	25180	25181	23077	27373	21263	29428	20212	30692	19321	31813
1410	12640	12641	11164	14208	9913	15698	9200	16625	8602	17452
1505	23023	23024	21015	25122	19284	27092	18285	28306	17438	29382
1330	23910	23911	21863	26049	20097	28054	19076	29289	18211	30384
1000	10317	10318	8988	11738	7869	13096	7236	13944	6707	14702
1320	18382	18383	16593	20263	15059	22036	14178	23132	13433	24106
1420	17800	17801	16040	19652	14533	21399	13667	22479	12936	23439
1130	6943	6944	5861	8117	4965	9252	4464	9967	4051	10610
1116	20255	20256	18374	22228	16759	24082	15828	25228	15041	26244
1310	28012	28013	25792	30323	23871	32483	22757	33811	21811	34986
805	26489	26490	24332	28738	22467	30842	21387	32136	20470	33283
1115	18022	18023	16251	19885	14734	21641	13862	22728	13125	23693
205	13599	13600	12067	15224	10765	16765	10021	17723	9397	18577
136	11635	11636	10221	13141	9026	14576	8346	15470	7777	16268
1120	41131	41132	38431	43922	36078	46514	34706	48100	33535	49500
705	26731	26732	24563	28990	22690	31103	21604	32402	20683	33553
120	12879	12880	11389	14461	10125	15964	9404	16899	8800	17733
325	26679	26680	24514	28936	22642	31047	21558	32345	20637	33495
135	17871	17872	16107	19727	14597	21476	13729	22558	12997	23520
706	14759	14760	13161	16450	11799	18051	11020	19044	10365	19929
206	13874	13875	12325	15514	11009	17070	10257	18036	9625	18897
2910	4400	4400	3548	5344	2859	6272	2482	6863	2176	7398
315	15798	15799	14142	17545	12730	19197	11920	20221	11238	21133
2935	7920	7920	6761	9170	5795	10375	5254	11131	4804	11810
605	28071	28073	25849	30385	23926	32547	22811	33877	21864	35053
606	31671	31673	29308	34126	27258	36415	26067	37821	25054	39063
506	33514	33516	31082	36038	28970	38390	27742	39832	26696	41107
110	5133	5133	4209	6148	3455	7142	3040	7771	2700	8340
505	61218	61220	57915	64614	55018	67750	53321	69661	51867	71344
2936	7393	7394	6275	8603	5347	9771	4827	10505	4396	11165
405	32196	32198	29813	34671	27745	36978	26544	38394	25521	39646
2926	27353	27354	25160	29637	23263	31773	22164	33087	21230	34250
2925	18618	18619	16816	20511	15273	22294	14385	23396	13634	24376
2927	10837	10837	9473	12292	8324	13680	7672	14547	7127	15321
