faz_id mean median lower_50 upper_50 lower_80 upper_80 lower_90 upper_90 lower_95 upper_95
8935	6906	6907	5666	8268	4655	9600	4097	10444	3642	11206
8927	1377	1377	857	2019	494	2702	324	3158	206	3583
8926	4165	4165	3216	5236	2466	6306	2065	6994	1745	7620
8936	4364	4365	3392	5460	2620	6551	2206	7251	1875	7889
8500	16223	16225	14291	18278	12655	20234	11724	21452	10944	22538
8406	341	342	113	692	13	1112	0	1411	18	1700
8320	14777	14778	12935	16741	11382	18614	10500	19783	9762	20827
8925	3599	3600	2721	4600	2036	5605	1673	6254	1387	6848
8937	8232	8233	6873	9713	5754	11152	5132	12061	4620	12879
8405	1212	1212	728	1818	397	2469	247	2906	145	3314
8310	11954	11955	10304	13727	8923	15428	8144	16494	7496	17448
8910	3550	3551	2679	4544	1999	5544	1640	6190	1356	6780
7905	6351	6352	5165	7660	4202	8944	3673	9759	3242	10496
7606	928	928	512	1465	243	2055	129	2455	59	2831
7805	3922	3922	3003	4963	2280	6006	1895	6677	1589	7290
8220	17341	17342	15341	19463	13644	21480	12677	22734	11865	23852
8000	40243	40244	37164	43444	34496	46432	32947	48267	31630	49891
8906	1456	1457	920	2115	542	2813	364	3278	237	3711
8210	44683	44685	41435	48053	38615	51193	36976	53119	35580	54821
9020	4910	4911	3875	6068	3047	7216	2599	7950	2239	8617
8125	8046	8047	6703	9511	5599	10936	4985	11836	4481	12647
8126	10020	10020	8514	11648	7263	13219	6562	14206	5982	15093
8905	1228	1229	741	1838	407	2492	255	2931	151	3341
7806	2114	2114	1455	2894	967	3703	723	4234	539	4724
7700	6543	6544	5338	7871	4358	9171	3819	9997	3380	10743
7526	10940	10941	9364	12639	8050	14273	7311	15299	6698	16219
7340	4081	4081	3142	5142	2402	6202	2006	6884	1691	7506
7605	2126	2126	1465	2909	975	3719	730	4251	545	4742
7537	18209	18210	16158	20383	14416	22445	13421	23726	12585	24869
8115	14075	14076	12279	15993	10767	17826	9909	18969	9193	19992
7335	12917	12918	11200	14758	9757	16520	8942	17622	8262	18608
8600	13630	13631	11863	15518	10378	17324	9536	18452	8834	19461
7425	4943	4943	3903	6104	3072	7255	2623	7992	2261	8660
7535	8957	8958	7537	10500	6363	11994	5708	12936	5168	13783
7525	2808	2809	2040	3699	1453	4606	1149	5196	914	5738
7436	2579	2579	1845	3435	1289	4311	1004	4882	785	5408
9019	5523	5524	4421	6748	3534	7956	3050	8726	2659	9424
7026	1882	1883	1264	2623	813	3394	590	3903	426	4375
7205	10150	10151	8634	11788	7374	13368	6667	14361	6082	15253
7515	9122	9123	7688	10678	6502	12185	5839	13133	5293	13987
7320	11587	11588	9964	13334	8606	15011	7841	16062	7206	17004
7206	28768	28769	26174	31484	23943	34035	22656	35608	21566	37005
7315	5279	5280	4203	6478	3339	7662	2870	8418	2490	9104
7435	5351	5352	4268	6558	3396	7749	2923	8509	2540	9199
7316	5392	5392	4304	6602	3429	7798	2952	8560	2568	9252
7025	13771	13772	11995	15669	10501	17483	9654	18616	8948	19629
7415	14931	14932	13079	16905	11517	18787	10629	19961	9887	21010
7100	15882	15883	13971	17916	12354	19853	11435	21059	10664	22136
7015	7748	7749	6432	9187	5351	10588	4752	11474	4260	12272
9908	4776	4776	3755	5918	2941	7053	2501	7779	2148	8439
6410	19646	19647	17513	21901	15697	24037	14658	25363	13785	26543
6420	8637	8637	7243	10153	6093	11623	5452	12550	4925	13384
5535	5430	5431	4338	6645	3459	7844	2981	8609	2594	9302
5600	16936	16937	14960	19034	13286	21029	12331	22270	11531	23377
5546	15172	15173	13306	17162	11729	19058	10834	20240	10084	21296
4706	2462	2462	1746	3300	1207	4159	932	4721	721	5238
6605	2973	2973	2181	3888	1572	4816	1255	5420	1009	5972
6910	1365	1366	848	2005	487	2686	319	3141	201	3565
6606	1579	1579	1018	2262	618	2983	426	3461	288	3906
9909	1452	1453	917	2110	540	2807	362	3272	236	3705
9011	6900	6901	5661	8261	4650	9592	4093	10436	3637	11198
5525	6605	6606	5394	7938	4408	9244	3866	10073	3424	10822
5515	5804	5805	4673	7058	3759	8292	3260	9078	2855	9790
6326	15483	15484	13596	17491	12002	19406	11096	20598	10337	21664
9914	4548	4548	3553	5665	2763	6775	2337	7487	1996	8135
5545	4796	4796	3773	5941	2957	7077	2516	7805	2162	8465
6223	12489	12490	10801	14300	9386	16035	8586	17121	7921	18093
5306	25751	25753	23301	28324	21198	30746	19988	32243	18965	33573
6325	8697	8698	7299	10218	6144	11693	5501	12623	4970	13460
9009	2715	2715	1961	3592	1386	4486	1090	5069	861	5604
9006	3439	3439	2582	4418	1916	5405	1564	6043	1288	6626
6225	20775	20776	18580	23092	16708	25284	15636	26643	14732	27853
9018	12821	12822	11110	14654	9673	16411	8862	17509	8185	18492
5425	64160	64162	60257	68186	56846	71917	54853	74197	53150	76207
5305	31040	31041	28343	33859	26019	36502	24677	38131	23539	39576
5426	19437	19438	17316	21680	15510	23806	14478	25125	13609	26300
6226	7980	7980	6643	9439	5543	10858	4933	11755	4432	12563
6126	3659	3660	2773	4667	2081	5680	1714	6333	1424	6930
6224	8408	8409	7034	9905	5902	11358	5272	12274	4753	13100
6216	11063	11064	9478	12771	8155	14414	7411	15444	6794	16368
6316	25365	25366	22933	27919	20848	30325	19648	31811	18634	33132
6215	21212	21213	18994	23553	17101	25766	16015	27138	15101	28359
5100	1886	1887	1268	2627	815	3400	592	3909	427	4381
6213	16151	16152	14223	18202	12591	20153	11663	21368	10885	22453
9005	683	683	335	1154	127	1682	50	2046	11	2391
6124	14000	14001	12209	15914	10701	17742	9847	18883	9133	19903
6125	12427	12428	10743	14233	9332	15964	8535	17048	7871	18018
6214	31698	31699	28972	34546	26622	37216	25264	38861	24112	40319
5415	63336	63338	59457	67336	56070	71044	54090	73310	52399	75308
5205	45842	45844	42552	49255	39694	52433	38031	54382	36615	56105
9916	2659	2659	1913	3527	1346	4414	1055	4993	830	5524
9913	6432	6433	5238	7749	4267	9039	3734	9859	3300	10600
9915	3604	3605	2726	4605	2039	5612	1676	6261	1390	6855
4606	3716	3716	2823	4731	2124	5751	1753	6408	1459	7008
6115	9643	9644	8168	11242	6943	12786	6258	13758	5692	14631
4820	6500	6501	5299	7823	4323	9120	3786	9943	3348	10687
9017	396	396	146	768	25	1209	1	1520	8	1819
6123	73349	73351	69171	77649	65513	81627	63372	84055	61540	86193
6114	24105	24107	21736	26597	19708	28946	18541	30398	17557	31690
4607	8297	8298	6933	9785	5809	11229	5184	12140	4669	12961
6505	3655	3655	2770	4663	2078	5675	1711	6328	1421	6924
5020	9182	9183	7744	10744	6553	12254	5888	13206	5339	14062
6113	44760	44762	41510	48133	38687	51275	37046	53203	35649	54907
5010	17223	17224	15230	19338	13540	21349	12576	22599	11768	23714
6020	75172	75175	70942	79525	67237	83550	65068	86006	63212	88169
4900	91593	91596	86917	96392	82811	100818	80401	103514	78337	105885
6010	139667	139670	133878	145578	128770	151006	125761	154302	123175	157194
4400	11321	11322	9717	13048	8377	14708	7623	15749	6996	16682
9900	2158	2159	1492	2947	998	3762	749	4297	562	4791
9904	7470	7470	6178	8884	5120	10262	4534	11134	4054	11921
9902	31974	31976	29236	34834	26876	37515	25511	39166	24353	40630
4810	8483	8484	7103	9986	5964	11445	5331	12365	4809	13193
5720	15336	15337	13458	17335	11873	19241	10971	20429	10217	21490
9901	6844	6845	5611	8201	4604	9527	4050	10368	3597	11128
5826	10159	10160	8642	11798	7382	13379	6675	14372	6089	15264
5825	57709	57711	54010	61531	50784	65077	48901	67247	47294	69161
5925	24050	24051	21684	26539	19658	28885	18493	30336	17510	31626
9015	2136	2136	1474	2921	982	3732	736	4265	550	4757
4506	32291	32293	29540	35166	27167	37859	25794	39518	24631	40988
4605	38818	38819	35795	41963	33177	44900	31659	46705	30368	48303
9002	10693	10694	9136	12373	7838	13991	7109	15006	6505	15918
4226	3995	3995	3067	5045	2336	6096	1946	6772	1636	7389
4505	1655	1655	1079	2353	666	3086	466	3572	321	4024
4225	3384	3385	2535	4356	1875	5336	1527	5970	1254	6550
5716	11101	11102	9513	12812	8188	14457	7443	15489	6824	16415
5916	9819	9820	8329	11431	7092	12988	6400	13967	5827	14847
4300	32440	32442	29682	35321	27303	38020	25927	39682	24761	41156
5815	30938	30940	28246	33753	25927	36392	24586	38019	23450	39461
9004	7102	7103	5844	8482	4816	9830	4249	10684	3784	11455
5715	2392	2392	1687	3218	1158	4068	889	4623	684	5135
3330	2794	2795	2028	3683	1443	4588	1140	5177	906	5718
6506	12982	12983	11260	14827	9814	16593	8996	17697	8314	18685
5915	6878	6878	5641	8237	4632	9566	4076	10409	3621	11170
3905	23675	23676	21328	26145	19319	28474	18164	29915	17190	31196
4130	30698	30699	28017	33502	25707	36132	24372	37753	23241	39190
6930	4193	4194	3241	5268	2488	6341	2085	7030	1764	7658
3825	9312	9312	7862	10883	6662	12404	5991	13361	5438	14221
4120	5182	5183	4117	6370	3262	7545	2798	8296	2424	8977
3816	4907	4908	3872	6065	3044	7212	2597	7946	2237	8613
4210	7630	7631	6324	9059	5253	10450	4659	11330	4172	12124
9016	2303	2303	1613	3115	1097	3952	835	4500	637	5005
4005	2568	2568	1836	3422	1281	4296	997	4867	779	5392
4230	2330	2331	1636	3147	1116	3988	852	4538	651	5046
3815	14483	14484	12660	16428	11124	18284	10252	19442	9523	20478
3705	45552	45554	42273	48954	39424	52123	37767	54066	36356	55784
3900	44738	44740	41488	48110	38667	51252	37026	53179	35629	54883
4110	38417	38419	35410	41546	32807	44469	31297	46266	30014	47856
3416	3316	3317	2476	4279	1824	5251	1482	5880	1213	6455
3413	1852	1852	1239	2586	793	3353	573	3859	411	4328
3706	4589	4590	3590	5711	2795	6826	2367	7540	2024	8190
3600	80379	80381	76002	84878	72166	89035	69918	91569	67993	93801
3415	5293	5293	4215	6493	3350	7678	2879	8435	2499	9122
3320	7655	7656	6347	9086	5274	10480	4679	11361	4191	12156
3505	34065	34066	31237	37015	28795	39777	27382	41477	26182	42983
3414	3363	3363	2516	4332	1859	5309	1513	5942	1241	6520
6900	2269	2270	1585	3076	1073	3908	815	4453	619	4955
2940	4814	4815	3789	5961	2971	7099	2529	7828	2174	8490
2216	5107	5108	4050	6287	3203	7455	2743	8201	2373	8878
3046	12125	12126	10463	13910	9071	15623	8285	16695	7632	17655
2225	8065	8066	6721	9532	5615	10958	5001	11859	4496	12671
3426	3369	3369	2522	4339	1863	5317	1517	5950	1245	6528
3427	7204	7205	5937	8594	4900	9950	4328	10810	3859	11585
3045	4799	4799	3776	5944	2959	7081	2518	7808	2164	8470
3310	6963	6963	5718	8330	4701	9666	4141	10513	3683	11278
3030	12047	12048	10390	13826	9003	15533	8220	16602	7569	17560
3130	31244	31245	28538	34072	26206	36723	24859	38357	23717	39806
3010	13078	13079	11349	14929	9897	16701	9075	17809	8391	18800
3020	24558	24559	22166	27072	20117	29441	18938	30906	17943	32208
3425	3762	3763	2864	4784	2159	5809	1785	6469	1489	7072
2100	2875	2876	2097	3776	1501	4692	1192	5288	953	5834
1606	4018	4018	3087	5071	2353	6125	1962	6803	1651	7421
2215	8464	8465	7085	9965	5948	11422	5316	12341	4795	13169
1720	7709	7710	6396	9145	5318	10542	4721	11426	4231	12223
3120	20688	20689	18498	23001	16630	25188	15560	26545	14660	27752
1900	20254	20255	18087	22543	16241	24709	15184	26052	14294	27249
3110	3924	3924	3004	4965	2281	6008	1896	6680	1591	7292
3200	9133	9134	7698	10690	6511	12197	5848	13147	5301	14000
1605	9648	9649	8172	11247	6947	12792	6262	13764	5696	14637
2000	16681	16683	14721	18764	13060	20745	12114	21978	11321	23078
1820	44866	44868	41612	48243	38786	51389	37143	53319	35744	55025
1200	8281	8282	6918	9767	5795	11210	5171	12121	4657	12941
1710	15346	15347	13468	17346	11882	19252	10980	20440	10225	21502
1810	21422	21424	19193	23775	17289	25998	16198	27376	15279	28602
900	13569	13570	11807	15454	10325	17256	9486	18382	8785	19389
806	5469	5469	4372	6687	3490	7890	3009	8657	2621	9352
1506	5768	5769	4640	7018	3730	8249	3233	9033	2829	9743
1410	18551	18552	16481	20745	14721	22825	13715	24117	12870	25268
1505	8136	8137	6785	9609	5674	11041	5056	11945	4549	12759
1330	6693	6694	5474	8035	4480	9348	3934	10181	3487	10934
1000	2225	2225	1548	3024	1043	3849	788	4390	596	4889
1320	6242	6243	5067	7540	4113	8814	3590	9624	3164	10356
1420	24182	24183	21809	26677	19777	29029	18608	30484	17622	31777
1130	4594	4595	3595	5717	2799	6832	2371	7547	2027	8197
1116	11346	11347	9740	13075	8399	14737	7644	15778	7016	16712
1310	7164	7164	5900	8550	4867	9903	4296	10760	3829	11534
805	6107	6107	4945	7391	4003	8653	3487	9455	3068	10181
1115	5515	5516	4414	6739	3527	7946	3044	8715	2653	9413
205	15232	15233	13361	17225	11781	19125	10884	20309	10133	21367
136	4700	4700	3688	5834	2881	6960	2446	7682	2097	8338
1120	18288	18289	16232	20466	14486	22532	13488	23816	12651	24960
705	6020	6020	4867	7295	3933	8549	3422	9347	3006	10069
120	1861	1861	1247	2597	799	3365	578	3873	415	4342
325	7545	7546	6247	8966	5182	10351	4593	11227	4110	12017
135	3568	3568	2694	4564	2012	5566	1651	6213	1367	6804
706	4334	4335	3365	5426	2597	6514	2185	7212	1856	7848
206	10611	10611	9059	12284	7767	13896	7042	14908	6440	15817
2910	1343	1343	831	1978	474	2654	308	3107	193	3529
315	8177	8178	6823	9654	5708	11089	5089	11995	4580	12811
2935	23039	23040	20724	25476	18744	27775	17607	29199	16648	30465
605	5605	5606	4495	6838	3599	8054	3111	8828	2716	9531
606	5328	5329	4247	6532	3378	7721	2905	8480	2524	9168
506	10661	10662	9106	12338	7810	13954	7083	14968	6479	15878
110	1651	1651	1076	2348	663	3081	464	3566	319	4018
505	21112	21113	18899	23447	17010	25656	15928	27024	15016	28243
2936	4760	4761	3742	5902	2929	7034	2490	7759	2138	8418
405	5546	5546	4441	6772	3551	7982	3067	8754	2674	9453
2926	3557	3557	2684	4551	2004	5552	1644	6198	1360	6789
2925	2826	2826	2055	3719	1466	4628	1160	5220	924	5763
2927	2631	2631	1889	3495	1326	4378	1037	4953	814	5483
