faz_id mean median lower_50 upper_50 lower_80 upper_80 lower_90 upper_90 lower_95 upper_95
8935	6047	6047	5365	6770	4785	7456	4454	7883	4176	8263
8927	1315	1315	1008	1663	766	2012	637	2236	535	2441
8926	3158	3158	2670	3686	2266	4197	2040	4518	1854	4807
8936	4236	4236	3668	4844	3192	5427	2922	5792	2698	6119
8500	14305	14305	13245	15407	12325	16434	11790	17064	11335	17621
8406	321	322	180	504	87	703	48	838	23	965
8320	12862	12861	11858	13907	10988	14884	10483	15484	10055	16015
8925	3133	3134	2648	3660	2246	4169	2021	4489	1835	4777
8937	7984	7984	7196	8811	6523	9592	6135	10075	5808	10504
8405	1104	1104	824	1425	607	1749	493	1958	404	2150
8310	11122	11122	10189	12095	9384	13007	8918	13568	8523	14065
8910	3363	3363	2859	3907	2441	4433	2206	4763	2012	5059
7905	6016	6016	5335	6737	4757	7422	4427	7847	4150	8226
7606	883	883	635	1172	447	1468	350	1660	275	1837
7805	3702	3702	3172	4272	2730	4820	2482	5164	2275	5473
8220	14419	14419	13354	15525	12430	16555	11893	17188	11436	17747
8000	39498	39498	37722	41314	36158	42985	35238	44000	34448	44892
8906	1438	1438	1116	1801	860	2163	724	2396	614	2607
8210	33051	33052	31428	34714	30002	36247	29165	37180	28446	38001
9020	4561	4561	3971	5192	3475	5795	3194	6171	2959	6508
8125	7019	7020	6282	7797	5654	8532	5294	8988	4990	9393
8126	9257	9258	8408	10147	7678	10983	7257	11500	6901	11958
8905	1168	1168	879	1497	655	1828	536	2043	442	2238
7806	1915	1915	1540	2331	1237	2740	1072	3001	938	3237
7700	6166	6167	5477	6896	4891	7589	4557	8019	4276	8402
7526	10582	10583	9673	11532	8889	12423	8436	12972	8052	13458
7340	4014	4014	3462	4607	2999	5176	2739	5532	2522	5851
7605	1708	1708	1355	2102	1072	2491	918	2740	794	2966
7537	17724	17725	16541	18948	15511	20085	14911	20781	14398	21395
8115	12878	12878	11873	13924	11003	14901	10498	15501	10069	16033
7335	12293	12292	11311	13315	10462	14271	9970	14859	9552	15379
8600	12991	12990	11981	14041	11107	15022	10600	15625	10169	16159
7425	4212	4213	3646	4819	3171	5401	2903	5765	2680	6091
7535	7560	7560	6794	8366	6140	9127	5764	9598	5447	10017
7525	2596	2596	2156	3077	1795	3545	1594	3841	1430	4107
7436	2517	2517	2084	2990	1729	3452	1532	3744	1371	4008
9019	5333	5333	4694	6013	4153	6661	3845	7065	3587	7425
7026	1852	1852	1483	2261	1186	2665	1025	2922	894	3155
7205	9741	9742	8870	10654	8120	11510	7687	12039	7320	12507
7515	8538	8538	7723	9393	7024	10199	6622	10696	6282	11138
7320	10517	10517	9610	11464	8829	12352	8377	12899	7995	13384
7206	22398	22399	21066	23771	19901	25042	19220	25819	18638	26503
7315	5092	5093	4468	5758	3940	6392	3641	6787	3390	7140
7435	5185	5186	4555	5857	4022	6496	3719	6894	3466	7250
7316	5000	5001	4382	5660	3859	6289	3563	6681	3315	7031
7025	12540	12539	11548	13572	10690	14537	10192	15130	9770	15655
7415	14863	14863	13782	15986	12843	17031	12297	17673	11832	18240
7100	12543	12542	11551	13575	10693	14540	10195	15133	9772	15658
7015	6460	6461	5754	7207	5154	7915	4810	8354	4521	8745
9908	4699	4699	4100	5338	3595	5950	3309	6331	3070	6672
6410	15736	15736	14623	16890	13655	17965	13092	18623	12613	19205
6420	8324	8324	7520	9169	6830	9965	6434	10457	6099	10894
5535	5545	5545	4892	6238	4339	6897	4024	7308	3760	7674
5600	16414	16414	15276	17592	14287	18688	13711	19360	13220	19953
5546	14112	14111	13059	15206	12145	16226	11615	16852	11163	17406
4706	2398	2398	1976	2861	1630	3312	1440	3599	1284	3857
6605	2895	2895	2429	3401	2044	3893	1830	4202	1654	4481
6910	1041	1041	769	1352	560	1668	451	1873	366	2061
6606	1410	1411	1091	1770	839	2129	704	2360	596	2570
9909	1397	1397	1080	1755	829	2113	695	2343	588	2552
9011	6777	6777	6053	7541	5437	8264	5083	8713	4786	9113
5525	6581	6581	5868	7334	5261	8048	4914	8491	4622	8885
5515	5736	5736	5072	6440	4509	7110	4188	7527	3918	7898
6326	13822	13821	12780	14905	11876	15915	11352	16535	10905	17084
9914	4403	4403	3824	5023	3337	5616	3062	5987	2832	6319
5545	4725	4725	4124	5367	3618	5979	3331	6362	3091	6704
6223	11174	11175	10239	12150	9432	13063	8965	13626	8569	14124
5306	21650	21650	20340	23000	19196	24251	18527	25015	17956	25689
6325	7880	7880	7098	8702	6429	9478	6044	9958	5720	10385
9009	2633	2633	2189	3117	1825	3588	1623	3885	1457	4153
9006	3045	3045	2567	3564	2171	4067	1950	4383	1768	4668
6225	18330	18331	17127	19574	16078	20729	15467	21436	14945	22060
9018	12542	12541	11550	13574	10692	14539	10194	15132	9771	15657
5425	47290	47291	45345	49276	43629	51099	42617	52206	41748	53177
5305	27550	27551	26071	29071	24773	30475	24013	31331	23361	32085
5426	18212	18213	17013	19452	15968	20604	15359	21309	14839	21931
6226	7517	7518	6754	8321	6102	9080	5727	9550	5411	9968
6126	3431	3431	2922	3981	2498	4511	2261	4844	2064	5143
6224	8041	8042	7251	8872	6575	9655	6186	10139	5857	10570
6216	10522	10522	9615	11469	8834	12357	8382	12905	7999	13390
6316	22720	22721	21378	24102	20205	25383	19518	26164	18932	26853
6215	19764	19764	18514	21055	17423	22252	16786	22984	16242	23630
5100	1845	1845	1477	2253	1181	2656	1019	2913	889	3146
6213	15805	15804	14689	16961	13719	18038	13155	18698	12674	19281
9005	623	623	418	869	268	1126	194	1295	140	1452
6124	13726	13726	12688	14806	11788	15812	11265	16431	10820	16978
6125	12132	12131	11157	13147	10313	14097	9825	14681	9410	15198
6214	30893	30894	29325	32502	27948	33986	27140	34889	26447	35684
5415	63270	63272	61018	65564	59024	67664	57846	68937	56833	70053
5205	40455	40456	38657	42293	37074	43983	36142	45010	35342	45912
9916	2609	2609	2168	3091	1806	3560	1605	3857	1440	4124
9913	6299	6299	5602	7036	5009	7736	4671	8170	4386	8557
9915	3490	3490	2976	4044	2549	4578	2309	4913	2110	5215
4606	3598	3598	3076	4161	2642	4702	2397	5042	2195	5347
6115	9301	9302	8450	10193	7719	11032	7297	11549	6940	12008
4820	6198	6198	5507	6930	4919	7624	4584	8055	4302	8439
9017	355	355	205	546	105	752	61	892	33	1023
6123	71294	71296	68902	73728	66782	75954	65529	77302	64451	78483
6114	23365	23366	22004	24767	20814	26065	20117	26857	19521	27555
4607	7251	7252	6502	8041	5863	8788	5496	9250	5186	9662
6505	3455	3455	2944	4007	2519	4539	2281	4873	2083	5172
5020	9063	9064	8223	9944	7502	10772	7086	11284	6734	11738
6113	43860	43862	41988	45774	40337	47531	39365	48599	38530	49536
5010	16885	16885	15731	18080	14727	19190	14142	19871	13643	20472
6020	75161	75163	72704	77659	70526	79944	69239	81327	68130	82538
4900	79928	79929	77393	82503	75146	84857	73817	86282	72671	87529
6010	138256	138257	134916	141636	131943	144716	130180	146574	128658	148199
4400	10515	10515	9608	11462	8827	12350	8376	12897	7993	13382
9900	2140	2140	1742	2579	1419	3008	1242	3281	1097	3528
9904	7452	7453	6693	8253	6043	9009	5671	9477	5357	9894
9902	27605	27606	26124	29127	24825	30532	24063	31389	23411	32143
4810	8501	8502	7689	9355	6991	10159	6590	10656	6251	11097
5720	13226	13225	12207	14285	11324	15275	10812	15883	10376	16420
9901	6043	6043	5361	6766	4782	7452	4451	7878	4173	8258
5826	9370	9371	8516	10265	7781	11106	7358	11626	6999	12086
5825	55198	55200	53096	57342	51237	59308	50140	60499	49197	61545
5925	22167	22167	20842	23533	19683	24798	19006	25570	18427	26252
9015	2069	2069	1678	2500	1361	2924	1188	3193	1046	3437
4506	32333	32334	30728	33978	29318	35495	28490	36418	27780	37230
4605	28669	28670	27159	30220	25835	31651	25058	32523	24392	33291
9002	10367	10367	9467	11307	8691	12189	8243	12733	7864	13215
4226	3912	3913	3368	4498	2912	5061	2655	5413	2441	5729
4505	1611	1611	1268	1994	995	2374	847	2617	729	2838
4225	3434	3434	2925	3984	2501	4514	2263	4847	2067	5146
5716	9777	9777	8903	10691	8152	11549	7718	12078	7351	12547
5916	9134	9134	8291	10018	7566	10849	7149	11362	6795	11818
4300	25596	25597	24171	27063	22922	28418	22191	29245	21565	29973
5815	29696	29697	28159	31274	26810	32730	26019	33617	25340	34397
9004	6597	6597	5883	7351	5276	8066	4928	8509	4635	8904
5715	2357	2357	1939	2816	1597	3265	1408	3549	1254	3805
3330	2685	2686	2238	3174	1869	3649	1665	3949	1496	4220
6506	10336	10337	9438	11275	8664	12156	8216	12699	7837	13180
5915	6136	6136	5449	6864	4864	7555	4531	7984	4250	8367
3905	22664	22665	21324	24045	20152	25324	19467	26105	18881	26793
4130	27454	27455	25977	28972	24682	30374	23923	31228	23273	31980
6930	4097	4097	3539	4696	3071	5270	2807	5630	2588	5951
3825	8938	8939	8104	9813	7388	10636	6976	11144	6627	11595
4120	4771	4772	4168	5416	3659	6032	3370	6416	3129	6759
3816	4688	4689	4090	5328	3586	5938	3300	6319	3062	6660
4210	6703	6703	5983	7463	5370	8183	5020	8629	4724	9027
9016	2232	2232	1825	2679	1494	3117	1312	3395	1163	3646
4005	2505	2506	2074	2978	1719	3439	1523	3730	1363	3993
4230	2221	2221	1815	2667	1485	3104	1303	3381	1155	3631
3815	12195	12194	11217	13213	10372	14166	9882	14751	9466	15269
3705	42807	42808	40958	44697	39327	46435	38367	47490	37543	48417
3900	36333	36334	34631	38076	33133	39681	32252	40657	31497	41514
4110	37868	37868	36129	39647	34599	41284	33699	42279	32927	43154
3416	3315	3315	2815	3856	2400	4378	2167	4706	1975	5001
3413	1736	1737	1380	2133	1094	2526	939	2777	814	3004
3706	4649	4649	4053	5286	3552	5894	3267	6274	3030	6613
3600	77004	77005	74517	79532	72311	81844	71008	83243	69885	84468
3415	5201	5201	4569	5873	4036	6513	3732	6912	3478	7268
3320	6987	6987	6252	7763	5625	8496	5266	8951	4963	9356
3505	28167	28167	26670	29704	25358	31123	24588	31988	23929	32749
3414	3300	3300	2801	3839	2387	4360	2155	4688	1963	4982
6900	2205	2205	1801	2650	1472	3086	1291	3362	1144	3612
2940	4411	4411	3831	5032	3344	5625	3068	5997	2838	6329
2216	4966	4966	4349	5623	3829	6250	3534	6641	3287	6990
3046	10397	10397	9496	11339	8719	12222	8270	12766	7890	13249
2225	7943	7944	7158	8769	6486	9548	6100	10029	5774	10458
3426	3261	3262	2766	3798	2354	4316	2124	4642	1933	4935
3427	6967	6967	6233	7741	5607	8474	5248	8928	4946	9333
3045	4710	4710	4110	5350	3605	5962	3318	6344	3079	6686
3310	5573	5573	4919	6268	4364	6929	4049	7340	3784	7707
3030	11782	11781	10821	12783	9991	13720	9510	14296	9102	14807
3130	29023	29024	27504	30583	26170	32023	25389	32900	24719	33672
3010	12623	12623	11628	13659	10767	14627	10268	15222	9844	15748
3020	23581	23581	22213	24989	21017	26292	20317	27087	19718	27788
3425	3644	3644	3119	4210	2681	4754	2435	5096	2230	5403
2100	2647	2647	2202	3132	1837	3604	1634	3903	1468	4171
1606	3972	3973	3423	4562	2963	5129	2704	5483	2489	5801
2215	8173	8174	7377	9011	6694	9800	6302	10288	5970	10722
1720	7343	7344	6589	8138	5945	8889	5576	9354	5264	9768
3120	19400	19400	18161	20679	17081	21866	16450	22592	15912	23232
1900	19084	19084	17856	20352	16785	21530	16160	22251	15626	22886
3110	3857	3857	3316	4438	2864	4997	2609	5347	2397	5661
3200	8807	8808	7979	9676	7269	10493	6860	10998	6514	11446
1605	9470	9470	8611	10370	7872	11215	7446	11737	7085	12200
2000	16585	16585	15441	17769	14447	18871	13867	19545	13373	20142
1820	32298	32298	30694	33942	29284	35458	28457	36381	27748	37193
1200	7483	7483	6721	8285	6071	9042	5697	9511	5382	9928
1710	14475	14474	13408	15582	12482	16615	11944	17248	11486	17809
1810	16422	16422	15284	17600	14294	18697	13718	19368	13227	19962
900	12914	12914	11908	13962	11036	14940	10531	15541	10101	16073
806	5280	5281	4644	5958	4106	6602	3800	7004	3544	7363
1506	5132	5132	4505	5800	3975	6436	3674	6833	3422	7187
1410	17465	17465	16291	18679	15268	19808	14673	20499	14165	21110
1505	7968	7969	7182	8796	6509	9575	6122	10058	5795	10487
1330	6497	6497	5789	7246	5186	7955	4841	8395	4551	8787
1000	2201	2201	1798	2646	1469	3081	1288	3357	1141	3607
1320	5847	5847	5176	6558	4607	7234	4283	7654	4010	8029
1420	19580	19580	18335	20865	17250	22057	16616	22786	16075	23429
1130	3638	3638	3113	4203	2676	4747	2430	5089	2225	5395
1116	10247	10247	9352	11182	8582	12059	8136	12600	7759	13079
1310	6935	6936	6203	7708	5579	8440	5221	8893	4920	9296
805	5791	5792	5124	6499	4558	7172	4235	7590	3964	7964
1115	5328	5328	4689	6008	4148	6656	3840	7059	3583	7419
205	14865	14865	13784	15988	12845	17033	12299	17675	11834	18242
136	4661	4661	4065	5299	3562	5908	3277	6288	3040	6628
1120	15511	15510	14406	16657	13445	17724	12887	18378	12411	18956
705	5283	5283	4646	5960	4108	6605	3802	7006	3545	7365
120	1795	1795	1432	2198	1141	2596	982	2850	854	3080
325	7191	7191	6445	7978	5808	8721	5443	9182	5135	9592
135	3461	3462	2950	4013	2524	4545	2286	4880	2088	5180
706	4171	4171	3608	4775	3135	5354	2869	5716	2646	6041
206	10373	10373	9473	11313	8697	12196	8249	12739	7869	13221
2910	1290	1290	986	1635	747	1980	619	2203	519	2406
315	7778	7778	7001	8595	6337	9366	5955	9843	5633	10268
2935	22550	22551	21213	23927	20044	25203	19361	25982	18776	26668
605	5116	5116	4490	5782	3961	6418	3660	6814	3409	7168
606	5019	5020	4400	5680	3876	6310	3579	6703	3330	7054
506	6993	6993	6258	7769	5630	8503	5271	8958	4968	9363
110	1580	1580	1241	1960	971	2337	825	2578	708	2797
505	17592	17593	16414	18811	15388	19944	14790	20638	14280	21250
2936	4569	4569	3979	5200	3482	5804	3200	6181	2965	6518
405	5169	5170	4540	5839	4008	6478	3706	6876	3453	7231
2926	3380	3380	2875	3926	2455	4452	2220	4783	2025	5080
2925	2534	2534	2099	3009	1743	3472	1546	3765	1384	4029
2927	2214	2215	1810	2660	1480	3096	1299	3373	1151	3624
