faz_id mean median lower_50 upper_50 lower_80 upper_80 lower_90 upper_90 lower_95 upper_95
8935	5917	5917	5242	6633	4670	7312	4343	7734	4068	8111
8927	1255	1255	955	1596	720	1937	596	2157	497	2359
8926	3064	3064	2584	3585	2187	4089	1965	4406	1782	4691
8936	4127	4127	3567	4728	3097	5304	2832	5665	2612	5988
8500	14105	14106	13052	15199	12139	16219	11608	16845	11157	17398
8406	292	292	158	467	72	659	37	790	16	914
8320	12672	12673	11675	13710	10812	14679	10312	15275	9887	15803
8925	3040	3040	2562	3559	2167	4061	1946	4377	1764	4661
8937	7834	7834	7055	8654	6387	9428	6004	9907	5681	10332
8405	1049	1049	777	1362	566	1679	456	1885	371	2073
8310	10945	10946	10020	11911	9222	12816	8760	13373	8369	13867
8910	3266	3266	2770	3803	2358	4321	2128	4647	1937	4940
7905	5886	5886	5213	6600	4642	7278	4316	7699	4043	8075
7606	834	834	593	1115	412	1404	319	1592	248	1765
7805	3600	3600	3078	4163	2643	4704	2399	5044	2196	5349
8220	14218	14219	13161	15316	12244	16340	11711	16968	11257	17524
8000	39164	39165	37396	40973	35839	42637	34923	43648	34136	44537
8906	1375	1375	1060	1731	812	2086	679	2314	573	2522
8210	32746	32747	31131	34402	29712	35928	28878	36857	28164	37674
9020	4448	4448	3866	5071	3376	5667	3099	6040	2868	6373
8125	6879	6879	6150	7649	5528	8377	5172	8829	4872	9231
8126	9096	9096	8255	9978	7532	10808	7115	11320	6762	11775
8905	1111	1111	830	1433	612	1757	498	1967	408	2159
7806	1842	1842	1475	2250	1179	2653	1017	2910	887	3142
7700	6035	6035	5353	6757	4774	7443	4444	7869	4166	8249
7526	10410	10411	9508	11352	8731	12236	8282	12781	7902	13264
7340	3908	3908	3363	4493	2908	5056	2651	5408	2438	5723
7605	1639	1639	1294	2025	1017	2408	868	2653	748	2875
7537	17501	17502	16326	18717	15302	19847	14706	20539	14197	21150
8115	12688	12689	11690	13726	10827	14696	10326	15293	9901	15821
7335	12107	12108	11133	13122	10291	14071	9803	14654	9388	15171
8600	12800	12801	11798	13843	10930	14817	10427	15416	10000	15946
7425	4104	4104	3545	4703	3077	5278	2813	5638	2593	5960
7535	7414	7414	6656	8213	6009	8967	5637	9434	5324	9849
7525	2511	2511	2079	2984	1724	3445	1528	3737	1367	4000
7436	2433	2433	2008	2899	1660	3354	1467	3642	1309	3902
9019	5211	5211	4579	5884	4045	6525	3741	6924	3487	7281
7026	1780	1780	1419	2182	1129	2578	971	2832	844	3061
7205	9576	9576	8712	10481	7969	11331	7540	11855	7177	12320
7515	8383	8383	7576	9231	6884	10029	6486	10523	6150	10962
7320	10345	10345	9446	11285	8672	12166	8224	12709	7845	13190
7206	22147	22148	20823	23512	19665	24777	18988	25549	18409	26230
7315	4973	4973	4356	5631	3835	6258	3540	6649	3293	6999
7435	5065	5065	4442	5729	3916	6361	3618	6755	3368	7108
7316	4882	4882	4271	5534	3756	6156	3463	6544	3219	6891
7025	12352	12353	11368	13377	10517	14335	10023	14924	9604	15445
7415	14659	14660	13585	15774	12653	16812	12111	17450	11650	18013
7100	12355	12356	11371	13380	10520	14338	10026	14927	9607	15448
7015	6326	6326	5628	7065	5034	7766	4694	8201	4409	8589
9908	4584	4584	3993	5216	3495	5821	3213	6198	2978	6536
6410	15526	15527	14420	16672	13460	17740	12901	18394	12424	18973
6420	8171	8171	7375	9008	6692	9797	6300	10285	5968	10719
5535	5420	5420	4775	6106	4229	6758	3918	7165	3658	7527
5600	16199	16200	15069	17370	14087	18459	13515	19126	13027	19716
5546	13913	13914	12867	14999	11961	16013	11434	16635	10986	17185
4706	2316	2316	1902	2771	1563	3216	1377	3498	1224	3753
6605	2805	2805	2347	3304	1969	3788	1759	4094	1586	4369
6910	987	987	723	1291	521	1600	416	1801	334	1985
6606	1348	1348	1037	1700	791	2052	660	2279	556	2485
9909	1335	1335	1025	1686	781	2036	651	2262	548	2468
9011	6639	6639	5923	7396	5313	8112	4964	8557	4671	8953
5525	6445	6445	5740	7191	5140	7898	4797	8336	4508	8727
5515	5609	5609	4953	6306	4396	6969	4079	7382	3814	7750
6326	13625	13626	12591	14700	11694	15704	11173	16320	10730	16865
9914	4292	4292	3720	4904	3240	5491	2969	5858	2743	6186
5545	4610	4610	4017	5244	3518	5850	3235	6228	2998	6567
6223	10997	10998	10070	11965	9270	12872	8807	13430	8414	13925
5306	21403	21404	20101	22746	18964	23990	18299	24750	17731	25420
6325	7731	7731	6957	8546	6295	9315	5914	9791	5593	10214
9009	2547	2547	2111	3024	1754	3488	1556	3781	1393	4046
9006	2953	2953	2482	3465	2093	3960	1877	4273	1698	4554
6225	18103	18104	16907	19339	15866	20488	15258	21191	14740	21811
9018	12354	12355	11370	13379	10519	14337	10025	14926	9606	15447
5425	46925	46926	44988	48903	43278	50719	42271	51822	41405	52790
5305	27272	27273	25800	28785	24509	30182	23753	31034	23105	31784
5426	17986	17987	16794	19218	15756	20363	15151	21064	14635	21683
6226	7372	7372	6616	8168	5971	8921	5601	9386	5288	9801
6126	3333	3333	2832	3875	2415	4398	2182	4727	1989	5023
6224	7891	7891	7109	8714	6439	9491	6054	9971	5729	10398
6216	10350	10350	9451	11290	8676	12171	8229	12714	7849	13196
6316	22467	22468	21133	23842	19966	25115	19284	25893	18701	26578
6215	19528	19529	18286	20811	17202	22002	16569	22730	16029	23373
5100	1773	1773	1413	2174	1124	2570	966	2823	839	3052
6213	15594	15595	14486	16743	13523	17813	12963	18468	12485	19048
9005	582	582	384	820	241	1070	172	1235	121	1389
6124	13530	13531	12499	14602	11606	15602	11087	16216	10646	16759
6125	11947	11948	10980	12955	10143	13898	9659	14478	9247	14992
6214	30598	30599	29038	32199	27667	33676	26863	34576	26174	35367
5415	62848	62849	60603	65134	58616	67228	57443	68496	56433	69608
5205	40117	40118	38327	41948	36750	43631	35823	44654	35026	45553
9916	2524	2524	2090	2998	1735	3461	1538	3753	1376	4017
9913	6166	6166	5477	6896	4891	7588	4556	8019	4275	8402
9915	3391	3391	2885	3938	2465	4465	2229	4796	2033	5094
4606	3498	3498	2984	4053	2556	4588	2316	4923	2116	5225
6115	9140	9140	8296	10024	7572	10856	7154	11369	6800	11825
4820	6066	6066	5383	6790	4802	7478	4470	7905	4192	8285
9017	324	324	182	507	89	707	49	842	24	970
6123	70846	70847	68461	73272	66348	75492	65100	76835	64024	78013
6114	23109	23110	21756	24503	20572	25794	19879	26582	19287	27276
4607	7109	7109	6367	7891	5735	8631	5372	9089	5066	9497
6505	3357	3357	2854	3901	2436	4426	2201	4756	2007	5052
5020	8904	8904	8072	9777	7357	10599	6945	11106	6597	11556
6113	43509	43510	41644	45414	40000	47165	39032	48229	38200	49163
5010	16667	16668	15521	17854	14523	18958	13942	19635	13447	20232
6020	74701	74702	72251	77191	70080	79469	68797	80848	67692	82056
4900	79453	79454	76926	82021	74685	84368	73360	85789	72219	87032
6010	137631	137633	134299	141004	131333	144077	129574	145931	128055	147552
4400	10343	10343	9444	11283	8670	12164	8222	12707	7843	13188
9900	2063	2063	1673	2494	1357	2917	1183	3186	1042	3429
9904	7308	7308	6556	8101	5913	8850	5545	9314	5234	9727
9902	27326	27327	25853	28840	24560	30239	23803	31092	23155	31842
4810	8347	8347	7542	9193	6852	9990	6454	10483	6119	10920
5720	13033	13034	12022	14085	11146	15068	10638	15671	10206	16205
9901	5913	5913	5238	6628	4666	7308	4339	7730	4065	8106
5826	9208	9208	8361	10096	7634	10930	7214	11445	6859	11902
5825	54804	54805	52709	56940	50857	58899	49765	60086	48825	61128
5925	21917	21918	20600	23275	19448	24534	18775	25302	18199	25980
9015	1993	1993	1610	2417	1300	2834	1130	3099	993	3339
4506	32031	32032	30434	33669	29031	35179	28207	36098	27501	36907
4605	28385	28386	26883	29928	25565	31353	24792	32221	24130	32985
9002	10196	10196	9304	11129	8535	12004	8091	12544	7715	13022
4226	3808	3808	3271	4386	2822	4942	2569	5290	2359	5602
4505	1544	1544	1209	1920	943	2293	799	2532	684	2749
4225	3336	3336	2834	3878	2418	4402	2184	4731	1991	5026
5716	9611	9611	8745	10517	8001	11369	7571	11894	7208	12360
5916	8974	8974	8138	9851	7421	10675	7007	11184	6657	11636
4300	25328	25329	23910	26787	22668	28135	21941	28958	21319	29683
5815	29407	29408	27878	30977	26535	32426	25748	33309	25073	34086
9004	6461	6461	5755	7208	5154	7915	4810	8355	4521	8746
5715	2276	2276	1865	2728	1530	3169	1346	3449	1195	3702
3330	2599	2599	2159	3080	1797	3548	1597	3844	1432	4111
6506	10166	10166	9275	11098	8508	11972	8065	12510	7689	12988
5915	6005	6005	5325	6726	4748	7410	4418	7835	4141	8214
3905	22412	22413	21079	23785	19914	25057	19233	25834	18651	26518
4130	27176	27177	25707	28686	24418	30081	23663	30932	23017	31680
6930	3990	3990	3440	4581	2979	5149	2719	5504	2503	5822
3825	8780	8780	7954	9647	7244	10463	6836	10967	6490	11415
4120	4656	4656	4060	5293	3558	5902	3273	6282	3036	6622
3816	4574	4574	3983	5206	3486	5809	3205	6186	2969	6524
4210	6566	6566	5854	7319	5248	8032	4901	8474	4609	8868
9016	2153	2153	1754	2593	1430	3024	1252	3297	1106	3545
4005	2422	2422	1998	2887	1650	3341	1459	3628	1301	3888
4230	2142	2142	1744	2581	1421	3011	1243	3284	1098	3531
3815	12010	12011	11040	13021	10201	13966	9716	14548	9303	15062
3705	42460	42461	40618	44343	38994	46073	38039	47124	37218	48047
3900	36013	36014	34318	37748	32827	39346	31951	40318	31199	41172
4110	37541	37542	35810	39312	34287	40943	33391	41934	32622	42805
3416	3219	3219	2727	3752	2318	4267	2090	4591	1901	4882
3413	1667	1667	1318	2056	1039	2442	888	2689	767	2912
3706	4535	4535	3947	5164	3452	5765	3172	6141	2938	6477
3600	76538	76539	74058	79059	71860	81364	70560	82759	69441	83980
3415	5080	5080	4456	5745	3930	6378	3630	6773	3380	7126
3320	6847	6847	6120	7615	5499	8342	5144	8793	4845	9194
3505	27885	27886	26396	29415	25091	30827	24325	31688	23670	32446
3414	3204	3204	2713	3736	2306	4250	2078	4573	1889	4864
6900	2127	2127	1731	2564	1409	2993	1232	3265	1088	3512
2940	4300	4300	3728	4913	3247	5500	2976	5867	2750	6196
2216	4848	4848	4239	5498	3726	6118	3435	6504	3191	6850
3046	10226	10226	9333	11160	8563	12037	8118	12577	7741	13056
2225	7794	7794	7017	8612	6351	9384	5969	9862	5647	10286
3426	3166	3166	2678	3695	2273	4206	2047	4528	1860	4817
3427	6827	6827	6101	7594	5482	8320	5127	8770	4828	9171
3045	4595	4595	4003	5228	3504	5833	3222	6211	2986	6549
3310	5448	5448	4801	6135	4254	6790	3942	7197	3681	7560
3030	11600	11601	10647	12594	9824	13524	9347	14096	8942	14603
3130	28737	28738	27225	30289	25899	31722	25121	32596	24455	33364
3010	12435	12436	11448	13463	10593	14424	10098	15015	9677	15538
3020	23323	23324	21963	24724	20774	26020	20078	26811	19483	27509
3425	3543	3543	3025	4101	2594	4639	2352	4977	2152	5280
2100	2561	2561	2124	3039	1766	3504	1567	3798	1404	4063
1606	3867	3867	3325	4449	2873	5009	2618	5359	2406	5674
2215	8022	8022	7233	8852	6557	9634	6169	10118	5841	10548
1720	7200	7200	6454	7987	5816	8731	5451	9192	5143	9602
3120	19166	19167	17935	20438	16862	21618	16235	22340	15701	22976
1900	18852	18853	17632	20113	16567	21284	15947	22000	15417	22633
3110	3753	3753	3220	4327	2775	4879	2524	5225	2316	5535
3200	8650	8650	7830	9511	7126	10321	6721	10822	6379	11267
1605	9307	9307	8456	10199	7724	11038	7302	11555	6945	12015
2000	16369	16370	15233	17546	14245	18640	13670	19311	13180	19904
1820	31996	31997	30400	33633	28997	35142	28174	36061	27468	36869
1200	7338	7338	6584	8133	5940	8883	5571	9348	5260	9762
1710	14273	14274	13214	15373	12295	16399	11761	17028	11306	17585
1810	16207	16208	15077	17378	14094	18467	13522	19135	13034	19725
900	12724	12725	11725	13764	10860	14735	10359	15332	9933	15861
806	5159	5159	4530	5829	3999	6466	3697	6864	3444	7219
1506	5012	5012	4393	5672	3870	6302	3573	6694	3324	7045
1410	17243	17244	16077	18450	15061	19572	14470	20259	13965	20866
1505	7819	7819	7040	8639	6374	9412	5991	9890	5668	10315
1330	6362	6362	5662	7103	5066	7806	4725	8242	4439	8631
1000	2123	2123	1727	2560	1405	2988	1229	3260	1085	3506
1320	5719	5719	5056	6423	4494	7092	4173	7508	3904	7879
1420	19345	19346	18108	20622	17030	21808	16400	22533	15863	23172
1130	3537	3537	3020	4095	2589	4632	2347	4970	2147	5272
1116	10077	10077	9190	11005	8427	11875	7985	12412	7612	12887
1310	6796	6796	6071	7561	5454	8286	5100	8735	4802	9135
805	5664	5664	5004	6365	4445	7030	4126	7445	3859	7814
1115	5206	5206	4574	5878	4040	6519	3737	6918	3483	7275
205	14661	14662	13587	15776	12655	16814	12113	17452	11652	18015
136	4547	4547	3958	5177	3463	5779	3182	6155	2948	6492
1120	15302	15303	14204	16440	13251	17500	12696	18151	12224	18725
705	5161	5161	4532	5831	4001	6469	3699	6866	3446	7221
120	1724	1724	1369	2120	1085	2511	930	2761	806	2988
325	7049	7049	6311	7828	5681	8565	5320	9021	5015	9428
135	3363	3363	2859	3908	2441	4433	2206	4763	2012	5059
706	4063	4063	3507	4659	3042	5232	2779	5590	2561	5911
206	10202	10202	9310	11135	8541	12011	8097	12550	7720	13029
2910	1230	1230	933	1567	701	1906	578	2125	481	2324
315	7630	7630	6861	8440	6203	9204	5826	9677	5507	10098
2935	22298	22299	20969	23668	19807	24937	19128	25711	18547	26394
605	4996	4996	4378	5655	3856	6284	3559	6676	3311	7026
606	4901	4901	4289	5554	3772	6177	3479	6566	3234	6913
506	6853	6853	6125	7622	5505	8349	5149	8800	4850	9201
110	1514	1514	1183	1886	919	2256	778	2493	664	2709
505	17370	17371	16199	18581	15180	19707	14586	20397	14079	21006
2936	4456	4456	3873	5080	3383	5676	3106	6049	2875	6383
405	5049	5049	4427	5712	3902	6343	3604	6737	3354	7089
2926	3283	3283	2786	3821	2373	4341	2141	4668	1950	4961
2925	2450	2450	2023	2918	1674	3374	1480	3663	1322	3923
2927	2136	2136	1739	2574	1416	3004	1239	3276	1094	3523
