faz_id mean median lower_50 upper_50 lower_80 upper_80 lower_90 upper_90 lower_95 upper_95
8935	13463	13464	12488	14475	11641	15417	11149	15995	10730	16506
8927	6122	6122	5470	6810	4915	7461	4597	7865	4329	8225
8926	16588	16589	15504	17709	14558	18750	14007	19387	13537	19949
8936	19655	19656	18473	20874	17440	22002	16836	22692	16320	23300
8500	20998	20999	19776	22257	18706	23422	18081	24133	17546	24760
8406	2269	2269	1880	2695	1560	3110	1383	3373	1238	3610
8320	13628	13629	12647	14646	11795	15594	11299	16175	10877	16689
8925	17395	17396	16284	18542	15315	19607	14750	20259	14267	20833
8937	17862	17863	16736	19025	15753	20103	15180	20762	14690	21344
8405	19193	19194	18025	20397	17005	21513	16409	22195	15899	22797
8310	34202	34203	32637	35804	31259	37277	30449	38173	29753	38961
8910	18524	18525	17377	19708	16376	20805	15791	21476	15291	22067
7905	28509	28510	27082	29973	25828	31323	25092	32144	24461	32867
7606	5237	5237	4636	5875	4126	6481	3835	6857	3590	7193
7805	25385	25386	24039	26767	22859	28044	22167	28822	21574	29506
8220	19728	19729	18544	20949	17509	22080	16904	22770	16386	23379
8000	15745	15746	14689	16838	13769	17853	13233	18475	12776	19024
8906	9576	9576	8757	10432	8050	11234	7641	11729	7295	12167
8210	13301	13302	12332	14307	11491	15244	11001	15819	10585	16327
9020	21214	21215	19985	22479	18910	23650	18281	24365	17743	24995
8125	20712	20713	19498	21962	18436	23120	17815	23827	17284	24450
8126	16231	16232	15159	17340	14224	18370	13679	19001	13214	19557
8905	10796	10796	9925	11704	9171	12553	8735	13075	8364	13537
7806	7752	7752	7017	8524	6386	9251	6022	9700	5715	10099
7700	8850	8850	8063	9674	7385	10447	6994	10924	6663	11347
7526	16580	16581	15496	17701	14551	18741	14000	19378	13530	19940
7340	30460	30461	28984	31973	27686	33366	26924	34214	26270	34960
7605	2086	2086	1713	2495	1409	2895	1241	3149	1104	3378
7537	28631	28632	27201	30098	25944	31450	25206	32274	24574	32998
8115	34304	34305	32737	35908	31356	37384	30545	38281	29848	39070
7335	39956	39957	38263	41686	36770	43275	35890	44240	35135	45087
8600	20729	20730	19515	21980	18452	23138	17831	23845	17300	24468
7425	32983	32984	31446	34556	30094	36004	29299	36885	28617	37659
7535	31899	31900	30388	33446	29059	34871	28278	35738	27608	36500
7525	17800	17801	16676	18961	15695	20037	15123	20695	14634	21276
7436	6407	6407	5740	7111	5171	7776	4844	8188	4569	8554
9019	19354	19355	18181	20563	17156	21684	16558	22369	16046	22972
7026	11486	11486	10587	12422	9808	13296	9357	13833	8973	14309
7205	15222	15223	14184	16297	13281	17296	12754	17908	12306	18448
7515	5984	5984	5340	6665	4791	7309	4477	7709	4213	8065
7320	32354	32355	30832	33912	29493	35347	28706	36220	28031	36987
7206	18564	18565	17416	19749	16413	20847	15827	21519	15327	22111
7315	20289	20290	19088	21527	18037	22673	17423	23373	16898	23990
7435	9318	9318	8510	10163	7813	10955	7411	11443	7070	11876
7316	23119	23120	21836	24439	20711	25659	20053	26404	19489	27059
7025	23880	23881	22575	25221	21432	26461	20762	27216	20188	27882
7415	14032	14033	13036	15064	12171	16026	11667	16615	11238	17136
7100	31752	31753	30245	33296	28919	34718	28140	35583	27471	36343
7015	19262	19263	18092	20469	17070	21587	16472	22270	15962	22872
9908	3882	3882	3367	4434	2934	4962	2690	5292	2486	5588
6410	49359	49360	47475	51279	45810	53040	44828	54108	43983	55045
6420	43477	43478	41710	45280	40150	46936	39231	47941	38441	48823
5535	33664	33665	32112	35253	30745	36716	29941	37605	29252	38386
5600	17930	17931	16802	19095	15817	20175	15242	20836	14752	21418
5546	20488	20489	19281	21732	18225	22883	17608	23586	17080	24206
4706	15241	15242	14202	16316	13298	17316	12772	17928	12323	18469
6605	13697	13698	12713	14717	11859	15668	11362	16250	10939	16765
6910	5639	5639	5014	6300	4483	6927	4180	7316	3925	7663
6606	6685	6685	6003	7403	5421	8082	5086	8502	4805	8875
9909	6632	6632	5953	7348	5373	8023	5040	8442	4760	8814
9011	11812	11813	10900	12761	10110	13647	9651	14191	9261	14672
5525	16822	16823	15730	17951	14778	18999	14222	19640	13748	20206
5515	31283	31284	29787	32816	28471	34227	27698	35086	27035	35841
6326	25188	25189	23848	26565	22672	27837	21982	28612	21392	29294
9914	21577	21578	20338	22853	19253	24033	18618	24754	18075	25389
5545	18387	18388	17244	19566	16247	20660	15664	21328	15166	21917
6223	30109	30110	28642	31613	27352	32999	26594	33842	25944	34583
5306	25602	25603	24250	26990	23065	28272	22369	29053	21774	29740
6325	37732	37733	36087	39413	34637	40959	33784	41898	33051	42722
9009	5828	5828	5193	6500	4652	7136	4343	7531	4083	7883
9006	14193	14194	13191	15231	12321	16198	11814	16790	11382	17314
6225	22405	22406	21142	23705	20036	24907	19388	25640	18834	26286
9018	22474	22475	21209	23776	20101	24980	19452	25714	18897	26361
5425	44438	44439	42652	46261	41074	47934	40144	48950	39345	49841
5305	30585	30586	29106	32101	27805	33497	27042	34347	26386	35093
5426	23785	23786	22483	25124	21342	26361	20673	27115	20101	27779
6226	33856	33857	32299	35450	30928	36916	30122	37808	29431	38591
6126	14082	14083	13084	15116	12217	16079	11713	16669	11283	17191
6224	23986	23987	22678	25330	21532	26572	20861	27330	20286	27996
6216	16696	16697	15608	17821	14660	18865	14106	19504	13634	20067
6316	31055	31056	29565	32582	28254	33989	27484	34844	26823	35597
6215	24621	24622	23296	25983	22134	27240	21453	28007	20870	28682
5100	8639	8639	7862	9453	7193	10218	6807	10689	6480	11108
6213	19848	19849	18660	21072	17622	22207	17015	22899	16496	23510
9005	6538	6538	5864	7249	5288	7920	4958	8336	4680	8706
6124	27925	27926	26513	29374	25272	30710	24544	31524	23920	32240
6125	10699	10699	9832	11603	9082	12448	8648	12968	8279	13429
6214	386	386	236	573	133	772	85	905	52	1030
5415	16029	16030	14963	17131	14035	18155	13494	18782	13032	19336
5205	13971	13972	12977	15001	12114	15960	11611	16549	11184	17068
9916	18503	18504	17357	19686	16356	20783	15771	21453	15272	22044
9913	7442	7442	6722	8199	6104	8912	5749	9353	5449	9744
9915	25259	25260	23917	26638	22739	27911	22049	28687	21458	29370
4606	29553	29554	28100	31043	26822	32416	26072	33252	25428	33987
6115	24434	24435	23114	25791	21957	27044	21278	27808	20698	28480
4820	8510	8510	7739	9318	7075	10077	6692	10546	6368	10961
9017	4062	4062	3535	4626	3091	5165	2840	5502	2630	5803
6123	22532	22533	21265	23835	20156	25041	19506	25776	18950	26424
6114	37083	37084	35453	38750	34016	40283	33170	41214	32444	42032
4607	31668	31669	30163	33210	28839	34630	28060	35494	27393	36253
6505	14729	14730	13708	15786	12820	16770	12303	17373	11863	17905
5020	26988	26989	25600	28413	24381	29727	23666	30528	23053	31232
6113	44809	44810	43015	46640	41431	48320	40497	49339	39694	50233
5010	20703	20704	19489	21953	18428	23110	17807	23817	17276	24440
6020	25605	25606	24253	26993	23067	28275	22372	29056	21777	29743
4900	18028	18029	16897	19196	15909	20279	15333	20941	14841	21525
6010	16693	16694	15605	17817	14657	18862	14104	19500	13632	20064
4400	24952	24953	23618	26323	22448	27589	21762	28360	21175	29039
9900	11315	11315	10423	12244	9650	13112	9202	13646	8822	14118
9904	14555	14556	13540	15606	12658	16584	12144	17184	11707	17713
9902	32135	32136	30619	33688	29284	35118	28500	35988	27827	36752
4810	11062	11062	10180	11981	9417	12840	8974	13368	8599	13835
5720	40358	40359	38656	42096	37155	43693	36271	44663	35512	45514
9901	10068	10068	9227	10945	8501	11767	8081	12273	7725	12721
5826	6647	6647	5967	7363	5387	8040	5053	8459	4772	8831
5825	3657	3657	3158	4193	2739	4707	2503	5029	2307	5317
5925	27236	27237	25841	28667	24617	29988	23898	30792	23283	31499
9015	16472	16473	15392	17589	14450	18627	13901	19261	13432	19822
4506	18766	18767	17612	19957	16603	21061	16014	21736	15511	22331
4605	28006	28007	26592	29457	25349	30795	24620	31610	23995	32327
9002	41422	41423	39698	43183	38177	44800	37280	45782	36510	46643
4226	19691	19692	18508	20911	17474	22041	16869	22731	16353	23339
4505	17405	17406	16294	18553	15324	19618	14759	20269	14276	20844
4225	19536	19537	18358	20751	17328	21877	16726	22564	16212	23170
5716	26461	26462	25087	27872	23880	29174	23173	29967	22567	30665
5916	38119	38120	36466	39809	35008	41362	34150	42306	33414	43134
4300	12538	12539	11598	13515	10782	14426	10308	14986	9906	15480
5815	5205	5205	4606	5841	4097	6445	3807	6821	3564	7156
9004	21147	21148	19920	22410	18847	23579	18219	24293	17682	24922
5715	18498	18499	17352	19681	16351	20777	15767	21448	15267	22039
3330	15881	15882	14820	16978	13897	17998	13358	18622	12899	19173
6506	17334	17335	16225	18480	15258	19543	14693	20193	14211	20766
5915	21185	21186	19957	22449	18883	23620	18254	24334	17717	24963
3905	11691	11692	10784	12635	9998	13517	9542	14058	9154	14538
4130	19570	19571	18391	20786	17360	21912	16757	22601	16242	23207
6930	10909	10909	10033	11822	9276	12675	8837	13199	8464	13664
3825	22616	22617	21347	23922	20235	25129	19584	25866	19027	26515
4120	21573	21574	20334	22849	19249	24029	18615	24750	18072	25384
3816	26407	26408	25034	27817	23829	29117	23122	29910	22517	30607
4210	29240	29241	27794	30722	26524	32089	25778	32920	25138	33652
9016	15046	15047	14014	16114	13116	17108	12593	17717	12147	18254
4005	16939	16940	15843	18072	14887	19123	14330	19766	13854	20334
4230	13000	13001	12042	13994	11211	14921	10728	15490	10317	15993
3815	21136	21137	19910	22399	18837	23568	18209	24281	17672	24910
3705	33816	33817	32260	35409	30890	36874	30084	37766	29393	38549
3900	7380	7380	6663	8134	6048	8844	5695	9283	5396	9673
4110	22267	22268	21008	23563	19905	24761	19260	25493	18707	26137
3416	25497	25498	24148	26882	22965	28161	22271	28941	21677	29627
3413	11312	11312	10420	12241	9648	13109	9200	13642	8819	14115
3706	19078	19079	17914	20279	16897	21392	16302	22072	15795	22671
3600	23297	23298	22009	24622	20880	25847	20218	26594	19652	27252
3415	31208	31209	29714	32739	28400	34149	27628	35007	26965	35761
3320	32190	32191	30672	33744	29337	35176	28552	36046	27879	36811
3505	45332	45333	43527	47173	41934	48863	40994	49888	40187	50787
3414	29514	29515	28062	31003	26785	32376	26035	33211	25392	33946
6900	9675	9675	8851	10535	8141	11342	7730	11838	7381	12278
2940	21460	21461	20224	22733	19143	23910	18510	24629	17968	25262
2216	21751	21752	20507	23032	19417	24217	18780	24940	18235	25577
3046	24868	24869	23536	26236	22368	27500	21684	28271	21097	28949
2225	18719	18720	17566	19909	16559	21011	15971	21685	15468	22280
3426	24792	24793	23462	26158	22296	27420	21613	28189	21027	28867
3427	25968	25969	24607	27366	23412	28656	22712	29443	22111	30134
3045	30798	30799	29314	32319	28009	33720	27242	34572	26584	35322
3310	24739	24740	23411	26104	22246	27365	21563	28133	20979	28809
3030	49505	49506	47618	51428	45951	53192	44967	54261	44121	55199
3130	17365	17366	16255	18512	15287	19575	14722	20226	14240	20800
3010	45914	45915	44098	47767	42494	49467	41548	50498	40735	51403
3020	24964	24965	23630	26335	22459	27601	21773	28373	21186	29052
3425	23126	23127	21842	24446	20718	25667	20059	26411	19495	27067
2100	21719	21720	20476	22999	19387	24183	18750	24906	18205	25543
1606	13643	13644	12661	14661	11809	15610	11313	16191	10890	16706
2215	19817	19818	18630	21041	17593	22174	16986	22866	16468	23476
1720	28002	28003	26588	29453	25345	30791	24616	31606	23991	32323
3120	25233	25234	23891	26611	22714	27884	22024	28660	21434	29342
1900	965	965	717	1249	526	1537	425	1723	347	1893
3110	9997	9997	9159	10871	8436	11690	8018	12194	7663	12641
3200	23140	23141	21856	24461	20731	25681	20072	26426	19508	27082
1605	17948	17949	16819	19113	15834	20194	15259	20855	14768	21438
2000	14303	14304	13297	15345	12423	16315	11914	16910	11481	17435
1820	8126	8126	7373	8916	6725	9659	6352	10118	6037	10525
1200	19865	19866	18677	21090	17638	22225	17030	22918	16511	23529
1710	23479	23480	22185	24809	21052	26038	20388	26788	19820	27448
1810	4150	4150	3617	4720	3168	5264	2914	5604	2701	5909
900	11596	11597	10692	12536	9910	13414	9456	13954	9070	14432
806	37538	37539	35898	39215	34452	40757	33601	41693	32870	42516
1506	24570	24571	23246	25930	22086	27187	21405	27953	20823	28627
1410	12101	12102	11178	13061	10377	13957	9913	14507	9518	14994
1505	22701	22702	21429	24009	20316	25219	19663	25957	19105	26607
1330	23794	23795	22492	25133	21350	26370	20681	27125	20109	27789
1000	10293	10293	9443	11180	8708	12010	8283	12521	7922	12973
1320	18462	18463	17317	19644	16317	20739	15733	21409	15235	21999
1420	14738	14739	13717	15796	12829	16780	12312	17382	11871	17915
1130	6584	6584	5908	7297	5330	7971	4998	8388	4719	8759
1116	19427	19428	18252	20639	17225	21761	16625	22447	16112	23052
1310	28022	28023	26607	29473	25364	30812	24635	31627	24010	32344
805	25331	25332	23987	26712	22807	27987	22116	28764	21524	29448
1115	16869	16870	15775	17999	14822	19049	14265	19691	13791	20257
205	13652	13653	12670	14671	11817	15619	11321	16201	10898	16716
136	11629	11630	10724	12571	9940	13450	9486	13990	9099	14468
1120	39415	39416	37734	41133	36251	42712	35378	43670	34628	44512
705	22618	22619	21349	23924	20237	25131	19586	25868	19029	26517
120	12598	12599	11655	13577	10838	14491	10363	15051	9959	15547
325	25794	25795	24437	27187	23247	28474	22549	29257	21951	29947
135	17768	17769	16645	18928	15665	20003	15093	20661	14605	21241
706	13964	13965	12971	14994	12107	15953	11605	16541	11177	17061
206	13854	13855	12865	14880	12005	15835	11505	16421	11079	16939
2910	4139	4139	3607	4708	3158	5252	2904	5592	2692	5895
315	15473	15474	14426	16556	13515	17563	12984	18180	12531	18724
2935	7926	7926	7182	8707	6544	9441	6176	9894	5865	10297
605	26472	26473	25097	27883	23891	29186	23183	29979	22577	30677
606	28972	28973	27533	30448	26269	31808	25526	32636	24890	33364
506	30800	30801	29316	32321	28011	33722	27244	34574	26586	35324
110	5139	5139	4544	5771	4039	6372	3751	6745	3509	7078
505	56551	56552	54533	58605	52748	60487	51694	61627	50786	62626
2936	7036	7036	6336	7772	5737	8467	5393	8897	5103	9279
405	29885	29886	28423	31383	27138	32764	26384	33604	25737	34343
2926	26423	26424	25050	27833	23844	29134	23137	29927	22531	30624
2925	17014	17015	15916	18149	14958	19203	14399	19847	13922	20416
2927	9215	9215	8411	10055	7719	10843	7319	11329	6980	11760
