faz_id mean median lower_50 upper_50 lower_80 upper_80 lower_90 upper_90 lower_95 upper_95
8935	4958	4959	4586	5345	4263	5706	4076	5927	3916	6123
8927	2106	2106	1865	2360	1662	2602	1545	2752	1448	2886
8926	5780	5781	5378	6197	5028	6585	4824	6823	4650	7033
8936	7024	7024	6580	7483	6192	7909	5965	8169	5772	8399
8500	7727	7727	7260	8208	6852	8653	6614	8926	6411	9166
8406	692	693	558	842	449	988	390	1082	341	1166
8320	4724	4724	4361	5101	4046	5454	3863	5671	3708	5862
8925	5853	5853	5448	6272	5095	6663	4890	6902	4715	7113
8937	5699	5699	5300	6113	4952	6499	4750	6735	4578	6944
8405	5911	5911	5504	6332	5149	6725	4943	6965	4767	7177
8310	13051	13052	12443	13674	11907	14248	11592	14597	11322	14903
8910	6317	6317	5896	6752	5529	7157	5315	7405	5133	7624
7905	9408	9408	8892	9938	8441	10428	8176	10727	7949	10989
7606	1690	1690	1476	1919	1295	2137	1193	2274	1107	2395
7805	8193	8193	7712	8688	7292	9146	7046	9426	6836	9673
8220	8645	8645	8151	9153	7718	9623	7465	9910	7249	10163
8000	6012	6012	5601	6437	5244	6832	5036	7075	4858	7289
8906	3300	3300	2997	3617	2737	3914	2588	4098	2461	4261
8210	5710	5710	5310	6125	4962	6511	4760	6747	4587	6956
9020	7814	7814	7345	8298	6935	8746	6695	9019	6490	9261
8125	8047	8048	7571	8538	7155	8993	6911	9270	6703	9515
8126	6337	6337	5915	6773	5547	7178	5333	7427	5151	7646
8905	3682	3682	3362	4016	3087	4330	2927	4523	2792	4694
7806	2490	2490	2228	2766	2005	3027	1877	3189	1769	3333
7700	3650	3650	3331	3983	3057	4295	2899	4487	2764	4658
7526	6341	6341	5919	6777	5551	7183	5337	7431	5154	7650
7340	10537	10537	9991	11098	9512	11615	9231	11930	8990	12207
7605	759	759	618	915	503	1067	440	1164	389	1252
7537	12379	12379	11787	12986	11266	13545	10959	13885	10697	14184
8115	14508	14509	13867	15165	13301	15769	12968	16135	12682	16458
7335	15301	15301	14641	15975	14060	16594	13717	16970	13423	17301
8600	7106	7107	6659	7568	6269	7996	6041	8258	5847	8489
7425	10522	10522	9976	11082	9497	11599	9217	11914	8976	12191
7535	13488	13488	12869	14121	12324	14704	12004	15058	11729	15369
7525	6395	6395	5971	6833	5602	7240	5387	7489	5203	7709
7436	2221	2221	1974	2482	1764	2730	1645	2884	1544	3021
9019	6880	6880	6440	7334	6056	7756	5833	8014	5641	8241
7026	4279	4279	3933	4638	3635	4975	3462	5182	3315	5365
7205	6019	6019	5608	6444	5250	6840	5042	7082	4865	7296
7515	2282	2282	2032	2547	1819	2798	1697	2954	1595	3092
7320	11876	11877	11296	12471	10786	13019	10487	13352	10230	13646
7206	8056	8057	7580	8547	7163	9002	6919	9280	6711	9524
7315	7068	7069	6622	7529	6233	7956	6006	8217	5812	8447
7435	3165	3165	2869	3476	2615	3768	2469	3948	2345	4108
7316	8259	8259	7776	8756	7354	9216	7107	9497	6896	9744
7025	10329	10329	9788	10884	9314	11396	9036	11708	8797	11983
7415	4806	4806	4440	5187	4122	5542	3938	5761	3781	5954
7100	13047	13048	12439	13670	11903	14244	11589	14592	11319	14899
7015	7988	7988	7514	8477	7099	8930	6856	9207	6649	9450
9908	1197	1198	1018	1391	869	1578	786	1696	717	1801
6410	18597	18598	17869	19339	17226	20020	16847	20433	16521	20796
6420	16371	16372	15689	17068	15087	17708	14732	18097	14427	18438
5535	12295	12295	11705	12900	11185	13457	10880	13796	10619	14094
5600	7040	7041	6595	7500	6207	7926	5980	8187	5787	8417
5546	7464	7464	7006	7937	6605	8375	6371	8643	6172	8880
4706	5282	5282	4898	5681	4564	6053	4370	6281	4205	6483
6605	4552	4553	4196	4923	3887	5270	3708	5483	3556	5671
6910	1966	1966	1734	2212	1538	2446	1426	2592	1332	2722
6606	2248	2248	2000	2511	1789	2760	1668	2915	1566	3053
9909	2237	2237	1989	2499	1779	2748	1658	2902	1557	3040
9011	4769	4769	4404	5148	4088	5503	3904	5720	3748	5913
5525	6787	6787	6350	7238	5969	7657	5747	7913	5557	8139
5515	12023	12023	11439	12621	10926	13172	10624	13507	10366	13802
6326	12086	12086	11500	12685	10986	13238	10683	13574	10424	13870
9914	7664	7664	7199	8143	6793	8587	6556	8858	6353	9097
5545	6199	6200	5782	6631	5419	7032	5207	7278	5027	7495
6223	13831	13832	13205	14473	12653	15062	12328	15421	12050	15736
5306	11195	11195	10632	11773	10138	12305	9847	12630	9598	12915
6325	16901	16901	16207	17609	15595	18259	15235	18653	14925	19000
9009	2134	2134	1892	2390	1687	2633	1570	2784	1471	2919
9006	4687	4687	4325	5063	4012	5414	3830	5630	3675	5821
6225	11040	11040	10481	11613	9990	12142	9702	12465	9455	12748
9018	8892	8892	8391	9408	7952	9884	7695	10175	7476	10431
5425	18181	18181	17461	18915	16826	19588	16451	19997	16129	20355
5305	13174	13175	12563	13800	12025	14376	11708	14727	11437	15035
5426	8646	8646	8152	9154	7719	9624	7466	9911	7250	10164
6226	14849	14849	14199	15513	13627	16123	13290	16494	13001	16820
6126	6070	6070	5657	6497	5298	6894	5089	7138	4910	7353
6224	11441	11441	10871	12024	10371	12563	10077	12890	9826	13178
6216	6952	6952	6510	7409	6124	7832	5899	8092	5707	8320
6316	15803	15804	15133	16488	14542	17117	14194	17499	13895	17835
6215	12207	12207	11619	12810	11101	13365	10797	13703	10537	14000
5100	3107	3107	2814	3415	2562	3704	2417	3883	2295	4042
6213	10233	10234	9696	10786	9223	11296	8947	11607	8710	11880
9005	2311	2311	2059	2578	1845	2830	1722	2987	1619	3126
6124	14905	14905	14254	15570	13681	16182	13343	16553	13053	16880
6125	5628	5628	5231	6040	4886	6423	4685	6658	4514	6865
6214	241	241	164	331	108	426	80	488	59	545
5415	6282	6282	5862	6716	5496	7120	5283	7367	5101	7585
5205	6011	6011	5600	6436	5243	6831	5035	7074	4857	7287
9916	6633	6634	6202	7080	5825	7494	5606	7747	5418	7971
9913	3475	3475	3165	3800	2898	4105	2743	4294	2613	4461
9915	9020	9021	8516	9539	8074	10019	7815	10312	7593	10570
4606	9796	9796	9270	10336	8808	10836	8538	11140	8306	11408
6115	11852	11853	11273	12446	10763	12994	10464	13327	10208	13620
4820	3779	3779	3455	4118	3176	4435	3014	4631	2877	4804
9017	1522	1522	1319	1740	1149	1948	1052	2078	972	2195
6123	12703	12703	12102	13317	11574	13883	11264	14228	10998	14530
6114	17958	17959	17243	18688	16612	19357	16240	19764	15920	20120
4607	10267	10267	9728	10820	9255	11331	8978	11642	8740	11916
6505	4890	4890	4521	5274	4200	5633	4014	5853	3856	6048
5020	10613	10613	10065	11176	9584	11695	9302	12011	9060	12289
6113	27504	27504	26617	28405	25831	29229	25367	29728	24966	30164
5010	8939	8939	8437	9456	7997	9934	7739	10225	7519	10482
6020	15108	15109	14453	15778	13875	16394	13535	16768	13243	17096
4900	8044	8045	7568	8535	7152	8989	6908	9267	6700	9511
6010	9833	9833	9306	10374	8843	10875	8572	11180	8340	11448
4400	9730	9730	9205	10268	8745	10766	8476	11070	8245	11337
9900	4606	4607	4248	4980	3937	5328	3757	5542	3604	5732
9904	6111	6111	5697	6540	5337	6938	5127	7182	4947	7398
9902	13909	13909	13280	14551	12727	15143	12401	15502	12122	15818
4810	4758	4758	4393	5137	4078	5491	3894	5708	3738	5900
5720	19548	19549	18802	20309	18142	21007	17753	21430	17419	21801
9901	3441	3441	3132	3765	2866	4068	2713	4256	2583	4422
5826	3280	3280	2978	3596	2719	3893	2570	4076	2444	4239
5825	1942	1942	1712	2187	1517	2420	1406	2564	1313	2694
5925	11475	11475	10905	12059	10404	12598	10109	12926	9857	13215
9015	5919	5919	5511	6341	5157	6733	4950	6973	4774	7186
4506	7601	7602	7139	8079	6735	8521	6498	8791	6296	9029
4605	10550	10550	10004	11111	9524	11628	9243	11944	9002	12221
9002	15663	15664	14996	16345	14407	16971	14061	17352	13763	17686
4226	7209	7209	6758	7673	6365	8105	6136	8368	5939	8601
4505	6026	6026	5615	6452	5257	6847	5049	7090	4871	7304
4225	7026	7026	6582	7485	6194	7911	5967	8172	5774	8401
5716	11014	11014	10455	11587	9965	12115	9677	12437	9431	12720
5916	14649	14649	14004	15308	13435	15915	13101	16283	12813	16607
4300	5248	5248	4865	5646	4532	6016	4339	6244	4174	6445
5815	2185	2185	1940	2444	1732	2690	1613	2843	1514	2979
9004	7273	7273	6820	7740	6425	8173	6195	8437	5998	8671
5715	8122	8122	7643	8614	7225	9071	6980	9350	6771	9595
3330	5459	5459	5068	5864	4728	6242	4530	6473	4362	6678
6506	6161	6162	5745	6592	5383	6992	5172	7237	4993	7453
5915	8034	8035	7558	8525	7142	8979	6899	9256	6691	9500
3905	4524	4524	4169	4894	3861	5240	3683	5452	3532	5640
4130	8760	8760	8263	9271	7827	9745	7572	10034	7354	10288
6930	4560	4561	4204	4932	3895	5278	3716	5491	3563	5680
3825	8591	8592	8099	9098	7668	9567	7416	9853	7200	10105
4120	8953	8953	8450	9470	8010	9949	7752	10240	7532	10497
3816	10176	10177	9640	10727	9169	11236	8893	11546	8657	11819
4210	10220	10221	9683	10773	9211	11282	8934	11593	8698	11866
9016	5038	5038	4662	5427	4337	5791	4148	6014	3987	6211
4005	6165	6166	5749	6596	5387	6996	5176	7241	4996	7457
4230	4418	4418	4067	4783	3763	5125	3587	5335	3438	5521
3815	8875	8875	8374	9390	7936	9866	7680	10157	7460	10413
3705	13657	13658	13035	14294	12486	14881	12164	15237	11887	15550
3900	3054	3054	2763	3359	2514	3646	2371	3824	2249	3981
4110	8717	8717	8221	9227	7787	9699	7532	9987	7315	10241
3416	9531	9531	9012	10065	8557	10558	8291	10858	8063	11123
3413	3835	3836	3509	4176	3227	4496	3064	4693	2926	4867
3706	7342	7342	6887	7811	6490	8246	6259	8512	6060	8746
3600	9581	9582	9061	10116	8605	10610	8338	10912	8109	11177
3415	11048	11048	10489	11622	9997	12151	9709	12473	9462	12757
3320	10934	10934	10377	11505	9889	12031	9602	12352	9356	12634
3505	18105	18105	17387	18837	16752	19509	16379	19917	16057	20275
3414	10543	10543	9997	11104	9517	11621	9236	11936	8995	12214
6900	3411	3411	3104	3733	2839	4036	2686	4222	2557	4388
2940	7228	7228	6777	7693	6383	8125	6153	8389	5957	8621
2216	7557	7558	7096	8033	6693	8474	6458	8744	6256	8981
3046	10391	10391	9849	10947	9373	11461	9094	11774	8855	12050
2225	6835	6835	6396	7288	6014	7708	5791	7965	5601	8192
3426	7912	7912	7440	8399	7027	8850	6786	9125	6579	9367
3427	8997	8997	8493	9516	8052	9995	7793	10288	7572	10545
3045	11832	11833	11253	12426	10744	12973	10445	13306	10189	13598
3310	7384	7384	6928	7854	6530	8290	6297	8557	6099	8792
3030	16066	16066	15390	16756	14794	17390	14442	17775	14141	18114
3130	7557	7558	7096	8033	6693	8474	6458	8744	6256	8981
3010	16871	16871	16178	17578	15567	18228	15206	18622	14897	18968
3020	10749	10750	10198	11315	9714	11838	9429	12156	9186	12436
3425	7835	7835	7365	8319	6954	8768	6714	9042	6509	9284
2100	7875	7875	7404	8361	6992	8810	6751	9085	6546	9327
1606	5892	5892	5485	6313	5132	6704	4926	6944	4750	7156
2215	7509	7510	7049	7984	6648	8423	6413	8692	6213	8929
1720	11593	11593	11020	12180	10516	12722	10220	13052	9967	13342
3120	9984	9984	9453	10530	8987	11034	8713	11341	8480	11611
1900	562	562	441	697	345	831	293	916	252	994
3110	3619	3619	3302	3950	3029	4261	2871	4453	2737	4623
3200	8385	8385	7899	8886	7473	9349	7224	9632	7011	9881
1605	8221	8221	7739	8717	7318	9176	7072	9456	6861	9703
2000	5262	5262	4878	5660	4545	6031	4352	6259	4187	6460
1820	4766	4766	4401	5145	4085	5499	3901	5717	3745	5909
1200	7408	7408	6951	7879	6553	8316	6320	8583	6121	8818
1710	9571	9572	9051	10106	8595	10600	8328	10901	8099	11166
1810	1919	1919	1690	2162	1496	2394	1386	2538	1294	2667
900	4623	4623	4263	4996	3952	5345	3772	5560	3618	5749
806	12464	12465	11870	13073	11347	13634	11040	13975	10776	14275
1506	9732	9732	9207	10271	8747	10768	8478	11072	8247	11339
1410	4968	4969	4596	5356	4273	5717	4085	5938	3925	6134
1505	9176	9176	8667	9699	8221	10183	7959	10478	7736	10738
1330	8451	8451	7963	8954	7536	9419	7286	9703	7072	9953
1000	3933	3933	3602	4278	3316	4601	3151	4800	3011	4977
1320	7393	7393	6937	7864	6538	8300	6306	8567	6107	8802
1420	5688	5688	5289	6102	4942	6487	4740	6723	4568	6932
1130	2633	2634	2364	2917	2134	3185	2002	3351	1891	3499
1116	7644	7644	7180	8122	6774	8565	6537	8836	6335	9075
1310	10598	10598	10051	11160	9570	11679	9288	11995	9046	12273
805	8533	8534	8043	9038	7613	9506	7362	9791	7147	10042
1115	5643	5643	5245	6055	4900	6439	4699	6674	4527	6882
205	5871	5871	5465	6291	5112	6682	4906	6921	4731	7133
136	5114	5114	4736	5506	4407	5873	4217	6097	4054	6296
1120	14368	14369	13729	15022	13167	15622	12835	15988	12551	16308
705	7603	7604	7141	8081	6736	8523	6500	8793	6298	9031
120	4962	4963	4590	5349	4267	5710	4079	5932	3920	6128
325	9860	9860	9332	10402	8869	10903	8597	11209	8365	11477
135	6984	6984	6541	7442	6154	7866	5929	8126	5736	8355
706	4966	4967	4594	5354	4271	5715	4083	5936	3923	6132
206	6033	6033	5622	6459	5264	6855	5055	7097	4877	7312
2910	1406	1406	1211	1615	1048	1816	956	1942	879	2054
315	6186	6187	5770	6618	5407	7018	5195	7264	5015	7480
2935	2236	2236	1988	2498	1778	2747	1658	2901	1556	3039
605	9140	9141	8632	9663	8187	10146	7927	10441	7704	10700
606	9351	9351	8837	9879	8387	10368	8123	10666	7897	10928
506	9900	9900	9371	10443	8907	10945	8635	11251	8402	11521
110	2194	2194	1949	2454	1740	2700	1621	2853	1521	2989
505	17543	17543	16836	18264	16212	18926	15845	19327	15528	19680
2936	2715	2715	2441	3003	2207	3275	2073	3443	1960	3593
405	9858	9858	9330	10400	8867	10901	8596	11206	8363	11475
2926	9082	9083	8576	9603	8132	10085	7873	10379	7650	10637
2925	5924	5924	5516	6346	5162	6738	4955	6979	4779	7191
2927	2994	2994	2706	3296	2459	3580	2318	3756	2198	3913
