faz_id mean median lower_50 upper_50 lower_80 upper_80 lower_90 upper_90 lower_95 upper_95
8935	5138	5138	4263	6095	3544	7027	3146	7616	2820	8147
8927	1216	1216	811	1703	516	2211	372	2546	265	2857
8926	2236	2236	1672	2881	1235	3532	1005	3953	824	4338
8936	3761	3761	3018	4586	2419	5398	2092	5916	1827	6385
8500	12533	12534	11143	14005	9961	15400	9286	16266	8718	17039
8406	272	272	102	524	19	820	1	1029	4	1230
8320	11230	11231	9916	12625	8803	13952	8169	14777	7637	15513
8925	2806	2806	2170	3524	1667	4240	1397	4701	1183	5120
8937	7445	7446	6383	8589	5497	9688	4998	10378	4584	10997
8405	945	945	593	1379	346	1839	230	2146	148	2433
8310	10304	10305	9047	11642	7986	12917	7382	13712	6877	14421
8910	3082	3082	2413	3832	1881	4578	1594	5056	1364	5490
7905	5090	5090	4219	6043	3505	6971	3109	7557	2784	8087
7606	819	819	494	1226	271	1662	170	1954	101	2228
7805	3397	3397	2693	4183	2129	4960	1823	5457	1576	5908
8220	12460	12461	11074	13927	9896	15319	9223	16183	8657	16953
8000	38769	38770	36293	41326	34134	43699	32873	45151	31797	46431
8906	1303	1303	882	1805	574	2327	421	2671	307	2990
8210	25593	25594	23589	27678	21855	29627	20848	30824	19993	31883
9020	4060	4060	3286	4915	2660	5755	2316	6290	2037	6773
8125	6389	6390	5408	7451	4595	8478	4140	9124	3764	9705
8126	8114	8115	7004	9306	6073	10450	5549	11165	5112	11807
8905	1068	1068	691	1527	422	2009	292	2330	199	2628
7806	1610	1610	1138	2164	783	2732	602	3104	464	3446
7700	5684	5685	4761	6688	4000	7663	3576	8278	3228	8831
7526	9686	9687	8469	10985	7443	12224	6861	12997	6374	13689
7340	3822	3822	3073	4653	2468	5471	2138	5992	1870	6465
7605	1267	1267	853	1763	550	2279	400	2620	289	2935
7537	17161	17162	15528	18876	14126	20491	13320	21488	12638	22374
8115	11089	11090	9784	12476	8679	13794	8049	14615	7521	15348
7335	11649	11650	10310	13069	9175	14418	8527	15257	7983	16005
8600	11881	11882	10529	13315	9381	14676	8726	15522	8176	16277
7425	3742	3742	3001	4565	2404	5375	2078	5892	1814	6360
7535	6483	6484	5495	7553	4675	8586	4216	9236	3836	9820
7525	2371	2371	1790	3034	1336	3701	1096	4132	907	4526
7436	2402	2402	1816	3069	1359	3740	1117	4173	926	4569
9019	4981	4981	4120	5924	3414	6843	3024	7424	2704	7949
7026	1744	1744	1251	2319	877	2906	685	3289	537	3641
7205	8776	8777	7620	10014	6648	11199	6098	11940	5640	12603
7515	7976	7977	6875	9158	5954	10293	5435	11003	5002	11640
7320	9236	9237	8049	10505	7049	11718	6483	12475	6010	13153
7206	19859	19860	18099	21701	16583	23430	15708	24496	14967	25441
7315	4856	4856	4006	5787	3311	6696	2926	7272	2612	7791
7435	4692	4692	3857	5608	3176	6503	2799	7071	2492	7583
7316	4491	4491	3675	5388	3011	6266	2645	6823	2346	7327
7025	12042	12043	10680	13485	9524	14855	8864	15706	8309	16465
7415	14612	14613	13108	16198	11823	17696	11086	18624	10465	19449
7100	11601	11602	10265	13018	9132	14365	8486	15202	7944	15949
7015	5935	5936	4991	6960	4211	7954	3776	8580	3417	9143
9908	4505	4505	3688	5404	3022	6283	2655	6841	2356	7345
6410	15074	15075	13546	16684	12239	18204	11489	19145	10857	19982
6420	8623	8624	7477	9851	6515	11026	5971	11761	5517	12419
5535	5629	5630	4711	6629	3954	7599	3533	8211	3186	8762
5600	15379	15380	13835	17005	12514	18539	11756	19488	11116	20333
5546	13745	13746	12287	15284	11045	16740	10333	17643	9733	18447
4706	2277	2277	1708	2928	1265	3584	1032	4008	849	4396
6605	2696	2696	2073	3400	1582	4105	1320	4558	1112	4971
6910	898	898	556	1322	318	1773	207	2075	130	2357
6606	1255	1255	843	1749	542	2263	394	2603	284	2917
9909	1177	1177	779	1656	491	2158	350	2490	247	2797
9011	6472	6473	5485	7541	4665	8574	4207	9223	3828	9807
5525	6393	6394	5412	7456	4598	8483	4143	9129	3767	9710
5515	5434	5435	4533	6417	3791	7372	3379	7975	3040	8519
6326	11939	11940	10583	13376	9432	14741	8775	15589	8224	16345
9914	4199	4199	3412	5068	2772	5921	2422	6462	2136	6952
5545	4569	4569	3746	5474	3075	6358	2705	6919	2402	7426
6223	9081	9082	7904	10340	6914	11543	6353	12295	5885	12968
5306	19760	19761	18004	21597	16493	23322	15620	24386	14881	25329
6325	7367	7368	6311	8505	5430	9599	4934	10286	4523	10902
9009	2489	2489	1892	3167	1425	3848	1177	4287	980	4688
9006	2468	2468	1874	3144	1409	3822	1162	4260	967	4659
6225	16607	16608	15001	18295	13624	19885	12832	20868	12163	21741
9018	11904	11905	10550	13339	9401	14702	8745	15549	8195	16304
5425	34615	34616	32278	37034	30243	39282	29057	40659	28046	41874
5305	25318	25319	23325	27392	21600	29331	20600	30522	19750	31576
5426	17185	17186	15550	18901	14148	20517	13341	21515	12659	22402
6226	7005	7006	5976	8116	5119	9186	4639	9857	4240	10461
6126	3026	3026	2364	3770	1837	4510	1554	4984	1327	5415
6224	7605	7606	6531	8760	5634	9871	5129	10567	4710	11191
6216	9894	9895	8664	11206	7625	12458	7036	13238	6543	13936
6316	20521	20522	18731	22393	17189	24148	16298	25230	15543	26190
6215	17901	17902	16232	19652	14799	21298	13973	22315	13274	23218
5100	1730	1730	1239	2302	867	2888	676	3270	530	3621
6213	15442	15443	13895	17071	12571	18608	11811	19559	11169	20405
9005	540	540	284	878	123	1252	59	1508	22	1749
6124	13172	13173	11746	14680	10532	16107	9837	16993	9252	17782
6125	11231	11232	9917	12626	8804	13953	8170	14778	7638	15515
6214	30023	30024	27849	32278	25962	34379	24864	35668	23929	36807
5415	61640	61642	58508	64854	55757	67818	54142	69624	52759	71212
5205	37674	37675	35234	40196	33107	42536	31866	43968	30806	45232
9916	2465	2465	1871	3140	1407	3819	1160	4256	965	4655
9913	5796	5797	4864	6810	4094	7793	3665	8413	3312	8970
9915	3516	3516	2799	4315	2223	5104	1910	5608	1658	6065
4606	3498	3498	2783	4295	2209	5082	1897	5585	1645	6041
6115	9178	9179	7994	10443	6998	11653	6434	12408	5963	13083
4820	6077	6078	5122	7114	4331	8118	3890	8750	3525	9319
9017	310	310	126	576	30	885	4	1102	1	1310
6123	64151	64153	60955	67429	58146	70451	56497	72291	55084	73909
6114	21724	21725	19881	23649	18291	25452	17372	26562	16592	27547
4607	6604	6605	5606	7683	4778	8726	4313	9381	3929	9969
6505	3030	3030	2367	3774	1840	4515	1557	4989	1330	5421
5020	8910	8911	7744	10157	6765	11350	6210	12096	5747	12763
6113	41873	41874	39299	44529	37050	46991	35736	48496	34614	49823
5010	17113	17114	15482	18826	14083	20438	13277	21435	12597	22320
6020	71741	71743	68359	75205	65382	78395	63633	80335	62133	82040
4900	65432	65434	62204	68742	59366	71793	57700	73650	56271	75283
6010	134261	134264	129619	138985	125508	143309	123080	145928	120990	148223
4400	10027	10028	8788	11348	7742	12607	7148	13392	6651	14093
9900	2033	2033	1498	2650	1085	3276	870	3682	703	4054
9904	7257	7258	6209	8387	5335	9474	4844	10156	4437	10768
9902	25251	25252	23261	27323	21539	29258	20540	30448	19691	31501
4810	8224	8225	7106	9424	6169	10574	5640	11294	5199	11939
5720	11893	11894	10540	13328	9391	14690	8736	15536	8186	16291
9901	5058	5058	4190	6008	3478	6933	3084	7518	2760	8046
5826	8753	8754	7598	9990	6628	11173	6079	11913	5621	12575
5825	52550	52552	49661	55521	47129	58266	45646	59940	44376	61414
5925	20533	20534	18742	22405	17200	24161	16308	25244	15553	26203
9015	1921	1921	1402	2522	1004	3133	798	3530	637	3895
4506	32214	32215	29961	34549	28002	36721	26861	38053	25889	39229
4605	24218	24219	22270	26248	20585	28146	19609	29313	18780	30346
9002	10035	10036	8796	11356	7749	12616	7155	13401	6658	14103
4226	3737	3737	2997	4559	2400	5369	2074	5886	1811	6354
4505	1528	1528	1069	2068	726	2625	552	2990	421	3326
4225	3281	3281	2590	4054	2037	4820	1738	5310	1498	5755
5716	8445	8446	7311	9660	6360	10825	5823	11553	5375	12205
5916	8518	8519	7379	9738	6424	10907	5884	11638	5433	12293
4300	20874	20875	19068	22761	17512	24531	16613	25621	15850	26588
5815	28520	28521	26402	30719	24565	32770	23498	34028	22589	35141
9004	5958	5959	5012	6985	4231	7980	3794	8608	3435	9172
5715	2226	2226	1664	2870	1227	3520	998	3940	818	4325
3330	2437	2437	1847	3109	1385	3784	1141	4219	948	4617
6506	7896	7897	6801	9073	5885	10202	5369	10909	4939	11543
5915	5463	5464	4559	6448	3815	7406	3402	8010	3062	8555
3905	21561	21562	19725	23478	18142	25275	17226	26382	16450	27363
4130	25576	25577	23573	27661	21839	29608	20833	30805	19978	31864
6930	3900	3900	3143	4739	2531	5564	2196	6090	1925	6566
3825	8561	8562	7419	9784	6461	10956	5919	11689	5468	12345
4120	4280	4280	3485	5157	2838	6017	2483	6563	2194	7056
3816	4380	4380	3575	5267	2920	6135	2560	6686	2266	7185
4210	6406	6407	5424	7470	4609	8498	4154	9144	3777	9726
9016	2013	2013	1480	2627	1071	3250	857	3655	691	4026
4005	2355	2355	1776	3016	1324	3681	1085	4111	897	4504
4230	2061	2061	1522	2682	1106	3311	889	3719	719	4093
3815	10724	10725	9441	12088	8356	13387	7738	14196	7221	14918
3705	40107	40108	37588	42707	35390	45119	34106	46594	33010	47895
3900	31082	31083	28870	33376	26947	35512	25828	36822	24876	37979
4110	37335	37336	34906	39845	32789	42176	31554	43602	30500	44861
3416	3113	3113	2441	3867	1905	4616	1616	5096	1385	5532
3413	1594	1594	1125	2145	772	2711	592	3082	456	3423
3706	4397	4397	3590	5285	2934	6155	2573	6707	2278	7206
3600	70457	70459	67105	73890	64157	77052	62424	78976	60938	80666
3415	5052	5052	4184	6001	3473	6926	3079	7511	2756	8039
3320	6388	6389	5407	7450	4594	8477	4139	9123	3763	9703
3505	23544	23545	21624	25546	19964	27419	19003	28571	18187	29591
3414	3149	3149	2473	3907	1933	4660	1642	5142	1409	5580
6900	2020	2020	1486	2635	1076	3259	862	3664	695	4035
2940	3961	3961	3197	4806	2580	5637	2242	6166	1967	6645
2216	4579	4579	3755	5485	3083	6370	2712	6932	2410	7439
3046	9673	9674	8457	10971	7431	12210	6850	12982	6363	13673
2225	7669	7670	6591	8829	5689	9944	5182	10642	4760	11269
3426	3093	3093	2423	3845	1890	4591	1602	5070	1372	5505
3427	6537	6538	5545	7611	4721	8648	4259	9301	3878	9887
3045	4421	4421	3612	5312	2953	6184	2591	6737	2295	7237
3310	4724	4724	3886	5643	3202	6541	2824	7110	2515	7623
3030	11051	11052	9748	12435	8645	13752	8017	14571	7490	15303
3130	27049	27050	24988	29192	23202	31192	22164	32420	21282	33506
3010	12008	12009	10648	13449	9494	14817	8835	15667	8281	16425
3020	22822	22823	20932	24794	19300	26639	18355	27775	17553	28781
3425	3387	3387	2684	4172	2121	4948	1816	5444	1570	5895
2100	2388	2388	1804	3053	1348	3723	1107	4155	917	4549
1606	3823	3823	3074	4654	2469	5472	2138	5994	1871	6466
2215	7659	7660	6581	8818	5681	9932	5173	10631	4752	11256
1720	7012	7013	5983	8123	5125	9194	4644	9866	4245	10469
3120	18319	18320	16630	20090	15179	21754	14342	22782	13635	23694
1900	17238	17239	15601	18957	14196	20575	13388	21574	12704	22462
3110	3616	3616	2888	4425	2303	5224	1984	5734	1727	6196
3200	8244	8245	7124	9445	6186	10597	5656	11318	5215	11963
1605	8204	8205	7087	9402	6151	10552	5623	11271	5183	11915
2000	15875	15876	14306	17526	12962	19083	12190	20046	11538	20902
1820	25846	25847	23832	27942	22088	29899	21077	31101	20217	32166
1200	6513	6514	5522	7585	4700	8621	4240	9272	3859	9857
1710	14073	14074	12598	15630	11339	17102	10617	18015	10010	18827
1810	15036	15037	13510	16644	12205	18162	11456	19102	10824	19938
900	11962	11963	10605	13401	9453	14766	8795	15615	8243	16372
806	5022	5022	4157	5969	3448	6891	3056	7474	2734	8001
1506	4742	4742	3903	5663	3217	6562	2838	7132	2528	7646
1410	16262	16263	14673	17933	13312	19507	12529	20481	11868	21346
1505	7200	7201	6156	8325	5286	9409	4798	10089	4392	10699
1330	6237	6238	5268	7287	4466	8303	4018	8942	3647	9517
1000	2092	2092	1548	2717	1128	3351	909	3761	738	4137
1320	5263	5264	4377	6231	3648	7173	3244	7768	2912	8304
1420	17011	17012	15385	18719	13990	20327	13188	21320	12509	22203
1130	3318	3318	2623	4095	2066	4865	1765	5357	1523	5804
1116	9297	9298	8106	10570	7102	11787	6534	12546	6059	13225
1310	6315	6316	5340	7371	4532	8393	4080	9036	3707	9613
805	5540	5541	4630	6532	3880	7496	3462	8104	3119	8651
1115	5014	5014	4150	5960	3441	6882	3049	7465	2728	7991
205	14504	14505	13006	16084	11726	17577	10992	18502	10374	19325
136	4498	4498	3682	5396	3016	6275	2650	6832	2351	7336
1120	14041	14042	12567	15596	11310	17067	10590	17978	9983	18790
705	4052	4052	3279	4906	2653	5746	2310	6280	2032	6763
120	1659	1659	1179	2220	817	2796	632	3172	491	3518
325	6852	6853	5835	7951	4989	9010	4514	9676	4121	10273
135	3279	3279	2588	4052	2036	4817	1737	5307	1496	5752
706	3870	3870	3116	4706	2506	5529	2173	6053	1903	6527
206	9061	9062	7885	10318	6896	11521	6336	12272	5869	12944
2910	1154	1154	761	1629	476	2127	338	2456	237	2762
315	7115	7116	6078	8234	5214	9311	4728	9988	4326	10595
2935	21951	21952	20098	23885	18500	25697	17575	26813	16790	27802
605	4764	4764	3923	5687	3235	6588	2855	7159	2544	7674
606	4723	4723	3886	5642	3201	6540	2823	7109	2514	7622
506	5700	5701	4776	6706	4014	7681	3589	8297	3240	8851
110	1462	1462	1014	1992	681	2538	513	2897	386	3228
505	14495	14496	12997	16075	11718	17567	10984	18492	10366	19314
2936	4188	4188	3402	5056	2764	5907	2413	6449	2128	6938
405	4775	4775	3933	5699	3244	6601	2864	7172	2552	7688
2926	3146	3146	2470	3904	1931	4656	1640	5138	1407	5576
2925	2334	2334	1757	2992	1308	3655	1071	4083	884	4475
2927	1963	1963	1438	2570	1034	3187	825	3587	662	3955
