faz_id mean median lower_50 upper_50 lower_80 upper_80 lower_90 upper_90 lower_95 upper_95
8935	6767	6768	5761	7853	4925	8901	4456	9559	4067	10150
8927	1315	1315	894	1816	585	2337	431	2680	316	2997
8926	4057	4057	3288	4907	2664	5742	2322	6273	2044	6754
8936	4254	4254	3465	5124	2824	5976	2471	6518	2184	7007
8500	16010	16011	14442	17659	13098	19214	12326	20175	11674	21030
8406	311	311	127	576	31	883	5	1099	1	1305
8320	14573	14574	13078	16148	11802	17636	11069	18558	10452	19378
8925	3499	3499	2787	4292	2216	5074	1905	5574	1654	6028
8937	8080	8081	6977	9263	6054	10398	5532	11109	5098	11745
8405	1154	1154	762	1626	479	2121	341	2448	240	2752
8310	11771	11772	10432	13191	9295	14539	8646	15377	8102	16124
8910	3451	3451	2744	4238	2177	5017	1869	5514	1621	5965
7905	6218	6219	5256	7261	4458	8270	4013	8904	3644	9475
7606	877	877	541	1294	307	1739	199	2036	124	2314
7805	3817	3817	3072	4643	2470	5456	2141	5974	1875	6443
8220	17120	17121	15497	18824	14104	20428	13302	21419	12624	22299
8000	39906	39907	37406	42486	35224	44880	33950	46343	32862	47633
8906	1393	1393	959	1908	637	2441	476	2791	355	3115
8210	44328	44329	41691	47045	39386	49562	38038	51099	36886	52454
9020	4793	4793	3953	5714	3266	6612	2886	7181	2575	7694
8125	7896	7897	6807	9066	5895	10189	5380	10893	4953	11523
8126	9852	9853	8630	11154	7599	12397	7014	13171	6524	13863
8905	1170	1170	775	1645	489	2143	350	2471	247	2776
7806	2037	2037	1504	2651	1092	3274	878	3677	710	4047
7700	6408	6409	5431	7466	4620	8488	4166	9131	3790	9709
7526	10765	10766	9486	12125	8404	13418	7787	14224	7271	14943
7340	3974	3974	3213	4816	2597	5643	2259	6170	1985	6646
7605	2049	2049	1514	2665	1101	3289	885	3694	717	4064
7537	17983	17984	16318	19729	14888	21370	14064	22383	13367	23283
8115	13876	13877	12419	15414	11175	16869	10463	17770	9863	18573
7335	12727	12728	11333	14202	10147	15599	9468	16467	8898	17240
8600	13434	13435	12001	14948	10779	16381	10079	17270	9491	18061
7425	4825	4825	3982	5749	3292	6650	2911	7220	2599	7735
7535	8799	8800	7647	10032	6678	11212	6130	11949	5673	12609
7525	2720	2720	2097	3424	1606	4126	1343	4578	1134	4990
7436	2494	2494	1899	3169	1433	3847	1186	4284	989	4682
9019	5399	5400	4505	6374	3769	7321	3360	7919	3024	8457
7026	1810	1810	1309	2391	928	2984	731	3370	579	3725
7205	9981	9982	8751	11292	7713	12541	7123	13320	6629	14016
7515	8962	8963	7799	10206	6820	11396	6266	12139	5804	12804
7320	11407	11408	10089	12805	8972	14134	8335	14960	7800	15697
7206	28483	28484	26378	30669	24551	32707	23489	33958	22585	35064
7315	5158	5158	4285	6112	3568	7040	3171	7626	2844	8155
7435	5229	5229	4350	6189	3628	7122	3227	7712	2897	8244
7316	5269	5270	4386	6232	3661	7169	3258	7761	2927	8294
7025	13574	13575	12133	15096	10904	16536	10201	17428	9608	18223
7415	14726	14727	13223	16309	11939	17805	11203	18730	10581	19554
7100	15671	15672	14120	17303	12792	18842	12029	19794	11385	20641
7015	7601	7602	6533	8750	5640	9854	5137	10546	4719	11166
9908	4660	4660	3832	5568	3156	6456	2783	7018	2478	7525
6410	19411	19412	17680	21223	16190	22924	15330	23973	14602	24904
6420	8481	8482	7350	9692	6401	10853	5865	11578	5418	12227
5535	5307	5308	4421	6274	3693	7213	3288	7807	2955	8342
5600	16718	16719	15114	18402	13739	19989	12948	20969	12279	21840
5546	14966	14967	13451	16562	12156	18068	11412	19001	10785	19831
4706	2379	2379	1799	3040	1346	3704	1107	4132	917	4524
6605	2882	2882	2240	3605	1731	4325	1457	4788	1239	5208
6910	1304	1304	885	1804	577	2323	424	2665	311	2981
6606	1513	1513	1059	2048	719	2599	547	2960	417	3293
9909	1389	1389	956	1903	634	2436	474	2786	353	3109
9011	6761	6762	5756	7847	4920	8894	4451	9552	4063	10143
5525	6469	6470	5487	7532	4671	8559	4215	9204	3837	9784
5515	5677	5678	4759	6675	4002	7644	3580	8255	3233	8804
6326	15274	15275	13743	16886	12433	18407	11681	19348	11047	20185
9914	4435	4435	3629	5322	2972	6190	2610	6741	2315	7239
5545	4680	4680	3851	5590	3173	6479	2799	7042	2493	7551
6223	12302	12303	10932	13753	9768	15128	9102	15983	8543	16744
5306	25482	25483	23493	27552	21770	29486	20771	30674	19922	31725
6325	8541	8542	7406	9757	6454	10920	5915	11648	5466	12299
9009	2628	2628	2017	3320	1535	4013	1278	4459	1074	4865
9006	3341	3341	2646	4116	2090	4884	1789	5374	1546	5820
6225	20533	20534	18751	22395	17216	24142	16329	25218	15577	26172
9018	12631	12632	11242	14100	10061	15493	9386	16357	8818	17128
5425	63735	63737	60565	66985	57780	69982	56145	71806	54743	73410
5305	30744	30745	28555	33014	26653	35127	25546	36423	24603	37568
5426	19203	19204	17481	21005	16000	22698	15145	23742	14421	24668
6226	7830	7831	6745	8996	5838	10114	5326	10815	4900	11443
6126	3558	3558	2840	4357	2263	5145	1948	5649	1694	6105
6224	8255	8256	7140	9451	6205	10597	5677	11314	5238	11956
6216	10887	10888	9601	12254	8511	13555	7891	14364	7371	15086
6316	25098	25099	23124	27153	21416	29072	20425	30252	19583	31297
6215	20968	20969	19167	22850	17615	24613	16717	25700	15956	26663
5100	1814	1814	1313	2396	931	2989	733	3376	581	3730
6213	15938	15939	14373	17584	13033	19135	12263	20094	11612	20947
9005	640	640	359	1002	175	1397	96	1665	46	1917
6124	13802	13803	12349	15336	11109	16787	10399	17686	9800	18487
6125	12240	12241	10874	13687	9712	15060	9049	15912	8491	16672
6214	31399	31400	29186	33692	27263	35827	26143	37136	25190	38292
5415	62913	62915	59764	66143	56998	69120	55374	70933	53982	72528
5205	45483	45484	42812	48235	40475	50783	39109	52339	37940	53709
9916	2573	2573	1968	3258	1493	3945	1240	4387	1039	4790
9913	6298	6299	5329	7347	4526	8362	4077	9000	3706	9574
9915	3504	3504	2792	4297	2219	5080	1908	5581	1657	6034
4606	3614	3614	2890	4419	2307	5213	1990	5719	1733	6178
6115	9479	9480	8281	10757	7272	11978	6700	12739	6221	13420
4820	6365	6366	5391	7420	4583	8439	4131	9080	3757	9656
9017	363	363	161	646	49	969	13	1194	0	1409
6123	72894	72896	69502	76367	66515	79565	64760	81509	63254	83217
6114	23845	23846	21922	25849	20259	27723	19296	28875	18478	29896
4607	8145	8146	7038	9333	6110	10472	5586	11185	5150	11823
6505	3554	3554	2836	4352	2259	5141	1945	5644	1692	6100
5020	9022	9023	7855	10270	6873	11463	6316	12209	5852	12875
6113	44405	44406	41766	47125	39459	49643	38109	51182	36956	52537
5010	17003	17004	15385	18701	13998	20300	13199	21288	12524	22166
6020	74712	74714	71277	78228	68253	81463	66474	83431	64948	85159
4900	91085	91087	87288	94963	83938	98524	81964	100687	80269	102585
6010	139039	139042	134338	143821	130174	148196	127714	150845	125595	153166
4400	11143	11144	9841	12526	8738	13840	8109	14658	7582	15387
9900	2081	2081	1541	2701	1125	3329	907	3736	736	4109
9904	7325	7326	6277	8454	5403	9539	4911	10220	4503	10831
9902	31674	31675	29452	33977	27519	36121	26394	37435	25436	38595
4810	8329	8330	7209	9530	6270	10680	5739	11400	5297	12045
5720	15128	15129	13605	16732	12302	18246	11554	19184	10922	20017
9901	6706	6707	5705	7788	4873	8831	4407	9487	4020	10075
5826	9990	9991	8760	11301	7721	12551	7130	13331	6636	14027
5825	57306	57308	54303	60390	51667	63237	50121	64972	48797	66498
5925	23790	23791	21869	25792	20209	27663	19246	28815	18429	29834
9015	2059	2059	1522	2676	1108	3302	892	3707	723	4078
4506	31990	31991	29756	34305	27814	36458	26683	37778	25719	38944
4605	38487	38488	36033	41022	33892	43374	32643	44813	31576	46082
9002	10520	10521	9256	11865	8187	13145	7579	13942	7070	14654
4226	3889	3889	3136	4722	2528	5542	2195	6064	1925	6536
4505	1587	1587	1121	2134	770	2696	592	3063	456	3402
4225	3287	3287	2598	4056	2048	4818	1749	5306	1509	5748
5716	10925	10926	9636	12294	8545	13597	7924	14408	7402	15131
5916	9653	9654	8444	10943	7425	12173	6846	12941	6362	13627
4300	32138	32139	29899	34458	27952	36616	26818	37939	25852	39107
5815	30643	30644	28458	32909	26559	35019	25454	36313	24513	37457
9004	6961	6962	5941	8062	5091	9123	4614	9789	4218	10387
5715	2310	2310	1739	2962	1295	3617	1060	4041	875	4429
3330	2706	2706	2085	3408	1595	4109	1333	4560	1125	4971
6506	12791	12792	11393	14269	10204	15670	9524	16539	8951	17314
5915	6739	6740	5736	7823	4901	8869	4433	9526	4046	10116
3905	23417	23418	21512	25403	19865	27261	18911	28404	18101	29416
4130	30404	30405	28227	32661	26336	34764	25236	36053	24299	37192
6930	4085	4085	3313	4938	2686	5776	2343	6308	2064	6790
3825	9150	9151	7974	10407	6984	11608	6424	12358	5955	13028
4120	5062	5062	4198	6007	3489	6927	3096	7509	2773	8034
3816	4790	4790	3950	5710	3263	6609	2884	7177	2573	7690
4210	7484	7485	6424	8624	5539	9721	5041	10408	4627	11024
9016	2223	2223	1664	2863	1230	3508	1001	3926	822	4308
4005	2483	2483	1890	3157	1425	3833	1178	4269	982	4667
4230	2250	2250	1687	2894	1250	3542	1019	3962	838	4345
3815	14281	14282	12802	15841	11539	17315	10815	18228	10205	19041
3705	45194	45195	42531	47937	40203	50477	38841	52028	37676	53395
3900	44383	44384	41745	47102	39438	49620	38089	51158	36936	52513
4110	38088	38089	35647	40610	33518	42950	32275	44382	31214	45645
3416	3220	3220	2539	3982	1995	4737	1700	5221	1464	5660
3413	1780	1780	1284	2357	906	2946	712	3329	562	3682
3706	4476	4476	3666	5367	3005	6239	2641	6792	2344	7291
3600	79903	79905	76349	83538	73218	86880	71376	88911	69794	90695
3415	5171	5171	4297	6126	3579	7055	3181	7642	2854	8171
3320	7509	7510	6448	8651	5561	9749	5062	10437	4647	11054
3505	33755	33756	31459	36131	29461	38341	28297	39694	27304	40889
3414	3266	3266	2580	4033	2031	4793	1734	5279	1495	5721
6900	2190	2190	1635	2825	1205	3467	979	3882	802	4262
2940	4698	4698	3867	5610	3188	6500	2813	7065	2506	7574
2216	4988	4988	4130	5926	3427	6841	3038	7419	2719	7941
3046	11941	11942	10592	13371	9446	14728	8792	15571	8243	16323
2225	7915	7916	6824	9087	5911	10211	5396	10915	4968	11546
3426	3272	3272	2585	4040	2036	4800	1738	5287	1499	5728
3427	7062	7063	6034	8171	5177	9239	4696	9909	4297	10511
3045	4683	4683	3853	5594	3175	6483	2801	7046	2495	7555
3310	6823	6824	5813	7914	4973	8965	4501	9626	4111	10219
3030	11863	11864	10519	13288	9377	14641	8725	15482	8178	16231
3130	30947	30948	28751	33224	26842	35344	25731	36644	24785	37793
3010	12886	12887	11483	14370	10289	15775	9606	16648	9031	17425
3020	24295	24296	22354	26317	20674	28208	19701	29370	18874	30399
3425	3660	3660	2931	4470	2344	5268	2024	5777	1765	6238
2100	2786	2786	2155	3498	1656	4208	1389	4664	1176	5079
1606	3912	3912	3157	4748	2547	5569	2213	6093	1941	6566
2215	8310	8311	7191	9510	6253	10659	5723	11378	5281	12022
1720	7562	7563	6497	8708	5607	9809	5105	10500	4689	11119
3120	20447	20448	18669	22306	17137	24049	16252	25123	15502	26075
1900	20015	20016	18257	21854	16742	23580	15867	24644	15126	25587
3110	3819	3819	3074	4645	2472	5458	2143	5976	1876	6445
3200	8973	8974	7809	10218	6830	11408	6275	12152	5813	12817
1605	9484	9485	8286	10763	7277	11983	6704	12745	6225	13426
2000	16465	16466	14874	18137	13510	19712	12725	20686	12063	21551
1820	44511	44512	41869	47234	39559	49755	38208	51295	37053	52653
1200	8129	8130	7023	9316	6096	10454	5573	11166	5137	11804
1710	15138	15139	13614	16743	12311	18257	11562	19195	10931	20028
1810	21177	21178	19367	23068	17806	24840	16904	25931	16139	26899
900	13374	13375	11944	14885	10725	16315	10027	17202	9440	17991
806	5345	5346	4456	6315	3724	7258	3318	7853	2984	8390
1506	5641	5642	4726	6636	3972	7602	3552	8211	3206	8759
1410	18323	18324	16642	20085	15198	21740	14365	22762	13660	23669
1505	7985	7986	6889	9162	5972	10290	5454	10997	5023	11630
1330	6556	6557	5567	7626	4745	8659	4285	9308	3904	9891
1000	2146	2146	1597	2775	1173	3411	950	3823	775	4200
1320	6110	6111	5157	7144	4367	8145	3926	8775	3562	9342
1420	23921	23922	21995	25928	20329	27805	19364	28959	18545	29981
1130	4481	4481	3670	5373	3009	6245	2645	6798	2348	7298
1116	11168	11169	9865	12552	8760	13868	8131	14686	7603	15417
1310	7022	7023	5997	8128	5143	9193	4663	9862	4266	10462
805	5976	5977	5033	6999	4254	7990	3819	8614	3460	9176
1115	5391	5392	4498	6365	3763	7311	3354	7909	3018	8447
205	15025	15026	13507	16624	12209	18133	11464	19068	10835	19898
136	4585	4585	3764	5486	3095	6367	2725	6926	2423	7430
1120	18061	18062	16393	19810	14959	21455	14133	22470	13434	23371
705	5890	5891	4955	6906	4181	7891	3750	8511	3394	9069
120	1789	1789	1292	2367	913	2957	718	3341	567	3694
325	7400	7401	6347	8534	5467	9625	4972	10309	4561	10922
135	3468	3468	2760	4257	2191	5037	1882	5535	1633	5987
706	4224	4224	3438	5091	2799	5941	2449	6480	2163	6969
206	10438	10439	9179	11777	8115	13053	7510	13847	7003	14557
2910	1282	1282	867	1778	563	2293	412	2633	300	2947
315	8026	8027	6927	9206	6007	10337	5488	11045	5056	11680
2935	22784	22785	20905	24744	19282	26578	18343	27706	17545	28706
605	5480	5481	4579	6462	3837	7415	3424	8017	3085	8559
606	5206	5206	4329	6164	3608	7096	3209	7685	2880	8215
506	10488	10489	9226	11831	8159	13109	7552	13905	7043	14616
110	1583	1583	1118	2129	768	2690	589	3058	454	3396
505	20868	20869	19072	22745	17523	24505	16628	25589	15869	26550
2936	4645	4645	3819	5552	3144	6438	2772	6999	2467	7506
405	5421	5422	4525	6398	3788	7346	3378	7945	3041	8485
2926	3457	3457	2750	4245	2182	5024	1874	5521	1625	5972
2925	2737	2737	2112	3443	1619	4147	1355	4600	1145	5013
2927	2545	2545	1944	3227	1472	3910	1221	4350	1022	4752
