faz_id mean median lower_50 upper_50 lower_80 upper_80 lower_90 upper_90 lower_95 upper_95
8935	13395	13395	12422	14404	11578	15344	11087	15921	10669	16431
8927	6076	6076	5427	6762	4874	7411	4557	7813	4291	8171
8926	16512	16513	15431	17631	14488	18669	13938	19305	13468	19866
8936	19573	19573	18393	20789	17362	21915	16760	22604	16245	23210
8500	20913	20914	19693	22169	18626	23332	18002	24042	17468	24668
8406	2241	2241	1854	2665	1537	3078	1361	3339	1218	3574
8320	13559	13560	12581	14575	11731	15520	11237	16100	10816	16613
8925	17318	17318	16209	18463	15242	19525	14678	20175	14197	20748
8937	17783	17784	16660	18944	15680	20020	15107	20678	14619	21258
8405	19112	19112	17946	20314	16928	21427	16333	22108	15825	22708
8310	34093	34094	32531	35692	31155	37164	30346	38059	29652	38845
8910	18444	18445	17300	19625	16300	20720	15717	21389	15218	21980
7905	28410	28411	26985	29871	25733	31219	24999	32039	24369	32761
7606	5195	5195	4596	5830	4088	6433	3798	6809	3555	7144
7805	25291	25292	23948	26671	22770	27945	22079	28722	21487	29405
8220	19645	19646	18464	20864	17431	21992	16827	22682	16311	23290
8000	15671	15672	14618	16761	13701	17774	13166	18395	12710	18943
8906	9519	9519	8702	10372	7997	11172	7590	11665	7245	12102
8210	13233	13234	12267	14236	11428	15171	10940	15745	10525	16252
9020	21128	21129	19902	22391	18829	23560	18202	24273	17665	24902
8125	20627	20628	19416	21875	18357	23031	17737	23736	17207	24358
8126	16156	16157	15086	17263	14154	18291	13611	18920	13147	19475
8905	10735	10735	9866	11640	9115	12487	8680	13008	8311	13469
7806	7700	7701	6967	8470	6339	9194	5977	9642	5671	10040
7700	8795	8795	8010	9616	7335	10387	6945	10862	6615	11284
7526	16504	16505	15423	17623	14480	18661	13930	19296	13461	19857
7340	30357	30358	28884	31867	27589	33259	26828	34105	26175	34850
7605	2059	2059	1689	2466	1387	2864	1221	3116	1085	3344
7537	28532	28532	27104	29996	25849	31346	25113	32168	24482	32891
8115	34195	34196	32630	35797	31252	37270	30442	38166	29747	38953
7335	39839	39839	38148	41566	36657	43153	35779	44116	35025	44962
8600	20644	20645	19433	21893	18373	23049	17753	23754	17223	24376
7425	32876	32877	31342	34447	29992	35893	29199	36772	28518	37545
7535	31794	31795	30286	33339	28959	34762	28179	35627	27510	36388
7525	17722	17722	16600	18880	15622	19954	15050	20611	14563	21190
7436	6360	6360	5696	7061	5129	7724	4803	8135	4530	8500
9019	19272	19273	18102	20479	17080	21597	16482	22281	15971	22883
7026	11423	11424	10526	12356	9750	13228	9300	13764	8917	14239
7205	15150	15150	14114	16222	13213	17219	12688	17829	12240	18368
7515	5939	5939	5297	6617	4751	7259	4438	7657	4175	8012
7320	32248	32249	30729	33804	29392	35237	28607	36108	27933	36874
7206	18484	18485	17338	19666	16338	20762	15754	21432	15254	22023
7315	20205	20206	19007	21441	17959	22584	17346	23283	16822	23899
7435	9261	9262	8456	10104	7762	10893	7360	11380	7021	11812
7316	23030	23030	21749	24347	20627	25565	19969	26308	19407	26962
7025	23789	23790	22487	25128	21346	26365	20677	27120	20105	27784
7415	13962	13963	12969	14992	12106	15951	11604	16539	11176	17059
7100	31647	31648	30143	33189	28819	34608	28041	35472	27374	36231
7015	19180	19181	18013	20385	16993	21500	16397	22182	15888	22783
9908	3845	3845	3333	4395	2903	4921	2659	5250	2457	5544
6410	49228	49229	47347	51146	45684	52905	44704	53971	43860	54907
6420	43354	43355	41590	45155	40033	46809	39115	47812	38326	48693
5535	33556	33557	32006	35143	30642	36603	29839	37491	29151	38271
5600	17851	17852	16726	19014	15743	20092	15170	20751	14680	21332
5546	20404	20405	19199	21645	18146	22794	17530	23496	17003	24115
4706	15168	15169	14132	16241	13231	17239	12705	17850	12258	18389
6605	13628	13629	12647	14646	11795	15594	11299	16175	10877	16689
6910	5595	5595	4973	6254	4444	6878	4142	7266	3888	7612
6606	6637	6637	5958	7353	5378	8029	5045	8448	4764	8820
9909	6584	6585	5908	7297	5330	7971	4999	8388	4719	8759
9011	11748	11749	10839	12694	10051	13578	9594	14121	9205	14601
5525	16746	16746	15656	17872	14706	18918	14152	19557	13679	20122
5515	31179	31180	29686	32709	28372	34118	27600	34976	26938	35730
6326	25095	25096	23757	26469	22583	27739	21895	28512	21306	29193
9914	21491	21491	20254	22764	19172	23942	18538	24661	17996	25295
5545	18307	18308	17167	19484	16172	20575	15591	21242	15094	21830
6223	30007	30008	28542	31508	27255	32892	26498	33734	25850	34474
5306	25508	25509	24159	26894	22975	28173	22281	28953	21687	29639
6325	37618	37619	35976	39297	34528	40840	33676	41778	32945	42601
9009	5783	5784	5150	6453	4612	7087	4304	7480	4045	7831
9006	14123	14124	13124	15159	12255	16123	11750	16714	11320	17236
6225	22317	22318	21056	23614	19952	24814	19306	25546	18753	26191
9018	22386	22387	21123	23685	20018	24887	19370	25620	18816	26265
5425	44314	44315	42530	46135	40955	47806	40027	48820	39229	49709
5305	30482	30483	29006	31995	27708	33389	26945	34238	26291	34983
5426	23694	23695	22395	25031	21256	26265	20589	27018	20017	27681
6226	33748	33749	32193	35339	30825	36803	30020	37694	29330	38476
6126	14012	14013	13017	15044	12152	16005	11649	16594	11220	17114
6224	23895	23896	22590	25237	21446	26477	20776	27232	20202	27898
6216	16620	16621	15535	17742	14589	18784	14037	19422	13566	19984
6316	30951	30952	29464	32476	28155	33880	27386	34735	26727	35486
6215	24529	24530	23206	25888	22047	27143	21367	27909	20785	28582
5100	8584	8585	7810	9396	7143	10158	6758	10629	6433	11046
6213	19765	19766	18580	20987	17544	22119	16938	22810	16420	23420
9005	6491	6491	5819	7199	5246	7868	4917	8282	4640	8651
6124	27827	27828	26417	29273	25179	30607	24452	31420	23829	32134
6125	10638	10639	9774	11540	9026	12383	8593	12901	8226	13361
6214	375	374	227	559	126	756	79	888	48	1011
5415	15955	15955	14892	17054	13966	18076	13426	18702	12965	19254
5205	13902	13902	12910	14929	12049	15886	11548	16473	11121	16992
9916	18423	18424	17279	19603	16281	20698	15697	21367	15199	21957
9913	7391	7392	6674	8146	6059	8856	5705	9296	5406	9686
9915	25166	25166	23826	26542	22651	27813	21962	28588	21372	29270
4606	29452	29453	28001	30940	26726	32311	25977	33145	25335	33879
6115	24342	24343	23025	25696	21870	26947	21193	27710	20613	28381
4820	8456	8456	7687	9261	7026	10018	6644	10485	6322	10900
9017	4025	4024	3500	4586	3059	5123	2809	5459	2600	5759
6123	22444	22445	21180	23745	20072	24948	19424	25682	18869	26328
6114	36970	36971	35342	38634	33907	40165	33063	41095	32338	41911
4607	31563	31564	30061	33103	28739	34520	27962	35383	27296	36141
6505	14658	14658	13640	15713	12754	16694	12238	17295	11799	17826
5020	26891	26892	25506	28314	24289	29626	23576	30425	22964	31129
6113	44685	44686	42893	46513	41311	48190	40379	49208	39577	50102
5010	20618	20619	19407	21866	18348	23021	17729	23726	17199	24348
6020	25511	25512	24162	26897	22978	28176	22284	28956	21690	29642
4900	17949	17950	16820	19114	15835	20195	15260	20856	14769	21439
6010	16617	16618	15532	17739	14586	18781	14034	19418	13563	19981
4400	24859	24860	23528	26227	22360	27491	21675	28261	21089	28939
9900	11253	11253	10363	12179	9593	13045	9146	13577	8767	14048
9904	14484	14485	13472	15533	12592	16509	12080	17107	11643	17635
9902	32030	32031	30516	33580	29184	35008	28401	35876	27729	36640
4810	11000	11001	10121	11917	9360	12773	8919	13300	8544	13766
5720	40240	40241	38541	41976	37042	43570	36160	44539	35401	45389
9901	10009	10010	9171	10884	8447	11703	8029	12208	7674	12654
5826	6599	6600	5922	7313	5344	7987	5012	8405	4732	8776
5825	3622	3621	3125	4155	2709	4667	2474	4987	2278	5275
5925	27139	27140	25747	28568	24525	29886	23808	30689	23193	31395
9015	16397	16397	15319	17511	14379	18546	13831	19180	13364	19739
4506	18686	18686	17534	19874	16527	20976	15940	21649	15438	22243
4605	27908	27908	26496	29356	25256	30692	24528	31506	23904	32221
9002	41302	41303	39581	43061	38062	44676	37167	45656	36398	46516
4226	19609	19609	18428	20826	17396	21953	16793	22642	16278	23249
4505	17328	17328	16219	18473	15252	19536	14687	20186	14206	20759
4225	19454	19455	18278	20666	17251	21790	16650	22476	16137	23081
5716	26365	26366	24994	27774	23790	29074	23083	29866	22478	30562
5916	38004	38005	36354	39692	34898	41243	34042	42185	33306	43012
4300	12472	12473	11534	13447	10721	14356	10249	14914	9847	15407
5815	5163	5163	4566	5796	4060	6398	3771	6772	3529	7106
9004	21062	21062	19837	22322	18766	23489	18140	24202	17604	24829
5715	18418	18419	17275	19598	16276	20693	15693	21362	15195	21951
3330	15807	15808	14749	16902	13827	17919	13290	18542	12832	19092
6506	17257	17257	16150	18400	15185	19460	14622	20109	14141	20682
5915	21100	21100	19874	22361	18802	23529	18175	24242	17638	24870
3905	11628	11628	10723	12569	9939	13448	9485	13989	9098	14467
4130	19488	19488	18311	20701	17283	21826	16681	22512	16168	23118
6930	10848	10848	9974	11758	9219	12609	8782	13132	8410	13595
3825	22528	22528	21261	23831	20152	25036	19502	25771	18946	26419
4120	21487	21487	20250	22760	19168	23938	18534	24657	17993	25291
3816	26312	26312	24941	27719	23738	29017	23033	29808	22429	30504
4210	29140	29140	27696	30619	26428	31983	25683	32814	25045	33544
9016	14974	14975	13945	16040	13049	17031	12527	17639	12083	18175
4005	16863	16863	15769	17993	14816	19042	14260	19684	13785	20250
4230	12933	12934	11978	13925	11149	14850	10667	15417	10257	15919
3815	21051	21051	19827	22311	18756	23478	18129	24190	17594	24817
3705	33708	33709	32154	35298	30787	36762	29983	37651	29292	38433
3900	7330	7330	6615	8081	6003	8789	5651	9227	5353	9616
4110	22179	22180	20923	23473	19822	24669	19178	25399	18627	26042
3416	25403	25404	24057	26786	22876	28063	22184	28841	21590	29526
3413	11250	11250	10360	12176	9590	13042	9143	13574	8764	14045
3706	18997	18998	17835	20195	16820	21306	16227	21984	15721	22583
3600	23207	23208	21921	24530	20795	25752	20135	26498	19570	27155
3415	31104	31105	29613	32632	28301	34040	27530	34897	26869	35649
3320	32085	32085	30569	33636	29236	35065	28453	35935	27781	36698
3505	45207	45208	43405	47046	41813	48733	40875	49756	40069	50655
3414	29413	29414	27963	30900	26689	32270	25940	33104	25299	33837
6900	9617	9618	8796	10475	8088	11279	7678	11774	7331	12213
2940	21374	21375	20141	22644	19061	23819	18430	24536	17889	25168
2216	21664	21665	20423	22943	19336	24126	18699	24847	18155	25483
3046	24775	24776	23446	26141	22280	27403	21597	28172	21012	28849
2225	18639	18639	17488	19826	16483	20926	15896	21599	15395	22192
3426	24700	24700	23372	26063	22208	27323	21526	28091	20942	28767
3427	25873	25874	24515	27269	23322	28557	22623	29342	22024	30032
3045	30695	30696	29213	32213	27910	33612	27145	34463	26488	35211
3310	24647	24647	23321	26009	22158	27267	21477	28034	20893	28710
3030	49374	49375	47490	51295	45825	53056	44843	54124	43998	55061
3130	17288	17288	16180	18432	15214	19493	14651	20143	14169	20716
3010	45788	45789	43974	47638	42372	49336	41428	50366	40616	51270
3020	24871	24872	23539	26240	22371	27504	21687	28274	21100	28952
3425	23037	23037	21756	24354	20633	25573	19976	26316	19413	26970
2100	21632	21633	20392	22910	19305	24092	18670	24813	18126	25449
1606	13574	13575	12595	14590	11745	15536	11250	16117	10829	16630
2215	19734	19735	18550	20955	17515	22086	16909	22777	16392	23386
1720	27904	27904	26492	29352	25252	30688	24524	31501	23900	32217
3120	25140	25140	23801	26515	22626	27786	21937	28560	21348	29242
1900	947	947	702	1229	512	1514	413	1699	336	1868
3110	9938	9939	9103	10810	8382	11627	7965	12129	7612	12575
3200	23051	23051	21769	24369	20646	25587	19989	26331	19426	26985
1605	17869	17870	16743	19032	15760	20111	15187	20770	14697	21352
2000	14233	14233	13230	15272	12358	16240	11850	16833	11418	17358
1820	8073	8073	7322	8861	6677	9601	6306	10059	5991	10465
1200	19782	19783	18596	21005	17560	22137	16954	22829	16436	23438
1710	23389	23390	22098	24717	20967	25944	20304	26692	19737	27351
1810	4112	4113	3582	4680	3135	5222	2882	5561	2671	5863
900	11533	11533	10632	12471	9852	13346	9399	13885	9014	14361
806	37424	37425	35786	39099	34343	40638	33493	41573	32763	42395
1506	24478	24479	23157	25836	21998	27090	21319	27854	20738	28528
1410	12036	12037	11115	12994	10317	13888	9854	14437	9460	14922
1505	22612	22613	21343	23918	20232	25126	19581	25862	19024	26511
1330	23703	23704	22404	25040	21264	26275	20597	27028	20026	27691
1000	10233	10234	9386	11118	8654	11946	8230	12455	7870	12907
1320	18382	18383	17240	19561	16242	20655	15660	21323	15162	21912
1420	14667	14667	13648	15722	12762	16704	12246	17305	11807	17836
1130	6536	6537	5863	7247	5287	7918	4957	8334	4679	8704
1116	19345	19346	18173	20554	17148	21675	16549	22359	16038	22962
1310	27924	27924	26511	29373	25271	30709	24543	31523	23919	32238
805	25237	25238	23896	26616	22719	27889	22029	28664	21438	29347
1115	16793	16793	15702	17920	14750	18968	14195	19608	13722	20174
205	13583	13584	12604	14600	11753	15546	11258	16127	10837	16640
136	11566	11566	10663	12505	9882	13382	9429	13921	9043	14398
1120	39298	39299	37619	41014	36139	42590	35267	43548	34518	44388
705	22530	22530	21263	23833	20153	25038	19504	25774	18948	26421
120	12532	12533	11592	13509	10777	14420	10303	14979	9900	15474
325	25700	25700	24345	27090	23157	28374	22461	29157	21864	29845
135	17690	17690	16569	18847	15592	19920	15021	20577	14534	21156
706	13895	13895	12904	14922	12043	15879	11542	16465	11115	16984
206	13785	13785	12798	14808	11941	15762	11442	16346	11017	16863
2910	4101	4102	3571	4668	3125	5210	2873	5548	2662	5850
315	15400	15401	14356	16481	13447	17485	12917	18101	12466	18644
2935	7874	7874	7132	8652	6496	9384	6130	9836	5820	10238
605	26376	26377	25004	27785	23800	29085	23094	29877	22488	30574
606	28872	28873	27436	30345	26173	31703	25432	32530	24797	33257
506	30697	30698	29215	32215	27912	33614	27147	34465	26490	35213
110	5097	5097	4504	5726	4001	6325	3715	6697	3475	7029
505	56411	56412	54396	58463	52613	60342	51560	61481	50654	62479
2936	6987	6987	6289	7721	5693	8413	5350	8842	5061	9222
405	29783	29784	28324	31279	27041	32658	26288	33497	25642	34234
2926	26328	26328	24957	27735	23753	29034	23048	29825	22443	30522
2925	16937	16938	15842	18070	14886	19121	14328	19764	13853	20332
2927	9159	9159	8358	9996	7668	10782	7269	11266	6931	11696
