faz_id mean median lower_50 upper_50 lower_80 upper_80 lower_90 upper_90 lower_95 upper_95
8935	5259	5260	4624	5935	4087	6579	3782	6980	3526	7338
8927	1275	1276	973	1619	736	1962	610	2184	510	2386
8926	2316	2316	1902	2772	1563	3217	1377	3499	1224	3753
8936	3865	3865	3323	4447	2871	5006	2616	5357	2404	5671
8500	12722	12721	11723	13762	10858	14733	10357	15330	9931	15858
8406	300	301	164	478	76	672	40	804	18	929
8320	11409	11409	10464	12395	9648	13317	9176	13885	8775	14388
8925	2896	2896	2430	3403	2045	3894	1831	4204	1654	4482
8937	7591	7591	6824	8399	6168	9161	5792	9633	5474	10053
8405	997	998	732	1303	529	1614	423	1815	340	2000
8310	10475	10476	9571	11421	8791	12307	8341	12853	7959	13337
8910	3176	3176	2687	3706	2282	4218	2055	4540	1868	4830
7905	5211	5211	4579	5883	4045	6524	3741	6924	3486	7280
7606	868	868	622	1154	436	1448	340	1639	266	1815
7805	3496	3496	2982	4050	2554	4585	2314	4921	2115	5222
8220	12648	12648	11652	13685	10790	14654	10291	15249	9866	15776
8000	39101	39102	37334	40908	35778	42571	34863	43582	34077	44469
8906	1364	1365	1051	1719	804	2073	672	2300	566	2508
8210	25863	25864	24430	27337	23174	28699	22439	29530	21809	30261
9020	4168	4168	3605	4772	3133	5350	2866	5713	2644	6037
8125	6524	6525	5815	7274	5211	7985	4865	8426	4574	8819
8126	8266	8267	7465	9108	6778	9902	6383	10392	6050	10828
8905	1124	1124	841	1447	622	1773	506	1984	415	2177
7806	1678	1678	1328	2069	1048	2456	897	2703	774	2927
7700	5811	5812	5143	6521	4576	7195	4252	7614	3981	7987
7526	9852	9853	8976	10770	8221	11631	7785	12162	7417	12633
7340	3927	3927	3381	4513	2924	5077	2667	5430	2453	5746
7605	1328	1328	1019	1677	775	2027	646	2252	543	2458
7537	17382	17383	16211	18594	15191	19720	14597	20410	14090	21019
8115	11267	11267	10328	12246	9517	13164	9048	13728	8650	14229
7335	11831	11831	10869	12835	10037	13773	9555	14351	9146	14862
8600	12065	12064	11093	13078	10252	14025	9765	14608	9351	15124
7425	3846	3846	3306	4426	2854	4984	2600	5334	2389	5648
7535	6619	6620	5904	7375	5295	8090	4947	8534	4654	8930
7525	2454	2454	2026	2922	1677	3378	1483	3667	1325	3928
7436	2485	2485	2055	2956	1703	3415	1508	3706	1348	3968
9019	5100	5101	4475	5766	3947	6401	3647	6796	3396	7150
7026	1815	1815	1450	2220	1157	2620	997	2876	868	3107
7205	8934	8935	8100	9809	7384	10632	6972	11140	6623	11591
7515	8127	8127	7333	8962	6652	9749	6261	10236	5931	10668
7320	9398	9399	8543	10295	7807	11137	7383	11657	7023	12118
7206	20097	20097	18836	21398	17736	22605	17093	23343	16544	23994
7315	4974	4974	4357	5632	3836	6259	3541	6650	3293	7000
7435	4808	4808	4202	5455	3691	6073	3401	6458	3158	6803
7316	4604	4605	4012	5238	3513	5844	3230	6222	2994	6560
7025	12227	12227	11248	13247	10402	14200	9911	14787	9494	15306
7415	14816	14815	13736	15936	12799	16980	12254	17621	11790	18187
7100	11783	11782	10822	12784	9992	13721	9511	14297	9103	14808
7015	6065	6066	5382	6789	4801	7477	4470	7904	4191	8284
9908	4619	4619	4025	5253	3525	5860	3242	6238	3005	6577
6410	15281	15281	14184	16419	13232	17478	12677	18128	12205	18702
6420	8780	8780	7953	9647	7244	10463	6836	10967	6490	11415
5535	5756	5756	5091	6462	4527	7133	4205	7550	3935	7922
5600	15588	15588	14480	16737	13518	17807	12957	18462	12480	19042
5546	13943	13942	12896	15030	11988	16045	11461	16668	11013	17218
4706	2358	2358	1940	2817	1598	3266	1409	3550	1255	3807
6605	2784	2784	2328	3281	1951	3764	1742	4069	1570	4343
6910	949	949	691	1248	494	1552	391	1750	312	1931
6606	1315	1315	1008	1663	766	2012	637	2236	535	2441
9909	1235	1236	938	1573	705	1913	582	2132	484	2332
9011	6608	6608	5894	7363	5286	8078	4937	8522	4645	8917
5525	6528	6529	5818	7279	5214	7990	4868	8431	4578	8824
5515	5559	5559	4905	6253	4352	6913	4037	7324	3772	7690
6326	12123	12123	11149	13139	10306	14088	9818	14672	9403	15189
9914	4309	4309	3736	4922	3255	5510	2983	5877	2756	6206
5545	4683	4684	4085	5322	3582	5933	3296	6314	3058	6654
6223	9242	9242	8394	10131	7664	10967	7244	11483	6888	11941
5306	19997	19998	18740	21295	17642	22500	17001	23236	16454	23886
6325	7512	7512	6749	8316	6097	9074	5723	9544	5407	9962
9009	2574	2574	2136	3052	1776	3519	1577	3814	1413	4079
9006	2552	2552	2116	3029	1758	3494	1560	3788	1397	4052
6225	16824	16825	15673	18017	14670	19126	14086	19805	13589	20405
9018	12088	12088	11115	13102	10273	14050	9786	14634	9372	15150
5425	34929	34929	33260	36638	31792	38212	30930	39170	30190	40012
5305	25586	25587	24161	27052	22913	28407	22181	29234	21556	29962
5426	17406	17407	16234	18619	15214	19746	14619	20436	14112	21046
6226	7146	7147	6403	7931	5768	8672	5404	9132	5098	9540
6126	3119	3119	2635	3644	2234	4152	2009	4472	1824	4759
6224	7752	7753	6977	8568	6314	9338	5933	9815	5611	10239
6216	10062	10062	9176	10989	8413	11859	7972	12395	7599	12870
6316	20763	20763	19481	22085	18361	23311	17707	24061	17149	24722
6215	18127	18127	16930	19364	15888	20513	15280	21216	14761	21837
5100	1801	1801	1438	2205	1146	2603	987	2858	858	3088
6213	15652	15651	14541	16803	13577	17874	13015	18531	12537	19112
9005	580	580	383	818	240	1067	170	1232	120	1385
6124	13366	13365	12341	14431	11454	15425	10938	16036	10500	16576
6125	11410	11410	10465	12396	9649	13318	9177	13886	8776	14389
6214	30315	30316	28762	31909	27398	33379	26598	34275	25913	35063
5415	62058	62059	59827	64330	57853	66411	56688	67672	55685	68777
5205	38001	38002	36260	39783	34727	41423	33825	42420	33051	43296
9916	2549	2549	2113	3026	1756	3490	1558	3784	1395	4049
9913	5925	5925	5250	6641	4676	7321	4349	7743	4075	8120
9915	3616	3617	3093	4180	2657	4723	2412	5064	2209	5369
4606	3598	3598	3076	4161	2642	4702	2397	5042	2195	5347
6115	9340	9340	8487	10234	7754	11074	7331	11592	6973	12052
4820	6209	6209	5517	6941	4929	7636	4593	8067	4311	8452
9017	340	340	194	527	97	731	55	869	28	998
6123	64578	64579	62301	66895	60287	69016	59097	70301	58073	71428
6114	21973	21973	20653	23333	19500	24592	18826	25362	18250	26040
4607	6741	6742	6020	7504	5405	8225	5053	8673	4756	9072
6505	3123	3124	2639	3649	2237	4157	2013	4477	1827	4764
5020	9069	9070	8229	9951	7507	10779	7091	11290	6740	11745
6113	42218	42219	40381	44095	38762	45821	37810	46869	36991	47790
5010	17334	17334	16164	18544	15146	19669	14553	20358	14047	20966
6020	72192	72193	69784	74641	67651	76881	66390	78237	65304	79425
4900	65863	65864	63564	68203	61529	70345	60327	71642	59292	72779
6010	134878	134880	131579	138217	128644	141260	126903	143096	125400	144701
4400	10196	10197	9304	11129	8535	12004	8092	12544	7715	13022
9900	2110	2110	1715	2545	1394	2972	1218	3244	1075	3489
9904	7401	7401	6644	8199	5997	8952	5626	9419	5313	9834
9902	25519	25520	24096	26983	22849	28337	22119	29162	21494	29889
4810	8377	8378	7570	9225	6879	10023	6481	10517	6145	10955
5720	12077	12077	11104	13091	10263	14038	9776	14621	9362	15137
9901	5178	5179	4548	5849	4016	6488	3713	6886	3460	7242
5826	8911	8912	8078	9785	7363	10606	6951	11114	6603	11564
5825	52936	52937	50877	55036	49058	56962	47985	58130	47063	59155
5925	20775	20775	19493	22098	18373	23324	17719	24074	17160	24735
9015	1995	1996	1612	2420	1302	2836	1132	3102	994	3342
4506	32517	32517	30907	34167	29493	35688	28663	36613	27951	37428
4605	24480	24481	23087	25915	21867	27242	21153	28051	20542	28764
9002	10204	10205	9312	11137	8543	12013	8099	12553	7722	13031
4226	3841	3841	3301	4421	2850	4979	2596	5328	2385	5642
4505	1594	1595	1254	1976	982	2354	836	2596	718	2816
4225	3378	3378	2873	3924	2453	4450	2218	4781	2023	5078
5716	8600	8601	7783	9459	7081	10267	6677	10766	6336	11210
5916	8674	8674	7853	9536	7148	10347	6742	10849	6399	11294
4300	21118	21118	19825	22451	18695	23687	18035	24443	17472	25109
5815	28805	28806	27291	30359	25963	31794	25185	32668	24518	33437
9004	6089	6089	5404	6814	4822	7503	4490	7930	4211	8312
5715	2306	2306	1892	2760	1555	3205	1369	3486	1217	3741
3330	2521	2521	2087	2995	1732	3457	1535	3749	1374	4013
6506	8046	8047	7256	8877	6579	9661	6190	10145	5862	10576
5915	5588	5588	4933	6284	4378	6946	4062	7357	3796	7725
3905	21809	21809	20494	23164	19346	24419	18674	25186	18101	25862
4130	25846	25846	24413	27319	23158	28681	22423	29511	21794	30243
6930	4006	4006	3454	4598	2992	5167	2732	5523	2515	5841
3825	8717	8718	7894	9581	7187	10395	6780	10897	6437	11343
4120	4391	4391	3812	5010	3326	5603	3051	5973	2822	6305
3816	4492	4492	3907	5118	3415	5717	3136	6091	2903	6426
4210	6541	6542	5831	7293	5226	8004	4880	8446	4589	8839
9016	2089	2089	1697	2523	1378	2948	1203	3218	1061	3463
4005	2437	2438	2012	2904	1663	3359	1470	3647	1313	3907
4230	2138	2138	1741	2576	1418	3006	1240	3279	1096	3526
3815	10899	10899	9976	11863	9179	12766	8719	13322	8328	13815
3705	40444	40445	38647	42282	37064	43973	36132	45000	35333	45902
3900	31379	31380	29799	33000	28410	34496	27595	35406	26897	36207
4110	37661	37662	35927	39435	34401	41068	33504	42060	32734	42933
3416	3208	3208	2716	3740	2309	4254	2080	4578	1892	4868
3413	1662	1662	1314	2051	1035	2436	885	2682	763	2906
3706	4509	4510	3923	5136	3430	5736	3150	6111	2917	6446
3600	70904	70905	68518	73331	66404	75551	65155	76896	64080	78074
3415	5172	5173	4543	5843	4011	6481	3708	6879	3455	7235
3320	6523	6524	5814	7273	5210	7984	4864	8425	4573	8818
3505	23803	23803	22429	25217	21227	26526	20523	27325	19921	28029
3414	3244	3244	2750	3779	2340	4296	2110	4621	1920	4913
6900	2096	2097	1703	2530	1384	2956	1208	3227	1066	3472
2940	4068	4068	3512	4664	3046	5237	2783	5595	2564	5916
2216	4694	4694	4095	5333	3591	5944	3305	6325	3066	6666
3046	9839	9840	8963	10756	8209	11617	7774	12147	7405	12618
2225	7817	7817	7038	8636	6372	9409	5989	9888	5666	10313
3426	3187	3188	2697	3718	2291	4231	2064	4553	1876	4843
3427	6674	6674	5956	7432	5344	8151	4994	8596	4700	8993
3045	4534	4534	3945	5162	3451	5764	3171	6139	2937	6475
3310	4840	4841	4232	5489	3719	6109	3428	6496	3185	6841
3030	11228	11229	10291	12207	9482	13122	9014	13686	8617	14186
3130	27326	27327	25853	28841	24561	30239	23803	31092	23155	31843
3010	12193	12192	11215	13211	10370	14163	9880	14749	9464	15267
3020	23077	23077	21724	24470	20541	25760	19849	26547	19258	27241
3425	3486	3486	2972	4040	2545	4573	2306	4909	2107	5210
2100	2471	2471	2042	2941	1691	3398	1497	3688	1337	3950
1606	3928	3928	3382	4514	2925	5078	2668	5431	2453	5747
2215	7807	7807	7029	8626	6363	9398	5980	9876	5658	10301
1720	7154	7154	6410	7938	5775	8680	5410	9140	5104	9549
3120	18547	18548	17337	19799	16282	20960	15666	21671	15141	22299
1900	17459	17460	16286	18674	15264	19803	14668	20494	14160	21104
3110	3718	3718	3187	4289	2744	4839	2495	5184	2288	5493
3200	8397	8398	7590	9246	6897	10045	6499	10539	6162	10978
1605	8357	8357	7551	9204	6861	10001	6463	10494	6127	10932
2000	16088	16087	14962	17254	13983	18340	13413	19005	12927	19593
1820	26117	26118	24677	27598	23415	28967	22676	29801	22043	30536
1200	6649	6650	5933	7407	5323	8124	4973	8569	4679	8965
1710	14273	14273	13214	15373	12295	16399	11761	17029	11306	17585
1810	15243	15242	14148	16379	13196	17437	12643	18086	12171	18660
900	12147	12146	11171	13163	10327	14113	9838	14698	9423	15215
806	5142	5142	4514	5810	3984	6447	3683	6844	3430	7199
1506	4859	4859	4249	5509	3735	6129	3443	6517	3200	6863
1410	16477	16478	15338	17658	14346	18756	13769	19429	13277	20023
1505	7343	7344	6589	8138	5945	8889	5576	9354	5264	9768
1330	6371	6371	5670	7112	5073	7815	4732	8252	4446	8640
1000	2170	2170	1769	2611	1443	3043	1264	3318	1118	3566
1320	5386	5386	4743	6069	4199	6720	3889	7125	3630	7487
1420	17231	17232	16065	18438	15050	19559	14459	20246	13954	20853
1130	3416	3416	2908	3964	2486	4493	2249	4825	2052	5124
1116	9460	9460	8601	10359	7863	11204	7437	11726	7077	12188
1310	6449	6450	5744	7196	5144	7902	4800	8341	4512	8732
805	5666	5666	5006	6367	4447	7033	4128	7447	3861	7816
1115	5134	5134	4507	5802	3977	6438	3676	6835	3424	7189
205	14707	14707	13632	15824	12698	16864	12155	17502	11693	18067
136	4611	4612	4018	5246	3519	5852	3236	6230	3000	6569
1120	14241	14240	13183	15340	12265	16364	11732	16993	11278	17549
705	4160	4160	3597	4763	3126	5341	2859	5703	2638	6027
120	1728	1728	1373	2124	1088	2516	933	2766	808	2993
325	6992	6992	6257	7768	5629	8502	5270	8957	4967	9362
135	3376	3376	2871	3922	2452	4448	2217	4778	2022	5075
706	3975	3976	3426	4566	2966	5132	2707	5487	2491	5805
206	9222	9222	8374	10110	7646	10945	7226	11460	6871	11918
2910	1212	1212	918	1547	688	1884	566	2101	470	2299
315	7258	7258	6508	8048	5868	8795	5501	9257	5192	9669
2935	22201	22202	20875	23568	19715	24834	19038	25607	18458	26289
605	4881	4881	4270	5533	3755	6155	3462	6542	3218	6889
606	4839	4840	4231	5488	3718	6108	3427	6494	3184	6840
506	5828	5828	5158	6538	4590	7213	4266	7632	3994	8006
110	1527	1527	1194	1901	930	2272	787	2510	673	2726
505	14698	14698	13623	15814	12690	16854	12147	17492	11685	18057
2936	4298	4298	3726	4910	3245	5497	2974	5864	2748	6193
405	4892	4892	4280	5544	3764	6167	3471	6555	3227	6902
2926	3241	3241	2747	3776	2337	4293	2107	4618	1918	4910
2925	2416	2416	1992	2881	1645	3334	1454	3621	1297	3880
2927	2038	2038	1651	2467	1337	2887	1164	3155	1025	3397
