faz_id mean median lower_50 upper_50 lower_80 upper_80 lower_90 upper_90 lower_95 upper_95
8935	5917	5917	5037	6868	4305	7785	3894	8361	3554	8879
8927	1255	1255	869	1712	582	2184	437	2494	328	2780
8926	3064	3064	2441	3758	1940	4444	1668	4882	1448	5279
8936	4127	4127	3398	4927	2802	5708	2472	6203	2203	6650
8500	14105	14106	12727	15554	11546	16920	10867	17764	10294	18515
8406	292	292	124	531	33	807	7	999	0	1183
8320	12672	12673	11368	14047	10253	15346	9614	16151	9076	16867
8925	3040	3040	2419	3732	1921	4415	1650	4852	1431	5248
8937	7834	7835	6816	8923	5960	9964	5475	10615	5070	11197
8405	1049	1049	699	1470	444	1910	319	2200	228	2469
8310	10945	10946	9735	12226	8706	13440	8118	14193	7624	14865
8910	3266	3266	2621	3982	2101	4687	1817	5136	1588	5543
7905	5886	5886	5008	6835	4278	7750	3869	8324	3530	8841
7606	834	834	526	1213	309	1615	206	1883	134	2133
7805	3600	3600	2921	4350	2371	5085	2069	5553	1823	5976
8220	14218	14219	12834	15673	11649	17043	10967	17891	10391	18644
8000	39164	39165	36844	41555	34815	43769	33629	45121	32614	46312
8906	1375	1375	969	1852	664	2342	509	2662	391	2958
8210	32746	32747	30628	34935	28780	36968	27703	38211	26783	39308
9020	4448	4448	3690	5277	3067	6085	2722	6595	2439	7056
8125	6879	6880	5927	7902	5131	8883	4682	9498	4308	10049
8126	9096	9097	7996	10267	7066	11381	6538	12076	6095	12696
8905	1111	1111	750	1543	485	1993	354	2290	257	2564
7806	1842	1842	1367	2388	999	2941	807	3299	656	3627
7700	6035	6036	5146	6995	4406	7920	3990	8501	3646	9023
7526	10410	10411	9231	11660	8230	12846	7658	13583	7178	14241
7340	3908	3908	3199	4687	2622	5450	2304	5934	2044	6371
7605	1639	1639	1193	2156	851	2683	674	3025	537	3340
7537	17501	17502	15962	19111	14636	20622	13871	21553	13222	22379
8115	12688	12689	11383	14064	10268	15364	9628	16169	9089	16886
7335	12107	12108	10833	13452	9746	14724	9123	15513	8598	16214
8600	12800	12801	11489	14182	10369	15487	9726	16296	9184	17015
7425	4104	4104	3377	4902	2783	5681	2455	6175	2186	6621
7535	7414	7415	6425	8474	5594	9490	5125	10125	4733	10693
7525	2511	2511	1950	3143	1505	3773	1267	4177	1076	4545
7436	2433	2433	1881	3056	1445	3677	1212	4076	1025	4440
9019	5211	5211	4387	6106	3706	6972	3326	7518	3012	8009
7026	1780	1780	1313	2318	954	2862	766	3216	619	3540
7205	9576	9577	8447	10776	7490	11918	6945	12628	6489	13262
7515	8383	8384	7329	9508	6440	10582	5935	11252	5514	11851
7320	10345	10346	9170	11591	8172	12774	7603	13509	7124	14164
7206	22147	22148	20411	23954	18908	25642	18037	26679	17296	27597
7315	4973	4973	4169	5848	3506	6696	3136	7231	2832	7713
7435	5065	5065	4253	5948	3583	6803	3209	7342	2901	7827
7316	4882	4882	4086	5749	3429	6591	3064	7122	2763	7600
7025	12352	12353	11065	13710	9966	14994	9336	15790	8805	16498
7415	14659	14660	13253	16136	12048	17526	11354	18385	10768	19149
7100	12355	12356	11067	13713	9968	14997	9338	15793	8808	16501
7015	6326	6327	5415	7308	4655	8253	4227	8846	3873	9378
9908	4584	4584	3814	5425	3180	6244	2829	6761	2540	7227
6410	15526	15527	14078	17045	12835	18473	12119	19355	11513	20138
6420	8171	8172	7131	9282	6254	10344	5757	11006	5342	11599
5535	5420	5420	4579	6332	3882	7213	3493	7768	3172	8267
5600	16199	16200	14720	17749	13448	19206	12714	20105	12094	20903
5546	13913	13914	12544	15352	11373	16709	10699	17549	10130	18295
4706	2316	2316	1779	2924	1355	3533	1129	3924	950	4281
6605	2805	2805	2210	3471	1735	4131	1478	4554	1271	4937
6910	987	987	648	1396	404	1826	286	2110	199	2374
6606	1348	1348	946	1820	645	2307	493	2625	377	2918
9909	1335	1335	936	1805	636	2289	485	2607	370	2899
9011	6639	6640	5705	7644	4924	8610	4484	9216	4119	9758
5525	6445	6446	5525	7436	4757	8389	4325	8987	3966	9523
5515	5609	5609	4753	6536	4043	7431	3645	7994	3316	8500
6326	13625	13626	12271	15050	11112	16394	10447	17225	9885	17964
9914	4292	4292	3548	5107	2938	5902	2601	6405	2324	6859
5545	4610	4610	3837	5454	3202	6274	2849	6792	2560	7259
6223	10997	10998	9784	12281	8753	13497	8163	14253	7667	14926
5306	21403	21404	19697	23180	18221	24840	17366	25862	16639	26766
6325	7731	7732	6720	8813	5870	9848	5389	10495	4987	11073
9009	2547	2547	1982	3183	1533	3817	1292	4223	1100	4593
9006	2953	2953	2342	3635	1852	4310	1586	4742	1372	5133
6225	18103	18104	16537	19740	15187	21275	14407	22220	13746	23059
9018	12354	12355	11066	13712	9968	14996	9338	15792	8807	16500
5425	46925	46926	44382	49539	42153	51953	40846	53425	39727	54721
5305	27272	27273	25342	29273	23664	31136	22688	32278	21856	33287
5426	17986	17987	16425	19618	15080	21148	14303	22091	13644	22927
6226	7372	7373	6385	8429	5558	9442	5090	10076	4700	10643
6126	3333	3333	2681	4056	2155	4767	1867	5220	1634	5630
6224	7891	7892	6869	8984	6009	10028	5523	10681	5116	11265
6216	10350	10351	9175	11596	8176	12779	7607	13515	7129	14170
6316	22467	22468	20718	24286	19204	25986	18326	27030	17579	27954
6215	19528	19529	17900	21227	16495	22817	15681	23796	14991	24664
5100	1773	1773	1307	2310	948	2853	761	3206	615	3530
6213	15594	15595	14143	17116	12897	18547	12179	19431	11572	20215
9005	582	582	330	905	164	1256	92	1493	47	1716
6124	13530	13531	12181	14950	11027	16289	10363	17118	9804	17855
6125	11947	11948	10681	13283	9602	14548	8984	15331	8464	16029
6214	30598	30599	28551	32715	26769	34683	25730	35888	24844	36951
5415	62848	62850	59900	65867	57305	68647	55780	70338	54471	71824
5205	40117	40118	37768	42536	35714	44776	34512	46143	33485	47348
9916	2524	2524	1961	3157	1515	3788	1276	4193	1085	4562
9913	6166	6167	5267	7136	4518	8070	4097	8657	3748	9183
9915	3391	3391	2733	4120	2202	4836	1911	5293	1675	5706
4606	3498	3498	2829	4237	2288	4964	1991	5426	1751	5844
6115	9140	9141	8037	10313	7105	11431	6575	12127	6131	12748
4820	6066	6067	5174	7028	4432	7956	4015	8538	3670	9061
9017	324	324	145	574	45	859	12	1057	0	1246
6123	70846	70848	67713	74050	64953	76995	63328	78785	61934	80357
6114	23109	23110	21335	24954	19798	26676	18906	27734	18147	28670
4607	7109	7110	6141	8148	5330	9144	4872	9768	4490	10326
6505	3357	3357	2703	4082	2174	4796	1885	5250	1651	5662
5020	8904	8905	7816	10063	6897	11167	6375	11855	5938	12469
6113	43509	43510	41062	46027	38918	48356	37663	49776	36589	51027
5010	16667	16668	15166	18239	13874	19715	13129	20626	12498	21434
6020	74701	74703	71483	77990	68646	81012	66976	82848	65541	84459
4900	79453	79455	76133	82843	73204	85957	71479	87848	69997	89508
6010	137631	137633	133251	142082	129366	146151	127070	148614	125091	150770
4400	10343	10344	9168	11589	8170	12772	7601	13507	7123	14162
9900	2063	2063	1558	2639	1163	3218	955	3593	791	3934
9904	7308	7309	6326	8361	5502	9370	5037	10001	4649	10566
9902	27326	27327	25394	29329	23714	31193	22737	32337	21904	33346
4810	8347	8348	7295	9470	6408	10542	5905	11211	5485	11808
5720	13033	13034	11710	14427	10578	15744	9929	16559	9381	17283
9901	5913	5913	5033	6864	4301	7780	3891	8356	3551	8874
5826	9208	9209	8101	10386	7165	11507	6633	12205	6186	12828
5825	54804	54806	52053	57626	49636	60228	48217	61812	47001	63205
5925	21917	21918	20190	23715	18696	25394	17829	26426	17093	27340
9015	1993	1993	1497	2560	1111	3131	908	3500	747	3837
4506	32031	32032	29936	34197	28110	36208	27045	37438	26136	38524
4605	28385	28386	26415	30426	24702	32324	23704	33488	22854	34515
9002	10196	10197	9030	11433	8040	12608	7475	13339	7001	13990
4226	3808	3808	3109	4578	2540	5332	2227	5811	1972	6243
4505	1544	1544	1112	2047	783	2561	614	2896	484	3203
4225	3336	3336	2684	4059	2157	4771	1870	5224	1637	5634
5716	9611	9612	8480	10813	7521	11957	6975	12668	6518	13303
5916	8974	8975	7882	10137	6959	11245	6434	11935	5995	12552
4300	25328	25329	23469	27258	21856	29056	20918	30160	20120	31135
5815	29407	29408	27401	31484	25656	33414	24639	34597	23772	35641
9004	6461	6462	5540	7453	4771	8407	4338	9006	3979	9542
5715	2276	2276	1744	2879	1325	3483	1102	3872	924	4227
3330	2599	2599	2028	3241	1574	3880	1330	4290	1134	4663
6506	10166	10167	9001	11402	8013	12575	7449	13304	6976	13955
5915	6005	6006	5118	6963	4380	7886	3966	8466	3623	8986
3905	22412	22413	20666	24229	19153	25927	18276	26970	17530	27893
4130	27176	27177	25249	29174	23575	31033	22600	32173	21770	33181
6930	3990	3990	3274	4777	2689	5547	2367	6035	2103	6476
3825	8780	8781	7700	9931	6788	11028	6270	11711	5837	12322
4120	4656	4656	3879	5504	3240	6328	2886	6848	2594	7317
3816	4574	4574	3804	5414	3172	6232	2821	6748	2533	7214
4210	6566	6567	5637	7566	4861	8527	4424	9130	4061	9670
9016	2153	2153	1636	2741	1231	3331	1017	3711	847	4058
4005	2422	2422	1872	3043	1437	3663	1204	4062	1018	4425
4230	2142	2142	1627	2728	1223	3317	1009	3697	840	4043
3815	12010	12011	10741	13350	9659	14617	9039	15403	8517	16102
3705	42460	42461	40043	44948	37926	47249	36688	48654	35628	49891
3900	36013	36014	33790	38307	31848	40434	30714	41734	29745	42880
4110	37541	37542	35270	39883	33286	42052	32126	43378	31135	44546
3416	3219	3219	2579	3930	2063	4630	1782	5077	1555	5482
3413	1667	1667	1216	2188	871	2719	692	3063	553	3379
3706	4535	4535	3769	5372	3140	6186	2790	6701	2504	7165
3600	76538	76540	73281	79866	70407	82924	68716	84782	67263	86412
3415	5080	5080	4267	5964	3596	6820	3221	7360	2913	7846
3320	6847	6848	5898	7867	5103	8847	4655	9460	4283	10010
3505	27885	27886	25933	29908	24235	31791	23247	32944	22405	33964
3414	3204	3204	2566	3913	2051	4612	1771	5058	1544	5462
6900	2127	2127	1613	2711	1212	3298	999	3677	830	4023
2940	4300	4300	3555	5116	2945	5911	2607	6415	2330	6869
2216	4848	4848	4055	5712	3401	6551	3037	7080	2738	7557
3046	10226	10227	9058	11465	8066	12642	7501	13373	7026	14025
2225	7794	7795	6779	8880	5925	9919	5441	10568	5038	11149
3426	3166	3166	2532	3871	2021	4567	1743	5011	1518	5413
3427	6827	6828	5879	7846	5086	8824	4639	9437	4267	9986
3045	4595	4595	3824	5437	3189	6256	2838	6774	2548	7240
3310	5448	5448	4605	6362	3906	7246	3516	7802	3193	8302
3030	11600	11601	10353	12917	9291	14164	8684	14938	8172	15627
3130	28737	28738	26755	30790	25030	32700	24026	33870	23170	34903
3010	12435	12436	11143	13798	10040	15086	9408	15884	8875	16594
3020	23323	23324	21541	25176	19996	26906	19099	27968	18337	28908
3425	3543	3543	2870	4287	2324	5017	2025	5482	1782	5902
2100	2561	2561	1994	3199	1544	3834	1302	4241	1109	4612
1606	3867	3867	3162	4643	2588	5402	2272	5883	2014	6319
2215	8022	8023	6991	9123	6124	10176	5632	10833	5222	11421
1720	7200	7201	6225	8245	5408	9247	4947	9875	4563	10436
3120	19166	19167	17554	20849	16162	22426	15357	23396	14674	24257
1900	18852	18853	17253	20522	15874	22086	15076	23049	14400	23903
3110	3753	3753	3059	4518	2495	5267	2185	5743	1932	6173
3200	8650	8651	7578	9792	6674	10882	6160	11561	5731	12168
1605	9307	9308	8194	10491	7253	11617	6717	12319	6268	12945
2000	16369	16370	14882	17927	13603	19391	12865	20295	12241	21096
1820	31996	31997	29902	34160	28077	36170	27013	37400	26105	38486
1200	7338	7339	6354	8393	5528	9404	5062	10036	4673	10602
1710	14273	14274	12886	15730	11698	17104	11015	17953	10438	18707
1810	16207	16208	14727	17758	13455	19215	12721	20114	12101	20912
900	12724	12725	11417	14102	10300	15404	9660	16210	9120	16927
806	5159	5159	4340	6049	3662	6912	3284	7455	2973	7944
1506	5012	5012	4205	5890	3538	6741	3167	7278	2861	7762
1410	17243	17244	15715	18841	14400	20341	13641	21266	12998	22087
1505	7819	7820	6802	8907	5947	9947	5462	10597	5058	11179
1330	6362	6363	5448	7347	4686	8294	4257	8889	3901	9422
1000	2123	2123	1610	2707	1209	3293	996	3672	828	4017
1320	5719	5719	4854	6655	4136	7558	3734	8126	3401	8636
1420	19345	19346	17725	21036	16327	22619	15517	23594	14831	24458
1130	3537	3537	2865	4280	2320	5010	2021	5475	1778	5895
1116	10077	10078	8918	11307	7934	12476	7373	13202	6902	13851
1310	6796	6797	5850	7813	5059	8789	4613	9400	4242	9948
805	5664	5664	4804	6595	4089	7494	3690	8060	3359	8568
1115	5206	5206	4383	6100	3702	6966	3322	7512	3008	8003
205	14661	14662	13255	16138	12050	17528	11356	18387	10770	19151
136	4547	4547	3780	5385	3150	6200	2800	6716	2513	7180
1120	15302	15303	13865	16810	12632	18228	11921	19104	11320	19883
705	5161	5161	4341	6051	3664	6914	3286	7458	2974	7947
120	1724	1724	1265	2254	913	2791	729	3140	586	3460
325	7049	7050	6085	8084	5278	9076	4822	9698	4443	10254
135	3363	3363	2708	4089	2179	4803	1890	5258	1655	5669
706	4063	4063	3340	4857	2749	5633	2423	6125	2156	6568
206	10202	10203	9035	11440	8045	12615	7480	13345	7006	13997
2910	1230	1230	848	1683	565	2151	422	2459	316	2743
315	7630	7631	6626	8705	5782	9734	5305	10377	4906	10952
2935	22298	22299	20556	24111	19048	25804	18173	26845	17430	27765
605	4996	4996	4190	5873	3525	6723	3154	7259	2849	7742
606	4901	4901	4103	5770	3445	6613	3079	7144	2778	7623
506	6853	6854	5903	7874	5108	8854	4660	9467	4287	10017
110	1514	1514	1086	2013	762	2522	595	2855	467	3160
505	17370	17371	15837	18974	14516	20479	13754	21408	13108	22231
2936	4456	4456	3697	5286	3074	6094	2729	6605	2445	7066
405	5049	5049	4239	5930	3570	6784	3197	7323	2889	7808
2926	3283	3283	2636	4000	2115	4707	1830	5157	1599	5565
2925	2450	2450	1896	3075	1458	3698	1224	4098	1036	4462
2927	2136	2136	1621	2722	1218	3309	1005	3689	836	4035
