faz_id mean median lower_50 upper_50 lower_80 upper_80 lower_90 upper_90 lower_95 upper_95
8935	5703	5703	5259	6165	4875	6596	4652	6861	4462	7096
8927	2446	2446	2158	2752	1915	3042	1776	3223	1660	3384
8926	6936	6936	6446	7444	6019	7918	5771	8208	5560	8464
8936	7718	7718	7200	8254	6749	8752	6486	9057	6262	9326
8500	9073	9073	8511	9653	8020	10191	7733	10520	7488	10810
8406	1051	1051	866	1254	714	1453	630	1579	562	1692
8320	5332	5332	4903	5779	4532	6197	4317	6454	4135	6681
8925	7079	7079	6583	7593	6153	8070	5902	8363	5688	8622
8937	7882	7882	7359	8423	6903	8926	6637	9234	6410	9506
8405	7551	7551	7039	8081	6593	8574	6333	8876	6112	9142
8310	14195	14195	13490	14918	12870	15585	12506	15991	12194	16348
8910	7700	7700	7183	8235	6732	8733	6470	9037	6246	9306
7905	10841	10841	10226	11474	9687	12060	9371	12418	9102	12732
7606	2000	2000	1741	2277	1523	2542	1399	2708	1296	2856
7805	9683	9683	9102	10282	8594	10837	8297	11176	8043	11475
8220	10301	10301	9701	10919	9177	11490	8870	11839	8607	12147
8000	6434	6434	5962	6924	5552	7381	5314	7661	5111	7909
8906	3637	3637	3284	4008	2982	4357	2808	4573	2661	4765
8210	7929	7929	7404	8472	6947	8976	6680	9285	6452	9558
9020	9062	9062	8500	9642	8010	10179	7723	10508	7478	10798
8125	8653	8653	8104	9220	7625	9746	7346	10067	7107	10351
8126	7862	7862	7339	8403	6884	8905	6618	9213	6392	9484
8905	4084	4084	3710	4476	3388	4845	3203	5072	3046	5274
7806	3346	3346	3008	3702	2719	4038	2553	4246	2413	4431
7700	3660	3660	3306	4032	3003	4382	2829	4598	2681	4791
7526	6560	6560	6083	7055	5669	7516	5429	7798	5224	8048
7340	11346	11346	10716	11994	10164	12592	9841	12958	9565	13279
7605	783	783	624	960	497	1134	427	1246	371	1347
7537	13042	13042	12366	13736	11773	14376	11425	14766	11127	15109
8115	16121	16121	15369	16891	14706	17601	14317	18032	13983	18411
7335	16620	16620	15856	17402	15183	18122	14788	18559	14448	18944
8600	7993	7993	7466	8538	7007	9044	6739	9354	6510	9628
7425	11643	11643	11005	12299	10446	12905	10118	13275	9838	13600
7535	14616	14616	13900	15350	13271	16026	12901	16438	12584	16800
7525	7689	7689	7172	8224	6722	8721	6460	9025	6236	9294
7436	2319	2319	2039	2617	1803	2900	1668	3077	1555	3235
9019	8126	8126	7594	8676	7131	9186	6861	9498	6630	9774
7026	4334	4334	3948	4738	3616	5117	3424	5351	3262	5558
7205	6619	6619	6140	7116	5724	7579	5482	7863	5276	8114
7515	2481	2481	2191	2789	1946	3081	1806	3263	1689	3425
7320	12806	12806	12136	13494	11549	14128	11204	14515	10909	14855
7206	8582	8582	8035	9147	7559	9670	7280	9991	7043	10273
7315	8232	8232	7697	8785	7230	9299	6958	9613	6726	9890
7435	3420	3420	3078	3780	2786	4119	2618	4329	2476	4516
7316	8742	8742	8190	9312	7709	9840	7428	10163	7188	10448
7025	10716	10716	10104	11346	9569	11928	9255	12284	8987	12597
7415	5492	5492	5057	5945	4680	6369	4461	6630	4276	6860
7100	14562	14562	13847	15295	13219	15970	12850	16381	12534	16742
7015	8305	8305	7768	8860	7299	9376	7025	9692	6792	9970
9908	1185	1185	988	1400	825	1610	735	1742	661	1861
6410	24228	24229	23304	25170	22486	26034	22005	26558	21590	27018
6420	20824	20824	19968	21698	19212	22501	18767	22988	18384	23416
5535	14759	14759	14039	15496	13407	16176	13035	16590	12717	16953
5600	7790	7790	7270	8328	6817	8828	6552	9135	6327	9405
5546	8386	8386	7846	8944	7375	9462	7100	9779	6865	10059
4706	5526	5526	5089	5981	4711	6406	4492	6667	4306	6898
6605	5239	5239	4814	5682	4447	6096	4234	6351	4053	6577
6910	2476	2476	2187	2783	1941	3076	1802	3257	1684	3420
6606	2744	2744	2439	3067	2179	3373	2031	3564	1907	3733
9909	2846	2846	2535	3175	2270	3486	2119	3680	1992	3852
9011	5652	5652	5210	6112	4828	6541	4606	6805	4417	7039
5525	7208	7208	6708	7726	6273	8208	6020	8503	5804	8764
5515	12558	12558	11895	13239	11313	13868	10972	14251	10680	14588
6326	12561	12561	11898	13242	11316	13871	10975	14254	10683	14591
9914	8479	8479	7936	9040	7462	9561	7185	9879	6949	10161
5545	6682	6682	6201	7181	5783	7646	5540	7931	5333	8183
6223	14567	14567	13852	15300	13224	15975	12855	16386	12539	16747
5306	11646	11646	11008	12302	10449	12908	10121	13278	9840	13604
6325	17143	17143	16367	17937	15683	18668	15281	19112	14936	19502
9009	2342	2342	2061	2641	1823	2926	1688	3103	1574	3262
9006	5760	5760	5314	6224	4927	6657	4703	6924	4513	7159
6225	11941	11941	11295	12605	10728	13219	10396	13593	10112	13922
9018	9924	9924	9336	10530	8821	11092	8520	11435	8263	11737
5425	19618	19618	18787	20467	18054	21247	17623	21720	17252	22136
5305	13504	13504	12816	14210	12212	14861	11858	15257	11554	15606
5426	9222	9222	8655	9807	8160	10349	7871	10680	7624	10972
6226	15152	15152	14423	15899	13782	16587	13405	17006	13082	17374
6126	6151	6151	5690	6630	5290	7077	5057	7352	4860	7594
6224	11465	11465	10832	12116	10277	12718	9952	13085	9674	13408
6216	6983	6983	6491	7493	6063	7968	5814	8259	5602	8516
6316	15863	15863	15117	16627	14460	17331	14074	17759	13743	18135
6215	12549	12549	11886	13230	11305	13858	10964	14241	10672	14578
5100	3106	3106	2781	3449	2503	3774	2344	3975	2210	4154
6213	10425	10425	9822	11046	9294	11621	8985	11972	8721	12281
9005	2897	2897	2583	3229	2316	3543	2163	3738	2035	3911
6124	15012	15012	14286	15756	13648	16441	13273	16858	12952	17224
6125	5673	5673	5230	6134	4847	6564	4625	6828	4436	7062
6214	238	238	154	340	95	446	66	517	45	583
5415	7078	7078	6582	7591	6152	8069	5901	8362	5687	8621
5205	6590	6590	6112	7086	5697	7548	5456	7831	5251	8081
9916	7586	7586	7073	8117	6626	8611	6365	8914	6143	9181
9913	3539	3539	3191	3905	2893	4249	2722	4463	2578	4652
9915	10765	10765	10152	11396	9615	11980	9301	12336	9032	12650
4606	10857	10857	10241	11491	9702	12077	9386	12435	9116	12750
6115	12004	12004	11356	12670	10788	13285	10455	13660	10170	13990
4820	3824	3824	3462	4204	3152	4561	2973	4782	2822	4978
9017	1726	1726	1486	1984	1285	2232	1172	2387	1078	2526
6123	13469	13469	12782	14174	12179	14824	11825	15220	11521	15569
6114	18583	18583	17775	19409	17062	20169	16642	20631	16282	21036
4607	11738	11738	11097	12397	10536	13005	10207	13376	9925	13703
6505	5123	5123	4703	5561	4340	5971	4129	6224	3951	6447
5020	11501	11501	10867	12153	10311	12756	9986	13123	9707	13447
6113	28110	28111	27114	29124	26232	30053	25711	30616	25263	31109
5010	9162	9162	8597	9745	8104	10285	7815	10616	7569	10907
6020	16433	16433	15673	17211	15004	17926	14611	18362	14274	18744
4900	12868	12868	12197	13557	11608	14193	11262	14581	10966	14922
6010	10461	10461	9857	11083	9328	11659	9018	12011	8754	12320
4400	9588	9588	9010	10184	8504	10736	8209	11074	7957	11371
9900	5008	5008	4593	5441	4234	5847	4026	6097	3850	6318
9904	6567	6567	6090	7062	5676	7523	5435	7806	5230	8056
9902	14449	14449	13737	15179	13111	15851	12744	16261	12429	16621
4810	4882	4882	4472	5310	4118	5711	3913	5958	3740	6176
5720	19808	19808	18973	20661	18236	21445	17803	21920	17430	22338
9901	4215	4215	3835	4613	3508	4987	3319	5218	3159	5423
5826	3487	3487	3142	3850	2846	4192	2677	4404	2533	4593
5825	2007	2007	1747	2285	1529	2550	1405	2716	1302	2864
5925	12284	12284	11628	12958	11053	13580	10716	13959	10428	14293
9015	6484	6484	6010	6976	5599	7434	5360	7715	5156	7964
4506	8126	8126	7594	8676	7131	9186	6861	9498	6630	9774
4605	11264	11264	10637	11909	10087	12506	9765	12870	9489	13191
9002	17933	17933	17139	18745	16439	19492	16028	19945	15674	20344
4226	7679	7679	7163	8213	6713	8710	6451	9014	6227	9283
4505	6149	6149	5688	6628	5288	7075	5055	7350	4858	7592
4225	7657	7657	7141	8191	6692	8687	6430	8991	6207	9259
5716	11759	11759	11118	12418	10556	13027	10226	13399	9944	13726
5916	15589	15589	14849	16347	14198	17044	13816	17469	13488	17842
4300	5633	5633	5192	6092	4810	6521	4589	6784	4400	7018
5815	2405	2405	2120	2708	1879	2996	1741	3176	1626	3336
9004	8663	8663	8114	9230	7635	9756	7355	10078	7116	10362
5715	8165	8165	7632	8716	7168	9227	6897	9540	6665	9817
3330	6257	6257	5792	6740	5388	7191	5153	7468	4954	7712
6506	6910	6910	6421	7417	5995	7890	5747	8179	5537	8435
5915	8407	8407	7866	8966	7394	9484	7119	9802	6884	10082
3905	4811	4811	4404	5236	4053	5634	3850	5879	3678	6096
4130	8968	8968	8409	9545	7921	10080	7636	10407	7393	10695
6930	4579	4579	4182	4994	3840	5383	3643	5622	3475	5835
3825	9116	9116	8552	9698	8060	10237	7773	10566	7527	10857
4120	9437	9437	8863	10029	8362	10577	8069	10912	7819	11207
3816	10815	10815	10200	11448	9662	12033	9347	12390	9078	12704
4210	11272	11272	10644	11918	10094	12515	9772	12879	9497	13199
9016	6220	6220	5756	6702	5354	7151	5120	7427	4921	7671
4005	6833	6833	6346	7338	5923	7808	5677	8096	5468	8350
4230	4874	4874	4464	5302	4111	5702	3906	5949	3733	6167
3815	8997	8997	8437	9575	7948	10111	7663	10438	7419	10727
3705	14497	14497	13784	15228	13157	15902	12789	16312	12474	16672
3900	3617	3617	3265	3987	2964	4335	2791	4550	2644	4742
4110	9975	9975	9385	10583	8869	11146	8567	11490	8310	11792
3416	10135	10135	9540	10748	9020	11315	8716	11661	8456	11966
3413	4403	4403	4014	4810	3679	5192	3486	5427	3322	5636
3706	7478	7478	6968	8006	6525	8496	6267	8796	6046	9062
3600	10473	10473	9868	11096	9339	11672	9029	12024	8765	12333
3415	12199	12199	11546	12870	10973	13490	10637	13868	10349	14201
3320	11653	11653	11015	12309	10455	12916	10127	13286	9847	13611
3505	19367	19367	18541	20211	17813	20986	17385	21456	17017	21870
3414	10962	10962	10343	11599	9801	12188	9484	12547	9212	12864
6900	4045	4045	3673	4435	3353	4802	3168	5029	3012	5230
2940	9371	9371	8799	9960	8300	10507	8008	10841	7759	11135
2216	8332	8332	7794	8888	7324	9405	7050	9721	6816	10000
3046	10853	10853	10237	11487	9698	12073	9383	12430	9113	12745
2225	8197	8197	7663	8749	7198	9261	6926	9575	6694	9852
3426	8784	8784	8231	9355	7748	9885	7466	10209	7226	10494
3427	9578	9578	9000	10174	8495	10726	8200	11063	7948	11360
3045	12582	12582	11918	13264	11336	13893	10995	14276	10702	14614
3310	10328	10328	9728	10946	9202	11519	8895	11868	8632	12176
3030	18840	18840	18026	19672	17308	20437	16886	20901	16523	21309
3130	7957	7957	7431	8501	6973	9006	6706	9315	6478	9588
3010	18151	18151	17352	18968	16648	19719	16234	20175	15878	20576
3020	11514	11514	10880	12166	10324	12769	9998	13137	9719	13461
3425	8940	8940	8382	9516	7895	10050	7610	10377	7367	10665
2100	8258	8258	7722	8812	7255	9326	6982	9641	6750	9918
1606	6025	6025	5569	6499	5173	6942	4943	7214	4748	7454
2215	7981	7981	7454	8526	6995	9032	6728	9341	6499	9615
1720	12931	12931	12258	13622	11667	14259	11321	14648	11024	14990
3120	10936	10936	10318	11572	9777	12160	9460	12519	9189	12835
1900	553	553	421	703	317	853	262	950	219	1039
3110	3683	3683	3328	4056	3024	4407	2849	4624	2701	4817
3200	9226	9226	8659	9811	8164	10353	7874	10685	7627	10977
1605	8293	8293	7756	8848	7288	9363	7014	9679	6781	9957
2000	5918	5918	5466	6388	5074	6827	4846	7097	4653	7335
1820	5168	5168	4746	5608	4381	6020	4170	6273	3991	6497
1200	7932	7932	7407	8475	6949	8980	6683	9288	6455	9561
1710	11335	11335	10706	11982	10154	12581	9831	12946	9555	13267
1810	2813	2813	2504	3140	2241	3450	2091	3642	1964	3814
900	5028	5028	4612	5462	4252	5869	4044	6119	3868	6340
806	14579	14579	13864	15312	13235	15988	12866	16399	12550	16760
1506	10184	10184	9588	10798	9066	11367	8761	11714	8500	12020
1410	5546	5546	5108	6002	4730	6427	4510	6689	4324	6920
1505	9608	9608	9029	10205	8523	10758	8228	11095	7975	11393
1330	8887	8887	8331	9461	7845	9994	7561	10320	7319	10607
1000	4040	4040	3668	4430	3348	4797	3164	5023	3008	5224
1320	7389	7389	6883	7913	6442	8401	6185	8700	5966	8964
1420	8125	8125	7593	8675	7130	9185	6860	9497	6629	9773
1130	3019	3019	2699	3357	2425	3678	2269	3876	2137	4053
1116	8312	8312	7774	8868	7305	9384	7032	9699	6798	9978
1310	10788	10788	10174	11420	9637	12004	9322	12361	9053	12675
805	9667	9667	9086	10266	8579	10820	8282	11159	8029	11457
1115	6798	6798	6313	7301	5891	7770	5645	8058	5436	8312
205	5965	5965	5511	6437	5117	6878	4889	7148	4694	7388
136	5196	5196	4773	5637	4407	6050	4195	6304	4015	6529
1120	16040	16040	15290	16808	14629	17516	14241	17946	13908	18324
705	9868	9868	9281	10473	8768	11033	8468	11375	8212	11676
120	5268	5268	4842	5712	4473	6128	4260	6383	4078	6610
325	10779	10779	10165	11411	9628	11995	9314	12351	9045	12665
135	7186	7186	6687	7703	6252	8185	5999	8480	5784	8740
706	5655	5655	5213	6115	4830	6545	4608	6809	4420	7042
206	6102	6102	5643	6579	5244	7025	5013	7298	4816	7540
2910	1637	1637	1403	1889	1208	2131	1099	2282	1008	2418
315	6547	6547	6071	7041	5657	7502	5417	7784	5212	8034
2935	2254	2254	1978	2548	1745	2828	1613	3002	1502	3158
605	10656	10656	10046	11284	9512	11865	9199	12220	8932	12532
606	11718	11718	11078	12376	10517	12984	10188	13355	9907	13681
506	11861	11861	11217	12523	10652	13135	10321	13508	10038	13836
110	2262	2262	1986	2556	1752	2837	1620	3011	1509	3167
505	21609	21609	20736	22499	19966	23317	19512	23813	19122	24248
2936	2982	2982	2664	3318	2392	3637	2237	3834	2106	4010
405	11931	11931	11285	12595	10719	13208	10387	13582	10102	13912
2926	9937	9937	9348	10544	8833	11106	8532	11449	8275	11751
2925	7026	7026	6532	7538	6103	8014	5853	8306	5640	8564
2927	4208	4208	3828	4606	3501	4980	3313	5210	3153	5415
