faz_id mean median lower_50 upper_50 lower_80 upper_80 lower_90 upper_90 lower_95 upper_95
8935	16565	16566	14725	18513	13161	20361	12267	21508	11516	22530
8927	7262	7262	6062	8570	5074	9841	4525	10643	4073	11366
8926	20187	20189	18151	22332	16409	24357	15409	25610	14565	26725
8936	21136	21138	19051	23330	17266	25398	16239	26678	15373	27815
8500	25888	25890	23575	28310	21584	30584	20434	31987	19461	33231
8406	3256	3257	2471	4150	1856	5048	1530	5627	1272	6156
8320	17346	17348	15462	19339	13858	21226	12941	22397	12169	23440
8925	21931	21932	19806	24164	17984	26268	16937	27569	16052	28725
8937	25116	25117	22838	27502	20879	29744	19749	31127	18792	32355
8405	24119	24120	21887	26458	19970	28658	18866	30016	17931	31222
8310	37652	37653	34850	40562	32420	43275	31008	44940	29807	46413
8910	22351	22352	20205	24605	18365	26728	17306	28040	16412	29206
7905	33741	33742	31092	36498	28799	39074	27469	40657	26339	42059
7606	6002	6003	4916	7197	4031	8365	3543	9106	3145	9775
7805	28764	28766	26322	31314	24216	33703	22998	35175	21965	36479
8220	22230	22231	20090	24479	18256	26596	17200	27905	16308	29068
8000	16605	16606	14763	18556	13197	20405	12301	21553	11549	22577
8906	10418	10417	8970	11974	7759	13468	7076	14404	6508	15243
8210	15300	15299	13534	17175	12036	18955	11182	20063	10465	21051
9020	24142	24143	21909	26482	19991	28683	18886	30042	17951	31248
8125	22062	22063	19930	24302	18103	26412	17052	27716	16164	28875
8126	18817	18818	16853	20890	15176	22850	14215	24064	13405	25145
8905	11818	11817	10272	13472	8973	15054	8238	16043	7624	16927
7806	10675	10674	9209	12250	7981	13761	7288	14706	6712	15554
7700	8667	8668	7351	10091	6259	11467	5647	12332	5141	13109
7526	16940	16941	15079	18910	13496	20776	12590	21935	11829	22967
7340	33041	33042	30420	35770	28153	38321	26838	39889	25721	41277
7605	2097	2097	1477	2825	1012	3573	775	4063	595	4514
7537	30741	30742	28215	33375	26032	35840	24769	37357	23696	38701
8115	38674	38676	35834	41622	33369	44370	31937	46056	30717	47547
7335	43408	43410	40396	46529	37777	49431	36251	51210	34951	52781
8600	22776	22777	20609	25051	18751	27193	17681	28516	16776	29692
7425	35799	35800	33068	38637	30702	41286	29329	42913	28160	44352
7535	35716	35717	32989	38551	30625	41197	29254	42822	28087	44260
7525	21316	21317	19222	23519	17428	25595	16397	26880	15526	28021
7436	6502	6503	5370	7743	4443	8953	3930	9720	3510	10411
9019	22516	22517	20362	24778	18514	26908	17451	28225	16553	29394
7026	11507	11506	9982	13140	8702	14703	7978	15680	7375	16555
7205	16739	16740	14889	18697	13316	20553	12416	21706	11660	22733
7515	6648	6649	5502	7902	4563	9124	4043	9897	3617	10595
7320	36034	36036	33295	38882	30920	41539	29542	43171	28369	44615
7206	19884	19885	17863	22013	16136	24024	15144	25268	14308	26376
7315	23803	23804	21587	26128	19684	28314	18587	29664	17659	30863
7435	9697	9696	8302	11200	7138	12647	6484	13554	5941	14368
7316	24176	24178	21942	26519	20023	28721	18917	30081	17981	31288
7025	24275	24277	22037	26622	20113	28829	19004	30191	18066	31400
7415	15140	15139	13383	17004	11894	18777	11045	19879	10332	20862
7100	35838	35839	33106	38678	30738	41328	29364	42956	28195	44396
7015	20148	20150	18114	22291	16374	24314	15375	25566	14532	26680
9908	3845	3846	2987	4812	2307	5775	1941	6394	1650	6957
6410	59841	59843	56295	63495	53195	66879	51381	68945	49831	70766
6420	51935	51937	48635	55343	45756	58505	44076	60438	42641	62144
5535	41403	41405	38463	44452	35908	47290	34421	49030	33154	50568
5600	19389	19390	17394	21492	15690	23479	14712	24710	13889	25805
5546	22362	22363	20215	24617	18375	26740	17316	28053	16421	29218
4706	15760	15759	13967	17662	12444	19467	11576	20589	10846	21590
6605	15912	15911	14110	17822	12579	19635	11706	20762	10972	21767
6910	7248	7249	6049	8555	5062	9825	4514	10626	4063	11348
6606	8651	8652	7337	10074	6245	11448	5634	12312	5129	13089
9909	9179	9178	7823	10643	6695	12054	6061	12940	5537	13736
9011	14941	14940	13196	16794	11718	18555	10875	19651	10168	20629
5525	18146	18147	16217	20182	14574	22109	13632	23304	12839	24367
5515	32391	32393	29797	35094	27553	37621	26252	39174	25148	40550
6326	26270	26271	23939	28709	21932	30998	20773	32410	19792	33663
9914	22745	22746	20580	25019	18723	27159	17653	28482	16750	29656
5545	19648	19650	17640	21765	15923	23765	14939	25003	14108	26104
6223	30428	30430	27915	33050	25745	35503	24488	37013	23422	38350
5306	26213	26214	23884	28649	21880	30937	20723	32347	19743	33598
6325	37462	37464	34668	40365	32244	43071	30836	44733	29638	46202
9009	6292	6293	5179	7514	4269	8707	3767	9462	3356	10144
9006	16273	16272	14450	18204	12901	20036	12016	21175	11272	22189
6225	22885	22886	20713	25165	18849	27312	17776	28638	16870	29816
9018	24824	24826	22560	27197	20613	29427	19490	30803	18540	32024
5425	47541	47542	44386	50804	41638	53835	40035	55690	38669	57328
5305	30704	30705	28179	33337	25998	35800	24736	37317	23664	38659
5426	25734	25735	23427	28148	21442	30416	20297	31815	19327	33056
6226	33987	33988	31328	36754	29026	39338	27691	40927	26556	42333
6126	14296	14295	12590	16109	11147	17835	10326	18910	9637	19869
6224	23693	23695	21482	26013	19584	28194	18490	29541	17565	30738
6216	16431	16432	14598	18371	13041	20211	12151	21354	11403	22373
6316	30349	30351	27840	32967	25672	35418	24418	36926	23353	38262
6215	24265	24267	22027	26612	20104	28818	18995	30180	18058	31389
5100	8564	8565	7257	9981	6172	11349	5564	12209	5062	12982
6213	19767	19768	17752	21890	16030	23895	15042	25137	14209	26241
9005	8211	8211	6931	9598	5872	10941	5280	11786	4791	12546
6124	27815	27816	25415	30323	23346	32675	22150	34124	21136	35409
6125	10658	10657	9193	12232	7966	13741	7274	14687	6698	15534
6214	387	387	152	731	32	1133	3	1416	3	1687
5415	18827	18828	16862	20901	15185	22861	14224	24075	13414	25156
5205	15223	15222	13462	17093	11968	18870	11116	19975	10402	20961
9916	20195	20196	18158	22341	16416	24366	15416	25619	14572	26734
9913	7632	7632	6400	8971	5384	10271	4818	11090	4351	11827
9915	28912	28913	26464	31468	24352	33863	23130	35338	22094	36645
4606	31934	31935	29358	34618	27131	37128	25841	38671	24745	40038
6115	24391	24392	22147	26744	20218	28955	19107	30320	18166	31532
4820	8569	8570	7261	9986	6176	11354	5568	12215	5066	12988
9017	4932	4932	3952	6019	3163	7091	2733	7775	2384	8394
6123	22343	22344	20197	24597	18358	26719	17299	28031	16405	29197
6114	37314	37316	34526	40211	32107	42913	30702	44571	29506	46038
4607	36064	36066	33324	38913	30948	41571	29569	43204	28396	44648
6505	15518	15517	13739	17405	12229	19197	11368	20312	10645	21306
5020	28765	28767	26323	31315	24217	33704	22999	35176	21966	36480
6113	46216	46217	43106	49433	40398	52424	38820	54255	37474	55872
5010	21579	21580	19471	23794	17665	25883	16627	27174	15751	28322
6020	26322	26323	23988	28763	21979	31055	20819	32468	19837	33721
4900	28850	28851	26405	31404	24295	33796	23075	35270	22040	36576
6010	17985	17986	16066	20013	14430	21932	13493	23122	12704	24181
4400	24694	24695	22435	27060	20494	29284	19374	30657	18427	31875
9900	12173	12172	10604	13851	9283	15455	8534	16456	7910	17352
9904	15954	15953	14149	17867	12616	19682	11741	20810	11007	21816
9902	33001	33003	30382	35729	28116	38278	26802	39845	25686	41232
4810	11437	11436	9917	13065	8641	14624	7920	15598	7319	16471
5720	40153	40155	37258	43156	34744	45953	33282	47669	32037	49185
9901	13049	13048	11422	14784	10049	16439	9270	17472	8619	18394
5826	6879	6880	5713	8154	4755	9395	4224	10179	3788	10886
5825	3551	3551	2728	4482	2080	5413	1734	6012	1459	6558
5925	27649	27650	25256	30150	23194	32496	22002	33941	20992	35222
9015	17301	17302	15419	19290	13817	21175	12901	22345	12130	23387
4506	20104	20105	18071	22244	16333	24265	15336	25516	14494	26628
4605	29549	29550	27073	32133	24936	34552	23700	36042	22651	37362
9002	47312	47314	44165	50567	41424	53591	39826	55443	38462	57077
4226	20595	20596	18537	22761	16776	24804	15765	26069	14912	27193
4505	17656	17657	15755	19665	14135	21568	13208	22748	12428	23799
4225	21447	21448	19346	23656	17546	25738	16512	27026	15638	28171
5716	27193	27194	24820	29674	22776	32001	21595	33435	20595	34707
5916	38813	38815	35968	41766	33498	44519	32063	46208	30841	47701
4300	13534	13533	11876	15300	10475	16983	9679	18032	9013	18969
5815	5343	5344	4321	6473	3494	7583	3041	8289	2673	8928
9004	25223	25224	22939	27614	20976	29860	19843	31246	18885	32476
5715	18290	18291	16354	20335	14703	22269	13757	23468	12961	24535
3330	18029	18030	16107	20059	14469	21980	13531	23171	12741	24232
6506	19585	19586	17579	21698	15866	23694	14883	24931	14054	26031
5915	21302	21303	19208	23504	17415	25580	16385	26864	15515	28005
3905	12184	12183	10614	13863	9292	15467	8544	16469	7919	17365
4130	20190	20191	18153	22336	16412	24360	15412	25614	14568	26728
6930	10845	10844	9366	12431	8128	13953	7428	14905	6846	15758
3825	24103	24104	21872	26441	19956	28640	18851	29998	17917	31203
4120	22755	22756	20589	25029	18732	27170	17662	28493	16758	29668
3816	27558	27560	25169	30055	23111	32397	21921	33840	20913	35119
4210	31382	31383	28829	34043	26623	36532	25344	38063	24259	39420
9016	18075	18076	16151	20107	14510	22031	13571	23223	12780	24285
4005	19172	19174	17189	21264	15495	23241	14524	24465	13705	25555
4230	14044	14043	12354	15842	10925	17554	10112	18621	9431	19573
3815	21233	21234	19143	23432	17353	25504	16324	26787	15456	27926
3705	36783	36785	34015	39660	31614	42343	30220	43990	29034	45448
3900	7953	7954	6695	9320	5655	10643	5074	11477	4595	12227
4110	27820	27821	25419	30329	23350	32681	22154	34130	21141	35415
3416	27863	27864	25460	30373	23390	32727	22193	34177	21178	35463
3413	12879	12878	11263	14603	9901	16249	9127	17275	8481	18193
3706	19300	19301	17310	21399	15610	23381	14635	24610	13813	25703
3600	26000	26001	23681	28427	21686	30706	20534	32111	19558	33358
3415	35396	35398	32682	38219	30330	40854	28964	42473	27804	43904
3320	33446	33448	30809	36192	28527	38757	27203	40334	26079	41730
3505	48101	48103	44928	51383	42162	54431	40550	56297	39174	57943
3414	29997	29998	27502	32600	25348	35037	24102	36537	23044	37866
6900	11541	11540	10014	13176	8732	14741	8006	15720	7402	16595
2940	26734	26735	24382	29194	22356	31503	21186	32926	20195	34188
2216	23205	23207	21018	25501	19140	27662	18059	28996	17145	30181
3046	25972	25973	23655	28398	21660	30675	20509	32080	19534	33326
2225	22658	22660	20497	24928	18644	27064	17577	28384	16675	29557
3426	26737	26738	24385	29197	22359	31506	21189	32929	20198	34191
3427	27322	27323	24943	29808	22894	32140	21710	33578	20707	34852
3045	32076	32077	29494	34765	27262	37280	25968	38827	24870	40197
3310	33072	33073	30450	35802	28181	38354	26866	39923	25748	41311
3030	55064	55066	51665	58571	48696	61823	46962	63810	45481	65563
3130	18770	18771	16808	20841	15134	22798	14174	24011	13366	25091
3010	49074	49075	45868	52388	43073	55465	41443	57348	40052	59010
3020	28923	28924	26474	31480	24362	33875	23140	35350	22104	36658
3425	25149	25150	22869	27537	20909	29780	19778	31164	18821	32392
2100	22695	22697	20532	24966	18677	27105	17609	28426	16707	29599
1606	13926	13925	12243	15716	10821	17422	10011	18484	9334	19433
2215	20418	20419	18369	22575	16617	24610	15610	25870	14761	26990
1720	30253	30254	27747	32866	25583	35313	24331	36819	23268	38153
3120	30573	30574	28054	33200	25878	35659	24618	37172	23549	38513
1900	940	940	543	1445	278	1993	161	2363	86	2709
3110	9946	9945	8533	11468	7352	12931	6688	13849	6137	14671
3200	25216	25217	22933	27607	20970	29853	19837	31238	18879	32468
1605	18061	18062	16137	20093	14498	22015	13559	23208	12768	24269
2000	15752	15751	13959	17653	12437	19458	11569	20580	10839	21580
1820	8267	8268	6984	9660	5920	11006	5325	11854	4835	12616
1200	20786	20787	18719	22962	16949	25014	15933	26284	15075	27413
1710	27890	27891	25486	30401	23414	32756	22217	34207	21201	35493
1810	6167	6167	5065	7377	4166	8559	3670	9308	3264	9985
900	12344	12343	10763	14033	9432	15647	8677	16654	8047	17555
806	42788	42790	39798	45887	37198	48769	35685	50536	34395	52097
1506	25443	25444	23150	27845	21177	30100	20039	31492	19076	32726
1410	12825	12824	11213	14546	9853	16188	9082	17213	8437	18129
1505	23460	23461	21260	25768	19371	27939	18283	29281	17364	30472
1330	24045	24046	21817	26381	19903	28577	18800	29934	17867	31138
1000	10401	10400	8954	11956	7744	13449	7062	14384	6495	15223
1320	18271	18273	16336	20315	14686	22248	13741	23446	12945	24513
1420	22255	22256	20114	24505	18278	26623	17222	27933	16329	29096
1130	7415	7416	6202	8737	5202	10019	4646	10829	4188	11558
1116	20683	20684	18621	22854	16856	24901	15843	26168	14987	27295
1310	27879	27880	25476	30390	23404	32744	22207	34195	21192	35481
805	27288	27289	24911	29773	22863	32104	21680	33540	20677	34814
1115	18533	18534	16584	20590	14921	22536	13968	23742	13165	24816
205	13687	13686	12020	15463	10610	17155	9809	18209	9139	19151
136	11719	11718	10180	13367	8887	14943	8155	15928	7545	16809
1120	42983	42985	39986	46088	37380	48977	35862	50748	34569	52312
705	31226	31227	28680	33881	26479	36364	25204	37892	24122	39245
120	13043	13042	11416	14778	10044	16433	9265	17465	8614	18387
325	26885	26886	24526	29352	22494	31666	21320	33093	20326	34358
135	17791	17793	15883	19809	14256	21718	13325	22902	12542	23957
706	16360	16359	14532	18296	12978	20133	12090	21274	11344	22290
206	13913	13912	12231	15703	10809	17407	10000	18469	9323	19417
2910	5061	5062	4068	6162	3267	7246	2829	7937	2475	8563
315	15924	15923	14121	17835	12590	19649	11716	20776	10982	21781
2935	8001	8002	6739	9372	5695	10699	5112	11535	4632	12287
605	29038	29039	26584	31600	24467	33999	23242	35477	22204	36787
606	34211	34213	31543	36987	29233	39580	27893	41173	26754	42583
506	37135	37136	34353	40025	31940	42720	30539	44375	29347	45838
110	5458	5459	4425	6600	3588	7720	3128	8433	2755	9078
505	66405	66407	62667	70252	59393	73809	57477	75979	55837	77890
2936	7824	7825	6576	9180	5545	10493	4971	11321	4497	12067
405	34189	34191	31522	36964	29213	39556	27873	41149	26735	42559
2926	28854	28855	26408	31408	24299	33801	23078	35274	22043	36580
2925	22864	22865	20693	25143	18830	27289	17758	28614	16852	29792
2927	15206	15205	13446	17075	11953	18851	11102	19955	10388	20941
