faz_id mean median lower_50 upper_50 lower_80 upper_80 lower_90 upper_90 lower_95 upper_95
8935	13395	13396	12030	14833	10864	16191	10195	17031	9630	17779
8927	6076	6077	5169	7057	4415	8002	3992	8596	3642	9130
8926	16512	16513	14993	18105	13688	19602	12935	20526	12298	21346
8936	19573	19574	17915	21303	16486	22924	15659	23923	14957	24808
8500	20913	20914	19199	22700	17717	24373	16860	25402	16132	26314
8406	2241	2241	1705	2851	1284	3463	1061	3857	884	4218
8320	13559	13560	12186	15006	11012	16371	10338	17217	9770	17969
8925	17318	17318	15761	18947	14422	20478	13649	21422	12995	22260
8937	17783	17784	16206	19435	14847	20985	14063	21940	13399	22788
8405	19112	19113	17474	20822	16063	22425	15247	23413	14555	24288
8310	34093	34095	31894	36366	29977	38475	28858	39765	27903	40904
8910	18444	18445	16836	20125	15451	21702	14651	22673	13973	23535
7905	28410	28411	26406	30487	24664	32421	23650	33606	22786	34653
7606	5195	5195	4359	6104	3668	6985	3284	7541	2967	8042
7805	25291	25292	23403	27254	21764	29083	20812	30207	20003	31200
8220	19645	19646	17985	21379	16553	23003	15724	24003	15021	24890
8000	15671	15672	14192	17224	12923	18684	12192	19587	11574	20388
8906	9519	9519	8374	10736	7406	11896	6855	12618	6394	13263
8210	13233	13234	11877	14663	10718	16013	10054	16849	9493	17593
9020	21128	21129	19405	22925	17916	24606	17053	25640	16321	26556
8125	20627	20628	18925	22403	17455	24065	16604	25088	15881	25994
8126	16156	16157	14654	17732	13364	19214	12620	20128	11991	20941
8905	10735	10736	9517	12026	8483	13252	7893	14013	7397	14692
7806	7700	7701	6675	8799	5813	9852	5327	10510	4921	11099
7700	8795	8795	7696	9967	6769	11085	6243	11783	5803	12406
7526	16504	16505	14986	18096	13680	19593	12928	20517	12291	21337
7340	30357	30359	28285	32504	26480	34499	25429	35722	24533	36801
7605	2059	2060	1546	2645	1147	3236	937	3618	772	3967
7537	28532	28533	26523	30613	24777	32551	23761	33739	22895	34788
8115	34195	34196	31993	36471	30072	38583	28952	39875	27995	41015
7335	39839	39840	37459	42292	35378	44564	34161	45952	33122	47175
8600	20644	20645	18941	22421	17470	24083	16619	25106	15896	26013
7425	32876	32877	30718	35108	28836	37181	27739	38450	26803	39569
7535	31794	31795	29672	33990	27823	36030	26746	37279	25827	38381
7525	17722	17723	16146	19370	14791	20917	14008	21872	13345	22718
7436	6360	6361	5431	7362	4657	8328	4223	8934	3862	9477
9019	19272	19273	17628	20990	16210	22599	15390	23591	14695	24469
7026	11423	11424	10166	12754	9096	14015	8484	14798	7970	15496
7205	15150	15150	13696	16676	12450	18114	11732	19003	11126	19793
7515	5939	5939	5042	6908	4298	7844	3881	8433	3535	8961
7320	32248	32250	30111	34459	28248	36513	27162	37770	26236	38880
7206	18484	18485	16875	20167	15488	21745	14687	22718	14008	23580
7315	20205	20206	18521	21963	17067	23609	16225	24622	15511	25519
7435	9261	9262	8133	10463	7179	11608	6637	12322	6183	12959
7316	23030	23031	21229	24904	19670	26654	18766	27730	17997	28682
7025	23789	23790	21958	25693	20372	27471	19452	28563	18669	29529
7415	13962	13963	12568	15430	11376	16814	10690	17671	10112	18432
7100	31647	31648	29530	33838	27686	35873	26611	37120	25694	38220
7015	19180	19181	17540	20894	16126	22500	15308	23489	14615	24366
9908	3845	3846	3131	4633	2551	5405	2232	5895	1972	6338
6410	49228	49230	46579	51951	44255	54467	42893	56000	41727	57349
6420	43354	43356	40870	45912	38695	48278	37423	49722	36334	50995
5535	33556	33557	31375	35811	29473	37904	28364	39185	27417	40315
5600	17851	17852	16270	19506	14909	21058	14123	22016	13458	22865
5546	20404	20405	18711	22170	17249	23823	16403	24841	15685	25743
4706	15168	15169	13714	16696	12467	18135	11749	19024	11142	19814
6605	13628	13629	12251	15078	11074	16447	10398	17294	9828	18048
6910	5595	5595	4726	6537	4006	7449	3604	8022	3271	8538
6606	6637	6638	5687	7660	4895	8644	4449	9261	4079	9815
9909	6584	6585	5638	7603	4849	8584	4406	9199	4037	9751
9011	11748	11749	10472	13097	9386	14375	8765	15168	8242	15874
5525	16746	16747	15216	18349	13900	19856	13142	20786	12500	21611
5515	31179	31180	29078	33354	27248	35375	26182	36612	25273	37705
6326	25095	25096	23213	27049	21582	28873	20634	29992	19828	30982
9914	21491	21492	19752	23302	18250	24997	17379	26039	16640	26961
5545	18307	18308	16706	19982	15326	21553	14529	22522	13854	23381
6223	30007	30008	27946	32141	26153	34126	25109	35341	24219	36415
5306	25508	25509	23611	27478	21965	29316	21009	30443	20195	31440
6325	37618	37619	35306	40003	33287	42213	32107	43565	31100	44756
9009	5783	5784	4899	6741	4166	7666	3755	8247	3416	8770
9006	14123	14124	12721	15599	11521	16990	10831	17851	10249	18617
6225	22317	22318	20545	24162	19012	25887	18123	26947	17368	27886
9018	22386	22387	20611	24234	19075	25961	18185	27023	17428	27963
5425	44314	44316	41802	46900	39602	49291	38315	50750	37213	52035
5305	30482	30483	28405	32633	26597	34632	25544	35857	24646	36939
5426	23694	23695	21867	25595	20285	27369	19366	28459	18585	29423
6226	33748	33749	31560	36009	29653	38108	28540	39392	27590	40525
6126	14012	14013	12616	15482	11421	16869	10734	17727	10155	18489
6224	23895	23896	22060	25803	20470	27585	19547	28679	18763	29647
6216	16620	16621	15096	18218	13786	19719	13030	20646	12391	21469
6316	30951	30953	28858	33118	27035	35132	25973	36366	25068	37455
6215	24529	24530	22669	26462	21057	28265	20121	29373	19325	30352
5100	8584	8585	7499	9743	6585	10849	6066	11539	5632	12156
6213	19765	19766	18100	21504	16662	23133	15831	24136	15126	25025
9005	6491	6491	5552	7503	4769	8477	4329	9088	3964	9637
6124	27827	27828	25844	29883	24121	31798	23118	32972	22264	34009
6125	10638	10639	9426	11924	8397	13144	7810	13903	7317	14579
6214	375	375	177	645	62	952	21	1164	3	1366
5415	15955	15955	14462	17521	13180	18994	12442	19903	11818	20711
5205	13902	13902	12511	15366	11321	16747	10637	17602	10061	18362
9916	18423	18424	16816	20103	15432	21679	14632	22650	13955	23511
9913	7391	7392	6387	8469	5545	9502	5070	10149	4675	10728
9915	25166	25167	23282	27123	21648	28949	20698	30069	19891	31060
4606	29452	29453	27411	31567	25635	33534	24601	34739	23720	35804
6115	24342	24343	22490	26268	20884	28065	19952	29168	19159	30145
4820	8456	8456	7379	9606	6472	10704	5958	11390	5528	12003
9017	4025	4025	3293	4829	2697	5617	2369	6116	2101	6568
6123	22444	22445	20667	24294	19129	26024	18237	27087	17480	28028
6114	36970	36971	34679	39335	32678	41527	31509	42867	30511	44049
4607	31563	31565	29449	33751	27608	35784	26534	37029	25619	38128
6505	14658	14659	13229	16160	12004	17576	11300	18452	10705	19230
5020	26891	26893	24943	28914	23250	30797	22266	31953	21428	32974
6113	44685	44686	42162	47281	39953	49681	38659	51146	37553	52436
5010	20618	20619	18917	22394	17447	24055	16595	25078	15873	25983
6020	25511	25512	23614	27481	21968	29319	21012	30447	20198	31444
4900	17949	17950	16364	19608	14999	21165	14210	22124	13542	22976
6010	16617	16618	15093	18215	13783	19716	13028	20643	12389	21465
4400	24859	24860	22987	26805	21363	28620	20420	29734	19618	30720
9900	11253	11253	10005	12574	8944	13826	8338	14604	7828	15297
9904	14484	14485	13064	15978	11847	17386	11148	18257	10557	19031
9902	32030	32031	29899	34233	28044	36280	26962	37534	26039	38640
4810	11000	11001	9767	12307	8719	13546	8121	14316	7618	15002
5720	40240	40241	37848	42705	35756	44988	34533	46383	33488	47612
9901	10009	10010	8834	11257	7839	12444	7272	13182	6797	13841
5826	6599	6600	5652	7619	4862	8601	4418	9217	4049	9769
5825	3622	3622	2930	4387	2369	5139	2062	5617	1813	6050
5925	27139	27140	25181	29170	23480	31062	22491	32223	21649	33249
9015	16397	16397	14883	17984	13582	19476	12833	20397	12199	21214
4506	18686	18686	17067	20377	15672	21964	14866	22941	14183	23808
4605	27908	27909	25922	29967	24196	31884	23192	33060	22336	34099
9002	41302	41304	38878	43800	36758	46111	35518	47523	34458	48767
4226	19609	19609	17950	21341	16519	22963	15691	23963	14989	24848
4505	17328	17328	15770	18958	14431	20489	13658	21434	13003	22272
4225	19454	19455	17802	21179	16377	22796	15552	23792	14853	24674
5716	26365	26367	24436	28368	22761	30234	21788	31379	20959	32392
5916	38004	38006	35681	40401	33651	42623	32464	43980	31451	45177
4300	12472	12473	11157	13861	10035	15175	9392	15989	8850	16714
5815	5163	5163	4329	6069	3642	6948	3259	7503	2943	8002
9004	21062	21063	19341	22855	17854	24534	16993	25566	16262	26481
5715	18418	18419	16812	20098	15428	21673	14628	22645	13950	23506
3330	15807	15808	14321	17366	13046	18833	12312	19738	11691	20543
6506	17257	17258	15703	18884	14366	20412	13595	21355	12942	22191
5915	21100	21100	19377	22895	17889	24574	17027	25608	16296	26523
3905	11628	11628	10359	12970	9279	14241	8661	15030	8141	15734
4130	19488	19489	17834	21215	16408	22833	15583	23829	14883	24712
6930	10848	10848	9623	12145	8583	13377	7990	14142	7491	14824
3825	22528	22529	20747	24382	19206	26114	18313	27179	17554	28121
4120	21487	21488	19749	23298	18246	24992	17375	26034	16636	26957
3816	26312	26313	24384	28312	22711	30177	21739	31321	20911	32332
4210	29140	29141	27109	31243	25344	33200	24316	34399	23440	35459
9016	14974	14975	13529	16492	12290	17922	11578	18806	10976	19592
4005	16863	16863	15327	18471	14007	19983	13245	20916	12601	21744
4230	12933	12934	11593	14347	10448	15682	9792	16510	9239	17247
3815	21051	21052	19331	22844	17844	24522	16983	25554	16253	26468
3705	33708	33709	31522	35968	29615	38065	28503	39349	27554	40481
3900	7330	7330	6330	8403	5492	9432	5019	10076	4625	10653
4110	22179	22180	20413	24019	18885	25739	17999	26796	17246	27732
3416	25403	25404	23510	27370	21868	29203	20914	30329	20102	31324
3413	11250	11250	10002	12570	8941	13823	8335	14600	7825	15293
3706	18997	18998	17365	20702	15958	22301	15144	23286	14454	24159
3600	23207	23208	21400	25088	19834	26845	18926	27925	18154	28880
3415	31104	31105	29006	33276	27178	35295	26113	36531	25205	37623
3320	32085	32086	29953	34290	28095	36339	27012	37593	26088	38700
3505	45207	45208	42669	47818	40447	50232	39145	51705	38032	53002
3414	29413	29414	27373	31526	25599	33492	24566	34697	23685	35761
6900	9617	9618	8467	10841	7493	12006	6939	12732	6475	13380
2940	21374	21375	19640	23181	18142	24871	17274	25910	16537	26831
2216	21664	21665	19919	23483	18410	25184	17535	26230	16792	27156
3046	24775	24776	22906	26718	21286	28530	20344	29642	19544	30627
2225	18639	18640	17022	20328	15629	21913	14824	22889	14142	23755
3426	24700	24701	22833	26639	21215	28448	20276	29559	19477	30542
3427	25873	25874	23962	27858	22304	29707	21341	30842	20520	31846
3045	30695	30696	28610	32853	26796	34859	25738	36088	24837	37173
3310	24647	24648	22782	26584	21166	28392	20228	29502	19430	30483
3030	49374	49376	46721	52101	44393	54620	43029	56155	41861	57507
3130	17288	17288	15732	18916	14394	20446	13622	21389	12969	22226
3010	45788	45790	43234	48416	40996	50845	39686	52326	38565	53631
3020	24871	24872	22998	26817	21374	28633	20431	29747	19629	30733
3425	23037	23038	21236	24911	19676	26662	18772	27738	18003	28690
2100	21632	21633	19888	23450	18380	25149	17506	26195	16764	27120
1606	13574	13575	12200	15022	11026	16388	10351	17234	9783	17986
2215	19734	19735	18070	21472	16634	23099	15803	24102	15099	24990
1720	27904	27905	25918	29963	24192	31880	23188	33056	22333	34094
3120	25140	25141	23257	27096	21623	28921	20675	30041	19868	31031
1900	947	947	611	1356	371	1787	256	2074	173	2340
3110	9938	9939	8768	11182	7777	12365	7212	13101	6739	13758
3200	23051	23052	21249	24926	19689	26677	18784	27753	18016	28705
1605	17869	17870	16287	19524	14926	21078	14139	22036	13473	22885
2000	14233	14234	12825	15714	11620	17110	10927	17975	10343	18743
1820	8073	8074	7022	9198	6138	10273	5637	10945	5220	11546
1200	19782	19783	18116	21522	16678	23151	15846	24154	15141	25044
1710	23389	23390	21574	25277	20002	27041	19090	28124	18315	29083
1810	4112	4113	3372	4925	2769	5720	2436	6224	2164	6680
900	11533	11533	10269	12870	9194	14136	8579	14923	8062	15623
806	37424	37425	35119	39803	33105	42008	31928	43356	30924	44544
1506	24478	24479	22620	26409	21010	28211	20075	29317	19280	30296
1410	12036	12037	10745	13401	9644	14693	9014	15495	8484	16209
1505	22612	22613	20828	24470	19284	26205	18389	27272	17628	28216
1330	23703	23704	21876	25604	20293	27379	19374	28469	18593	29433
1000	10233	10234	9045	11495	8038	12694	7464	13439	6982	14105
1320	18382	18383	16777	20060	15395	21635	14596	22605	13919	23465
1420	14667	14667	13237	16170	12012	17586	11308	18462	10713	19240
1130	6536	6537	5594	7552	4808	8529	4367	9142	4000	9692
1116	19345	19346	17698	21066	16277	22678	15455	23671	14758	24552
1310	27924	27925	25937	29984	24211	31901	23206	33077	22351	34116
805	25237	25239	23351	27198	21714	29026	20763	30148	19955	31140
1115	16793	16794	15260	18398	13943	19907	13183	20838	12540	21665
205	13583	13584	12209	15031	11034	16398	10359	17244	9790	17996
136	11566	11566	10300	12904	9223	14173	8607	14960	8089	15662
1120	39298	39300	36935	41735	34869	43993	33661	45372	32629	46587
705	22530	22531	20749	24384	19208	26116	18314	27181	17555	28124
120	12532	12533	11213	13924	10088	15241	9444	16057	8901	16783
325	25700	25701	23795	27677	22143	29521	21183	30653	20366	31653
135	17690	17691	16116	19337	14761	20883	13979	21836	13317	22682
706	13895	13895	12504	15358	11314	16740	10631	17594	10055	18354
206	13785	13786	12400	15243	11215	16619	10535	17471	9961	18228
2910	4101	4102	3363	4913	2760	5707	2428	6211	2157	6666
315	15400	15401	13934	16939	12677	18388	11953	19283	11341	20079
2935	7874	7874	6836	8985	5964	10048	5471	10713	5060	11307
605	26376	26377	24447	28379	22772	30246	21798	31391	20969	32404
606	28872	28873	26851	30966	25094	32914	24071	34109	23200	35164
506	30697	30698	28612	32855	26798	34861	25740	36090	24839	37175
110	5097	5097	4269	5998	3586	6872	3206	7424	2893	7920
505	56411	56413	53572	59324	51078	62009	49614	63644	48360	65083
2936	6987	6987	6011	8035	5196	9043	4736	9674	4354	10239
405	29783	29785	27731	31910	25944	33887	24904	35099	24018	36169
2926	26328	26329	24400	28329	22726	30194	21753	31338	20925	32350
2925	16937	16938	15398	18550	14075	20065	13312	20999	12666	21829
2927	9159	9159	8037	10354	7089	11493	6550	12203	6099	12838
