faz_id mean median lower_50 upper_50 lower_80 upper_80 lower_90 upper_90 lower_95 upper_95
8935	14696	14697	13676	15752	12790	16735	12273	17337	11833	17869
8927	6589	6589	5912	7302	5334	7976	5003	8393	4723	8765
8926	18235	18236	17097	19409	16104	20498	15524	21164	15028	21751
8936	20438	20439	19232	21680	18178	22830	17561	23533	17034	24152
8500	22733	22734	21460	24042	20346	25253	19693	25991	19135	26641
8406	2792	2792	2358	3263	1998	3718	1797	4005	1632	4262
8320	14423	14424	13413	15470	12535	16443	12024	17040	11588	17568
8925	19059	19060	17895	20259	16879	21372	16285	22051	15777	22651
8937	21108	21109	19882	22370	18810	23538	18183	24251	17646	24880
8405	21795	21796	20549	23077	19459	24263	18821	24987	18275	25625
8310	35614	35615	34017	37248	32609	38751	31782	39664	31071	40467
8910	20353	20354	19150	21593	18098	22741	17483	23442	16957	24059
7905	30190	30191	28721	31696	27429	33083	26670	33928	26020	34670
7606	5671	5671	5045	6334	4512	6963	4207	7353	3951	7701
7805	27211	27212	25817	28642	24593	29961	23875	30765	23260	31472
8220	21520	21521	20282	22794	19199	23973	18565	24693	18023	25327
8000	16201	16202	15130	17309	14196	18338	13652	18968	13187	19524
8906	10137	10137	9293	11017	8565	11841	8143	12349	7786	12798
8210	15615	15616	14563	16703	13648	17715	13114	18334	12659	18881
9020	22744	22745	21471	24053	20356	25264	19703	26003	19145	26653
8125	21487	21488	20250	22760	19168	23938	18535	24657	17993	25291
8126	17914	17915	16786	19078	15802	20158	15228	20818	14737	21401
8905	11328	11328	10435	12258	9662	13126	9214	13660	8833	14132
7806	9075	9075	8278	9909	7591	10691	7194	11174	6858	11601
7700	8814	8814	8029	9636	7353	10408	6962	10884	6632	11306
7526	16829	16830	15737	17958	14784	19006	14229	19647	13755	20213
7340	31597	31598	30093	33137	28771	34556	27994	35418	27327	36177
7605	2108	2108	1733	2519	1427	2921	1258	3176	1120	3406
7537	29261	29262	27815	30744	26544	32111	25798	32943	25158	33674
8115	36004	36005	34398	37647	32983	39158	32150	40076	31435	40882
7335	41523	41524	39797	43286	38273	44905	37376	45888	36605	46751
8600	21753	21754	20509	23034	19419	24219	18782	24942	18236	25579
7425	34403	34404	32833	36009	31451	37487	30638	38386	29941	39175
7535	33063	33064	31525	34638	30170	36088	29374	36970	28691	37744
7525	19606	19607	18426	20823	17394	21951	16791	22639	16275	23247
7436	6548	6548	5874	7259	5297	7931	4967	8347	4689	8717
9019	20883	20884	19664	22139	18598	23301	17974	24010	17441	24635
7026	11551	11551	10649	12489	9868	13366	9415	13905	9030	14381
7205	15982	15983	14918	17083	13991	18105	13451	18731	12990	19284
7515	6231	6231	5574	6925	5013	7582	4691	7989	4421	8351
7320	33679	33680	32126	35268	30759	36731	29955	37621	29265	38402
7206	19270	19271	18100	20477	17077	21595	16480	22278	15969	22881
7315	21979	21980	20728	23267	19633	24458	18992	25184	18443	25824
7435	9570	9570	8751	10426	8044	11228	7636	11722	7290	12160
7316	23605	23606	22308	24939	21171	26171	20505	26923	19935	27585
7025	24204	24205	22890	25554	21739	26802	21064	27562	20486	28232
7415	14864	14865	13839	15926	12946	16914	12427	17519	11984	18054
7100	32936	32937	31401	34508	30049	35955	29255	36835	28573	37609
7015	19633	19634	18452	20851	17419	21979	16816	22668	16300	23276
9908	3882	3882	3367	4434	2934	4962	2690	5292	2486	5588
6410	55681	55682	53679	57720	51908	59587	50862	60718	49962	61710
6420	48518	48519	46651	50422	45000	52168	44027	53227	43190	54156
5535	36778	36779	35154	38438	33724	39965	32882	40892	32159	41707
5600	18866	18867	17708	20060	16697	21167	16106	21844	15602	22440
5546	21670	21671	20428	22949	19341	24132	18705	24853	18160	25489
4706	15584	15585	14534	16671	13619	17681	13086	18300	12631	18847
6605	14642	14643	13624	15696	12739	16677	12224	17278	11785	17809
6910	6442	6442	5773	7147	5202	7814	4875	8227	4599	8595
6606	7453	7453	6732	8210	6114	8924	5759	9365	5459	9757
9909	7471	7471	6749	8229	6131	8944	5775	9385	5474	9778
9011	13163	13164	12199	14164	11362	15096	10876	15668	10462	16174
5525	17126	17127	16024	18265	15063	19322	14502	19968	14023	20539
5515	31950	31951	30438	33499	29108	34925	28326	35792	27655	36555
6326	25772	25773	24416	27165	23226	28450	22528	29234	21931	29923
9914	22485	22486	21220	23787	20111	24991	19462	25726	18907	26373
5545	18977	18978	17816	20175	16802	21285	16209	21963	15703	22561
6223	30646	30647	29166	32163	27864	33561	27099	34411	26443	35159
5306	26220	26221	24852	27625	23651	28921	22947	29711	22344	30406
6325	37782	37783	36136	39464	34685	41011	33832	41951	33098	42776
9009	6049	6049	5401	6733	4850	7381	4534	7782	4268	8140
9006	15457	15458	14411	16540	13500	17546	12970	18163	12517	18707
6225	23063	23064	21781	24381	20658	25600	20000	26344	19437	26998
9018	23634	23635	22336	24968	21199	26202	20532	26954	19962	27616
5425	46318	46319	44494	48179	42882	49886	41932	50922	41115	51830
5305	30895	30896	29408	32418	28101	33821	27333	34675	26674	35425
5426	24411	24412	23092	25767	21935	27019	21257	27783	20677	28455
6226	34043	34044	32482	35641	31107	37111	30299	38005	29605	38791
6126	14134	14135	13134	15170	12266	16135	11760	16726	11329	17248
6224	24029	24030	22720	25374	21573	26618	20901	27375	20325	28043
6216	16693	16694	15605	17817	14657	18862	14104	19500	13632	20064
6316	31058	31059	29568	32585	28257	33992	27486	34848	26826	35600
6215	24548	24549	23225	25908	22065	27164	21385	27929	20803	28603
5100	8665	8665	7886	9480	7217	10246	6830	10718	6503	11137
6213	19951	19952	18760	21179	17719	22316	17110	23010	16590	23622
9005	7379	7379	6662	8133	6047	8843	5694	9282	5396	9672
6124	27985	27986	26571	29436	25329	30773	24600	31588	23976	32304
6125	10749	10749	9880	11655	9128	12502	8693	13023	8323	13485
6214	397	397	245	586	139	787	90	922	56	1048
5415	17143	17144	16040	18282	15079	19340	14518	19987	14039	20557
5205	14486	14487	13474	15535	12594	16511	12081	17109	11645	17637
9916	19432	19433	18257	20644	17230	21766	16630	22452	16117	23057
9913	7587	7587	6860	8351	6236	9071	5877	9515	5574	9910
9915	27125	27126	25733	28553	24511	29871	23794	30674	23180	31380
4606	30868	30869	29382	32390	28075	33793	27308	34646	26649	35397
6115	24500	24501	23178	25858	22019	27113	21340	27878	20758	28551
4820	8601	8601	7825	9413	7158	10176	6773	10647	6447	11065
9017	4379	4379	3831	4964	3368	5522	3106	5870	2887	6181
6123	22564	22565	21296	23868	20186	25074	19536	25810	18980	26458
6114	37532	37533	35892	39209	34446	40751	33595	41687	32864	42510
4607	33647	33648	32095	35236	30728	36698	29925	37587	29236	38368
6505	15059	15060	14027	16128	13128	17122	12605	17731	12159	18269
5020	28024	28025	26609	29476	25366	30814	24637	31629	24012	32346
6113	45568	45569	43759	47414	42161	49108	41219	50135	40409	51037
5010	20871	20872	19652	22126	18586	23288	17963	23997	17430	24622
6020	26302	26303	24932	27709	23729	29007	23024	29798	22420	30494
4900	23548	23549	22253	24880	21117	26111	20452	26862	19883	27523
6010	17245	17246	16139	18388	15174	19448	14611	20097	14131	20669
4400	24594	24595	23270	25955	22108	27212	21428	27978	20845	28653
9900	11716	11717	10808	12661	10021	13543	9564	14086	9176	14565
9904	15135	15136	14100	16207	13199	17203	12675	17813	12227	18352
9902	32700	32701	31170	34266	29824	35709	29032	36586	28353	37356
4810	11281	11281	10390	12209	9619	13075	9172	13608	8792	14080
5720	40619	40620	38912	42363	37406	43965	36519	44937	35757	45791
9901	11183	11183	10296	12107	9528	12970	9083	13501	8705	13970
5826	6982	6982	6285	7716	5689	8408	5346	8836	5057	9217
5825	3620	3620	3123	4153	2707	4665	2472	4986	2277	5273
5925	27806	27807	26397	29252	25159	30586	24432	31398	23810	32112
9015	17111	17112	16009	18249	15049	19306	14488	19952	14010	20522
4506	19473	19474	18297	20686	17269	21810	16668	22496	16154	23102
4605	28874	28875	27438	30347	26175	31705	25434	32532	24799	33259
9002	44033	44034	42255	45848	40685	47514	39760	48525	38964	49412
4226	20199	20200	19001	21434	17953	22578	17340	23276	16816	23892
4505	17552	17553	16436	18705	15462	19774	14894	20428	14409	21005
4225	20322	20323	19120	21561	18069	22708	17454	23408	16928	24026
5716	27261	27262	25866	28693	24641	30014	23922	30818	23306	31526
5916	38831	38832	37162	40536	35691	42104	34825	43056	34080	43891
4300	12971	12972	12014	13964	11184	14890	10701	15459	10291	15961
5815	5406	5406	4795	6054	4276	6669	3979	7051	3731	7391
9004	23016	23017	21735	24333	20614	25551	19957	26294	19394	26948
5715	18474	18475	17329	19656	16329	20752	15744	21422	15245	22012
3330	16996	16997	15898	18130	14941	19184	14382	19828	13906	20396
6506	18352	18353	17211	19530	16214	20623	15632	21290	15135	21879
5915	21405	21406	20171	22676	19091	23852	18458	24570	17918	25202
3905	11953	11954	11035	12907	10240	13798	9779	14345	9386	14830
4130	19902	19903	18713	21128	17673	22264	17065	22957	16545	23569
6930	10981	10981	10102	11896	9342	12752	8902	13279	8527	13745
3825	23084	23085	21802	24403	20678	25622	20020	26366	19457	27021
4120	22211	22212	20953	23505	19852	24702	19207	25433	18656	26076
3816	26857	26858	25472	28278	24257	29590	23543	30389	22932	31092
4210	30408	30409	28933	31919	27637	33312	26875	34159	26222	34904
9016	16712	16713	15624	17837	14675	18882	14121	19521	13649	20085
4005	17745	17746	16623	18904	15644	19979	15072	20636	14584	21216
4230	13638	13639	12657	14656	11804	15604	11308	16186	10886	16700
3815	21324	21325	20092	22593	19014	23766	18383	24483	17844	25114
3705	34542	34543	32969	36151	31584	37632	30769	38533	30070	39324
3900	7867	7867	7126	8645	6490	9376	6124	9828	5814	10230
4110	23887	23888	22582	25229	21438	26468	20768	27224	20195	27889
3416	26448	26449	25074	27859	23868	29160	23161	29954	22555	30651
3413	12137	12138	11212	13099	10411	13996	9945	14547	9549	15034
3706	19250	19251	18080	20456	17059	21574	16461	22257	15951	22859
3600	24252	24253	22937	25604	21784	26852	21109	27613	20530	28284
3415	32721	32722	31191	34288	29844	35731	29052	36608	28373	37379
3320	33014	33015	31477	34588	30124	36037	29328	36918	28646	37692
3505	46663	46664	44832	48531	43214	50244	42261	51284	41441	52195
3414	29850	29851	28389	31347	27105	32727	26351	33567	25704	34306
6900	10560	10560	9699	11458	8954	12298	8523	12815	8157	13273
2940	24230	24231	22916	25581	21763	26829	21088	27590	20510	28260
2216	22645	22646	21375	23952	20263	25160	19611	25897	19054	26546
3046	25416	25417	24069	26799	22888	28076	22195	28855	21602	29540
2225	20729	20730	19515	21980	18452	23138	17831	23845	17300	24468
3426	25814	25815	24457	27208	23266	28495	22568	29279	21969	29969
3427	26597	26598	25219	28012	24009	29317	23300	30112	22692	30812
3045	31621	31622	30117	33162	28794	34581	28016	35444	27349	36203
3310	28653	28654	27222	30121	25965	31474	25227	32297	24594	33022
3030	52808	52809	50859	54794	49135	56613	48118	57716	47242	58683
3130	17878	17879	16752	19041	15769	20120	15195	20780	14704	21361
3010	47418	47419	45572	49301	43941	51027	42979	52075	42152	52994
3020	25757	25758	24401	27149	23212	28435	22514	29218	21917	29907
3425	24471	24472	23150	25829	21992	27083	21313	27847	20732	28520
2100	22265	22266	21006	23561	19903	24759	19258	25490	18705	26134
1606	13841	13842	12852	14867	11993	15822	11493	16407	11067	16925
2215	20271	20272	19070	21508	18020	22654	17407	23354	16882	23970
1720	29793	29794	28334	31289	27051	32668	26297	33507	25651	34245
3120	26685	26686	25305	28102	24093	29409	23382	30206	22773	30906
1900	968	968	720	1253	528	1540	427	1727	348	1897
3110	10013	10013	9175	10888	8451	11707	8032	12212	7677	12659
3200	24065	24066	22755	25411	21607	26655	20934	27414	20358	28082
1605	18082	18083	16949	19252	15960	20336	15383	20999	14890	21584
2000	14952	14953	13923	16017	13029	17008	12507	17615	12063	18151
1820	8625	8625	7848	9438	7180	10202	6794	10674	6468	11092
1200	20443	20444	19237	21685	18183	22836	17566	23538	17039	24157
1710	25849	25850	24491	27244	23299	28531	22600	29316	22002	30006
1810	5307	5307	4702	5949	4188	6559	3895	6937	3648	7275
900	12095	12096	11172	13055	10372	13951	9907	14501	9512	14988
806	40411	40412	38708	42150	37206	43748	36322	44718	35562	45570
1506	25273	25274	23930	26652	22752	27926	22062	28702	21470	29385
1410	12706	12707	11759	13689	10938	14606	10461	15169	10055	15667
1505	23112	23113	21829	24432	20704	25652	20046	26396	19482	27051
1330	24001	24002	22693	25346	21546	26588	20874	27346	20299	28012
1000	10377	10377	9523	11267	8786	12101	8359	12614	7996	13068
1320	18462	18463	17317	19644	16317	20739	15733	21409	15235	21999
1420	17879	17880	16753	19042	15769	20121	15195	20781	14705	21363
1130	6992	6992	6294	7726	5698	8419	5355	8847	5065	9228
1116	20339	20340	19136	21578	18085	22726	17470	23427	16944	24044
1310	28110	28111	26693	29564	25448	30904	24717	31721	24091	32439
805	26585	26586	25207	27999	23998	29304	23289	30099	22681	30799
1115	18101	18102	16967	19271	15978	20356	15400	21020	14907	21605
205	13668	13669	12685	14687	11832	15637	11335	16219	10913	16733
136	11699	11700	10791	12643	10005	13525	9549	14067	9161	14546
1120	41250	41251	39530	43007	38011	44621	37117	45601	36349	46461
705	26827	26828	25443	28248	24228	29558	23515	30357	22905	31059
120	12946	12947	11990	13938	11161	14864	10679	15431	10269	15933
325	26775	26776	25392	28194	24179	29504	23467	30301	22857	31003
135	17950	17951	16821	19115	15836	20196	15261	20857	14770	21440
706	14831	14832	13807	15892	12916	16879	12397	17483	11954	18018
206	13943	13944	12950	14972	12088	15931	11586	16518	11158	17037
2910	4439	4439	3887	5028	3421	5589	3157	5940	2935	6252
315	15872	15873	14812	16969	13888	17988	13350	18612	12891	19163
2935	7972	7972	7226	8755	6585	9491	6216	9946	5904	10350
605	28170	28171	26751	29625	25505	30967	24774	31784	24147	32503
606	31776	31777	30268	33320	28942	34743	28162	35608	27493	36368
506	33622	33623	32070	35210	30705	36672	29902	37561	29212	38341
110	5175	5175	4577	5809	4071	6412	3782	6786	3539	7121
505	61364	61365	59262	63503	57399	65461	56299	66647	55352	67685
2936	7444	7444	6724	8201	6106	8914	5751	9355	5451	9747
405	32302	32303	30782	33859	29444	35293	28657	36165	27983	36931
2926	27450	27451	26050	28887	24820	30212	24099	31019	23481	31729
2925	18698	18699	17546	19887	16539	20989	15951	21663	15449	22257
2927	10898	10898	10023	11810	9266	12663	8827	13187	8454	13652
