faz_id mean median lower_50 upper_50 lower_80 upper_80 lower_90 upper_90 lower_95 upper_95
8935	5703	5703	5115	6323	4613	6909	4325	7272	4082	7595
8927	2446	2446	2066	2858	1752	3256	1576	3506	1431	3732
8926	6936	6936	6286	7618	5728	8260	5406	8656	5134	9008
8936	7718	7718	7031	8437	6440	9111	6099	9528	5810	9897
8500	9073	9073	8327	9851	7683	10579	7309	11027	6993	11424
8406	1051	1051	808	1326	616	1602	514	1779	432	1940
8320	5332	5332	4764	5932	4280	6500	4002	6852	3769	7166
8925	7079	7079	6422	7768	5858	8416	5532	8816	5257	9171
8937	7882	7882	7188	8608	6590	9290	6245	9710	5952	10082
8405	7551	7551	6872	8262	6288	8930	5951	9342	5665	9707
8310	14195	14196	13258	15164	12441	16064	11965	16615	11559	17101
8910	7700	7700	7014	8418	6424	9092	6083	9508	5794	9876
7905	10841	10841	10024	11690	9316	12482	8904	12968	8554	13398
7606	2000	2000	1658	2374	1378	2738	1223	2968	1095	3175
7805	9683	9683	8912	10486	8245	11237	7858	11698	7529	12107
8220	10301	10301	9505	11129	8816	11902	8416	12377	8076	12797
8000	6434	6434	5808	7092	5272	7711	4964	8094	4704	8435
8906	3637	3637	3171	4135	2778	4612	2555	4909	2370	5175
8210	7929	7929	7233	8657	6633	9341	6287	9762	5993	10135
9020	9062	9062	8317	9839	7672	10567	7300	11015	6983	11411
8125	8653	8653	7925	9413	7297	10125	6933	10563	6625	10952
8126	7862	7862	7169	8587	6572	9268	6227	9687	5935	10060
8905	4084	4084	3589	4611	3170	5113	2932	5426	2733	5706
7806	3346	3346	2899	3825	2524	4283	2312	4570	2136	4827
7700	3660	3660	3192	4160	2798	4638	2575	4936	2388	5202
7526	6560	6560	5928	7224	5386	7849	5075	8236	4811	8579
7340	11346	11346	10510	12214	9784	13023	9363	13520	9004	13959
7605	783	783	575	1023	415	1266	332	1424	267	1569
7537	13042	13042	12144	13972	11364	14836	10909	15366	10521	15834
8115	16121	16122	15121	17153	14248	18109	13739	18694	13303	19209
7335	16620	16621	15605	17667	14718	18638	14199	19231	13757	19754
8600	7993	7993	7294	8724	6692	9410	6344	9833	6049	10208
7425	11643	11643	10796	12522	10060	13341	9633	13844	9268	14288
7535	14616	14617	13665	15599	12836	16512	12352	17070	11939	17563
7525	7689	7689	7004	8406	6414	9080	6073	9495	5785	9864
7436	2319	2319	1950	2720	1645	3109	1474	3354	1334	3574
9019	8126	8126	7421	8863	6813	9554	6462	9980	6165	10358
7026	4334	4334	3823	4877	3391	5393	3145	5714	2938	6000
7205	6619	6619	5984	7286	5440	7914	5127	8302	4862	8647
7515	2481	2481	2099	2895	1782	3296	1604	3548	1458	3775
7320	12806	12806	11917	13727	11143	14584	10693	15109	10309	15573
7206	8582	8582	7857	9339	7231	10048	6869	10485	6563	10872
7315	8232	8232	7522	8974	6910	9669	6557	10098	6257	10478
7435	3420	3420	2968	3904	2589	4367	2374	4656	2195	4915
7316	8742	8742	8010	9506	7378	10221	7013	10662	6703	11052
7025	10716	10716	9904	11560	9200	12348	8791	12831	8443	13259
7415	5492	5492	4915	6101	4423	6676	4141	7033	3904	7351
7100	14562	14563	13613	15543	12785	16454	12302	17012	11890	17504
7015	8305	8305	7592	9050	6977	9748	6622	10179	6321	10560
9908	1185	1185	926	1476	719	1766	608	1952	520	2121
6410	24228	24229	22999	25489	21919	26652	21286	27361	20743	27984
6420	20824	20825	19686	21994	18688	23076	18103	23735	17603	24316
5535	14759	14760	13803	15747	12970	16664	12484	17225	12069	17720
5600	7790	7790	7100	8512	6506	9190	6163	9608	5872	9978
5546	8386	8386	7669	9135	7052	9836	6694	10268	6391	10651
4706	5526	5526	4947	6137	4454	6714	4171	7072	3932	7390
6605	5239	5239	4676	5834	4196	6397	3922	6747	3691	7058
6910	2476	2476	2094	2890	1777	3290	1600	3542	1454	3769
6606	2744	2744	2341	3179	2005	3598	1817	3861	1661	4098
9909	2846	2846	2435	3289	2093	3715	1900	3982	1740	4222
9011	5652	5652	5067	6269	4567	6853	4280	7214	4039	7536
5525	7208	7208	6545	7903	5975	8557	5646	8960	5369	9318
5515	12558	12558	11678	13470	10912	14320	10466	14840	10087	15300
6326	12561	12561	11680	13474	10915	14323	10469	14843	10089	15303
9914	8479	8479	7758	9232	7137	9937	6777	10371	6472	10756
5545	6682	6682	6044	7352	5497	7983	5182	8372	4916	8719
6223	14567	14568	13618	15548	12790	16460	12307	17017	11895	17510
5306	11646	11646	10799	12525	10063	13345	9635	13847	9271	14291
6325	17143	17144	16112	18206	15210	19191	14683	19793	14233	20324
9009	2342	2342	1971	2745	1664	3136	1493	3382	1352	3603
9006	5760	5760	5169	6383	4664	6972	4374	7336	4130	7661
6225	11941	11941	11083	12831	10337	13660	9904	14169	9535	14618
9018	9924	9924	9143	10737	8467	11496	8075	11963	7742	12376
5425	19618	19619	18514	20754	17546	21805	16980	22446	16495	23011
5305	13504	13505	12590	14450	11795	15329	11332	15867	10936	16342
5426	9222	9222	8470	10006	7820	10740	7443	11191	7124	11591
6226	15152	15153	14183	16153	13338	17081	12845	17649	12424	18150
6126	6151	6151	5540	6794	5016	7401	4716	7777	4462	8110
6224	11465	11465	10624	12338	9895	13151	9471	13650	9110	14091
6216	6983	6983	6331	7667	5770	8311	5448	8709	5175	9062
6316	15863	15864	14871	16887	14006	17836	13500	18416	13069	18928
6215	12549	12549	11669	13461	10904	14310	10458	14830	10079	15290
5100	3106	3106	2676	3568	2316	4011	2114	4289	1945	4538
6213	10425	10425	9624	11258	8930	12035	8528	12513	8185	12935
9005	2897	2897	2482	3344	2136	3773	1942	4043	1780	4284
6124	15012	15013	14048	16008	13207	16933	12716	17498	12297	17997
6125	5673	5673	5086	6292	4586	6876	4298	7238	4056	7560
6214	238	238	131	377	61	530	32	634	14	732
5415	7078	7078	6421	7767	5857	8415	5531	8815	5256	9170
5205	6590	6590	5957	7255	5414	7882	5101	8269	4837	8613
9916	7586	7586	6905	8299	6320	8968	5982	9381	5695	9747
9913	3539	3539	3079	4031	2692	4501	2473	4795	2291	5058
9915	10765	10765	9951	11611	9245	12400	8836	12885	8487	13314
4606	10857	10857	10039	11707	9331	12499	8919	12985	8569	13416
6115	12004	12004	11144	12896	10396	13728	9961	14237	9591	14688
4820	3824	3824	3345	4335	2942	4822	2712	5126	2521	5398
9017	1726	1726	1410	2074	1152	2415	1010	2632	895	2828
6123	13469	13470	12557	14413	11762	15291	11299	15829	10905	16304
6114	18583	18584	17509	19689	16568	20713	16018	21338	15548	21889
4607	11738	11738	10887	12621	10149	13443	9719	13947	9353	14393
6505	5123	5123	4566	5712	4093	6269	3821	6615	3593	6923
5020	11501	11501	10659	12375	9928	13189	9503	13689	9142	14131
6113	28110	28111	26785	29467	25619	30717	24933	31477	24346	32145
5010	9162	9162	8412	9944	7765	10675	7389	11125	7071	11524
6020	16433	16434	15424	17474	14542	18440	14027	19030	13587	19550
4900	12868	12868	11977	13791	11201	14650	10750	15177	10365	15642
6010	10461	10461	9659	11295	8964	12074	8560	12552	8217	12975
4400	9588	9588	8821	10387	8157	11134	7772	11594	7446	12001
9900	5008	5008	4458	5590	3990	6142	3722	6484	3497	6789
9904	6567	6567	5935	7231	5393	7857	5081	8244	4817	8587
9902	14449	14450	13503	15427	12679	16334	12199	16890	11788	17380
4810	4882	4882	4339	5457	3877	6002	3614	6341	3392	6642
5720	19808	19809	18698	20950	17726	22006	17157	22650	16670	23217
9901	4215	4215	3712	4750	3286	5260	3043	5577	2840	5860
5826	3487	3487	3031	3975	2647	4443	2430	4735	2249	4996
5825	2007	2007	1665	2381	1384	2746	1228	2976	1100	3184
5925	12284	12284	11413	13187	10657	14027	10216	14542	9841	14997
9015	6484	6484	5856	7144	5318	7766	5008	8151	4746	8492
4506	8126	8126	7421	8863	6813	9554	6462	9980	6165	10358
4605	11264	11264	10431	12129	9708	12935	9288	13430	8931	13868
9002	17933	17934	16878	19020	15955	20027	15415	20641	14953	21183
4226	7679	7679	6994	8396	6405	9069	6064	9484	5776	9852
4505	6149	6149	5538	6792	5015	7399	4714	7774	4460	8108
4225	7657	7657	6973	8373	6384	9045	6045	9460	5757	9828
5716	11759	11759	10908	12642	10168	13465	9738	13970	9372	14416
5916	15589	15590	14606	16604	13749	17545	13248	18121	12820	18628
4300	5633	5633	5049	6249	4550	6832	4264	7193	4023	7514
5815	2405	2405	2029	2813	1717	3208	1543	3457	1400	3681
9004	8663	8663	7934	9424	7306	10136	6942	10574	6633	10963
5715	8165	8165	7458	8904	6849	9597	6497	10023	6199	10402
3330	6257	6257	5640	6906	5112	7517	4809	7896	4552	8232
6506	6910	6910	6261	7591	5704	8232	5383	8627	5112	8979
5915	8407	8407	7690	9156	7071	9859	6713	10291	6410	10675
3905	4811	4811	4272	5382	3814	5923	3553	6260	3333	6560
4130	8968	8968	8226	9742	7586	10466	7215	10911	6901	11306
6930	4579	4579	4054	5136	3608	5666	3354	5995	3140	6288
3825	9116	9116	8368	9896	7722	10625	7348	11074	7030	11472
4120	9437	9437	8676	10230	8018	10972	7637	11428	7313	11832
3816	10815	10815	9999	11663	9292	12454	8881	12940	8531	13369
4210	11272	11272	10439	12137	9716	12944	9295	13439	8938	13877
9016	6220	6220	5605	6867	5079	7477	4776	7854	4521	8190
4005	6833	6833	6188	7510	5634	8148	5315	8541	5046	8891
4230	4874	4874	4332	5448	3870	5993	3607	6332	3385	6633
3815	8997	8997	8254	9772	7613	10497	7241	10943	6926	11338
3705	14497	14498	13550	15476	12724	16385	12243	16942	11832	17433
3900	3617	3617	3152	4114	2760	4589	2539	4886	2353	5151
4110	9975	9975	9192	10790	8514	11551	8121	12019	7787	12433
3416	10135	10135	9346	10956	8662	11723	8266	12195	7929	12612
3413	4403	4403	3888	4950	3452	5470	3203	5793	2995	6082
3706	7478	7478	6802	8186	6221	8851	5886	9261	5602	9625
3600	10473	10473	9670	11308	8975	12087	8571	12565	8228	12989
3415	12199	12199	11331	13099	10578	13936	10139	14449	9765	14903
3320	11653	11653	10805	12533	10070	13352	9642	13855	9277	14299
3505	19367	19368	18270	20496	17309	21541	16747	22178	16265	22739
3414	10962	10962	10140	11816	9428	12612	9014	13100	8662	13533
6900	4045	4045	3552	4570	3136	5070	2899	5381	2701	5660
2940	9371	9371	8613	10161	7957	10901	7577	11355	7255	11758
2216	8332	8332	7618	9078	7002	9778	6646	10208	6344	10590
3046	10853	10853	10036	11702	9327	12495	8915	12981	8565	13411
2225	8197	8197	7489	8937	6878	9631	6525	10059	6226	10438
3426	8784	8784	8050	9550	7417	10267	7050	10708	6739	11099
3427	9578	9578	8811	10377	8148	11124	7763	11583	7437	11990
3045	12582	12582	11701	13495	10934	14345	10488	14866	10108	15326
3310	10328	10328	9531	11157	8841	11931	8440	12406	8099	12827
3030	18840	18841	17758	19954	16811	20985	16257	21614	15783	22168
3130	7957	7957	7259	8687	6659	9371	6312	9793	6017	10167
3010	18151	18152	17089	19245	16160	20257	15617	20875	15153	21420
3020	11514	11514	10672	12388	9940	13203	9515	13703	9153	14145
3425	8940	8940	8200	9712	7560	10435	7190	10880	6876	11274
2100	8258	8258	7547	9001	6934	9697	6580	10126	6280	10507
1606	6025	6025	5420	6662	4903	7263	4606	7635	4355	7966
2215	7981	7981	7282	8712	6681	9397	6333	9820	6038	10194
1720	12931	12931	12037	13857	11260	14718	10807	15245	10421	15711
3120	10936	10936	10115	11789	9404	12584	8991	13072	8639	13504
1900	553	553	381	757	253	968	189	1107	141	1235
3110	3683	3683	3214	4184	2818	4663	2594	4962	2407	5230
3200	9226	9226	8474	10010	7823	10744	7447	11196	7127	11595
1605	8293	8293	7581	9037	6966	9735	6611	10165	6310	10546
2000	5918	5918	5319	6549	4806	7145	4512	7514	4264	7843
1820	5168	5168	4609	5759	4133	6319	3860	6666	3631	6975
1200	7932	7932	7236	8660	6636	9344	6289	9765	5996	10139
1710	11335	11335	10499	12203	9774	13011	9353	13508	8994	13947
1810	2813	2813	2405	3253	2064	3677	1873	3943	1715	4182
900	5028	5028	4477	5611	4008	6164	3739	6507	3514	6813
806	14579	14580	13629	15561	12801	16473	12318	17030	11906	17523
1506	10184	10184	9393	11007	8708	11776	8310	12248	7972	12666
1410	5546	5546	4966	6158	4472	6736	4188	7094	3949	7413
1505	9608	9608	8840	10408	8176	11156	7790	11616	7463	12023
1330	8887	8887	8149	9657	7512	10378	7143	10822	6830	11215
1000	4040	4040	3548	4564	3131	5064	2895	5376	2697	5654
1320	7389	7389	6717	8093	6140	8754	5807	9162	5525	9524
1420	8125	8125	7420	8862	6812	9553	6461	9979	6164	10357
1130	3019	3019	2595	3475	2241	3912	2042	4186	1876	4432
1116	8312	8312	7599	9057	6984	9756	6628	10186	6327	10568
1310	10788	10788	9973	11635	9267	12425	8856	12910	8507	13339
805	9667	9667	8896	10470	8230	11220	7844	11681	7515	12089
1115	6798	6798	6154	7474	5602	8109	5284	8502	5016	8851
205	5965	5965	5363	6599	4849	7197	4553	7567	4304	7897
136	5196	5196	4635	5789	4158	6350	3885	6698	3655	7008
1120	16040	16041	15043	17069	14172	18023	13664	18607	13229	19121
705	9868	9868	9089	10679	8415	11436	8025	11902	7693	12314
120	5268	5268	4703	5865	4222	6429	3947	6780	3715	7091
325	10779	10779	9964	11626	9258	12415	8848	12900	8499	13329
135	7186	7186	6524	7880	5955	8533	5627	8935	5350	9293
706	5655	5655	5069	6273	4569	6856	4283	7218	4041	7539
206	6102	6102	5493	6743	4972	7347	4673	7722	4420	8054
2910	1637	1637	1329	1977	1080	2310	943	2522	831	2713
315	6547	6547	5916	7210	5375	7835	5063	8221	4800	8564
2935	2254	2254	1890	2650	1590	3034	1423	3276	1285	3494
605	10656	10656	9846	11498	9144	12283	8737	12766	8390	13192
606	11718	11718	10868	12600	10130	13422	9701	13926	9335	14371
506	11861	11861	11006	12748	10263	13575	9831	14081	9463	14529
110	2262	2262	1898	2658	1597	3043	1429	3285	1291	3503
505	21609	21610	20449	22801	19432	23902	18836	24573	18325	25163
2936	2982	2982	2561	3435	2210	3870	2012	4143	1847	4387
405	11931	11931	11073	12821	10328	13649	9895	14158	9526	14607
2926	9937	9937	9156	10750	8479	11510	8087	11977	7754	12391
2925	7026	7026	6371	7713	5809	8358	5486	8757	5212	9111
2927	4208	4208	3705	4743	3280	5252	3037	5569	2834	5852
