faz_id mean median lower_50 upper_50 lower_80 upper_80 lower_90 upper_90 lower_95 upper_95
8935	4933	4934	4187	5741	3566	6522	3219	7012	2932	7453
8927	1238	1239	880	1659	609	2089	471	2371	365	2630
8926	2065	2065	1592	2598	1219	3131	1020	3474	861	3786
8936	3568	3568	2937	4259	2422	4935	2137	5363	1904	5749
8500	11929	11930	10751	13168	9742	14337	9162	15060	8673	15703
8406	286	286	129	503	41	752	12	924	1	1089
8320	9943	9944	8870	11077	7956	12151	7433	12818	6993	13411
8925	2623	2624	2087	3221	1657	3812	1423	4189	1234	4531
8937	7427	7428	6504	8412	5725	9351	5283	9936	4913	10460
8405	921	922	616	1288	393	1671	284	1923	203	2157
8310	10093	10094	9012	11236	8090	12317	7563	12988	7119	13585
8910	2982	2982	2408	3617	1944	4242	1690	4639	1484	4999
7905	5033	5033	4278	5848	3651	6636	3299	7130	3008	7575
7606	850	851	558	1204	348	1574	245	1820	171	2048
7805	3112	3112	2525	3760	2049	4396	1788	4801	1576	5166
8220	11900	11900	10723	13138	9716	14305	9137	15027	8648	15669
8000	38755	38757	36607	40965	34725	43007	33622	44253	32679	45350
8906	1321	1322	950	1754	667	2197	522	2485	410	2750
8210	21892	21893	20285	23560	18890	25115	18079	26069	17389	26913
9020	3942	3942	3278	4667	2732	5373	2429	5819	2180	6221
8125	6044	6044	5214	6935	4519	7790	4127	8325	3801	8805
8126	7894	7894	6941	8908	6135	9873	5677	10475	5293	11012
8905	1096	1096	760	1493	510	1903	384	2172	289	2420
7806	1604	1604	1191	2077	872	2557	705	2867	574	3151
7700	5709	5710	4904	6576	4230	7410	3851	7932	3537	8400
7526	9180	9181	8151	10272	7275	11307	6776	11950	6356	12523
7340	3858	3858	3201	4576	2662	5275	2363	5717	2118	6116
7605	1138	1138	795	1542	539	1958	409	2231	311	2483
7537	16385	16385	14998	17832	13802	19188	13111	20023	12524	20763
8115	11120	11120	9983	12317	9012	13449	8455	14149	7985	14772
7335	11662	11663	10497	12888	9501	14044	8928	14760	8445	15396
8600	11394	11394	10243	12606	9259	13750	8694	14458	8217	15088
7425	3745	3746	3098	4453	2568	5143	2275	5580	2035	5974
7535	6312	6312	5463	7222	4751	8094	4349	8639	4014	9128
7525	2376	2377	1867	2946	1461	3512	1242	3875	1066	4204
7436	2359	2359	1852	2927	1448	3491	1230	3853	1055	4181
9019	4896	4896	4152	5701	3535	6479	3189	6967	2903	7407
7026	1784	1785	1347	2282	1006	2784	826	3107	684	3403
7205	8471	8472	7483	9520	6646	10518	6168	11138	5768	11692
7515	7889	7889	6936	8902	6131	9868	5673	10469	5289	11006
7320	8835	8836	7826	9906	6969	10923	6480	11556	6069	12119
7206	18081	18082	16624	19600	15363	21021	14633	21894	14013	22668
7315	4910	4911	4165	5716	3547	6495	3200	6984	2914	7424
7435	4528	4529	3814	5304	3223	6055	2894	6528	2622	6953
7316	4573	4573	3855	5352	3261	6106	2929	6581	2656	7008
7025	11562	11563	10403	12783	9411	13935	8841	14648	8361	15282
7415	14090	14091	12807	15434	11703	16698	11067	17477	10529	18169
7100	10606	10607	9497	11777	8551	12884	8008	13569	7551	14180
7015	5967	5968	5143	6853	4453	7703	4064	8235	3740	8712
9908	4410	4410	3706	5176	3124	5918	2799	6385	2532	6806
6410	15489	15489	14142	16897	12981	18217	12311	19031	11742	19753
6420	8825	8826	7816	9896	6960	10912	6471	11544	6061	12108
5535	6016	6016	5188	6905	4495	7758	4104	8292	3779	8771
5600	15033	15034	13707	16421	12565	17723	11905	18526	11346	19238
5546	13443	13444	12191	14757	11115	15993	10495	16756	9971	17434
4706	2282	2282	1784	2841	1387	3397	1174	3754	1003	4078
6605	2698	2698	2153	3303	1716	3901	1478	4282	1285	4628
6910	895	895	594	1256	376	1634	269	1884	191	2116
6606	1242	1242	882	1662	611	2093	472	2375	366	2634
9909	1183	1183	833	1594	570	2017	437	2294	335	2549
9011	6553	6554	5688	7480	4961	8367	4550	8921	4207	9418
5525	6631	6632	5761	7563	5029	8455	4615	9012	4269	9511
5515	5452	5453	4666	6300	4010	7116	3641	7628	3335	8088
6326	11856	11857	10682	13092	9676	14258	9099	14979	8611	15620
9914	3931	3931	3267	4655	2722	5360	2420	5806	2172	6207
5545	4628	4628	3905	5411	3307	6169	2973	6647	2697	7076
6223	8359	8360	7378	9402	6546	10393	6073	11010	5676	11560
5306	19079	19079	17580	20638	16284	22095	15531	22990	14892	23783
6325	7565	7565	6633	8558	5846	9505	5398	10095	5024	10623
9009	2536	2536	2009	3124	1587	3706	1359	4078	1174	4416
9006	2136	2136	1655	2678	1274	3219	1070	3566	908	3882
6225	16396	16396	15009	17843	13813	19200	13121	20035	12534	20775
9018	11696	11697	10530	12924	9532	14082	8958	14798	8475	15436
5425	31449	31450	29516	33442	27829	35290	26843	36419	26000	37415
5305	23732	23733	22058	25468	20602	27084	19755	28074	19033	28949
5426	16459	16460	15070	17910	13871	19268	13177	20105	12589	20847
6226	6985	6985	6090	7941	5337	8854	4911	9424	4554	9933
6126	3039	3039	2459	3680	1990	4309	1733	4710	1524	5072
6224	7650	7651	6713	8649	5921	9601	5471	10194	5094	10724
6216	9702	9703	8642	10823	7741	11885	7225	12544	6791	13131
6316	20203	20204	18661	21807	17324	23304	16548	24223	15888	25037
6215	16510	16511	15119	17963	13918	19324	13223	20162	12634	20905
5100	1762	1762	1328	2257	990	2756	811	3077	670	3372
6213	15655	15655	14300	17070	13133	18397	12459	19215	11887	19940
9005	553	553	323	844	169	1158	100	1370	55	1568
6124	13212	13212	11970	14514	10904	15740	10290	16497	9771	17170
6125	11034	11035	9902	12227	8935	13354	8380	14052	7912	14673
6214	30040	30041	28152	31989	26504	33796	25542	34902	24721	35877
5415	62750	62751	60008	65553	57591	68130	56168	69695	54947	71070
5205	36440	36441	34358	38584	32535	40567	31468	41777	30556	42843
9916	2488	2488	1967	3071	1549	3648	1324	4017	1142	4352
9913	5849	5849	5033	6726	4351	7568	3966	8096	3647	8569
9915	3517	3517	2891	4204	2380	4875	2098	5301	1867	5685
4606	3509	3509	2884	4195	2373	4866	2092	5291	1861	5674
6115	9290	9291	8254	10388	7373	11429	6870	12075	6447	12651
4820	6214	6214	5372	7117	4666	7983	4268	8525	3936	9010
9017	292	292	134	512	43	762	13	936	1	1101
6123	60483	60484	57791	63236	55420	65767	54025	67305	52827	68657
6114	21376	21377	19789	23025	18411	24562	17611	25506	16930	26340
4607	6514	6515	5651	7438	4927	8322	4517	8875	4175	9370
6505	2961	2961	2389	3594	1927	4216	1674	4612	1469	4971
5020	8783	8783	7776	9851	6922	10865	6435	11496	6026	12058
6113	41150	41152	38936	43426	36994	45528	35855	46810	34881	47938
5010	17214	17215	15792	18697	14565	20085	13854	20939	13250	21695
6020	66961	66963	64128	69856	61629	72516	60157	74131	58892	75548
4900	56566	56568	53964	59229	51674	61680	50327	63170	49171	64479
6010	124077	124079	120209	128006	116777	131597	114748	133770	112999	135672
4400	9971	9972	8897	11107	7981	12182	7457	12850	7016	13444
9900	2076	2076	1602	2611	1228	3145	1028	3488	869	3801
9904	7347	7348	6429	8327	5655	9261	5215	9844	4848	10365
9902	24202	24203	22511	25954	21040	27585	20184	28585	19454	29468
4810	8078	8079	7114	9104	6298	10080	5834	10688	5445	11230
5720	11748	11748	10579	12978	9578	14138	9003	14856	8518	15495
9901	4734	4734	4003	5526	3397	6292	3059	6774	2779	7207
5826	8439	8439	7453	9486	6617	10482	6141	11101	5741	11654
5825	50995	50996	48526	53525	46355	55856	45080	57275	43986	58522
5925	20026	20027	18491	21623	17160	23114	16388	24029	15731	24840
9015	1931	1931	1475	2448	1117	2966	927	3300	776	3604
4506	32120	32121	30167	34134	28460	36000	27463	37141	26611	38146
4605	21179	21180	19599	22820	18228	24351	17432	25291	16754	26122
9002	10031	10031	8953	11170	8034	12248	7509	12917	7066	13513
4226	3730	3730	3085	4437	2556	5125	2263	5561	2023	5954
4505	1549	1550	1144	2016	832	2488	669	2795	542	3075
4225	3333	3334	2725	4003	2229	4659	1957	5075	1734	5450
5716	8443	8443	7456	9490	6621	10486	6144	11106	5745	11659
5916	8431	8431	7445	9478	6610	10473	6134	11092	5735	11645
4300	18449	18450	16976	19983	15702	21417	14964	22298	14336	23079
5815	28088	28089	26264	29974	24673	31724	23745	32796	22953	33741
9004	5647	5647	4846	6509	4177	7338	3800	7858	3487	8324
5715	2268	2269	1772	2826	1377	3381	1165	3737	995	4060
3330	2457	2457	1939	3036	1525	3610	1301	3977	1120	4311
6506	6946	6947	6055	7900	5304	8810	4878	9379	4523	9888
5915	5354	5355	4575	6195	3926	7004	3561	7512	3258	7968
3905	20587	20587	19029	22205	17679	23716	16895	24643	16228	25463
4130	24747	24748	23036	26519	21548	28167	20682	29177	19943	30069
6930	3805	3805	3153	4518	2618	5213	2322	5653	2079	6049
3825	8215	8215	7242	9249	6419	10232	5950	10844	5557	11391
4120	4139	4140	3458	4882	2897	5604	2585	6059	2328	6469
3816	4337	4337	3639	5097	3062	5833	2741	6297	2477	6715
4210	6010	6010	5182	6898	4490	7751	4099	8285	3774	8763
9016	2027	2027	1559	2556	1191	3085	994	3425	837	3735
4005	2281	2281	1783	2840	1387	3396	1173	3752	1003	4076
4230	2088	2088	1613	2625	1237	3160	1037	3504	876	3818
3815	10471	10472	9369	11635	8429	12735	7891	13417	7437	14024
3705	38233	38234	36100	40428	34230	42457	33136	43695	32199	44785
3900	29035	29036	27179	30951	25561	32730	24616	33818	23810	34778
4110	37251	37252	35145	39418	33301	41422	32222	42644	31298	43721
3416	3380	3380	2767	4054	2268	4714	1993	5132	1768	5510
3413	1588	1589	1178	2060	861	2537	695	2847	565	3130
3706	4334	4334	3636	5093	3060	5830	2739	6294	2474	6712
3600	60667	60669	57972	63424	55597	65960	54199	67500	53000	68853
3415	5065	5065	4308	5883	3678	6673	3326	7169	3033	7614
3320	5783	5784	4972	6656	4294	7494	3912	8019	3595	8490
3505	21854	21855	20248	23521	18855	25074	18045	26028	17355	26870
3414	3203	3204	2608	3861	2123	4505	1858	4914	1641	5284
6900	2005	2005	1540	2531	1173	3057	978	3396	823	3704
2940	3604	3605	2970	4299	2452	4978	2166	5407	1931	5795
2216	4430	4431	3724	5198	3141	5941	2815	6410	2547	6831
3046	9132	9133	8105	10220	7232	11253	6734	11894	6315	12466
2225	7712	7712	6771	8715	5975	9670	5523	10265	5145	10797
3426	3031	3031	2452	3671	1983	4300	1727	4700	1518	5062
3427	6430	6431	5573	7348	4854	8228	4447	8778	4108	9270
3045	4423	4424	3718	5190	3135	5933	2810	6401	2542	6822
3310	4183	4183	3498	4930	2933	5654	2619	6112	2361	6523
3030	10465	10466	9364	11628	8424	12728	7885	13410	7432	14017
3130	25769	25770	24023	27577	22503	29257	21617	30286	20862	31194
3010	11710	11711	10543	12939	9544	14097	8971	14814	8487	15452
3020	23058	23059	21408	24769	19974	26363	19140	27340	18430	28203
3425	3396	3397	2782	4072	2281	4733	2005	5152	1780	5531
2100	2376	2377	1867	2946	1461	3512	1242	3875	1066	4204
1606	3582	3582	2950	4275	2434	4952	2148	5380	1915	5767
2215	7424	7425	6501	8409	5722	9347	5280	9933	4910	10456
1720	7074	7074	6173	8035	5415	8954	4985	9527	4626	10039
3120	17542	17543	16107	19039	14866	20439	14148	21300	13538	22063
1900	15776	15776	14416	17196	13244	18528	12566	19349	11992	20077
3110	3347	3347	2737	4018	2240	4674	1967	5091	1744	5467
3200	7964	7965	7007	8983	6198	9952	5737	10556	5351	11095
1605	7920	7920	6966	8936	6158	9903	5699	10505	5315	11043
2000	15933	15933	14566	17360	13388	18699	12707	19523	12129	20254
1820	25323	25324	23592	27115	22086	28781	21209	29802	20461	30703
1200	6416	6416	5560	7333	4842	8212	4436	8761	4097	9253
1710	13991	13992	12713	15331	11614	16590	10980	17367	10443	18057
1810	14809	14810	13493	16186	12360	17480	11705	18277	11151	18984
900	12166	12166	10976	13417	9956	14597	9370	15326	8875	15974
806	4740	4740	4009	5533	3402	6299	3063	6781	2783	7215
1506	4597	4598	3877	5378	3282	6134	2949	6610	2674	7038
1410	16049	16050	14678	17482	13495	18825	12811	19652	12231	20385
1505	7054	7054	6155	8014	5397	8931	4968	9503	4610	10015
1330	6266	6267	5421	7173	4712	8042	4311	8586	3978	9073
1000	2077	2077	1603	2612	1229	3146	1029	3490	869	3803
1320	5200	5200	4432	6028	3793	6827	3435	7329	3138	7779
1420	15912	15913	14547	17339	13369	18677	12689	19501	12112	20231
1130	3024	3024	2446	3663	1978	4291	1721	4691	1513	5052
1116	8938	8939	7922	10015	7060	11038	6568	11673	6155	12240
1310	6376	6376	5522	7290	4807	8166	4402	8714	4065	9204
805	5569	5569	4773	6425	4110	7249	3736	7766	3426	8229
1115	4895	4895	4151	5700	3534	6477	3188	6966	2902	7406
205	14446	14447	13147	15807	12029	17085	11383	17874	10837	18574
136	4594	4595	3875	5375	3279	6131	2946	6607	2672	7035
1120	13494	13494	12239	14810	11161	16048	10539	16812	10014	17491
705	3590	3590	2957	4284	2440	4961	2155	5390	1921	5777
120	1684	1685	1261	2169	932	2658	758	2975	622	3264
325	6900	6900	6011	7850	5263	8758	4839	9325	4486	9832
135	3281	3281	2677	3945	2186	4596	1916	5009	1696	5383
706	3879	3879	3220	4599	2679	5300	2380	5743	2134	6142
206	8530	8530	7538	9582	6697	10583	6218	11206	5816	11761
2910	1168	1168	820	1577	560	1997	427	2273	327	2526
315	6975	6975	6081	7930	5329	8842	4902	9412	4546	9921
2935	21754	21755	20152	23417	18762	24968	17954	25919	17266	26760
605	4674	4675	3948	5462	3347	6223	3011	6703	2733	7134
606	4505	4506	3793	5279	3204	6028	2875	6500	2604	6924
506	5221	5221	4452	6051	3811	6851	3452	7354	3154	7805
110	1399	1399	1016	1844	723	2297	571	2591	454	2862
505	12296	12296	11099	13554	10074	14739	9484	15472	8986	16123
2936	4159	4159	3476	4903	2913	5626	2600	6082	2342	6493
405	4621	4621	3899	5404	3301	6161	2968	6638	2692	7067
2926	3000	3001	2425	3637	1959	4263	1704	4662	1496	5022
2925	2324	2325	1821	2889	1421	3449	1205	3808	1032	4135
2927	1940	1941	1483	2459	1124	2978	933	3312	782	3617
