faz_id mean median lower_50 upper_50 lower_80 upper_80 lower_90 upper_90 lower_95 upper_95
8935	14696	14697	13101	16383	11743	17980	10965	18972	10312	19855
8927	6589	6590	5536	7734	4666	8843	4181	9542	3781	10171
8926	18235	18236	16453	20109	14926	21875	14048	22967	13307	23937
8936	20438	20439	18549	22419	16925	24282	15990	25431	15198	26452
8500	22733	22734	20738	24820	19019	26778	18027	27984	17186	29055
8406	2792	2792	2123	3553	1598	4317	1320	4809	1100	5259
8320	14423	14424	12843	16095	11499	17678	10730	18661	10083	19537
8925	19059	19060	17236	20974	15673	22776	14773	23890	14012	24880
8937	21108	21109	19187	23121	17536	25011	16583	26178	15777	27214
8405	21795	21796	19842	23839	18162	25759	17193	26943	16372	27993
8310	35614	35615	33105	38214	30924	40635	29655	42118	28573	43429
8910	20353	20354	18468	22330	16848	24189	15915	25337	15125	26356
7905	30190	30191	27884	32588	25885	34826	24725	36200	23738	37416
7606	5671	5672	4697	6736	3899	7774	3457	8430	3094	9022
7805	27211	27212	25024	29490	23132	31620	22036	32931	21106	34091
8220	21520	21521	19580	23552	17911	25460	16948	26637	16133	27681
8000	16201	16202	14524	17970	13092	19641	12270	20677	11578	21598
8906	10137	10138	8820	11546	7712	12893	7085	13734	6561	14487
8210	15615	15616	13969	17352	12566	18995	11761	20014	11084	20921
9020	22744	22745	20748	24831	19029	26790	18037	27997	17195	29067
8125	21487	21488	19549	23517	17881	25424	16919	26600	16105	27644
8126	17914	17915	16148	19772	14636	21523	13767	22606	13033	23569
8905	11328	11329	9933	12815	8755	14232	8086	15115	7526	15905
7806	9075	9076	7831	10410	6790	11691	6202	12493	5713	13212
7700	8814	8815	7589	10131	6564	11395	5986	12187	5506	12897
7526	16829	16830	15119	18631	13657	20332	12818	21385	12110	22322
7340	31597	31598	29237	34049	27189	36336	26000	37739	24988	38981
7605	2108	2108	1532	2775	1092	3455	864	3897	688	4302
7537	29261	29262	26991	31622	25026	33827	23885	35182	22915	36381
8115	36004	36005	33481	38618	31288	41051	30011	42542	28923	43860
7335	41523	41524	38810	44327	36446	46931	35067	48525	33890	49931
8600	21753	21754	19802	23795	18124	25713	17155	26896	16335	27946
7425	34403	34404	31938	36960	29796	39340	28551	40801	27490	42091
7535	33063	33064	30647	35570	28550	37907	27331	39340	26293	40607
7525	19606	19607	17756	21547	16169	23374	15255	24502	14482	25505
7436	6548	6549	5498	7689	4632	8795	4148	9493	3750	10120
9019	20883	20884	18973	22885	17331	24766	16384	25928	15582	26958
7026	11551	11552	10142	13052	8951	14482	8275	15373	7708	16169
7205	15982	15983	14316	17739	12895	19400	12080	20429	11393	21345
7515	6231	6232	5208	7345	4366	8427	3897	9110	3511	9725
7320	33679	33680	31241	36209	29123	38566	27891	40012	26843	41290
7206	19270	19271	17437	21195	15864	23007	14959	24127	14193	25121
7315	21979	21980	20018	24032	18330	25959	17356	27147	16531	28202
7435	9570	9571	8292	10940	7219	12252	6612	13073	6107	13808
7316	23605	23606	21571	25731	19818	27723	18804	28951	17945	30040
7025	24204	24205	22144	26356	20367	28372	19339	29614	18468	30715
7415	14864	14865	13259	16560	11893	18166	11111	19163	10453	20050
7100	32936	32937	30525	35438	28432	37771	27216	39202	26180	40467
7015	19633	19634	17782	21576	16194	23403	15279	24533	14505	25535
9908	3882	3882	3084	4771	2444	5650	2097	6212	1817	6722
6410	55681	55683	52533	58921	49776	61917	48161	63746	46781	65356
6420	48518	48520	45582	51546	43016	54351	41517	56064	40236	57575
5535	36778	36779	34228	39420	32009	41877	30718	43383	29617	44714
5600	18866	18867	17052	20771	15498	22565	14603	23674	13847	24660
5546	21670	21671	19723	23709	18048	25623	17082	26804	16263	27851
4706	15584	15585	13940	17320	12538	18961	11734	19979	11058	20885
6605	14642	14643	13050	16326	11694	17921	10919	18910	10267	19792
6910	6442	6443	5401	7574	4543	8672	4064	9365	3670	9988
6606	7453	7454	6330	8667	5397	9840	4875	10576	4442	11238
9909	7471	7472	6347	8687	5413	9860	4889	10598	4456	11260
9011	13163	13164	11656	14762	10377	16280	9647	17224	9035	18066
5525	17126	17127	15400	18943	13925	20658	13077	21720	12362	22664
5515	31950	31951	29576	34415	27517	36714	26320	38125	25302	39373
6326	25772	25773	23645	27991	21807	30068	20743	31346	19841	32478
9914	22485	22486	20501	24561	18793	26508	17806	27709	16970	28774
5545	18977	18978	17158	20888	15598	22687	14701	23799	13942	24786
6223	30646	30647	28322	33062	26308	35315	25138	36699	24143	37924
5306	26220	26221	24074	28458	22219	30551	21145	31840	20234	32981
6325	37782	37783	35197	40459	32947	42948	31636	44473	30519	45820
9009	6049	6050	5042	7148	4213	8215	3753	8890	3375	9498
9006	15457	15458	13820	17186	12424	18821	11624	19835	10951	20738
6225	23063	23064	21053	25165	19321	27136	18321	28350	17473	29428
9018	23634	23635	21599	25761	19844	27755	18830	28983	17970	30072
5425	46318	46320	43450	49277	40946	52021	39484	53697	38234	55176
5305	30895	30896	28561	33320	26538	35583	25363	36972	24364	38201
5426	24411	24412	22342	26572	20557	28596	19524	29843	18649	30948
6226	34043	34044	31591	36586	29461	38955	28223	40408	27168	41693
6126	14134	14135	12570	15789	11241	17358	10481	18332	9842	19201
6224	24029	24030	21976	26173	20206	28183	19183	29420	18315	30518
6216	16693	16694	14990	18488	13534	20183	12699	21232	11995	22166
6316	31058	31059	28718	33489	26689	35758	25511	37150	24509	38382
6215	24548	24549	22473	26715	20682	28744	19647	29994	18768	31102
5100	8665	8666	7451	9971	6436	11225	5864	12011	5388	12716
6213	19951	19952	18085	21909	16482	23750	15559	24888	14779	25898
9005	7379	7380	6262	8588	5334	9755	4815	10488	4385	11147
6124	27985	27986	25766	30295	23847	32454	22733	33782	21788	34957
6125	10749	10750	9391	12198	8247	13582	7598	14445	7056	15217
6214	397	397	173	713	50	1075	12	1328	0	1569
5415	17143	17144	15416	18961	13940	20677	13092	21739	12377	22684
5205	14486	14487	12903	16161	11555	17748	10784	18733	10136	19611
9916	19432	19433	17591	21365	16011	23184	15101	24308	14333	25306
9913	7587	7588	6454	8812	5511	9993	4983	10736	4546	11403
9915	27125	27126	24941	29400	23053	31528	21959	32836	21030	33995
4606	30868	30869	28536	33292	26513	35554	25339	36942	24340	38171
6115	24500	24501	22427	26665	20638	28693	19604	29941	18726	31048
4820	8601	8602	7391	9902	6380	11153	5811	11936	5338	12639
9017	4379	4379	3529	5321	2842	6247	2466	6837	2162	7371
6123	22564	22565	20576	24643	18865	26594	17876	27797	17039	28864
6114	37532	37533	34955	40200	32713	42682	31407	44202	30294	45545
4607	33647	33648	31210	36176	29093	38532	27862	39977	26814	41254
6505	15059	15060	13444	16766	12067	18382	11279	19384	10616	20276
5020	28024	28025	25804	30336	23883	32496	22769	33825	21822	35000
6113	45568	45570	42724	48503	40241	51226	38792	52890	37553	54357
5010	20871	20872	18961	22872	17320	24753	16373	25914	15572	26945
6020	26302	26303	24152	28543	22295	30640	21219	31930	20306	33073
4900	23548	23549	21517	25671	19765	27662	18753	28888	17895	29975
6010	17245	17246	15513	19068	14032	20789	13181	21854	12464	22801
4400	24594	24595	22517	26763	20725	28794	19688	30045	18809	31154
9900	11716	11717	10297	13227	9097	14666	8414	15563	7843	16364
9904	15135	15136	13515	16846	12135	18466	11345	19470	10680	20365
9902	32700	32701	30298	35194	28213	37518	27001	38944	25970	40205
4810	11281	11282	9889	12765	8714	14179	8046	15061	7488	15849
5720	40619	40620	37937	43393	35599	45970	34236	47547	33074	48939
9901	11183	11184	9797	12660	8628	14069	7964	14948	7408	15733
5826	6982	6983	5897	8159	4998	9297	4495	10014	4080	10658
5825	3620	3620	2851	4480	2238	5333	1906	5879	1639	6375
5925	27806	27807	25595	30109	23681	32262	22572	33585	21630	34757
9015	17111	17112	15386	18928	13911	20642	13064	21703	12350	22647
4506	19473	19474	17630	21408	16048	23229	15138	24354	14368	25353
4605	28874	28875	26620	31220	24668	33411	23535	34758	22573	35950
9002	44033	44035	41238	46919	38800	49597	37376	51235	36161	52680
4226	20199	20200	18321	22169	16708	24021	15778	25165	14992	26180
4505	17552	17553	15804	19391	14309	21126	13450	22199	12725	23154
4225	20322	20323	18438	22298	16820	24155	15887	25302	15098	26320
5716	27261	27262	25072	29542	23179	31674	22081	32986	21150	34147
5916	38831	38832	36209	41544	33927	44066	32596	45611	31462	46974
4300	12971	12972	11475	14559	10206	16067	9483	17004	8876	17841
5815	5406	5407	4457	6447	3680	7463	3251	8107	2899	8687
9004	23016	23017	21008	25115	19278	27085	18279	28298	17432	29375
5715	18474	18475	16680	20360	15143	22136	14258	23235	13512	24211
3330	16996	16997	15277	18807	13807	20516	12964	21574	12252	22515
6506	18352	18353	16564	20232	15032	22003	14151	23098	13407	24071
5915	21405	21406	19470	23431	17806	25335	16846	26509	16034	27551
3905	11953	11954	10519	13479	9306	14931	8615	15836	8037	16644
4130	19902	19903	18038	21857	16438	23697	15516	24833	14737	25842
6930	10981	10982	9608	12445	8450	13843	7793	14714	7244	15493
3825	23084	23085	21073	25187	19341	27158	18339	28374	17491	29451
4120	22211	22212	20239	24274	18542	26211	17562	27405	16732	28464
3816	26857	26858	24684	29121	22806	31239	21718	32541	20794	33695
4210	30408	30409	28093	32814	26087	35060	24922	36439	23932	37659
9016	16712	16713	15008	18508	13552	20203	12716	21254	12011	22188
4005	17745	17746	15988	19594	14483	21338	13619	22416	12889	23375
4230	13638	13639	12103	15265	10799	16808	10054	17767	9429	18622
3815	21324	21325	19393	23347	17733	25246	16774	26419	15964	27459
3705	34542	34543	32072	37104	29926	39489	28677	40952	27614	42245
3900	7867	7868	6712	9113	5751	10314	5211	11069	4763	11745
4110	23887	23888	21841	26025	20076	28029	19056	29263	18191	30358
3416	26448	26449	24292	28695	22429	30798	21350	32091	20434	33236
3413	12137	12138	10691	13674	9468	15137	8772	16048	8188	16861
3706	19250	19251	17418	21174	15846	22985	14941	24104	14176	25098
3600	24252	24253	22190	26406	20411	28424	19382	29667	18510	30769
3415	32721	32722	30318	35215	28233	37540	27020	38967	25988	40228
3320	33014	33015	30600	35519	28505	37854	27287	39287	26250	40553
3505	46663	46665	43785	49633	41271	52386	39802	54069	38548	55553
3414	29850	29851	27557	32235	25570	34461	24417	35828	23437	37038
6900	10560	10561	9215	11997	8082	13369	7439	14226	6903	14992
2940	24230	24231	22169	26383	20391	28400	19362	29643	18491	30744
2216	22645	22646	20654	24728	18939	26682	17948	27887	17109	28955
3046	25416	25417	23304	27620	21480	29683	20424	30953	19528	32078
2225	20729	20730	18826	22724	17190	24599	16247	25756	15449	26783
3426	25814	25815	23685	28035	21846	30113	20781	31392	19877	32525
3427	26597	26598	24435	28850	22567	30958	21484	32255	20565	33403
3045	31621	31622	29260	34074	27211	36361	26022	37766	25009	39007
3310	28653	28654	26407	30990	24463	33173	23336	34515	22378	35703
3030	52808	52810	49743	55965	47061	58886	45492	60669	44150	62240
3130	17878	17879	16114	19734	14603	21484	13735	22566	13003	23528
3010	47418	47420	44516	50412	41981	53186	40500	54881	39234	56376
3020	25757	25758	23630	27975	21793	30052	20730	31329	19827	32461
3425	24471	24472	22399	26634	20612	28661	19578	29909	18701	31016
2100	22265	22266	20291	24331	18592	26269	17610	27465	16779	28525
1606	13841	13842	12294	15479	10980	17033	10229	17999	9598	18859
2215	20271	20272	18390	22244	16773	24100	15842	25245	15054	26262
1720	29793	29794	27502	32175	25518	34399	24366	35765	23386	36974
3120	26685	26686	24520	28942	22648	31053	21563	32352	20643	33502
1900	968	968	593	1435	333	1934	213	2268	131	2580
3110	10013	10014	8704	11413	7604	12753	6981	13590	6462	14339
3200	24065	24066	22011	26211	20239	28222	19215	29460	18346	30558
1605	18082	18083	16308	19948	14788	21707	13914	22795	13177	23762
2000	14952	14953	13343	16653	11972	18263	11187	19262	10526	20152
1820	8625	8626	7414	9928	6401	11180	5831	11964	5357	12668
1200	20443	20444	18553	22424	16930	24287	15994	25437	15203	26458
1710	25849	25850	23718	28071	21878	30151	20812	31431	19908	32564
1810	5307	5308	4367	6339	3598	7347	3174	7985	2827	8562
900	12095	12096	10652	13630	9431	15090	8736	15999	8154	16811
806	40411	40412	37736	43178	35405	45748	34045	47322	32886	48711
1506	25273	25274	23167	27471	21348	29529	20296	30795	19403	31918
1410	12706	12707	11226	14278	9971	15772	9256	16701	8657	17530
1505	23112	23113	21100	25216	19366	27189	18364	28405	17516	29483
1330	24001	24002	21950	26144	20181	28152	19158	29389	18291	30486
1000	10377	10378	9044	11802	7922	13163	7286	14013	6755	14774
1320	18462	18463	16669	20347	15132	22123	14248	23221	13501	24197
1420	17879	17880	16115	19735	14604	21485	13736	22567	13003	23529
1130	6992	6993	5906	8170	5006	9309	4503	10026	4088	10671
1116	20339	20340	18454	22315	16835	24174	15902	25321	15113	26340
1310	28110	28111	25886	30425	23962	32589	22846	33919	21898	35096
805	26585	26586	24424	28838	22556	30945	21473	32242	20555	33390
1115	18101	18102	16326	19968	14805	21728	13931	22816	13193	23784
205	13668	13669	12131	15296	10826	16841	10080	17801	9454	18657
136	11699	11700	10281	13209	9082	14647	8400	15543	7829	16344
1120	41250	41251	38546	44045	36190	46641	34816	48229	33643	49631
705	26827	26828	24656	29090	22779	31206	21691	32508	20768	33661
120	12946	12947	11452	14532	10184	16039	9461	16976	8855	17812
325	26775	26776	24606	29036	22731	31150	21644	32451	20722	33603
135	17950	17951	16182	19809	14669	21562	13798	22647	13064	23611
706	14831	14832	13228	16525	11863	18130	11082	19125	10425	20012
206	13943	13944	12390	15587	11071	17146	10316	18115	9683	18978
2910	4439	4439	3583	5387	2890	6319	2511	6912	2204	7449
315	15872	15873	14212	17623	12796	19279	11984	20305	11301	21218
2935	7972	7973	6809	9226	5840	10435	5296	11193	4845	11874
605	28170	28171	25944	30488	24017	32654	22900	33985	21951	35163
606	31776	31777	29409	34235	27355	36528	26162	37935	25147	39180
506	33622	33623	31186	36150	29070	38505	27840	39950	26792	41227
110	5175	5176	4247	6195	3490	7191	3072	7823	2731	8394
505	61364	61366	58057	64763	55156	67903	53456	69817	52001	71502
2936	7444	7445	6322	8658	5390	9829	4868	10566	4435	11227
405	32302	32303	29915	34781	27843	37091	26640	38510	25615	39763
2926	27450	27451	25253	29739	23353	31878	22252	33194	21316	34359
2925	18698	18699	16893	20595	15345	22382	14455	23486	13703	24467
2927	10898	10899	9531	12357	8378	13749	7723	14618	7176	15394
