faz_id mean median lower_50 upper_50 lower_80 upper_80 lower_90 upper_90 lower_95 upper_95
8935	4933	4933	4562	5319	4240	5679	4053	5900	3894	6095
8927	2089	2089	1850	2343	1647	2583	1531	2733	1434	2867
8926	5753	5753	5351	6169	5002	6556	4799	6793	4626	7003
8936	6994	6994	6551	7452	6164	7877	5938	8137	5745	8366
8500	7695	7695	7229	8175	6823	8620	6585	8892	6382	9131
8406	683	683	549	831	442	977	383	1070	335	1154
8320	4699	4699	4337	5076	4023	5427	3841	5644	3686	5835
8925	5825	5825	5421	6244	5069	6633	4865	6872	4690	7083
8937	5672	5672	5273	6085	4927	6470	4725	6705	4553	6914
8405	5883	5883	5477	6304	5124	6695	4918	6935	4742	7146
8310	13010	13010	12402	13632	11868	14205	11554	14553	11284	14859
8910	6288	6288	5868	6723	5502	7127	5289	7374	5107	7592
7905	9373	9373	8858	9902	8407	10391	8143	10689	7917	10952
7606	1675	1675	1462	1903	1282	2120	1180	2256	1095	2378
7805	8160	8160	7680	8654	7261	9112	7016	9391	6806	9637
8220	8611	8611	8118	9118	7687	9588	7434	9874	7218	10127
8000	5984	5984	5574	6408	5218	6803	5010	7044	4833	7258
8906	3279	3279	2978	3595	2719	3892	2569	4075	2443	4238
8210	5683	5683	5284	6097	4937	6481	4735	6717	4563	6926
9020	7782	7782	7314	8265	6905	8712	6665	8985	6461	9226
8125	8015	8015	7540	8505	7124	8958	6881	9235	6673	9479
8126	6308	6308	5887	6743	5521	7148	5307	7395	5125	7614
8905	3660	3660	3341	3993	3066	4306	2908	4499	2773	4670
7806	2472	2472	2211	2747	1989	3008	1862	3169	1754	3313
7700	3628	3628	3311	3960	3037	4271	2879	4463	2745	4633
7526	6312	6312	5891	6747	5524	7152	5311	7400	5128	7618
7340	10500	10500	9955	11060	9477	11576	9196	11891	8956	12167
7605	749	749	609	904	495	1056	432	1152	381	1239
7537	12339	12339	11748	12945	11227	13503	10922	13843	10660	14141
8115	14465	14465	13824	15121	13259	15723	12927	16090	12642	16411
7335	15256	15256	14598	15929	14017	16548	13675	16923	13382	17253
8600	7076	7076	6630	7537	6241	7964	6013	8225	5819	8456
7425	10485	10485	9940	11044	9462	11560	9182	11875	8942	12151
7535	13446	13446	12828	14078	12284	14660	11965	15014	11690	15325
7525	6366	6366	5943	6803	5575	7210	5360	7458	5177	7678
7436	2204	2204	1958	2464	1749	2711	1630	2864	1530	3001
9019	6850	6850	6411	7303	6028	7724	5805	7981	5614	8208
7026	4255	4255	3911	4614	3613	4949	3441	5156	3294	5339
7205	5991	5991	5581	6415	5224	6810	5017	7052	4839	7265
7515	2265	2265	2016	2529	1804	2779	1682	2934	1581	3072
7320	11837	11837	11258	12431	10749	12978	10450	13311	10193	13603
7206	8024	8024	7548	8514	7133	8968	6889	9245	6682	9489
7315	7038	7038	6593	7497	6205	7924	5978	8184	5785	8414
7435	3145	3145	2850	3455	2597	3746	2451	3926	2328	4085
7316	8226	8226	7744	8722	7323	9181	7077	9462	6866	9709
7025	10292	10292	9752	10846	9279	11357	9001	11669	8764	11943
7415	4781	4781	4416	5161	4099	5516	3915	5733	3759	5926
7100	13006	13006	12399	13628	11864	14200	11550	14549	11280	14855
7015	7956	7956	7483	8444	7069	8896	6826	9172	6620	9415
9908	1185	1185	1007	1378	859	1564	776	1681	707	1786
6410	18548	18548	17821	19289	17179	19969	16801	20382	16475	20744
6420	16325	16325	15644	17021	15042	17660	14688	18048	14384	18389
5535	12255	12255	11666	12859	11147	13415	10843	13754	10581	14051
5600	7010	7010	6566	7469	6179	7894	5952	8154	5759	8384
5546	7433	7433	6976	7905	6576	8342	6343	8610	6143	8846
4706	5256	5256	4873	5654	4540	6025	4346	6252	4181	6454
6605	4528	4528	4173	4898	3865	5244	3686	5456	3535	5644
6910	1950	1950	1719	2195	1524	2429	1413	2574	1319	2703
6606	2231	2231	1984	2493	1773	2741	1653	2895	1552	3033
9909	2220	2220	1973	2481	1764	2729	1644	2883	1543	3020
9011	4744	4744	4380	5122	4065	5476	3882	5693	3726	5885
5525	6757	6757	6321	7207	5941	7625	5719	7881	5530	8107
5515	11983	11983	11400	12580	10888	13131	10587	13466	10329	13760
6326	12046	12046	11462	12645	10948	13197	10646	13532	10387	13827
9914	7632	7632	7168	8110	6763	8553	6527	8824	6324	9063
5545	6171	6171	5755	6602	5393	7002	5181	7247	5001	7464
6223	13789	13789	13163	14429	12612	15018	12288	15376	12010	15691
5306	11157	11157	10595	11734	10101	12265	9811	12589	9563	12874
6325	16854	16854	16162	17561	15550	18210	15190	18604	14881	18950
9009	2117	2117	1876	2372	1672	2615	1555	2765	1457	2899
9006	4662	4662	4301	5037	3989	5388	3807	5603	3653	5793
6225	11002	11002	10444	11575	9954	12103	9666	12424	9420	12707
9018	8858	8858	8358	9373	7920	9848	7664	10139	7444	10394
5425	18132	18132	17413	18865	16779	19538	16405	19946	16083	20304
5305	13133	13133	12523	13758	11985	14333	11669	14683	11398	14990
5426	8612	8612	8119	9119	7688	9589	7435	9875	7219	10128
6226	14805	14805	14156	15468	13585	16078	13248	16448	12960	16773
6126	6042	6042	5630	6468	5272	6864	5063	7107	4885	7322
6224	11402	11402	10834	11985	10334	12522	10041	12849	9790	13137
6216	6922	6922	6481	7378	6096	7801	5871	8059	5680	8287
6316	15758	15758	15089	16442	14498	17070	14151	17452	13852	17787
6215	12167	12167	11580	12769	11063	13323	10760	13661	10500	13957
5100	3087	3087	2795	3394	2544	3682	2400	3861	2278	4019
6213	10197	10197	9660	10749	9189	11258	8913	11568	8676	11841
9005	2294	2294	2043	2559	1830	2811	1707	2967	1605	3106
6124	14861	14861	14211	15525	13638	16136	13301	16507	13012	16833
6125	5601	5601	5205	6012	4861	6394	4660	6628	4490	6835
6214	235	235	160	325	104	418	77	480	56	537
5415	6253	6253	5834	6686	5469	7089	5257	7336	5075	7554
5205	5983	5983	5573	6407	5217	6802	5009	7043	4832	7257
9916	6604	6604	6173	7049	5798	7463	5579	7716	5392	7939
9913	3454	3454	3144	3778	2878	4082	2724	4270	2594	4436
9915	8986	8986	8482	9504	8041	9983	7783	10276	7562	10533
4606	9760	9760	9235	10300	8774	10798	8504	11102	8273	11370
6115	11813	11813	11234	12406	10726	12953	10427	13285	10171	13578
4820	3757	3757	3434	4095	3155	4411	2994	4606	2858	4779
9017	1508	1508	1306	1725	1136	1932	1041	2062	961	2178
6123	12662	12662	12063	13276	11536	13841	11226	14185	10960	14487
6114	17910	17910	17196	18639	16565	19307	16194	19713	15874	20069
4607	10230	10230	9692	10782	9220	11292	8943	11603	8706	11877
6505	4865	4865	4496	5248	4177	5606	3991	5825	3833	6020
5020	10576	10576	10029	11138	9549	11656	9267	11971	9026	12249
6113	27444	27444	26558	28344	25773	29167	25309	29665	24909	30102
5010	8905	8905	8404	9421	7965	9898	7707	10189	7488	10445
6020	15064	15064	14410	15733	13833	16348	13493	16721	13202	17049
4900	8012	8012	7537	8502	7121	8955	6878	9232	6671	9476
6010	9797	9797	9271	10338	8809	10837	8539	11142	8307	11410
4400	9694	9694	9171	10232	8712	10729	8443	11032	8212	11298
9900	4582	4582	4224	4954	3915	5302	3735	5515	3583	5704
9904	6083	6083	5670	6511	5310	6908	5101	7152	4922	7367
9902	13866	13866	13239	14508	12686	15098	12361	15457	12082	15773
4810	4733	4733	4369	5111	4054	5464	3872	5681	3716	5873
5720	19498	19498	18753	20258	18094	20955	17705	21377	17371	21748
9901	3420	3420	3112	3742	2847	4045	2694	4232	2565	4398
5826	3259	3259	2959	3574	2700	3870	2552	4053	2426	4215
5825	1926	1926	1697	2170	1503	2402	1392	2546	1300	2675
5925	11436	11436	10867	12020	10367	12558	10073	12885	9821	13173
9015	5891	5891	5485	6312	5131	6703	4925	6943	4750	7155
4506	7570	7570	7108	8046	6705	8488	6469	8757	6268	8995
4605	10513	10513	9968	11073	9489	11590	9208	11904	8968	12181
9002	15618	15618	14952	16299	14364	16924	14018	17304	13721	17638
4226	7178	7178	6729	7642	6336	8072	6107	8335	5912	8567
4505	5998	5998	5588	6423	5231	6818	5023	7060	4846	7273
4225	6996	6996	6552	7454	6165	7879	5939	8139	5747	8368
5716	10976	10976	10419	11548	9929	12075	9642	12397	9396	12679
5916	14605	14605	13961	15264	13393	15869	13059	16237	12772	16560
4300	5222	5222	4840	5619	4508	5988	4315	6215	4151	6416
5815	2168	2168	1924	2426	1717	2671	1599	2823	1500	2959
9004	7242	7242	6791	7708	6396	8140	6166	8404	5970	8637
5715	8089	8089	7612	8581	7194	9037	6950	9315	6741	9560
3330	5432	5432	5042	5837	4703	6213	4506	6444	4338	6648
6506	6133	6133	5718	6562	5357	6961	5147	7206	4967	7422
5915	8002	8002	7527	8491	7112	8945	6869	9221	6661	9465
3905	4500	4500	4146	4869	3839	5213	3661	5425	3510	5613
4130	8726	8726	8230	9237	7795	9709	7541	9997	7323	10251
6930	4536	4536	4180	4906	3872	5252	3694	5465	3542	5653
3825	8558	8558	8067	9064	7637	9532	7385	9818	7170	10069
4120	8919	8919	8417	9435	7978	9913	7720	10204	7500	10460
3816	10140	10140	9605	10690	9135	11198	8859	11507	8623	11780
4210	10184	10184	9647	10735	9176	11244	8900	11554	8664	11827
9016	5012	5012	4638	5401	4313	5763	4124	5986	3964	6183
4005	6137	6137	5722	6566	5361	6966	5150	7210	4971	7426
4230	4394	4394	4044	4759	3741	5099	3566	5309	3417	5494
3815	8841	8841	8341	9355	7904	9830	7648	10120	7429	10376
3705	13615	13615	12993	14251	12446	14837	12124	15192	11848	15505
3900	3034	3034	2744	3338	2496	3624	2353	3801	2232	3959
4110	8683	8683	8188	9193	7755	9664	7501	9951	7284	10205
3416	9496	9496	8978	10028	8524	10520	8258	10820	8030	11085
3413	3813	3813	3487	4153	3207	4472	3044	4668	2907	4842
3706	7311	7311	6857	7779	6461	8213	6230	8478	6032	8712
3600	9546	9546	9027	10080	8571	10573	8305	10874	8076	11139
3415	11010	11010	10452	11583	9961	12111	9674	12433	9427	12716
3320	10896	10896	10341	11466	9853	11992	9567	12312	9322	12593
3505	18056	18056	17339	18788	16706	19459	16332	19866	16012	20223
3414	10506	10506	9961	11066	9482	11582	9202	11897	8961	12174
6900	3390	3390	3083	3711	2820	4013	2668	4199	2539	4364
2940	7197	7197	6747	7662	6354	8092	6125	8356	5929	8588
2216	7526	7526	7066	8001	6664	8441	6429	8710	6228	8947
3046	10354	10354	9813	10910	9338	11423	9059	11735	8821	12010
2225	6805	6805	6368	7257	5986	7676	5764	7933	5574	8159
3426	7880	7880	7409	8366	6997	8816	6756	9090	6550	9333
3427	8963	8963	8460	9481	8019	9959	7761	10251	7541	10508
3045	11793	11793	11215	12386	10707	12932	10408	13264	10153	13556
3310	7353	7353	6898	7822	6501	8258	6269	8524	6071	8758
3030	16020	16020	15345	16709	14750	17343	14399	17727	14098	18065
3130	7526	7526	7066	8001	6664	8441	6429	8710	6228	8947
3010	16824	16824	16132	17530	15522	18179	15162	18573	14853	18918
3020	10712	10712	10161	11277	9678	11798	9394	12116	9151	12395
3425	7803	7803	7334	8286	6924	8734	6685	9008	6480	9249
2100	7843	7843	7373	8328	6962	8776	6722	9051	6516	9292
1606	5864	5864	5459	6284	5106	6675	4900	6914	4725	7125
2215	7478	7478	7019	7951	6618	8390	6384	8658	6184	8895
1720	11554	11554	10982	12141	10479	12681	10184	13011	9931	13300
3120	9948	9948	9418	10493	8953	10996	8680	11303	8446	11573
1900	553	553	434	687	338	820	287	905	246	983
3110	3597	3597	3281	3928	3009	4238	2852	4429	2718	4598
3200	8352	8352	7867	8852	7442	9314	7194	9597	6981	9846
1605	8188	8188	7708	8683	7287	9141	7041	9421	6831	9668
2000	5236	5236	4853	5633	4521	6003	4328	6231	4163	6431
1820	4741	4741	4377	5119	4062	5473	3879	5690	3723	5881
1200	7377	7377	6921	7847	6523	8283	6291	8550	6092	8784
1710	9536	9536	9017	10070	8562	10563	8295	10863	8067	11128
1810	1903	1903	1675	2145	1482	2376	1373	2520	1281	2648
900	4598	4598	4240	4971	3930	5319	3750	5533	3597	5722
806	12424	12424	11830	13032	11308	13592	11002	13933	10739	14232
1506	9696	9696	9173	10234	8714	10731	8445	11034	8214	11301
1410	4943	4943	4571	5329	4249	5689	4062	5911	3903	6106
1505	9141	9141	8633	9664	8188	10147	7927	10441	7704	10701
1330	8418	8418	7931	8920	7504	9384	7255	9668	7042	9917
1000	3910	3910	3580	4254	3296	4577	3131	4775	2991	4951
1320	7362	7362	6907	7832	6509	8267	6277	8533	6079	8768
1420	5661	5661	5263	6074	4916	6458	4715	6693	4543	6902
1130	2615	2615	2347	2898	2117	3165	1986	3331	1875	3478
1116	7612	7612	7149	8090	6744	8532	6508	8802	6306	9041
1310	10561	10561	10014	11122	9534	11640	9253	11955	9012	12233
805	8500	8500	8010	9004	7582	9471	7331	9755	7117	10006
1115	5616	5616	5219	6027	4875	6410	4674	6645	4503	6852
205	5843	5843	5438	6262	5086	6652	4881	6891	4706	7102
136	5088	5088	4711	5480	4384	5845	4193	6069	4032	6267
1120	14325	14325	13687	14977	13125	15577	12795	15942	12511	16262
705	7572	7572	7110	8048	6707	8490	6471	8759	6270	8997
120	4937	4937	4566	5323	4243	5683	4056	5904	3897	6100
325	9824	9824	9297	10365	8835	10866	8564	11170	8332	11439
135	6954	6954	6512	7411	6126	7834	5901	8094	5709	8322
706	4941	4941	4569	5327	4247	5687	4060	5908	3901	6104
206	6005	6005	5595	6430	5237	6825	5029	7067	4852	7281
2910	1392	1392	1198	1600	1036	1800	945	1926	869	2038
315	6158	6158	5742	6588	5380	6988	5169	7233	4990	7449
2935	2219	2219	1972	2480	1763	2728	1643	2882	1542	3019
605	9106	9106	8599	9628	8155	10110	7895	10404	7672	10663
606	9316	9316	8803	9843	8353	10331	8090	10628	7865	10890
506	9864	9864	9336	10407	8873	10908	8601	11213	8369	11482
110	2177	2177	1933	2436	1725	2681	1607	2834	1507	2970
505	17495	17495	16789	18215	16166	18876	15799	19277	15484	19629
2936	2696	2696	2423	2983	2190	3254	2057	3422	1944	3571
405	9822	9822	9295	10363	8833	10863	8562	11168	8330	11437
2926	9048	9048	8543	9568	8100	10049	7841	10342	7619	10600
2925	5896	5896	5489	6317	5136	6709	4930	6949	4754	7161
2927	2974	2974	2687	3275	2442	3559	2300	3734	2181	3890
