faz_id mean median lower_50 upper_50 lower_80 upper_80 lower_90 upper_90 lower_95 upper_95
8935	4816	4816	4209	5464	3698	6082	3408	6467	3165	6812
8927	1180	1180	890	1511	664	1844	544	2059	450	2255
8926	1989	1989	1606	2412	1297	2829	1127	3094	990	3334
8936	3468	3468	2956	4021	2530	4553	2291	4888	2093	5188
8500	11746	11747	10787	12746	9958	13681	9478	14257	9071	14767
8406	258	258	133	424	56	608	25	734	9	853
8320	9776	9776	8903	10690	8151	11548	7718	12077	7350	12547
8925	2538	2538	2103	3014	1746	3477	1549	3770	1387	4034
8937	7283	7283	6532	8075	5891	8823	5523	9286	5213	9698
8405	871	871	625	1158	438	1452	342	1643	268	1819
8310	9925	9925	9045	10846	8288	11710	7850	12243	7480	12715
8910	2891	2891	2426	3397	2041	3888	1827	4198	1651	4476
7905	4914	4914	4301	5568	3784	6192	3490	6581	3245	6929
7606	802	802	566	1078	389	1362	299	1548	230	1719
7805	3019	3019	2543	3536	2149	4037	1929	4352	1748	4635
8220	11717	11718	10759	12716	9932	13650	9452	14225	9045	14734
8000	38425	38426	36674	40217	35132	41866	34225	42868	33447	43749
8906	1261	1261	961	1602	725	1945	600	2165	501	2367
8210	21644	21645	20335	22994	19191	24245	18522	25009	17951	25683
9020	3837	3837	3298	4417	2847	4975	2593	5324	2382	5637
8125	5914	5914	5239	6629	4667	7309	4340	7731	4066	8107
8126	7745	7745	6970	8561	6307	9330	5926	9807	5605	10230
8905	1041	1041	770	1353	561	1669	451	1874	366	2061
7806	1537	1537	1203	1912	937	2284	794	2523	679	2740
7700	5583	5583	4928	6279	4373	6940	4057	7352	3792	7719
7526	9020	9020	8182	9899	7462	10725	7048	11235	6697	11688
7340	3754	3754	3221	4328	2775	4880	2525	5226	2317	5537
7605	1082	1082	805	1400	591	1721	478	1929	390	2119
7537	16170	16171	15041	17340	14060	18428	13488	19095	13001	19684
8115	10943	10944	10018	11909	9220	12814	8758	13371	8367	13864
7335	11481	11482	10533	12470	9714	13395	9240	13965	8838	14469
8600	11215	11216	10278	12192	9470	13108	9002	13671	8605	14170
7425	3643	3643	3118	4209	2680	4753	2434	5095	2230	5402
7535	6179	6179	5489	6910	4903	7603	4568	8033	4286	8417
7525	2295	2295	1882	2748	1546	3192	1360	3473	1209	3726
7436	2278	2278	1867	2730	1532	3172	1347	3452	1196	3705
9019	4779	4779	4175	5424	3665	6040	3376	6425	3135	6768
7026	1714	1714	1360	2109	1077	2499	923	2748	799	2975
7205	8317	8317	7513	9162	6824	9957	6428	10449	6093	10886
7515	7740	7740	6965	8555	6303	9325	5922	9801	5601	10224
7320	8678	8678	7857	9540	7152	10352	6746	10853	6403	11299
7206	17856	17857	16669	19084	15635	20225	15032	20923	14517	21540
7315	4793	4793	4188	5439	3678	6056	3388	6441	3146	6785
7435	4416	4416	3836	5037	3348	5631	3072	6003	2842	6335
7316	4460	4460	3877	5084	3387	5681	3109	6054	2878	6388
7025	11382	11383	10438	12367	9623	13288	9152	13855	8751	14358
7415	13891	13892	12846	14977	11940	15989	11414	16611	10967	17161
7100	10434	10435	9531	11378	8753	12262	8304	12807	7922	13291
7015	5838	5838	5168	6549	4599	7224	4275	7644	4003	8018
9908	4299	4299	3727	4912	3247	5499	2975	5866	2749	6195
6410	15280	15281	14183	16418	13231	17477	12676	18127	12204	18701
6420	8668	8668	7847	9530	7143	10341	6737	10842	6394	11287
5535	5886	5886	5213	6600	4642	7278	4316	7699	4043	8075
5600	14828	14829	13748	15949	12810	16993	12265	17634	11801	18200
5546	13249	13250	12229	14310	11346	15300	10833	15908	10397	16446
4706	2202	2202	1798	2646	1470	3082	1289	3358	1142	3608
6605	2611	2611	2170	3093	1807	3562	1606	3859	1441	4126
6910	845	845	603	1128	419	1418	326	1607	254	1781
6606	1183	1183	893	1514	666	1848	546	2063	452	2259
9909	1126	1126	843	1450	623	1776	508	1987	417	2180
9011	6418	6418	5714	7162	5116	7868	4773	8306	4485	8696
5525	6495	6495	5787	7244	5184	7953	4840	8393	4550	8785
5515	5329	5329	4690	6009	4149	6657	3841	7060	3583	7420
6326	11674	11675	10718	12671	9892	13604	9414	14177	9007	14686
9914	3826	3826	3287	4405	2837	4962	2584	5311	2373	5624
5545	4514	4514	3927	5142	3434	5742	3154	6117	2921	6452
6223	8206	8206	7408	9045	6724	9836	6330	10325	5998	10759
5306	18847	18848	17627	20108	16563	21279	15942	21995	15412	22627
6325	7419	7419	6661	8218	6013	8972	5642	9439	5328	9855
9009	2452	2452	2025	2920	1675	3376	1482	3665	1323	3926
9006	2059	2059	1669	2489	1353	2912	1180	3181	1039	3424
6225	16181	16182	15052	17351	14070	18440	13498	19107	13011	19696
9018	11515	11516	10566	12505	9746	13432	9271	14002	8868	14507
5425	31151	31152	29576	32766	28193	34256	27382	35164	26686	35961
5305	23474	23475	22110	24879	20916	26179	20218	26973	19621	27673
5426	16244	16245	15113	17416	14129	18507	13556	19175	13068	19766
6226	6845	6845	6118	7613	5498	8340	5143	8790	4844	9192
6126	2947	2947	2477	3458	2088	3953	1872	4265	1693	4546
6224	7504	7504	6742	8307	6090	9066	5716	9535	5400	9953
6216	9537	9537	8675	10440	7933	11288	7506	11811	7143	12276
6316	19965	19966	18708	21262	17612	22466	16971	23202	16425	23851
6215	16295	16296	15162	17469	14176	18561	13602	19231	13113	19822
5100	1692	1692	1341	2084	1059	2472	907	2720	784	2946
6213	15445	15446	14342	16589	13384	17653	12827	18306	12352	18883
9005	514	514	330	739	198	977	136	1135	91	1282
6124	13019	13020	12008	14071	11133	15053	10625	15656	10193	16190
6125	10858	10859	9937	11820	9142	12722	8682	13277	8292	13769
6214	29749	29750	28211	31328	26860	32785	26068	33673	25389	34454
5415	62329	62330	60093	64606	58115	66691	56947	67954	55941	69062
5205	36120	36121	34423	37858	32929	39458	32052	40431	31299	41287
9916	2405	2405	1982	2869	1636	3321	1445	3608	1289	3866
9913	5721	5721	5058	6425	4496	7094	4175	7510	3906	7881
9915	3418	3418	2910	3967	2488	4496	2251	4828	2054	5127
4606	3410	3410	2903	3958	2481	4487	2244	4819	2048	5117
6115	9129	9129	8286	10013	7562	10844	7144	11357	6791	11812
4820	6082	6082	5398	6807	4816	7495	4484	7923	4205	8304
9017	264	264	138	431	59	617	27	744	10	864
6123	60070	60071	57875	62305	55934	64353	54788	65595	53802	66683
6114	21131	21132	19838	22465	18708	23702	18048	24457	17484	25123
4607	6379	6379	5678	7121	5081	7825	4740	8261	4453	8650
6505	2870	2870	2406	3375	2024	3864	1810	4173	1635	4450
5020	8626	8626	7807	9486	7104	10295	6700	10795	6358	11239
6113	40810	40811	39005	42656	37414	44354	36478	45385	35674	46291
5010	16994	16995	15836	18193	14829	19307	14242	19989	13741	20592
6020	66527	66528	64216	68878	62171	71031	60962	72335	59922	73477
4900	56167	56168	54046	58329	52170	60311	51064	61513	50112	62567
6010	123485	123487	120330	126681	117523	129595	115860	131353	114424	132892
4400	9804	9804	8930	10719	8177	11578	7743	12108	7375	12578
9900	2000	2000	1616	2425	1306	2842	1136	3107	997	3348
9904	7204	7204	6457	7991	5820	8736	5454	9197	5146	9607
9902	23941	23942	22563	25360	21357	26672	20651	27474	20048	28179
4810	7928	7928	7144	8753	6472	9531	6087	10012	5761	10440
5720	11566	11567	10615	12558	9793	13487	9317	14058	8913	14565
9901	4619	4619	4025	5254	3525	5860	3242	6239	3006	6578
5826	8285	8285	7483	9128	6795	9922	6400	10413	6066	10849
5825	50616	50617	48603	52670	46825	54554	45778	55697	44877	56700
5925	19789	19790	18538	21081	17447	22279	16809	23012	16265	23658
9015	1858	1858	1489	2268	1191	2672	1029	2930	898	3163
4506	31819	31820	30227	33451	28829	34957	28008	35873	27304	36679
4605	20935	20936	19648	22263	18524	23494	17867	24246	17306	24910
9002	9863	9863	8986	10781	8231	11643	7795	12174	7426	12645
4226	3628	3628	3104	4193	2667	4736	2422	5077	2218	5383
4505	1484	1484	1156	1853	896	2219	756	2455	644	2669
4225	3237	3237	2743	3772	2334	4288	2104	4613	1915	4905
5716	8289	8289	7487	9132	6799	9927	6403	10418	6069	10854
5916	8277	8277	7475	9120	6788	9913	6393	10404	6059	10840
4300	18221	18222	17022	19461	15976	20613	15367	21318	14847	21941
5815	27807	27808	26320	29334	25017	30745	24252	31605	23598	32361
9004	5521	5521	4870	6213	4319	6871	4004	7281	3741	7646
5715	2189	2189	1787	2632	1459	3066	1279	3342	1132	3591
3330	2374	2374	1954	2835	1611	3285	1421	3570	1266	3827
6506	6807	6807	6082	7573	5464	8298	5110	8747	4812	9148
5915	5232	5232	4599	5906	4063	6548	3759	6948	3504	7305
3905	20346	20347	19077	21655	17970	22870	17323	23612	16770	24267
4130	24483	24484	23089	25917	21869	27244	21155	28054	20544	28767
6930	3702	3702	3173	4272	2731	4821	2482	5165	2276	5473
3825	8063	8063	7272	8895	6594	9679	6205	10164	5876	10595
4120	4032	4032	3479	4626	3015	5196	2754	5553	2536	5873
3816	4227	4227	3660	4835	3184	5417	2915	5782	2691	6108
4210	5880	5880	5207	6593	4637	7271	4311	7692	4038	8068
9016	1952	1952	1573	2372	1267	2785	1099	3048	964	3286
4005	2201	2201	1797	2645	1469	3081	1288	3357	1141	3606
4230	2012	2012	1627	2438	1315	2856	1145	3122	1006	3363
3815	10300	10300	9403	11238	8631	12117	8184	12659	7806	13139
3705	37905	37906	36166	39685	34635	41323	33734	42319	32962	43194
3900	28749	28750	27237	30302	25910	31735	25133	32608	24466	33377
4110	36927	36928	35211	38684	33700	40301	32812	41285	32050	42149
3416	3283	3283	2786	3821	2373	4341	2141	4668	1950	4961
3413	1522	1522	1190	1895	926	2266	783	2504	669	2720
3706	4224	4224	3657	4832	3181	5414	2913	5778	2689	6104
3600	60254	60255	58056	62493	56112	64544	54964	65787	53976	66877
3415	4946	4946	4331	5602	3812	6228	3517	6618	3271	6967
3320	5656	5656	4997	6356	4438	7022	4120	7435	3852	7805
3505	21606	21607	20298	22955	19155	24204	18487	24968	17916	25641
3414	3109	3109	2626	3633	2225	4140	2001	4460	1816	4747
6900	1930	1930	1553	2347	1249	2758	1083	3020	948	3257
2940	3504	3504	2989	4059	2561	4594	2321	4930	2121	5232
2216	4319	4319	3745	4933	3264	5522	2992	5889	2765	6219
3046	8972	8972	8136	9848	7419	10673	7005	11182	6656	11634
2225	7565	7565	6799	8371	6145	9133	5769	9604	5452	10023
3426	2939	2939	2469	3449	2082	3944	1865	4256	1687	4536
3427	6296	6296	5599	7033	5007	7733	4668	8167	4384	8554
3045	4312	4312	3739	4926	3258	5514	2986	5881	2759	6210
3310	4075	4075	3519	4672	3052	5245	2789	5604	2570	5925
3030	10294	10294	9398	11231	8625	12110	8179	12652	7801	13133
3130	25500	25501	24077	26964	22831	28317	22101	29142	21476	29869
3010	11529	11530	10579	12520	9758	13447	9283	14018	8880	14523
3020	22803	22804	21459	24188	20283	25470	19595	26254	19008	26944
3425	3299	3299	2800	3838	2386	4359	2154	4687	1962	4981
2100	2295	2295	1882	2748	1546	3192	1360	3473	1209	3726
1606	3482	3482	2969	4036	2542	4569	2303	4904	2104	5205
2215	7280	7280	6529	8072	5888	8819	5520	9283	5211	9695
1720	6933	6933	6201	7706	5577	8437	5219	8890	4918	9294
3120	17320	17321	16151	18530	15133	19654	14540	20343	14034	20951
1900	15565	15566	14458	16713	13496	17782	12936	18437	12459	19016
3110	3250	3250	2755	3786	2345	4303	2115	4628	1925	4921
3200	7815	7815	7037	8634	6370	9407	5988	9885	5665	10311
1605	7771	7771	6995	8588	6331	9359	5949	9836	5627	10260
2000	15721	15722	14608	16875	13641	17948	13078	18607	12599	19188
1820	25056	25057	23646	26507	22411	27849	21688	28667	21069	29388
1200	6282	6282	5586	7019	4994	7717	4656	8151	4372	8537
1710	13793	13794	12752	14875	11850	15884	11325	16504	10880	17052
1810	14605	14606	13533	15718	12603	16755	12062	17391	11602	17953
900	11981	11982	11012	12991	10175	13935	9689	14516	9277	15030
806	4625	4625	4031	5260	3531	5867	3247	6246	3011	6585
1506	4484	4484	3899	5110	3408	5708	3129	6082	2897	6416
1410	15837	15838	14720	16995	13749	18072	13184	18733	12703	19316
1505	6913	6913	6182	7685	5559	8415	5202	8867	4901	9270
1330	6134	6134	5447	6862	4863	7553	4529	7982	4249	8365
1000	2001	2001	1617	2426	1306	2843	1136	3109	998	3349
1320	5079	5079	4455	5743	3929	6377	3629	6772	3379	7124
1420	15701	15702	14589	16854	13623	17927	13060	18585	12581	19166
1130	2932	2932	2463	3442	2076	3936	1860	4247	1682	4527
1116	8780	8780	7954	9647	7244	10463	6836	10967	6490	11415
1310	6242	6242	5548	6976	4959	7673	4622	8105	4339	8491
805	5444	5444	4798	6131	4250	6785	3939	7192	3678	7555
1115	4778	4778	4174	5423	3664	6039	3376	6423	3134	6767
205	14245	14246	13187	15344	12269	16369	11735	16998	11281	17554
136	4481	4481	3896	5106	3405	5705	3127	6078	2895	6413
1120	13299	13300	12277	14362	11392	15354	10878	15963	10441	16502
705	3490	3490	2977	4044	2549	4578	2309	4914	2110	5215
120	1616	1616	1273	2000	999	2380	851	2624	732	2845
325	6761	6761	6038	7525	5422	8247	5070	8695	4773	9094
135	3185	3185	2695	3715	2289	4228	2062	4551	1875	4841
706	3775	3775	3240	4351	2793	4904	2542	5251	2333	5562
206	8375	8375	7568	9222	6877	10021	6479	10514	6143	10952
2910	1111	1111	830	1433	612	1757	498	1967	408	2159
315	6835	6835	6108	7603	5489	8329	5134	8779	4835	9180
2935	21507	21508	20202	22853	19062	24100	18395	24862	17826	25533
605	4560	4560	3970	5191	3474	5794	3193	6170	2958	6507
606	4393	4393	3814	5012	3328	5605	3053	5976	2824	6307
506	5100	5100	4475	5766	3947	6400	3647	6796	3396	7149
110	1337	1337	1027	1688	783	2039	652	2265	549	2470
505	12110	12111	11136	13125	10294	14074	9805	14658	9391	15174
2936	4051	4051	3496	4647	3032	5218	2769	5576	2551	5896
405	4507	4507	3921	5134	3428	5734	3148	6109	2916	6444
2926	2909	2909	2442	3417	2056	3909	1841	4220	1664	4499
2925	2244	2244	1836	2693	1504	3131	1321	3410	1172	3661
2927	1867	1867	1497	2278	1199	2683	1036	2941	904	3175
