faz_id mean median lower_50 upper_50 lower_80 upper_80 lower_90 upper_90 lower_95 upper_95
8935	5730	5731	5141	6352	4637	6939	4348	7303	4105	7626
8927	2464	2464	2083	2877	1767	3276	1590	3528	1445	3754
8926	6966	6966	6314	7650	5755	8293	5433	8690	5160	9043
8936	7750	7750	7062	8470	6469	9146	6127	9563	5837	9933
8500	9107	9108	8360	9887	7714	10616	7340	11065	7023	11462
8406	1063	1063	818	1340	625	1616	522	1794	440	1956
8320	5358	5359	4789	5960	4303	6529	4025	6882	3791	7196
8925	7109	7110	6451	7800	5885	8449	5559	8850	5283	9206
8937	7914	7914	7218	8642	6619	9324	6273	9745	5980	10119
8405	7582	7583	6902	8295	6316	8964	5978	9377	5692	9743
8310	14238	14239	13300	15209	12482	16110	12005	16662	11598	17149
8910	7732	7732	7044	8451	6453	9126	6111	9543	5822	9912
7905	10879	10879	10060	11729	9351	12522	8939	13009	8588	13440
7606	2016	2016	1673	2391	1391	2757	1235	2988	1107	3196
7805	9719	9719	8946	10523	8278	11275	7890	11737	7561	12147
8220	10338	10338	9540	11167	8850	11941	8449	12417	8108	12838
8000	6463	6463	5836	7122	5299	7743	4989	8127	4728	8468
8906	3659	3659	3191	4159	2797	4636	2574	4934	2387	5201
8210	7961	7962	7263	8691	6662	9376	6315	9798	6021	10172
9020	9096	9097	8349	9875	7704	10604	7330	11053	7013	11450
8125	8687	8687	7957	9448	7327	10161	6963	10601	6654	10990
8126	7894	7894	7199	8621	6601	9303	6255	9723	5963	10096
8905	4107	4107	3610	4636	3191	5139	2952	5453	2752	5733
7806	3367	3367	2919	3847	2543	4307	2330	4594	2153	4852
7700	3682	3682	3212	4183	2817	4662	2593	4961	2406	5228
7526	6589	6590	5956	7255	5413	7881	5100	8269	4836	8613
7340	11384	11385	10547	12254	9820	13064	9398	13562	9038	14001
7605	793	793	584	1034	423	1279	339	1438	273	1583
7537	13083	13084	12184	14014	11402	14880	10946	15411	10558	15879
8115	16167	16167	15166	17200	14292	18158	13781	18743	13345	19260
7335	16667	16667	15650	17715	14762	18687	14243	19281	13799	19805
8600	8025	8026	7325	8758	6721	9445	6372	9869	6077	10244
7425	11682	11682	10833	12563	10097	13383	9668	13886	9303	14331
7535	14660	14660	13707	15644	12877	16558	12392	17118	11979	17611
7525	7721	7721	7034	8440	6443	9114	6101	9531	5812	9900
7436	2336	2337	1966	2739	1659	3129	1488	3375	1347	3596
9019	8159	8159	7452	8897	6843	9590	6491	10016	6193	10395
7026	4358	4358	3846	4902	3412	5419	3165	5741	2958	6028
7205	6648	6649	6012	7317	5467	7946	5152	8335	4887	8680
7515	2499	2499	2115	2915	1797	3317	1619	3570	1472	3797
7320	12847	12847	11956	13770	11181	14628	10730	15154	10346	15618
7206	8615	8616	7889	9374	7262	10084	6899	10522	6592	10910
7315	8265	8265	7554	9008	6940	9705	6586	10134	6286	10515
7435	3441	3441	2988	3926	2607	4391	2392	4681	2212	4941
7316	8776	8776	8042	9541	7409	10258	7043	10699	6732	11090
7025	10753	10754	9940	11599	9235	12388	8825	12872	8477	13301
7415	5519	5519	4941	6129	4447	6706	4164	7064	3926	7382
7100	14606	14606	13655	15588	12826	16501	12342	17059	11930	17552
7015	8338	8338	7623	9084	7007	9784	6651	10215	6349	10597
9908	1197	1198	937	1490	729	1781	617	1968	528	2138
6410	24284	24285	23054	25547	21973	26711	21338	27420	20795	28044
6420	20876	20877	19736	22048	18737	23131	18152	23791	17651	24372
5535	14803	14803	13846	15792	13011	16710	12524	17272	12108	17768
5600	7822	7822	7130	8545	6535	9224	6191	9643	5900	10014
5546	8419	8419	7701	9169	7082	9872	6724	10305	6420	10689
4706	5553	5553	4973	6165	4478	6744	4194	7102	3955	7421
6605	5265	5265	4701	5862	4220	6426	3944	6776	3713	7088
6910	2494	2494	2111	2909	1793	3311	1615	3564	1468	3791
6606	2763	2763	2358	3199	2022	3620	1832	3884	1676	4121
9909	2865	2866	2453	3309	2109	3737	1916	4005	1756	4246
9011	5679	5680	5092	6298	4591	6883	4304	7245	4062	7567
5525	7239	7239	6574	7935	6003	8590	5674	8994	5395	9353
5515	12598	12599	11717	13512	10950	14363	10503	14884	10123	15344
6326	12601	12602	11720	13515	10953	14366	10506	14887	10126	15348
9914	8512	8513	7790	9266	7167	9973	6807	10408	6502	10793
5545	6712	6712	6072	7383	5524	8015	5208	8405	4941	8752
6223	14611	14611	13660	15594	12831	16506	12347	17065	11934	17557
5306	11685	11685	10836	12566	10099	13386	9671	13890	9306	14335
6325	17190	17191	16157	18255	15255	19241	14727	19844	14276	20375
9009	2360	2360	1987	2764	1679	3156	1507	3403	1365	3625
9006	5787	5788	5195	6412	4689	7002	4398	7367	4153	7692
6225	11980	11981	11121	12872	10374	13702	9940	14212	9570	14662
9018	9960	9960	9178	10774	8500	11535	8108	12003	7774	12417
5425	19669	19669	18563	20806	17594	21859	17027	22501	16542	23066
5305	13546	13546	12631	14493	11834	15373	11370	15912	10974	16388
5426	9257	9257	8503	10042	7852	10777	7474	11229	7154	11630
6226	15196	15197	14226	16199	13380	17128	12886	17697	12464	18199
6126	6179	6180	5567	6824	5042	7432	4741	7809	4486	8143
6224	11504	11504	10662	12378	9931	13192	9506	13692	9144	14134
6216	7013	7014	6359	7699	5798	8344	5474	8743	5201	9096
6316	15909	15909	14916	16933	14049	17884	13542	18465	13110	18977
6215	12589	12590	11708	13503	10941	14353	10495	14874	10115	15334
5100	3126	3126	2695	3589	2334	4034	2130	4312	1961	4562
6213	10462	10462	9660	11296	8965	12075	8561	12553	8218	12976
9005	2916	2917	2500	3364	2153	3795	1958	4065	1796	4308
6124	15056	15057	14091	16054	13249	16980	12757	17546	12337	18046
6125	5700	5701	5112	6320	4610	6906	4322	7269	4079	7592
6214	244	244	135	384	64	539	34	643	16	742
5415	7108	7109	6450	7799	5884	8448	5558	8849	5283	9205
5205	6619	6620	5985	7286	5440	7914	5127	8302	4862	8647
9916	7617	7618	6935	8332	6348	9002	6010	9416	5723	9783
9913	3561	3561	3099	4054	2711	4525	2491	4820	2308	5084
9915	10802	10803	9987	11650	9280	12440	8870	12926	8520	13355
4606	10895	10895	10076	11746	9366	12539	8953	13027	8602	13458
6115	12044	12044	11182	12937	10433	13770	9997	14280	9626	14731
4820	3846	3847	3366	4358	2961	4847	2731	5152	2539	5424
9017	1741	1741	1423	2091	1164	2433	1022	2650	906	2847
6123	13511	13511	12597	14457	11802	15336	11338	15874	10943	16350
6114	18632	18633	17556	19740	16615	20765	16064	21391	15593	21942
4607	11777	11778	10925	12661	10185	13485	9755	13990	9388	14437
6505	5149	5149	4591	5739	4116	6298	3844	6644	3615	6953
5020	11540	11540	10696	12415	9964	13231	9539	13731	9176	14174
6113	28171	28171	26844	29529	25677	30780	24991	31541	24402	32210
5010	9197	9197	8445	9980	7796	10712	7420	11163	7101	11562
6020	16479	16480	15468	17522	14585	18489	14069	19080	13629	19600
4900	12909	12909	12016	13834	11239	14694	10787	15221	10402	15687
6010	10498	10498	9694	11334	8998	12113	8594	12593	8250	13016
4400	9623	9624	8855	10424	8190	11173	7804	11633	7477	12040
9900	5034	5034	4482	5617	4013	6170	3744	6513	3519	6819
9904	6596	6597	5963	7262	5419	7889	5107	8276	4842	8621
9902	14492	14493	13545	15471	12720	16380	12238	16937	11828	17428
4810	4907	4908	4363	5484	3900	6030	3635	6369	3413	6672
5720	19859	19859	18748	21002	17774	22059	17204	22704	16716	23272
9901	4238	4239	3734	4775	3306	5286	3063	5604	2859	5888
5826	3508	3509	3051	3998	2666	4467	2448	4759	2266	5021
5825	2023	2023	1679	2399	1397	2765	1241	2996	1112	3205
5925	12324	12325	11452	13228	10694	14070	10253	14586	9877	15041
9015	6513	6513	5884	7175	5344	7798	5033	8183	4771	8525
4506	8159	8159	7452	8897	6843	9590	6491	10016	6193	10395
4605	11302	11303	10468	12169	9744	12976	9323	13472	8965	13910
9002	17981	17982	16925	19070	16000	20078	15460	20693	14998	21236
4226	7711	7711	7024	8429	6433	9103	6092	9519	5804	9888
4505	6177	6178	5565	6822	5040	7430	4739	7806	4484	8141
4225	7689	7689	7003	8406	6413	9080	6073	9495	5784	9863
5716	11798	11799	10945	12683	10205	13507	9774	14013	9407	14460
5916	15634	15635	14650	16650	13791	17593	13289	18169	12861	18678
4300	5660	5660	5074	6278	4574	6862	4287	7223	4045	7545
5815	2423	2423	2045	2832	1732	3229	1557	3478	1413	3703
9004	8697	8697	7967	9459	7337	10172	6972	10612	6663	11001
5715	8198	8198	7489	8938	6879	9632	6526	10060	6227	10439
3330	6286	6286	5667	6936	5138	7549	4834	7928	4577	8265
6506	6940	6940	6290	7622	5731	8264	5410	8661	5138	9013
5915	8440	8441	7721	9191	7101	9895	6743	10328	6439	10712
3905	4836	4836	4296	5408	3837	5951	3574	6288	3354	6589
4130	9002	9003	8259	9777	7617	10503	7246	10949	6931	11344
6930	4603	4604	4077	5162	3630	5693	3375	6023	3161	6317
3825	9151	9151	8401	9932	7754	10663	7379	11112	7061	11511
4120	9472	9473	8710	10267	8050	11010	7668	11466	7344	11871
3816	10853	10853	10035	11702	9327	12494	8915	12981	8565	13411
4210	11310	11311	10476	12177	9751	12985	9330	13481	8972	13919
9016	6249	6249	5632	6897	5104	7508	4801	7886	4545	8222
4005	6863	6863	6216	7542	5661	8180	5341	8575	5071	8925
4230	4899	4900	4355	5475	3893	6021	3629	6360	3406	6663
3815	9031	9032	8287	9807	7644	10534	7272	10981	6956	11377
3705	14541	14541	13592	15521	12765	16432	12283	16989	11871	17480
3900	3639	3639	3172	4137	2779	4614	2557	4911	2371	5177
4110	10011	10012	9227	10827	8548	11590	8154	12059	7819	12474
3416	10171	10172	9381	10994	8696	11762	8299	12235	7961	12652
3413	4427	4427	3911	4975	3473	5496	3224	5821	3015	6110
3706	7509	7510	6832	8218	6250	8885	5913	9295	5629	9660
3600	10510	10510	9706	11346	9009	12126	8605	12606	8261	13030
3415	12239	12239	11370	13140	10615	13979	10175	14493	9801	14947
3320	11692	11692	10843	12573	10106	13394	9677	13897	9312	14342
3505	19417	19418	18319	20548	17357	21594	16793	22232	16311	22794
3414	11000	11000	10177	11855	9463	12652	9048	13142	8696	13575
6900	4068	4068	3574	4594	3156	5095	2919	5408	2720	5687
2940	9406	9406	8646	10198	7989	10938	7609	11394	7285	11797
2216	8365	8365	7649	9113	7032	9813	6675	10245	6373	10628
3046	10891	10891	10072	11741	9362	12535	8949	13022	8599	13453
2225	8230	8230	7520	8971	6908	9667	6555	10095	6255	10475
3426	8818	8818	8083	9585	7448	10303	7081	10745	6769	11137
3427	9613	9614	8845	10414	8180	11162	7795	11622	7468	12029
3045	12623	12623	11740	13537	10972	14388	10525	14910	10145	15371
3310	10365	10365	9566	11195	8875	11970	8473	12447	8132	12868
3030	18890	18890	17806	20005	16858	21037	16303	21667	15828	22222
3130	7989	7990	7290	8720	6688	9406	6340	9829	6046	10203
3010	18200	18200	17137	19295	16206	20309	15662	20927	15197	21473
3020	11553	11553	10709	12429	9976	13245	9551	13745	9188	14188
3425	8974	8975	8232	9748	7592	10472	7221	10918	6906	11313
2100	8291	8291	7578	9035	6964	9733	6609	10163	6308	10544
1606	6053	6053	5447	6691	4928	7294	4630	7666	4379	7998
2215	8013	8014	7313	8745	6710	9432	6362	9855	6066	10231
1720	12972	12973	12077	13899	11298	14761	10845	15290	10458	15756
3120	10974	10974	10152	11828	9439	12624	9025	13113	8672	13546
1900	562	562	388	767	259	980	194	1119	146	1248
3110	3705	3705	3234	4208	2837	4688	2612	4988	2424	5256
3200	9261	9261	8507	10047	7855	10782	7478	11234	7158	11634
1605	8326	8326	7612	9072	6996	9771	6641	10202	6339	10583
2000	5946	5946	5345	6579	4831	7176	4536	7546	4288	7875
1820	5194	5194	4633	5786	4156	6347	3883	6696	3653	7006
1200	7964	7965	7266	8694	6665	9379	6318	9801	6024	10175
1710	11373	11374	10536	12243	9810	13053	9388	13550	9028	13989
1810	2832	2832	2422	3274	2081	3699	1889	3966	1730	4205
900	5054	5054	4501	5638	4031	6192	3762	6536	3535	6842
806	14623	14623	13671	15606	12842	16519	12358	17078	11945	17570
1506	10220	10221	9428	11045	8741	11815	8343	12288	8004	12707
1410	5573	5573	4992	6186	4496	6766	4211	7125	3972	7445
1505	9643	9644	8874	10445	8208	11194	7822	11655	7495	12063
1330	8921	8921	8182	9693	7543	10415	7173	10859	6859	11253
1000	4063	4063	3569	4589	3152	5090	2914	5402	2716	5681
1320	7420	7420	6747	8125	6168	8787	5834	9196	5552	9559
1420	8158	8158	7451	8896	6842	9589	6490	10015	6192	10394
1130	3039	3039	2614	3496	2259	3935	2058	4210	1892	4456
1116	8345	8345	7630	9092	7014	9792	6658	10223	6355	10605
1310	10826	10826	10009	11674	9301	12465	8890	12951	8541	13381
805	9703	9703	8931	10506	8263	11258	7876	11720	7547	12129
1115	6828	6828	6183	7505	5629	8142	5311	8535	5041	8885
205	5993	5993	5390	6628	4874	7228	4577	7599	4328	7929
136	5222	5222	4660	5816	4181	6379	3907	6727	3676	7038
1120	16086	16086	15087	17116	14215	18072	13706	18656	13271	19171
705	9904	9904	9124	10716	8449	11475	8057	11941	7724	12354
120	5294	5295	4728	5892	4246	6458	3970	6809	3737	7122
325	10817	10817	10001	11664	9293	12456	8882	12941	8533	13371
135	7217	7217	6553	7912	5983	8566	5654	8970	5376	9328
706	5682	5683	5095	6301	4594	6886	4306	7248	4064	7571
206	6130	6131	5520	6773	4998	7378	4698	7753	4444	8087
2910	1652	1652	1343	1993	1092	2327	954	2540	842	2732
315	6576	6577	5944	7241	5401	7867	5089	8254	4825	8598
2935	2271	2271	1906	2668	1604	3054	1436	3296	1298	3515
605	10693	10694	9882	11536	9179	12323	8771	12806	8423	13234
606	11757	11758	10906	12640	10166	13463	9736	13968	9370	14414
506	11900	11901	11044	12789	10300	13617	9867	14124	9498	14573
110	2279	2279	1913	2677	1611	3063	1443	3306	1304	3525
505	21662	21663	20501	22855	19482	23958	18885	24629	18374	25221
2936	3002	3002	2579	3456	2227	3893	2028	4166	1863	4411
405	11970	11971	11111	12862	10365	13692	9931	14201	9561	14651
2926	9973	9973	9190	10788	8513	11549	8119	12017	7785	12431
2925	7056	7057	6400	7744	5837	8391	5512	8791	5238	9145
2927	4231	4232	3727	4768	3300	5278	3057	5596	2854	5880
