faz_id mean median lower_50 upper_50 lower_80 upper_80 lower_90 upper_90 lower_95 upper_95
8935	13395	13396	12038	14824	10878	16174	10212	17009	9650	17753
8927	6076	6077	5174	7051	4423	7991	4002	8581	3654	9111
8926	16512	16513	15002	18096	13703	19583	12954	20502	12321	21317
8936	19573	19574	17925	21293	16502	22905	15680	23897	14982	24776
8500	20913	20914	19208	22690	17735	24353	16882	25375	16157	26281
8406	2241	2241	1707	2847	1289	3455	1066	3847	890	4205
8320	13559	13560	12194	14998	11026	16355	10355	17195	9790	17942
8925	17318	17318	15770	18938	14437	20459	13668	21398	13017	22230
8937	17783	17784	16214	19425	14863	20966	14083	21915	13422	22758
8405	19112	19113	17484	20812	16079	22406	15267	23387	14579	24257
8310	34093	34095	31907	36352	29999	38449	28886	39732	27936	40863
8910	18444	18445	16845	20115	15468	21682	14671	22648	13996	23504
7905	28410	28411	26417	30475	24684	32397	23675	33575	22816	34616
7606	5195	5195	4363	6098	3676	6975	3294	7527	2978	8024
7805	25291	25292	23413	27242	21783	29061	20837	30177	20031	31165
8220	19645	19646	17994	21369	16569	22983	15745	23977	15045	24858
8000	15671	15672	14200	17215	12938	18667	12211	19563	11596	20360
8906	9519	9519	8380	10729	7417	11882	6869	12599	6410	13240
8210	13233	13234	11885	14654	10732	15996	10071	16827	9513	17566
9020	21128	21129	19415	22915	17933	24585	17075	25613	16347	26523
8125	20627	20628	18935	22393	17472	24045	16625	25061	15906	25961
8126	16156	16157	14662	17723	13379	19195	12639	20105	12013	20912
8905	10735	10736	9524	12019	8495	13237	7908	13993	7414	14668
7806	7700	7701	6680	8793	5823	9839	5339	10493	4935	11078
7700	8795	8795	7702	9960	6780	11071	6256	11765	5818	12384
7526	16504	16505	14994	18087	13696	19575	12947	20493	12314	21308
7340	30357	30359	28296	32491	26502	34475	25456	35690	24565	36763
7605	2059	2060	1549	2642	1152	3228	942	3608	777	3954
7537	28532	28533	26534	30601	24798	32527	23787	33708	22925	34751
8115	34195	34196	32005	36458	30095	38557	28980	39841	28028	40975
7335	39839	39840	37472	42278	35402	44536	34192	45916	33158	47132
8600	20644	20645	18951	22410	17488	24063	16640	25080	15921	25980
7425	32876	32877	30730	35095	28858	37156	27767	38417	26836	39530
7535	31794	31795	29684	33977	27845	36005	26773	37246	25859	38342
7525	17722	17723	16155	19361	14807	20898	14028	21847	13368	22688
7436	6360	6361	5436	7356	4666	8316	4234	8918	3875	9458
9019	19272	19273	17637	20980	16227	22580	15411	23565	14719	24438
7026	11423	11424	10173	12746	9108	13999	8500	14777	7988	15471
7205	15150	15150	13704	16668	12464	18097	11750	18980	11147	19764
7515	5939	5939	5047	6903	4306	7833	3891	8417	3547	8942
7320	32248	32249	30123	34446	28270	36488	27190	37738	26269	38841
7206	18484	18485	16883	20157	15504	21726	14707	22692	14031	23549
7315	20205	20206	18530	21953	17084	23589	16246	24595	15536	25487
7435	9261	9262	8139	10456	7190	11594	6651	12303	6199	12936
7316	23030	23031	21239	24893	19688	26633	18789	27702	18024	28648
7025	23789	23790	21969	25682	20391	27449	19475	28534	18697	29495
7415	13962	13963	12576	15421	11390	16797	10708	17648	10133	18405
7100	31647	31648	29542	33825	27708	35849	26638	37087	25726	38181
7015	19180	19181	17549	20884	16143	22480	15329	23463	14639	24335
9908	3845	3846	3135	4628	2557	5395	2240	5882	1981	6322
6410	49228	49230	46594	51936	44283	54436	42928	55960	41768	57301
6420	43354	43356	40884	45897	38721	48250	37455	49685	36372	50949
5535	33556	33557	31387	35798	29496	37878	28392	39152	27450	40275
5600	17851	17852	16279	19496	14925	21039	14143	21991	13481	22835
5546	20404	20405	18721	22160	17266	23803	16425	24815	15710	25710
4706	15168	15169	13722	16687	12481	18117	11767	19001	11164	19786
6605	13628	13629	12259	15070	11088	16430	10415	17272	9848	18021
6910	5595	5595	4731	6532	4014	7437	3614	8007	3283	8520
6606	6637	6638	5692	7654	4904	8632	4460	9245	4092	9795
9909	6584	6585	5644	7597	4858	8572	4417	9183	4050	9731
9011	11748	11749	10480	13089	9399	14359	8781	15147	8260	15849
5525	16746	16747	15224	18340	13916	19838	13161	20762	12522	21582
5515	31179	31180	29090	33341	27270	35350	26209	36580	25304	37666
6326	25095	25096	23224	27038	21601	28850	20658	29963	19856	30946
9914	21491	21492	19762	23292	18267	24976	17401	26012	16665	26929
5545	18307	18308	16715	19972	15342	21534	14549	22497	13877	23350
6223	30007	30008	27958	32129	26174	34101	25135	35310	24250	36377
5306	25508	25509	23621	27467	21985	29293	21033	30414	20224	31405
6325	37618	37619	35319	39989	33311	42187	32137	43529	31135	44713
9009	5783	5784	4904	6735	4174	7654	3765	8232	3428	8752
9006	14123	14124	12729	15590	11535	16973	10849	17829	10269	18589
6225	22317	22318	20555	24152	19030	25866	18145	26920	17394	27853
9018	22386	22387	20621	24223	19093	25940	18208	26996	17455	27930
5425	44314	44316	41816	46885	39628	49262	38348	50712	37252	51989
5305	30482	30483	28417	32620	26618	34608	25570	35825	24677	36900
5426	23694	23695	21878	25584	20303	27347	19389	28431	18612	29389
6226	33748	33749	31573	35996	29675	38082	28568	39359	27624	40485
6126	14012	14013	12623	15474	11435	16852	10752	17704	10175	18462
6224	23895	23896	22070	25792	20489	27563	19571	28650	18790	29612
6216	16620	16621	15104	18208	13801	19701	13050	20622	12414	21439
6316	30951	30953	28870	33106	27057	35108	26000	36334	25099	37416
6215	24529	24530	22680	26451	21076	28243	20145	29344	19353	30317
5100	8584	8585	7505	9736	6595	10835	6079	11521	5648	12134
6213	19765	19766	18109	21494	16679	23113	15852	24110	15150	24993
9005	6491	6491	5557	7497	4778	8465	4340	9072	3977	9617
6124	27827	27828	25855	29871	24141	31775	23143	32941	22294	33972
6125	10638	10639	9433	11916	8409	13129	7825	13883	7334	14555
6214	375	375	178	644	63	948	22	1159	3	1358
5415	15955	15955	14470	17512	13195	18976	12461	19880	11839	20682
5205	13902	13902	12518	15357	11335	16730	10655	17580	10081	18335
9916	18423	18424	16825	20093	15448	21660	14653	22625	13978	23481
9913	7391	7392	6393	8463	5555	9489	5082	10132	4688	10707
9915	25166	25167	23292	27112	21667	28926	20722	30040	19919	31025
4606	29452	29453	27422	31554	25656	33510	24628	34708	23751	35766
6115	24342	24343	22500	26257	20903	28043	19976	29140	19187	30110
4820	8456	8456	7385	9599	6483	10691	5971	11372	5543	11981
9017	4025	4025	3297	4825	2704	5607	2377	6103	2110	6552
6123	22444	22445	20676	24284	19147	26003	18260	27059	17506	27994
6114	36970	36971	34691	39321	32701	41500	31539	42832	30546	44007
4607	31563	31565	29461	33739	27629	35759	26562	36997	25651	38089
6505	14658	14659	13236	16151	12018	17559	11318	18429	10726	19202
5020	26891	26893	24954	28902	23270	30775	22291	31923	21458	32938
6113	44685	44686	42176	47266	39979	49652	38692	51108	37591	52390
5010	20618	20619	18926	22383	17464	24035	16617	25051	15898	25951
6020	25511	25512	23624	27470	21987	29296	21036	30417	20226	31408
4900	17949	17950	16372	19598	15015	21145	14230	22099	13566	22945
6010	16617	16618	15101	18205	13798	19698	13047	20618	12411	21436
4400	24859	24860	22997	26794	21383	28598	20444	29705	19646	30685
9900	11253	11253	10012	12566	8956	13811	8353	14583	7846	15272
9904	14484	14485	13072	15969	11861	17369	11165	18234	10578	19003
9902	32030	32031	29911	34220	28066	36256	26989	37501	26071	38601
4810	11000	11001	9774	12299	8731	13531	8136	14296	7635	14978
5720	40240	40241	37861	42691	35781	44961	34564	46347	33524	47568
9901	10009	10010	8841	11250	7851	12429	7287	13163	6813	13817
5826	6599	6600	5657	7613	4871	8589	4429	9200	4062	9749
5825	3622	3622	2933	4382	2375	5129	2070	5604	1821	6034
5925	27139	27140	25192	29159	23501	31039	22517	32193	21679	33212
9015	16397	16397	14891	17974	13598	19457	12852	20373	12221	21185
4506	18686	18686	17076	20367	15689	21944	14887	22916	14207	23777
4605	27908	27909	25933	29955	24216	31861	23217	33029	22366	34062
9002	41302	41304	38892	43785	36783	46083	35550	47486	34495	48723
4226	19609	19609	17959	21331	16535	22943	15712	23937	15013	24817
4505	17328	17328	15779	18948	14446	20470	13677	21409	13026	22242
4225	19454	19455	17811	21169	16393	22776	15573	23766	14878	24643
5716	26365	26367	24447	28356	22781	30212	21812	31350	20988	32356
5916	38004	38006	35694	40387	33675	42596	32495	43945	31487	45135
4300	12472	12473	11164	13853	10048	15158	9408	15968	8869	16688
5815	5163	5163	4334	6064	3650	6938	3268	7488	2954	7984
9004	21062	21063	19351	22845	17872	24513	17015	25539	16288	26448
5715	18418	18419	16821	20088	15444	21654	14648	22619	13974	23475
3330	15807	15808	14330	17357	13061	18815	12330	19715	11712	20514
6506	17257	17258	15711	18874	14382	20393	13614	21330	12965	22161
5915	21100	21100	19387	22884	17907	24554	17049	25581	16321	26490
3905	11628	11628	10366	12962	9291	14226	8676	15010	8159	15708
4130	19488	19489	17843	21205	16425	22813	15604	23803	14908	24681
6930	10848	10848	9630	12138	8595	13362	8005	14122	7508	14800
3825	22528	22529	20757	24371	19224	26093	18335	27151	17580	28088
4120	21487	21488	19758	23288	18264	24972	17397	26007	16662	26924
3816	26312	26313	24395	28301	22731	30154	21763	31291	20940	32296
4210	29140	29141	27121	31231	25365	33176	24342	34368	23470	35421
9016	14974	14975	13537	16483	12305	17905	11596	18783	10997	19564
4005	16863	16863	15335	18462	14022	19965	13265	20892	12623	21714
4230	12933	12934	11600	14338	10462	15666	9809	16488	9259	17220
3815	21051	21052	19340	22834	17862	24501	17005	25527	16278	26436
3705	33708	33709	31534	35954	29638	38040	28532	39315	27588	40441
3900	7330	7330	6335	8396	5502	9419	5031	10059	4639	10633
4110	22179	22180	20423	24008	18903	25718	18021	26769	17273	27699
3416	25403	25404	23521	27358	21887	29181	20938	30300	20130	31289
3413	11250	11250	10009	12563	8954	13807	8350	14580	7843	15269
3706	18997	18998	17374	20692	15974	22281	15165	23260	14479	24128
3600	23207	23208	21410	25078	19853	26824	18949	27897	18181	28846
3415	31104	31105	29017	33264	27200	35270	26140	36499	25237	37584
3320	32085	32086	29964	34277	28117	36314	27040	37561	26121	38661
3505	45207	45208	42683	47803	40473	50203	39178	51667	38071	52956
3414	29413	29414	27385	31514	25620	33468	24592	34665	23716	35723
6900	9617	9618	8473	10834	7504	11992	6953	12713	6491	13356
2940	21374	21375	19650	23170	18160	24850	17296	25883	16563	26798
2216	21664	21665	19929	23473	18427	25163	17557	26203	16818	27123
3046	24775	24776	22917	26707	21305	28508	20368	29614	19572	30591
2225	18639	18640	17031	20318	15646	21893	14845	22864	14166	23724
3426	24700	24701	22844	26628	21234	28426	20300	29531	19504	30507
3427	25873	25874	23973	27846	22324	29685	21365	30813	20549	31810
3045	30695	30696	28622	32840	26817	34835	25765	36056	24868	37134
3310	24647	24648	22793	26573	21185	28370	20252	29473	19457	30448
3030	49374	49376	46735	52086	44421	54589	43064	56116	41902	57459
3130	17288	17288	15741	18907	14410	20427	13642	21365	12991	22196
3010	45788	45789	43248	48400	41023	50815	39720	52288	38604	53585
3020	24871	24872	23009	26806	21394	28611	20455	29718	19657	30698
3425	23037	23038	21246	24900	19695	26640	18795	27710	18030	28656
2100	21632	21633	19898	23439	18398	25129	17529	26167	16790	27087
1606	13574	13575	12208	15013	11039	16371	10368	17212	9802	17959
2215	19734	19735	18079	21462	16651	23079	15824	24075	15123	24958
1720	27904	27905	25929	29951	24212	31857	23214	33025	22363	34057
3120	25140	25141	23267	27085	21643	28898	20699	30012	19896	30996
1900	947	947	613	1353	374	1782	259	2066	176	2330
3110	9938	9939	8774	11175	7788	12350	7226	13082	6755	13734
3200	23051	23052	21259	24915	19708	26655	18808	27725	18042	28672
1605	17869	17870	16296	19515	14942	21059	14159	22011	13496	22855
2000	14233	14234	12833	15705	11634	17093	10945	17952	10363	18715
1820	8073	8074	7028	9191	6148	10260	5650	10927	5234	11525
1200	19782	19783	18125	21512	16695	23131	15867	24128	15165	25012
1710	23389	23390	21584	25266	20021	27019	19113	28096	18342	29049
1810	4112	4113	3376	4920	2776	5710	2445	6211	2174	6663
900	11533	11533	10276	12862	9206	14121	8595	14902	8080	15598
806	37424	37425	35131	39789	33129	41981	31958	43321	30959	44502
1506	24478	24479	22631	26398	21029	28189	20099	29288	19308	30261
1410	12036	12037	10752	13393	9657	14678	9030	15474	8502	16183
1505	22612	22613	20838	24459	19303	26184	18412	27244	17655	28183
1330	23703	23704	21886	25593	20312	27357	19398	28440	18620	29399
1000	10233	10234	9052	11488	8050	12679	7478	13420	6999	14081
1320	18382	18383	16786	20051	15411	21615	14616	22580	13943	23434
1420	14667	14667	13245	16161	12027	17569	11326	18439	10734	19212
1130	6536	6537	5599	7546	4817	8517	4378	9126	4013	9673
1116	19345	19346	17707	21056	16294	22658	15476	23645	14783	24520
1310	27924	27925	25948	29972	24231	31878	23232	33047	22381	34079
805	25237	25239	23361	27186	21733	29003	20788	30119	19983	31105
1115	16793	16794	15269	18389	13959	19889	13203	20814	12563	21635
205	13583	13584	12217	15023	11048	16381	10376	17222	9810	17969
136	11566	11566	10307	12897	9236	14157	8623	14940	8107	15637
1120	39298	39300	36948	41721	34893	43965	33692	45336	32665	46544
705	22530	22531	20759	24373	19226	26095	18337	27153	17582	28090
120	12532	12533	11221	13916	10102	15224	9460	16035	8920	16757
325	25700	25701	23806	27666	22162	29499	21207	30623	20394	31618
135	17690	17691	16125	19327	14777	20864	13999	21811	13340	22652
706	13895	13895	12512	15350	11328	16723	10648	17572	10075	18327
206	13785	13786	12408	15235	11229	16602	10552	17449	9981	18201
2910	4101	4102	3367	4908	2767	5697	2436	6198	2166	6649
315	15400	15401	13942	16930	12691	18370	11971	19260	11362	20050
2935	7874	7874	6842	8978	5974	10035	5483	10695	5074	11286
605	26376	26377	24457	28368	22791	30223	21822	31362	20998	32368
606	28872	28873	26863	30954	25115	32891	24098	34078	23230	35126
506	30697	30698	28624	32842	26819	34837	25767	36058	24870	37136
110	5097	5097	4274	5993	3594	6861	3216	7409	2904	7902
505	56411	56413	53588	59307	51108	61977	49652	63602	48404	65032
2936	6987	6987	6017	8029	5205	9030	4748	9657	4367	10219
405	29783	29785	27742	31897	25966	33863	24931	35067	24049	36131
2926	26328	26329	24410	28317	22746	30171	21778	31308	20954	32314
2925	16937	16938	15407	18540	14090	20046	13331	20975	12688	21799
2927	9159	9159	8043	10347	7100	11479	6564	12185	6115	12815
