faz_id mean median lower_50 upper_50 lower_80 upper_80 lower_90 upper_90 lower_95 upper_95
8935	4958	4959	4609	5321	4304	5659	4127	5866	3977	6048
8927	2106	2106	1880	2344	1687	2570	1577	2710	1485	2835
8926	5780	5781	5402	6171	5072	6535	4880	6757	4716	6953
8936	7024	7024	6607	7455	6241	7853	6028	8097	5845	8311
8500	7727	7727	7288	8178	6905	8595	6680	8850	6488	9074
8406	692	693	566	832	463	969	406	1055	359	1134
8320	4724	4724	4382	5078	4086	5408	3914	5610	3767	5789
8925	5853	5853	5472	6246	5140	6611	4946	6835	4781	7032
8937	5699	5699	5324	6088	4996	6448	4806	6669	4643	6864
8405	5911	5911	5528	6306	5195	6673	5000	6898	4834	7096
8310	13051	13052	12480	13636	11976	14173	11679	14499	11425	14786
8910	6317	6317	5921	6725	5576	7104	5374	7336	5202	7540
7905	9408	9408	8924	9905	8498	10364	8249	10643	8035	10889
7606	1690	1690	1488	1904	1318	2108	1221	2235	1139	2349
7805	8193	8193	7741	8657	7345	9086	7114	9348	6915	9578
8220	8645	8645	8181	9121	7774	9562	7535	9830	7331	10066
8000	6012	6012	5626	6411	5290	6781	5093	7007	4925	7207
8906	3300	3300	3015	3597	2770	3875	2629	4047	2509	4199
8210	5710	5710	5334	6099	5007	6460	4816	6681	4653	6876
9020	7814	7814	7373	8267	6987	8687	6761	8943	6568	9168
8125	8047	8048	7600	8508	7208	8933	6978	9193	6782	9421
8126	6337	6337	5940	6746	5594	7125	5392	7357	5220	7562
8905	3682	3682	3381	3995	3122	4288	2971	4469	2843	4629
7806	2490	2490	2244	2749	2033	2993	1912	3144	1810	3278
7700	3650	3650	3351	3962	3092	4254	2942	4433	2815	4593
7526	6341	6341	5944	6750	5598	7130	5396	7362	5223	7566
7340	10537	10537	10024	11063	9573	11547	9308	11842	9081	12101
7605	759	759	626	905	517	1047	457	1137	408	1218
7537	12379	12379	11823	12948	11332	13472	11044	13790	10797	14070
8115	14508	14509	13905	15124	13373	15690	13060	16033	12791	16334
7335	15301	15301	14681	15933	14134	16513	13812	16865	13535	17174
8600	7106	7107	6686	7539	6319	7940	6104	8185	5920	8401
7425	10522	10522	10009	11047	9559	11531	9294	11826	9067	12085
7535	13488	13488	12907	14082	12394	14628	12093	14959	11834	15250
7525	6395	6395	5997	6806	5649	7187	5446	7420	5273	7625
7436	2221	2221	1989	2466	1791	2697	1677	2841	1582	2968
9019	6880	6880	6467	7306	6105	7701	5894	7942	5714	8154
7026	4279	4279	3954	4616	3673	4931	3509	5124	3370	5295
7205	6019	6019	5633	6418	5296	6788	5100	7015	4932	7214
7515	2282	2282	2047	2530	1846	2765	1731	2910	1634	3039
7320	11876	11877	11331	12434	10852	12947	10569	13259	10327	13534
7206	8056	8057	7609	8517	7216	8943	6987	9202	6790	9431
7315	7068	7069	6649	7500	6283	7900	6069	8144	5886	8359
7435	3165	3165	2887	3456	2647	3729	2509	3898	2392	4047
7316	8259	8259	7805	8725	7408	9156	7175	9418	6976	9650
7025	10329	10329	9821	10849	9375	11329	9112	11621	8888	11878
7415	4806	4806	4462	5163	4163	5496	3988	5700	3840	5880
7100	13047	13048	12476	13631	11972	14169	11676	14495	11421	14782
7015	7988	7988	7542	8447	7152	8871	6923	9129	6728	9357
9908	1197	1198	1029	1379	888	1553	808	1663	743	1761
6410	18597	18598	17914	19294	17309	19932	16952	20318	16645	20657
6420	16371	16372	15730	17025	15164	17625	14830	17988	14543	18307
5535	12295	12295	11740	12862	11252	13384	10965	13702	10718	13980
5600	7040	7040	6622	7471	6257	7870	6043	8114	5860	8329
5546	7464	7464	7033	7908	6657	8318	6436	8569	6247	8789
4706	5282	5282	4921	5656	4606	6004	4423	6217	4267	6405
6605	4552	4553	4217	4900	3927	5224	3758	5423	3614	5599
6910	1966	1966	1748	2197	1563	2415	1457	2551	1368	2672
6606	2248	2248	2015	2494	1815	2727	1701	2871	1605	3000
9909	2237	2237	2004	2483	1805	2715	1691	2859	1595	2987
9011	4769	4769	4426	5125	4128	5456	3955	5659	3807	5839
5525	6787	6787	6376	7210	6018	7602	5808	7842	5629	8053
5515	12023	12023	11474	12584	10991	13100	10707	13414	10464	13690
6326	12086	12086	11536	12648	11052	13166	10767	13481	10523	13757
9914	7664	7664	7227	8113	6845	8528	6621	8782	6430	9005
5545	6199	6200	5807	6604	5465	6980	5266	7209	5095	7412
6223	13831	13832	13243	14433	12724	14985	12418	15321	12155	15616
5306	11195	11195	10666	11737	10201	12236	9927	12539	9693	12806
6325	16901	16901	16250	17565	15674	18174	15335	18543	15043	18867
9009	2134	2134	1906	2374	1713	2601	1602	2742	1508	2867
9006	4687	4687	4347	5039	4052	5368	3880	5570	3734	5748
6225	11040	11040	10515	11578	10053	12073	9781	12375	9548	12640
9018	8892	8892	8421	9375	8008	9822	7766	10094	7559	10333
5425	18181	18181	17505	18869	16907	19500	16555	19883	16251	20218
5305	13174	13175	12600	13762	12094	14301	11796	14629	11540	14917
5426	8646	8646	8182	9122	7775	9563	7536	9831	7332	10067
6226	14849	14849	14239	15472	13700	16044	13383	16391	13110	16696
6126	6070	6070	5682	6471	5344	6842	5147	7070	4978	7270
6224	11441	11441	10906	11988	10435	12492	10159	12799	9921	13068
6216	6952	6952	6537	7380	6173	7777	5961	8019	5780	8233
6316	15803	15804	15174	16446	14618	17035	14290	17393	14008	17707
6215	12207	12207	11654	12772	11168	13292	10881	13609	10636	13886
5100	3107	3107	2831	3395	2594	3666	2457	3833	2341	3981
6213	10233	10234	9728	10752	9284	11229	9023	11520	8799	11776
9005	2311	2311	2074	2561	1872	2797	1756	2943	1658	3073
6124	14905	14905	14294	15529	13754	16102	13436	16450	13163	16755
6125	5628	5628	5255	6014	4930	6373	4740	6592	4579	6786
6214	241	241	168	325	115	413	87	470	67	523
5415	6282	6282	5887	6689	5543	7067	5342	7298	5170	7502
5205	6011	6011	5625	6410	5289	6780	5092	7006	4925	7206
9916	6633	6634	6228	7052	5873	7440	5666	7677	5489	7886
9913	3475	3475	3183	3780	2932	4065	2786	4241	2662	4397
9915	9020	9021	8546	9507	8130	9957	7886	10230	7677	10471
4606	9796	9796	9301	10303	8867	10770	8612	11055	8394	11306
6115	11852	11853	11308	12409	10829	12922	10547	13234	10305	13508
4820	3779	3779	3475	4097	3211	4393	3059	4576	2929	4738
9017	1522	1522	1331	1726	1170	1920	1079	2042	1002	2150
6123	12703	12703	12139	13279	11642	13810	11350	14132	11099	14415
6114	17958	17959	17287	18643	16693	19270	16343	19650	16041	19984
4607	10267	10267	9760	10786	9315	11264	9054	11555	8830	11811
6505	4890	4890	4543	5250	4241	5586	4065	5791	3916	5973
5020	10613	10613	10098	11141	9646	11627	9380	11923	9152	12183
6113	27504	27504	26671	28349	25932	29122	25495	29589	25118	29998
5010	8939	8939	8467	9424	8053	9871	7810	10144	7602	10384
6020	15108	15109	14493	15737	13950	16313	13629	16663	13354	16971
4900	8044	8045	7597	8505	7205	8930	6975	9189	6779	9418
6010	9833	9833	9337	10341	8902	10809	8647	11095	8428	11346
4400	9730	9730	9237	10235	8804	10701	8550	10985	8333	11235
9900	4606	4607	4269	4956	3977	5282	3807	5482	3662	5659
9904	6111	6111	5722	6513	5383	6886	5184	7114	5015	7315
9902	13909	13909	13318	14512	12798	15066	12491	15402	12228	15698
4810	4758	4758	4415	5113	4118	5444	3945	5647	3797	5827
5720	19548	19549	18847	20262	18227	20916	17861	21312	17546	21659
9901	3441	3441	3151	3744	2900	4028	2755	4203	2632	4358
5826	3280	3280	2996	3576	2752	3853	2611	4025	2491	4176
5825	1942	1942	1725	2171	1541	2389	1436	2524	1348	2644
5925	11475	11475	10939	12023	10468	12528	10191	12835	9953	13105
9015	5919	5919	5536	6314	5202	6682	5007	6906	4841	7105
4506	7601	7602	7167	8049	6786	8463	6563	8716	6373	8938
4605	10550	10550	10037	11076	9586	11561	9320	11856	9093	12115
9002	15663	15663	15036	16303	14483	16890	14157	17246	13876	17558
4226	7209	7209	6785	7645	6415	8048	6199	8295	6014	8512
4505	6026	6026	5640	6425	5303	6796	5106	7022	4938	7222
4225	7026	7026	6609	7457	6243	7855	6030	8099	5847	8313
5716	11014	11014	10489	11551	10028	12046	9757	12347	9524	12612
5916	14649	14649	14043	15267	13508	15836	13193	16180	12922	16483
4300	5248	5248	4888	5621	4575	5968	4392	6180	4237	6368
5815	2185	2185	1955	2428	1759	2657	1646	2800	1551	2927
9004	7273	7273	6848	7711	6476	8116	6258	8363	6072	8581
5715	8122	8122	7672	8584	7278	9011	7047	9272	6850	9501
3330	5459	5459	5091	5839	4771	6192	4585	6409	4426	6600
6506	6161	6162	5771	6565	5430	6939	5231	7168	5061	7370
5915	8034	8035	7587	8494	7196	8919	6966	9179	6770	9407
3905	4524	4524	4190	4871	3901	5194	3732	5392	3589	5568
4130	8760	8760	8293	9240	7883	9683	7643	9953	7437	10191
6930	4560	4561	4225	4908	3934	5233	3765	5432	3621	5608
3825	8591	8592	8129	9067	7723	9506	7486	9773	7282	10009
4120	8953	8953	8481	9438	8066	9886	7823	10159	7615	10399
3816	10176	10177	9672	10693	9230	11170	8969	11459	8747	11714
4210	10220	10221	9715	10738	9271	11216	9011	11506	8787	11762
9016	5038	5038	4685	5403	4378	5743	4200	5952	4048	6136
4005	6165	6166	5774	6569	5433	6943	5234	7172	5064	7374
4230	4418	4418	4088	4761	3802	5080	3636	5276	3494	5450
3815	8875	8875	8405	9358	7992	9804	7750	10076	7543	10315
3705	13657	13657	13072	14255	12557	14804	12253	15138	11992	15430
3900	3054	3054	2781	3340	2546	3608	2410	3774	2295	3921
4110	8717	8717	8251	9195	7842	9638	7602	9907	7397	10144
3416	9531	9531	9044	10032	8616	10493	8364	10774	8149	11021
3413	3835	3835	3528	4155	3263	4454	3109	4638	2978	4800
3706	7342	7342	6915	7782	6541	8189	6322	8437	6136	8656
3600	9581	9582	9092	10083	8663	10546	8411	10827	8195	11075
3415	11048	11048	10523	11586	10060	12082	9789	12383	9556	12648
3320	10934	10934	10411	11469	9951	11962	9681	12262	9450	12526
3505	18105	18105	17430	18792	16834	19421	16482	19803	16179	20138
3414	10543	10543	10030	11069	9579	11553	9314	11848	9087	12108
6900	3411	3411	3122	3713	2873	3996	2728	4170	2606	4324
2940	7228	7228	6804	7664	6433	8068	6217	8315	6031	8532
2216	7557	7558	7124	8004	6745	8416	6523	8668	6333	8890
3046	10391	10391	9881	10913	9434	11394	9171	11687	8945	11944
2225	6835	6835	6423	7259	6063	7653	5853	7893	5673	8105
3426	7912	7912	7468	8368	7080	8791	6852	9048	6658	9275
3427	8997	8997	8524	9483	8108	9932	7865	10206	7656	10447
3045	11832	11833	11288	12389	10809	12901	10528	13213	10286	13486
3310	7384	7384	6956	7825	6581	8233	6362	8483	6174	8702
3030	16066	16066	15431	16713	14870	17308	14539	17668	14255	17984
3130	7557	7558	7124	8004	6745	8416	6523	8668	6333	8890
3010	16871	16871	16220	17534	15645	18143	15306	18512	15014	18836
3020	10749	10750	10231	11280	9776	11769	9508	12067	9278	12329
3425	7835	7835	7394	8289	7007	8709	6781	8965	6587	9191
2100	7875	7875	7432	8330	7045	8751	6818	9008	6624	9235
1606	5892	5892	5510	6286	5177	6653	4982	6877	4817	7075
2215	7509	7509	7077	7954	6699	8366	6478	8617	6289	8838
1720	11593	11593	11055	12144	10581	12651	10302	12960	10063	13231
3120	9984	9984	9485	10496	9046	10968	8789	11255	8568	11508
1900	562	562	448	688	357	812	307	892	267	964
3110	3619	3619	3321	3929	3063	4220	2914	4399	2788	4558
3200	8385	8385	7928	8855	7528	9289	7293	9553	7092	9786
1605	8221	8221	7768	8686	7372	9116	7140	9378	6941	9609
2000	5262	5262	4902	5636	4588	5983	4405	6196	4249	6383
1820	4766	4766	4423	5122	4125	5453	3952	5656	3804	5836
1200	7408	7408	6979	7850	6604	8259	6384	8508	6196	8728
1710	9571	9572	9083	10073	8654	10535	8402	10817	8186	11065
1810	1919	1919	1704	2147	1521	2363	1416	2497	1329	2617
900	4623	4623	4285	4973	3992	5299	3821	5500	3676	5677
806	12464	12465	11906	13036	11414	13561	11124	13880	10876	14161
1506	9732	9732	9239	10237	8806	10703	8552	10987	8335	11237
1410	4968	4969	4618	5331	4314	5669	4137	5876	3986	6059
1505	9176	9176	8697	9667	8278	10120	8031	10396	7821	10639
1330	8451	8451	7992	8923	7590	9358	7355	9624	7153	9858
1000	3933	3933	3622	4256	3353	4559	3197	4745	3064	4909
1320	7393	7393	6964	7834	6589	8243	6370	8492	6182	8712
1420	5688	5688	5313	6076	4986	6437	4795	6657	4633	6852
1130	2633	2634	2380	2900	2163	3150	2038	3305	1933	3443
1116	7644	7644	7208	8092	6826	8507	6603	8761	6412	8984
1310	10598	10598	10084	11125	9631	11611	9366	11907	9138	12167
805	8533	8534	8072	9007	7668	9445	7431	9711	7229	9946
1115	5643	5643	5269	6030	4944	6389	4754	6608	4592	6802
205	5871	5871	5489	6265	5157	6630	4963	6854	4798	7052
136	5114	5114	4758	5482	4449	5825	4269	6034	4116	6220
1120	14368	14369	13768	14981	13239	15544	12927	15886	12659	16186
705	7603	7604	7169	8051	6788	8465	6565	8718	6375	8940
120	4962	4963	4612	5325	4308	5663	4131	5870	3980	6053
325	9860	9860	9364	10369	8928	10838	8672	11123	8453	11375
135	6984	6984	6568	7413	6204	7811	5991	8054	5809	8268
706	4966	4967	4616	5329	4312	5667	4135	5874	3984	6057
206	6033	6033	5646	6432	5309	6803	5112	7030	4945	7230
2910	1406	1406	1222	1602	1068	1789	981	1906	908	2011
315	6186	6187	5795	6591	5453	6966	5254	7195	5083	7397
2935	2236	2236	2003	2482	1804	2714	1691	2858	1595	2986
605	9140	9141	8663	9631	8244	10083	7999	10359	7788	10601
606	9351	9351	8868	9847	8444	10304	8196	10582	7982	10827
506	9900	9900	9403	10410	8966	10880	8710	11166	8490	11418
110	2194	2194	1963	2437	1767	2667	1654	2810	1559	2937
505	17543	17543	16879	18219	16292	18839	15946	19216	15648	19545
2936	2715	2715	2458	2985	2237	3239	2110	3396	2002	3535
405	9858	9858	9362	10367	8926	10836	8671	11121	8451	11372
2926	9082	9083	8607	9571	8189	10022	7944	10297	7735	10538
2925	5924	5924	5541	6320	5207	6687	5012	6912	4846	7110
2927	2994	2994	2723	3277	2491	3543	2357	3707	2243	3853
