faz_id mean median lower_50 upper_50 lower_80 upper_80 lower_90 upper_90 lower_95 upper_95
8935	4933	4934	4251	5667	3679	6371	3357	6812	3089	7208
8927	1238	1239	909	1619	656	2005	524	2255	422	2485
8926	2065	2065	1632	2548	1286	3027	1098	3334	947	3612
8936	3568	3568	2991	4195	2515	4804	2250	5188	2031	5534
8500	11929	11930	10853	13056	9928	14114	9394	14767	8942	15346
8406	286	286	141	482	54	701	21	853	5	996
8320	9943	9944	8963	10974	8124	11946	7642	12547	7234	13081
8925	2623	2624	2132	3165	1734	3697	1515	4035	1337	4340
8937	7427	7428	6584	8322	5867	9171	5459	9698	5115	10169
8405	921	921	641	1253	431	1595	326	1819	246	2026
8310	10093	10094	9106	11132	8260	12110	7773	12716	7363	13254
8910	2982	2982	2457	3558	2027	4120	1790	4477	1596	4798
7905	5033	5033	4343	5773	3765	6484	3439	6929	3168	7327
7606	850	850	582	1170	383	1501	284	1719	210	1920
7805	3112	3112	2575	3700	2135	4273	1891	4636	1691	4963
8220	11900	11900	10825	13025	9901	14082	9368	14734	8916	15313
8000	38755	38756	36796	40766	35074	42620	34064	43749	33198	44742
8906	1321	1322	980	1713	717	2110	579	2367	471	2602
8210	21892	21893	20426	23409	19148	24819	18404	25683	17769	26445
9020	3942	3942	3334	4600	2830	5237	2549	5637	2316	5998
8125	6044	6044	5286	6853	4646	7626	4283	8108	3980	8538
8126	7894	7894	7023	8815	6283	9688	5860	10230	5504	10713
8905	1096	1096	788	1455	553	1822	433	2062	340	2281
7806	1604	1604	1225	2033	928	2463	770	2740	644	2993
7700	5709	5710	4973	6497	4353	7249	4002	7719	3709	8140
7526	9180	9181	8240	10172	7436	11108	6975	11688	6586	12204
7340	3858	3858	3257	4509	2759	5140	2481	5537	2252	5894
7605	1138	1138	823	1504	583	1876	459	2119	364	2342
7537	16385	16385	15119	17701	14023	18929	13387	19684	12847	20352
8115	11120	11120	10082	12208	9191	13232	8677	13865	8243	14426
7335	11662	11662	10598	12776	9684	13823	9157	14469	8711	15043
8600	11394	11394	10343	12496	9440	13531	8919	14171	8479	14738
7425	3745	3746	3154	4388	2664	5010	2391	5402	2166	5754
7535	6312	6312	5536	7138	4881	7926	4509	8417	4198	8856
7525	2376	2377	1910	2893	1534	3402	1328	3727	1162	4020
7436	2359	2359	1895	2874	1520	3382	1316	3705	1150	3998
9019	4896	4896	4216	5627	3647	6329	3326	6768	3059	7162
7026	1784	1785	1384	2236	1067	2686	897	2975	761	3238
7205	8471	8472	7568	9425	6799	10327	6358	10886	5988	11384
7515	7889	7889	7018	8810	6278	9683	5855	10225	5500	10708
7320	8835	8836	7913	9809	7126	10729	6675	11299	6294	11806
7206	18081	18082	16751	19463	15596	20750	14925	21540	14354	22239
7315	4910	4911	4229	5642	3659	6345	3338	6785	3071	7179
7435	4528	4529	3875	5232	3331	5910	3024	6335	2770	6716
7316	4573	4573	3917	5280	3369	5961	3061	6388	2805	6771
7025	11562	11563	10503	12672	9593	13715	9068	14358	8624	14930
7415	14090	14091	12918	15312	11907	16457	11321	17161	10825	17785
7100	10606	10607	9593	11670	8725	12672	8225	13291	7802	13841
7015	5967	5968	5214	6772	4579	7539	4218	8019	3917	8447
9908	4410	4410	3766	5105	3229	5774	2928	6195	2678	6572
6410	15489	15489	14259	16769	13195	17965	12579	18701	12055	19352
6420	8825	8826	7903	9798	7117	10717	6666	11287	6286	11794
5535	6016	6016	5259	6823	4621	7594	4259	8075	3957	8505
5600	15033	15034	13823	16295	12776	17475	12169	18201	11654	18843
5546	13443	13444	12300	14638	11313	15757	10743	16446	10259	17058
4706	2282	2282	1825	2789	1458	3289	1258	3608	1096	3897
6605	2698	2698	2199	3247	1794	3785	1571	4126	1390	4435
6910	895	894	618	1222	413	1560	310	1782	233	1986
6606	1242	1242	912	1622	658	2009	526	2260	423	2490
9909	1183	1183	862	1555	616	1934	488	2180	390	2406
9011	6553	6554	5763	7395	5094	8197	4713	8696	4395	9142
5525	6631	6632	5836	7478	5162	8284	4779	8786	4459	9234
5515	5452	5453	4733	6222	4129	6959	3787	7420	3502	7832
6326	11856	11857	10784	12980	9861	14035	9329	14686	8879	15264
9914	3931	3931	3324	4588	2821	5224	2540	5624	2307	5984
5545	4628	4628	3967	5339	3416	6023	3106	6452	2848	6837
6223	8359	8360	7463	9306	6699	10203	6261	10759	5893	11254
5306	19079	19079	17711	20497	16523	21817	15832	22627	15244	23343
6325	7565	7565	6713	8467	5990	9323	5576	9855	5229	10329
9009	2536	2536	2054	3069	1663	3593	1449	3926	1274	4227
9006	2136	2136	1695	2627	1342	3114	1150	3424	996	3706
6225	16396	16396	15130	17712	14034	18941	13397	19696	12856	20365
9018	11696	11697	10631	12812	9715	13861	9187	14508	8740	15082
5425	31449	31449	29686	33262	28142	34939	27238	35962	26464	36863
5305	23732	23733	22204	25311	20872	26776	20094	27673	19431	28464
5426	16459	16460	15191	17778	14092	19009	13455	19766	12913	20435
6226	6985	6985	6168	7853	5475	8678	5080	9192	4749	9650
6126	3039	3039	2509	3620	2074	4187	1834	4546	1638	4870
6224	7650	7651	6794	8558	6066	9418	5650	9953	5301	10430
6216	9702	9702	8734	10721	7906	11681	7430	12276	7029	12805
6316	20203	20204	18796	21662	17571	23019	16858	23851	16251	24586
6215	16510	16511	15240	17831	14140	19065	13501	19822	12958	20492
5100	1762	1762	1364	2211	1049	2658	881	2946	746	3207
6213	15655	15655	14419	16942	13349	18144	12728	18884	12201	19538
9005	553	553	341	815	194	1095	126	1282	78	1457
6124	13212	13212	12078	14396	11101	15506	10536	16190	10057	16796
6125	11034	11035	10000	12119	9113	13139	8601	13769	8169	14329
6214	30040	30041	28318	31813	26810	33453	25928	34454	25173	35336
5415	62750	62751	60249	65301	58041	67642	56739	69062	55620	70309
5205	36440	36441	34541	38391	32874	40190	31896	41287	31058	42252
9916	2488	2488	2011	3017	1624	3536	1412	3866	1241	4166
9913	5849	5849	5103	6645	4475	7406	4119	7881	3822	8306
9915	3517	3517	2944	4140	2472	4745	2210	5127	1993	5471
4606	3509	3509	2937	4132	2466	4736	2203	5117	1987	5461
6115	9290	9291	8344	10288	7535	11229	7071	11812	6679	12331
4820	6214	6214	5444	7034	4795	7816	4426	8304	4118	8740
9017	292	292	145	490	56	711	23	864	6	1008
6123	60483	60484	58028	62988	55862	65288	54585	66683	53487	67908
6114	21376	21377	19927	22876	18666	24270	17931	25124	17305	25878
4607	6514	6514	5726	7353	5059	8153	4680	8651	4363	9095
6505	2961	2961	2438	3535	2010	4095	1774	4450	1580	4771
5020	8783	8783	7863	9753	7079	10671	6629	11239	6250	11745
6113	41150	41152	39130	43221	37355	45130	36312	46291	35418	47313
5010	17214	17215	15916	18562	14791	19820	14138	20592	13582	21275
6020	66961	66963	64378	69596	62094	72012	60748	73478	59590	74763
4900	56566	56568	54194	58990	52100	61216	50867	62568	49808	63754
6010	124077	124079	120550	127654	117418	130919	115564	132892	113964	134619
4400	9971	9972	8990	11004	8149	11977	7666	12579	7258	13114
9900	2076	2076	1642	2561	1295	3041	1106	3348	955	3627
9904	7347	7348	6509	8237	5797	9082	5390	9607	5049	10075
9902	24202	24203	22659	25796	21312	27275	20527	28180	19856	28978
4810	8078	8079	7198	9010	6448	9893	6019	10441	5658	10928
5720	11748	11748	10680	12866	9762	13917	9233	14565	8785	15140
9901	4734	4734	4066	5453	3507	6144	3193	6578	2932	6966
5826	8439	8439	7538	9390	6770	10291	6330	10850	5960	11347
5825	50995	50996	48743	53297	46759	55415	45592	56701	44589	57831
5925	20026	20027	18625	21479	17406	22830	16697	23658	16092	24390
9015	1931	1931	1514	2400	1181	2865	1002	3163	858	3435
4506	32120	32121	30338	33952	28777	35646	27863	36679	27080	37589
4605	21179	21180	19737	22672	18482	24060	17751	24910	17127	25661
9002	10031	10031	9046	11066	8203	12042	7718	12645	7309	13182
4226	3730	3730	3140	4371	2651	4992	2379	5384	2154	5735
4505	1549	1550	1178	1972	887	2396	733	2669	610	2918
4225	3333	3334	2777	3941	2319	4532	2064	4905	1856	5241
5716	8443	8443	7542	9395	6774	10296	6334	10854	5964	11352
5916	8431	8431	7530	9382	6763	10282	6323	10840	5954	11338
4300	18449	18449	17105	19844	15938	21144	15259	21941	14681	22646
5815	28088	28089	26424	29803	24968	31392	24117	32362	23389	33217
9004	5647	5647	4914	6430	4298	7179	3950	7646	3658	8065
5715	2268	2269	1814	2774	1447	3273	1248	3591	1087	3880
3330	2457	2457	1982	2982	1599	3498	1389	3827	1218	4125
6506	6946	6947	6131	7812	5441	8636	5048	9148	4718	9605
5915	5354	5355	4642	6118	4044	6848	3706	7305	3424	7715
3905	20587	20587	19165	22059	17929	23428	17209	24267	16595	25008
4130	24747	24748	23186	26358	21824	27853	21029	28768	20350	29574
6930	3805	3805	3208	4452	2715	5079	2439	5474	2211	5828
3825	8215	8215	7326	9154	6570	10043	6137	10595	5772	11087
4120	4139	4140	3516	4814	2998	5464	2708	5873	2468	6241
3816	4337	4337	3698	5027	3167	5691	2868	6108	2621	6483
4210	6010	6010	5253	6817	4616	7587	4254	8068	3952	8497
9016	2027	2027	1598	2506	1256	2982	1071	3286	922	3562
4005	2281	2281	1824	2788	1457	3288	1257	3607	1095	3896
4230	2088	2088	1653	2574	1304	3056	1115	3363	963	3643
3815	10471	10472	9465	11529	8602	12524	8106	13140	7686	13686
3705	38233	38234	36287	40230	34578	42072	33575	43194	32715	44181
3900	29035	29036	27342	30778	25861	32392	24995	33377	24254	34246
4110	37251	37252	35330	39222	33644	41041	32655	42150	31807	43124
3416	3380	3380	2819	3992	2358	4586	2101	4961	1890	5299
3413	1588	1589	1212	2016	916	2444	759	2720	635	2972
3706	4334	4334	3696	5023	3164	5687	2866	6105	2619	6479
3600	60667	60669	58209	63176	56039	65480	54760	66877	53661	68104
3415	5065	5065	4373	5808	3793	6521	3466	6967	3193	7366
3320	5783	5784	5042	6575	4418	7332	4064	7805	3768	8228
3505	21854	21855	20389	23370	19113	24779	18369	25641	17735	26403
3414	3203	3204	2658	3800	2211	4380	1963	4747	1759	5078
6900	2005	2005	1579	2481	1238	2954	1055	3257	907	3532
2940	3604	3605	3024	4235	2546	4847	2279	5232	2059	5579
2216	4430	4431	3785	5127	3246	5798	2944	6219	2694	6597
3046	9132	9133	8194	10121	7392	11055	6933	11634	6545	12149
2225	7712	7712	6852	8623	6121	9487	5703	10023	5352	10502
3426	3031	3031	2501	3611	2068	4178	1828	4536	1632	4860
3427	6430	6431	5647	7264	4985	8059	4609	8554	4294	8996
3045	4423	4423	3778	5119	3240	5789	2939	6210	2688	6588
3310	4183	4183	3556	4861	3035	5514	2743	5925	2502	6294
3030	10465	10466	9459	11522	8597	12518	8100	13133	7681	13680
3130	25769	25770	24176	27413	22785	28937	21972	29869	21278	30691
3010	11710	11711	10645	12827	9728	13876	9200	14523	8752	15098
3020	23058	23058	21552	24614	20239	26059	19474	26944	18821	27724
3425	3396	3397	2834	4009	2371	4605	2114	4981	1903	5320
2100	2376	2377	1910	2893	1534	3402	1328	3727	1162	4020
1606	3582	3582	3004	4211	2527	4821	2261	5205	2042	5552
2215	7424	7425	6581	8318	5865	9167	5456	9695	5113	10165
1720	7074	7074	6251	7947	5554	8777	5156	9294	4823	9754
3120	17542	17543	16232	18903	15096	20172	14435	20951	13874	21640
1900	15776	15776	14534	17067	13460	18274	12837	19016	12308	19673
3110	3347	3347	2789	3955	2330	4547	2075	4921	1865	5258
3200	7964	7965	7090	8890	6346	9766	5920	10311	5563	10796
1605	7920	7920	7048	8843	6306	9717	5882	10260	5526	10744
2000	15933	15933	14685	17231	13605	18443	12979	19189	12447	19848
1820	25323	25324	23744	26953	22365	28464	21560	29388	20872	30203
1200	6416	6416	5634	7249	4973	8043	4597	8538	4282	8979
1710	13991	13992	12824	15209	11816	16350	11233	17052	10738	17674
1810	14809	14810	13607	16061	12569	17233	11967	17954	11456	18592
900	12166	12166	11079	13303	10144	14371	9604	15030	9147	15614
806	4740	4740	4071	5460	3512	6151	3198	6585	2936	6974
1506	4597	4598	3939	5306	3390	5989	3081	6416	2824	6800
1410	16049	16050	14797	17352	13713	18569	13084	19317	12550	19978
1505	7054	7054	6232	7926	5536	8755	5139	9271	4806	9731
1330	6266	6267	5494	7090	4841	7875	4471	8365	4160	8802
1000	2077	2077	1643	2562	1295	3042	1107	3349	956	3628
1320	5200	5200	4498	5952	3909	6673	3577	7124	3300	7529
1420	15912	15913	14666	17210	13587	18422	12961	19167	12429	19826
1130	3024	3024	2495	3604	2062	4169	1822	4528	1626	4851
1116	8938	8939	8010	9917	7218	10842	6764	11415	6381	11925
1310	6376	6376	5596	7206	4937	7998	4563	8491	4249	8931
805	5569	5569	4842	6347	4230	7091	3884	7556	3596	7972
1115	4895	4895	4215	5626	3646	6328	3325	6767	3059	7161
205	14446	14447	13260	15684	12235	16842	11641	17554	11137	18185
136	4594	4595	3936	5303	3387	5985	3078	6413	2822	6796
1120	13494	13494	12348	14690	11359	15812	10788	16502	10303	17114
705	3590	3590	3011	4220	2534	4830	2268	5215	2048	5562
120	1684	1685	1296	2124	990	2563	826	2845	696	3102
325	6900	6900	6088	7763	5400	8584	5008	9094	4679	9550
135	3281	3281	2728	3884	2275	4470	2023	4841	1816	5175
706	3879	3879	3276	4532	2777	5164	2498	5562	2268	5920
206	8530	8530	7624	9486	6851	10391	6409	10953	6037	11452
2910	1168	1168	849	1538	605	1914	478	2160	381	2385
315	6975	6975	6158	7842	5466	8667	5072	9180	4741	9638
2935	21754	21755	20293	23267	19020	24673	18278	25534	17645	26294
605	4674	4675	4010	5389	3456	6076	3144	6507	2885	6894
606	4505	4506	3854	5207	3311	5883	3005	6307	2752	6688
506	5221	5221	4518	5975	3928	6697	3595	7149	3317	7554
110	1399	1399	1047	1802	774	2208	630	2471	517	2711
505	12296	12296	11203	13439	10263	14513	9720	15175	9260	15762
2936	4159	4159	3534	4834	3015	5486	2724	5896	2483	6264
405	4621	4621	3961	5331	3410	6015	3100	6444	2843	6828
2926	3000	3001	2474	3578	2042	4142	1804	4499	1609	4821
2925	2324	2325	1864	2836	1492	3340	1290	3662	1126	3953
2927	1940	1941	1522	2410	1188	2876	1008	3175	864	3447
