faz_id mean median lower_50 upper_50 lower_80 upper_80 lower_90 upper_90 lower_95 upper_95
8935	6866	6866	6356	7396	5913	7890	5656	8194	5437	8462
8927	2829	2829	2505	3173	2230	3499	2073	3702	1941	3883
8926	8094	8094	7539	8669	7056	9203	6775	9530	6535	9820
8936	8225	8225	7665	8804	7178	9343	6895	9673	6653	9964
8500	11144	11144	10491	11817	9920	12439	9586	12819	9300	13154
8406	1299	1299	1083	1535	905	1765	806	1910	724	2040
8320	6938	6938	6425	7471	5980	7967	5721	8272	5501	8542
8925	8764	8764	8186	9362	7683	9917	7389	10256	7138	10556
8937	9943	9943	9327	10579	8789	11168	8475	11529	8206	11847
8405	8813	8813	8233	9412	7728	9969	7434	10309	7183	10610
8310	15710	15710	14933	16507	14250	17241	13849	17688	13505	18081
8910	8972	8972	8387	9577	7877	10138	7580	10481	7326	10784
7905	13034	13034	12327	13761	11707	14432	11344	14841	11033	15201
7606	2190	2190	1906	2494	1667	2784	1532	2965	1419	3128
7805	10563	10563	9928	11218	9372	11825	9048	12196	8770	12522
8220	10960	10960	10313	11627	9746	12245	9415	12622	9132	12954
8000	6758	6758	6252	7284	5813	7774	5558	8076	5341	8342
8906	3863	3863	3483	4263	3157	4640	2970	4874	2812	5081
8210	7885	7885	7337	8452	6861	8980	6584	9304	6347	9589
9020	9996	9996	9378	10634	8839	11225	8523	11586	8254	11904
8125	9052	9052	8465	9659	7952	10223	7654	10568	7399	10872
8126	8464	8464	7896	9051	7402	9597	7114	9932	6868	10227
8905	4412	4412	4005	4839	3655	5240	3453	5488	3283	5708
7806	4086	4086	3695	4497	3359	4884	3166	5124	3002	5336
7700	3675	3675	3304	4065	2987	4434	2805	4662	2652	4865
7526	6713	6713	6208	7237	5771	7726	5517	8026	5301	8292
7340	12286	12286	11600	12992	10999	13644	10647	14042	10346	14393
7605	808	808	639	996	504	1183	431	1302	372	1410
7537	14149	14149	13412	14906	12765	15604	12386	16029	12061	16404
8115	17966	17966	17134	18817	16402	19601	15972	20077	15603	20496
7335	17890	17890	17060	18740	16330	19522	15900	19997	15532	20415
8600	8648	8648	8074	9242	7574	9793	7282	10131	7034	10429
7425	12490	12490	11798	13201	11192	13859	10837	14260	10533	14613
7535	16376	16376	15582	17189	14885	17939	14475	18394	14123	18795
7525	8778	8778	8200	9376	7696	9932	7402	10272	7151	10572
7436	2339	2339	2045	2652	1798	2952	1657	3138	1539	3305
9019	9032	9032	8445	9638	7934	10202	7635	10546	7380	10850
7026	4377	4377	3972	4802	3623	5202	3422	5449	3253	5668
7205	7133	7133	6613	7673	6161	8176	5898	8485	5675	8758
7515	2739	2739	2420	3077	2150	3399	1996	3599	1867	3778
7320	14145	14145	13408	14902	12761	15600	12382	16025	12057	16399
7206	9033	9033	8446	9640	7935	10203	7636	10547	7381	10851
7315	9368	9368	8770	9985	8249	10558	7944	10909	7684	11218
7435	3545	3545	3181	3929	2870	4291	2692	4515	2541	4715
7316	9092	9092	8503	9700	7990	10265	7690	10611	7435	10916
7025	10890	10890	10245	11555	9680	12171	9350	12547	9068	12878
7415	5644	5644	5182	6126	4783	6576	4552	6853	4356	7099
7100	16299	16299	15507	17110	14811	17858	14402	18313	14052	18713
7015	8623	8623	8050	9216	7551	9767	7259	10104	7011	10401
9908	1185	1185	979	1411	810	1631	716	1771	640	1897
6410	26880	26881	25861	27919	24959	28872	24428	29450	23970	29956
6420	22973	22974	22031	23934	21200	24817	20710	25353	20290	25823
5535	17687	17687	16862	18532	16136	19309	15709	19782	15343	20198
5600	8264	8264	7703	8845	7215	9384	6930	9715	6688	10007
5546	8894	8894	8312	9496	7804	10055	7508	10397	7256	10699
4706	5670	5670	5207	6153	4807	6604	4575	6882	4379	7128
6605	5942	5942	5468	6436	5058	6897	4820	7181	4618	7432
6910	2907	2907	2578	3255	2299	3586	2140	3791	2006	3975
6606	3374	3374	3019	3749	2717	4103	2543	4322	2397	4518
9909	3896	3896	3514	4298	3187	4676	2999	4911	2840	5119
9011	6619	6619	6118	7140	5684	7625	5432	7924	5217	8187
5525	7781	7781	7237	8345	6764	8869	6489	9191	6254	9475
5515	12895	12895	12192	13618	11576	14286	11215	14693	10905	15051
6326	12972	12972	12267	13697	11649	14367	11286	14775	10976	15134
9914	8734	8734	8157	9331	7654	9885	7361	10224	7111	10523
5545	7074	7074	6556	7612	6106	8113	5845	8421	5622	8693
6223	14638	14638	13888	15407	13230	16117	12844	16550	12513	16930
5306	11759	11759	11088	12450	10501	13088	10157	13478	9863	13822
6325	17172	17172	16359	18005	15644	18771	15224	19238	14863	19647
9009	2518	2518	2213	2843	1955	3152	1808	3345	1685	3517
9006	6302	6302	5813	6810	5390	7285	5145	7576	4936	7834
6225	11985	11985	11308	12682	10714	13327	10367	13720	10070	14067
9018	10674	10674	10035	11332	9477	11942	9150	12315	8871	12643
5425	20469	20469	19581	21377	18797	22212	18337	22719	17941	23164
5305	13503	13503	12783	14242	12152	14925	11782	15341	11465	15708
5426	10049	10049	9430	10688	8888	11281	8572	11643	8302	11962
6226	15282	15282	14516	16068	13843	16793	13447	17234	13109	17622
6126	6310	6310	5821	6819	5398	7293	5152	7585	4943	7843
6224	11418	11418	10757	12099	10179	12729	9840	13113	9551	13452
6216	6987	6987	6472	7522	6025	8020	5765	8326	5544	8596
6316	15604	15604	14830	16398	14149	17130	13750	17576	13407	17968
6215	12531	12531	11838	13244	11231	13902	10875	14304	10571	14658
5100	3115	3115	2774	3475	2485	3817	2319	4028	2179	4217
6213	10392	10392	9762	11042	9211	11644	8889	12012	8614	12336
9005	3415	3415	3058	3792	2753	4148	2579	4369	2432	4565
6124	15019	15019	14259	15798	13592	16517	13201	16955	12865	17339
6125	5675	5675	5212	6158	4812	6609	4580	6887	4383	7133
6214	238	238	151	345	90	458	60	533	40	603
5415	8112	8112	7556	8687	7073	9222	6791	9550	6551	9839
5205	7095	7095	6576	7634	6126	8136	5864	8444	5641	8716
9916	8173	8173	7615	8750	7130	9287	6847	9616	6606	9907
9913	3604	3604	3237	3991	2923	4356	2743	4582	2591	4783
9915	11992	11992	11314	12689	10721	13334	10374	13728	10076	14074
4606	11501	11501	10838	12184	10257	12816	9917	13202	9627	13542
6115	12063	12063	11383	12762	10788	13409	10440	13804	10141	14151
4820	3838	3838	3459	4237	3134	4613	2948	4845	2790	5052
9017	2024	2024	1751	2316	1523	2596	1394	2772	1286	2929
6123	13405	13405	12688	14142	12059	14822	11690	15237	11375	15602
6114	18637	18637	17790	19504	17044	20302	16605	20786	16228	21212
4607	13065	13065	12357	13792	11737	14464	11373	14874	11062	15235
6505	5469	5469	5015	5943	4622	6387	4395	6660	4202	6902
5020	12035	12035	11356	12734	10762	13380	10414	13774	10116	14121
6113	28543	28544	27492	29614	26563	30594	26014	31189	25542	31710
5010	9678	9678	9070	10305	8540	10887	8230	11243	7965	11557
6020	16513	16513	15716	17330	15015	18082	14604	18540	14251	18942
4900	16122	16122	15335	16929	14643	17673	14236	18125	13887	18523
6010	10990	10990	10342	11658	9775	12276	9443	12654	9160	12987
4400	9746	9746	9136	10376	8604	10960	8293	11317	8027	11631
9900	5331	5331	4882	5799	4495	6238	4271	6508	4081	6747
9904	7176	7176	6654	7718	6201	8222	5937	8532	5713	8806
9902	14894	14894	14138	15670	13473	16386	13084	16822	12750	17205
4810	5025	5025	4590	5480	4215	5906	3998	6169	3814	6402
5720	19743	19743	18871	20635	18102	21455	17650	21954	17261	22391
9901	5284	5284	4837	5750	4452	6187	4229	6456	4040	6694
5826	3520	3520	3157	3902	2848	4264	2670	4487	2520	4686
5825	1982	1982	1712	2271	1486	2549	1359	2722	1253	2878
5925	12391	12391	11702	13100	11098	13755	10745	14154	10442	14506
9015	6706	6706	6202	7230	5764	7719	5510	8019	5294	8284
4506	8628	8628	8055	9221	7555	9772	7264	10109	7016	10407
4605	11743	11743	11073	12433	10486	13072	10142	13461	9848	13804
9002	20016	20016	19138	20914	18363	21740	17908	22241	17517	22682
4226	7942	7942	7392	8511	6914	9041	6636	9365	6399	9652
4505	6296	6296	5808	6804	5385	7278	5139	7570	4931	7828
4225	8334	8334	7771	8917	7280	9459	6995	9791	6751	10084
5716	11967	11967	11290	12664	10697	13308	10350	13701	10053	14047
5916	15885	15885	15104	16686	14417	17424	14013	17874	13668	18269
4300	5967	5967	5492	6462	5081	6924	4843	7209	4640	7460
5815	2443	2443	2143	2763	1889	3068	1745	3259	1624	3429
9004	9888	9888	9274	10522	8737	11110	8424	11470	8156	11786
5715	8175	8175	7617	8752	7132	9289	6849	9618	6608	9909
3330	6804	6804	6296	7332	5855	7824	5599	8126	5382	8393
6506	7653	7653	7114	8212	6645	8732	6372	9051	6139	9333
5915	8535	8535	7965	9125	7468	9673	7179	10009	6932	10305
3905	4994	4994	4560	5448	4186	5873	3970	6135	3787	6367
4130	9168	9168	8577	9779	8061	10346	7760	10693	7503	10999
6930	4595	4595	4179	5030	3822	5439	3615	5692	3441	5916
3825	9795	9795	9184	10426	8650	11012	8338	11369	8072	11685
4120	9876	9876	9262	10510	8726	11097	8413	11457	8145	11773
3816	11337	11337	10678	12015	10102	12643	9765	13026	9477	13364
4210	11906	11906	11231	12601	10640	13244	10294	13636	9997	13981
9016	7035	7035	6518	7571	6070	8071	5809	8378	5587	8649
4005	7672	7672	7132	8232	6662	8753	6389	9072	6156	9354
4230	5090	5090	4652	5548	4274	5977	4056	6241	3871	6476
3815	9070	9070	8482	9678	7969	10242	7670	10587	7415	10892
3705	15915	15915	15133	16717	14445	17456	14042	17906	13695	18301
3900	3736	3736	3362	4130	3042	4501	2859	4731	2704	4935
4110	12041	12041	11362	12740	10767	13386	10419	13780	10121	14127
3416	10917	10917	10271	11583	9706	12199	9375	12576	9093	12908
3413	4781	4781	4357	5225	3992	5642	3781	5899	3602	6127
3706	7567	7567	7031	8123	6565	8641	6293	8958	6062	9238
3600	11586	11586	10920	12272	10337	12906	9996	13293	9704	13634
3415	13742	13742	13016	14488	12379	15176	12005	15596	11685	15965
3320	12043	12043	11364	12742	10769	13388	10421	13782	10123	14130
3505	20472	20472	19584	21380	18800	22215	18339	22722	17943	23167
3414	11271	11271	10614	11947	10040	12573	9704	12956	9416	13292
6900	4673	4673	4254	5112	3893	5524	3685	5779	3508	6004
2940	10847	10847	10203	11511	9640	12125	9311	12501	9029	12831
2216	8773	8773	8195	9371	7691	9926	7397	10266	7147	10566
3046	11296	11296	10639	11973	10063	12600	9727	12982	9439	13319
2225	9283	9283	8688	9898	8169	10468	7866	10817	7608	11125
3426	9374	9374	8776	9992	8254	10565	7950	10915	7690	11225
3427	10053	10053	9433	10692	8892	11285	8576	11647	8306	11967
3045	12954	12954	12249	13678	11632	14348	11270	14756	10960	15115
3310	12717	12717	12019	13435	11407	14098	11049	14503	10742	14859
3030	20029	20029	19150	20927	18376	21753	17920	22255	17529	22696
3130	8680	8680	8105	9275	7604	9827	7312	10165	7063	10464
3010	19190	19190	18330	20070	17573	20879	17127	21370	16745	21802
3020	13500	13500	12780	14239	12149	14922	11779	15338	11462	15704
3425	9429	9429	8829	10048	8306	10623	8001	10975	7740	11285
2100	8562	8562	7991	9153	7494	9702	7204	10038	6956	10334
1606	6134	6134	5652	6636	5235	7104	4993	7392	4788	7647
2215	8216	8216	7657	8795	7170	9333	6886	9663	6645	9954
1720	13367	13367	12651	14103	12023	14782	11655	15196	11340	15561
3120	13166	13166	12455	13896	11832	14571	11467	14982	11155	15344
1900	553	553	415	710	308	869	251	972	207	1066
3110	3729	3729	3355	4122	3036	4493	2852	4723	2698	4927
3200	10005	10005	9387	10643	8847	11234	8532	11596	8262	11914
1605	8357	8357	7793	8941	7302	9483	7016	9816	6772	10109
2000	6380	6380	5888	6891	5463	7369	5215	7662	5005	7921
1820	5003	5003	4569	5457	4195	5883	3978	6145	3795	6377
1200	8253	8253	7693	8833	7205	9373	6920	9703	6678	9995
1710	12721	12721	12023	13439	11411	14102	11052	14507	10745	14863
1810	3412	3412	3055	3789	2751	4145	2576	4365	2429	4562
900	5275	5275	4829	5741	4444	6177	4221	6446	4033	6684
806	15993	15993	15209	16797	14520	17538	14115	17988	13768	18385
1506	10354	10354	9725	11003	9175	11604	8854	11971	8580	12295
1410	5733	5733	5268	6218	4865	6672	4632	6951	4434	7198
1505	9883	9883	9269	10517	8732	11105	8419	11464	8152	11781
1330	9051	9051	8464	9658	7951	10222	7653	10567	7398	10871
1000	4119	4119	3726	4532	3389	4920	3195	5161	3031	5374
1320	7408	7408	6878	7958	6417	8471	6148	8785	5920	9062
1420	10902	10902	10256	11567	9692	12183	9362	12560	9079	12891
1130	3298	3298	2947	3668	2648	4019	2477	4236	2333	4430
1116	8664	8664	8089	9258	7589	9810	7297	10148	7048	10446
1310	10825	10825	10182	11488	9619	12102	9290	12477	9009	12808
805	10233	10233	9608	10878	9062	11476	8742	11841	8470	12163
1115	7108	7108	6589	7647	6138	8150	5875	8458	5652	8730
205	6042	6042	5564	6540	5150	7005	4910	7291	4706	7544
136	5257	5257	4812	5722	4427	6158	4205	6426	4017	6664
1120	17154	17154	16342	17986	15627	18752	15207	19218	14846	19628
705	12180	12180	11497	12883	10899	13532	10548	13929	10249	14278
120	5387	5387	4936	5858	4547	6298	4322	6570	4131	6810
325	11103	11103	10451	11774	9881	12396	9548	12775	9263	13110
135	7220	7220	6696	7763	6242	8269	5977	8580	5752	8854
706	6482	6482	5986	6997	5557	7478	5308	7774	5096	8035
206	6200	6200	5716	6704	5296	7175	5053	7465	4846	7721
2910	2002	2002	1731	2293	1504	2571	1375	2746	1269	2902
315	6667	6667	6164	7189	5728	7677	5475	7976	5260	8241
2935	2289	2289	1998	2599	1754	2895	1615	3080	1499	3246
605	11246	11246	10590	11922	10016	12547	9681	12929	9393	13265
606	13008	13008	12302	13734	11683	14404	11320	14813	11009	15173
506	13825	13825	13097	14573	12458	15264	12083	15684	11762	16055
110	2475	2475	2173	2797	1917	3104	1772	3296	1650	3466
505	24647	24648	23671	25642	22809	26556	22301	27110	21864	27596
2936	3216	3216	2870	3582	2575	3928	2406	4143	2264	4335
405	13088	13088	12380	13816	11759	14489	11395	14899	11083	15260
2926	10911	10911	10265	11577	9700	12193	9370	12569	9088	12901
2925	9334	9334	8737	9950	8217	10522	7913	10872	7654	11181
2927	6557	6557	6058	7075	5626	7559	5376	7856	5162	8118
