faz_id mean median lower_50 upper_50 lower_80 upper_80 lower_90 upper_90 lower_95 upper_95
8935	4933	4934	4319	5589	3801	6214	3506	6603	3260	6952
8927	1238	1239	941	1577	708	1917	584	2136	486	2336
8926	2065	2065	1674	2496	1358	2919	1184	3188	1043	3431
8936	3568	3568	3048	4128	2616	4667	2372	5006	2171	5310
8500	11929	11928	10962	12936	10127	13879	9643	14458	9232	14972
8406	286	286	153	459	69	650	35	780	14	903
8320	9943	9943	9062	10865	8304	11729	7866	12263	7495	12736
8925	2623	2624	2181	3107	1817	3577	1616	3874	1450	4142
8937	7427	7428	6669	8226	6021	8981	5649	9449	5335	9864
8405	921	921	667	1216	474	1516	374	1712	296	1892
8310	10093	10094	9206	11022	8441	11893	8000	12430	7626	12906
8910	2982	2982	2509	3496	2118	3994	1900	4308	1720	4590
7905	5033	5033	4412	5694	3888	6325	3590	6718	3341	7069
7606	850	850	607	1134	423	1425	329	1615	257	1789
7805	3112	3112	2628	3637	2228	4144	2004	4463	1819	4751
8220	11900	11899	10934	12906	10100	13847	9616	14426	9206	14939
8000	38755	38756	36997	40555	35448	42210	34537	43217	33755	44101
8906	1321	1322	1013	1670	771	2020	642	2244	539	2449
8210	21892	21893	20575	23250	19424	24507	18752	25276	18177	25953
9020	3942	3942	3395	4530	2937	5094	2679	5448	2465	5764
8125	6044	6044	5362	6767	4782	7453	4452	7879	4174	8260
8126	7894	7894	7111	8717	6441	9494	6057	9974	5732	10401
8905	1096	1096	817	1416	601	1738	488	1947	399	2139
7806	1604	1604	1262	1986	990	2365	842	2608	724	2829
7700	5709	5710	5047	6413	4485	7081	4165	7497	3896	7867
7526	9180	9181	8335	10067	7608	10900	7190	11414	6835	11871
7340	3858	3858	3317	4439	2865	4998	2610	5349	2398	5662
7605	1138	1138	854	1463	632	1791	516	2003	424	2197
7537	16385	16385	15248	17562	14260	18657	13684	19328	13194	19921
8115	11120	11120	10187	12093	9382	13005	8916	13566	8521	14063
7335	11662	11661	10706	12658	9881	13591	9403	14164	8997	14672
8600	11394	11394	10450	12379	9634	13301	9162	13869	8762	14371
7425	3745	3746	3213	4319	2768	4870	2518	5216	2310	5526
7535	6312	6312	5614	7050	5021	7750	4682	8185	4397	8572
7525	2376	2377	1956	2837	1613	3287	1423	3572	1268	3830
7436	2359	2359	1940	2818	1598	3267	1410	3551	1255	3808
9019	4896	4896	4284	5549	3768	6172	3475	6560	3230	6907
7026	1784	1785	1423	2186	1133	2584	975	2837	847	3067
7205	8471	8472	7660	9323	6964	10126	6564	10622	6225	11062
7515	7889	7889	7106	8712	6437	9488	6052	9968	5727	10395
7320	8835	8836	8006	9705	7295	10524	6885	11029	6538	11478
7206	18081	18082	16887	19317	15846	20465	15238	21167	14721	21787
7315	4910	4910	4297	5564	3780	6187	3487	6576	3241	6924
7435	4528	4529	3941	5157	3446	5758	3166	6134	2933	6469
7316	4573	4573	3982	5205	3485	5808	3204	6185	2969	6523
7025	11562	11563	10611	12554	9789	13483	9313	14054	8909	14560
7415	14090	14089	13038	15183	12125	16202	11595	16828	11143	17382
7100	10606	10607	9696	11558	8911	12449	8458	12998	8073	13485
7015	5967	5968	5290	6686	4714	7368	4386	7792	4110	8170
9908	4410	4410	3830	5031	3343	5624	3067	5995	2838	6328
6410	15489	15488	14384	16634	13425	17700	12866	18354	12391	18931
6420	8825	8826	7997	9695	7285	10513	6876	11018	6529	11466
5535	6016	6016	5335	6737	4757	7422	4427	7847	4150	8226
5600	15033	15033	13946	16162	13001	17213	12452	17858	11984	18428
5546	13443	13443	12416	14512	11526	15509	11009	16121	10569	16663
4706	2282	2282	1870	2734	1535	3176	1350	3456	1199	3709
6605	2698	2698	2249	3187	1879	3664	1674	3964	1505	4235
6910	895	895	645	1185	455	1482	357	1675	281	1853
6606	1242	1242	944	1580	710	1921	586	2140	488	2340
9909	1183	1183	893	1514	666	1848	546	2063	452	2260
9011	6553	6554	5842	7305	5237	8018	4890	8460	4599	8853
5525	6631	6632	5916	7388	5306	8104	4957	8548	4664	8944
5515	5452	5453	4806	6140	4258	6795	3946	7202	3685	7565
6326	11856	11856	10893	12861	10060	13800	9577	14378	9168	14890
9914	3931	3931	3385	4518	2928	5081	2670	5434	2456	5751
5545	4628	4628	4033	5263	3533	5870	3249	6249	3013	6588
6223	8359	8359	7553	9206	6862	10003	6465	10496	6129	10934
5306	19079	19079	17851	20347	16780	21525	16155	22245	15622	22881
6325	7565	7565	6799	8371	6144	9132	5769	9603	5452	10023
9009	2536	2536	2101	3011	1745	3475	1547	3768	1385	4032
9006	2136	2136	1739	2574	1416	3004	1239	3276	1094	3523
6225	16396	16396	15259	17573	14270	18669	13694	19340	13204	19933
9018	11696	11696	10739	12694	9912	13628	9433	14202	9027	14711
5425	31449	31449	29866	33072	28476	34568	27660	35480	26961	36281
5305	23732	23733	22361	25145	21160	26452	20458	27250	19857	27953
5426	16459	16460	15320	17639	14329	18736	13752	19409	13260	20003
6226	6985	6985	6250	7761	5623	8494	5264	8949	4961	9354
6126	3039	3039	2561	3558	2166	4060	1945	4376	1763	4660
6224	7650	7651	6880	8461	6222	9226	5844	9700	5525	10121
6216	9702	9702	8832	10613	8084	11468	7652	11995	7286	12463
6316	20203	20204	18939	21508	17836	22718	17191	23458	16641	24111
6215	16510	16511	15370	17692	14377	18791	13799	19465	13307	20059
5100	1762	1762	1403	2162	1115	2557	958	2809	832	3037
6213	15655	15654	14544	16806	13579	17878	13018	18535	12540	19115
9005	553	553	361	786	223	1030	156	1193	108	1343
6124	13212	13211	12193	14271	11311	15260	10799	15867	10364	16405
6125	11034	11034	10105	12004	9303	12912	8840	13471	8446	13967
6214	30040	30041	28494	31627	27137	33090	26340	33982	25658	34767
5415	62750	62751	60506	65034	58521	67126	57349	68393	56340	69505
5205	36440	36441	34736	38186	33235	39793	32353	40770	31597	41629
9916	2488	2488	2058	2959	1705	3419	1510	3709	1350	3972
9913	5849	5849	5178	6560	4609	7236	4284	7656	4012	8031
9915	3517	3517	3001	4073	2572	4609	2331	4946	2131	5248
4606	3509	3509	2994	4065	2565	4600	2325	4936	2125	5238
6115	9290	9291	8440	10182	7709	11020	7287	11537	6930	11996
4820	6214	6214	5522	6947	4934	7642	4598	8073	4315	8458
9017	292	292	158	467	72	659	37	790	16	914
6123	60483	60484	58281	62726	56332	64781	55183	66026	54193	67118
6114	21376	21377	20075	22718	18939	23961	18274	24721	17707	25391
4607	6514	6514	5805	7264	5201	7974	4856	8415	4566	8807
6505	2961	2961	2489	3473	2100	3969	1883	4282	1704	4563
5020	8783	8783	7956	9650	7247	10466	6838	10970	6493	11418
6113	41150	41151	39338	43004	37740	44708	36800	45744	35993	46654
5010	17214	17215	16049	18420	15034	19541	14443	20228	13939	20834
6020	66961	66963	64643	69320	62591	71480	61378	72788	60334	73934
4900	56566	56567	54437	58736	52555	60725	51444	61931	50489	62989
6010	124077	124078	120914	127280	118100	130201	116433	131964	114993	133505
4400	9971	9972	9089	10894	8330	11760	7891	12294	7520	12768
9900	2076	2076	1685	2508	1367	2932	1193	3202	1051	3446
9904	7347	7348	6593	8143	5949	8893	5579	9359	5268	9772
9902	24202	24203	22816	25628	21604	26948	20894	27753	20287	28462
4810	8078	8079	7287	8911	6608	9696	6218	10181	5889	10613
5720	11748	11747	10788	12747	9960	13683	9480	14259	9072	14768
9901	4734	4734	4133	5376	3626	5990	3339	6372	3099	6715
5826	8439	8439	7629	9289	6935	10090	6535	10585	6197	11025
5825	50995	50996	48975	53056	47190	54948	46138	56095	45234	57102
5925	20026	20027	18768	21326	17669	22531	17028	23268	16480	23918
9015	1931	1931	1554	2349	1250	2760	1084	3022	949	3259
4506	32120	32121	30520	33760	29115	35272	28290	36192	27583	37002
4605	21179	21180	19884	22515	18753	23752	18092	24509	17528	25176
9002	10031	10031	9146	10956	8384	11825	7944	12360	7572	12835
4226	3730	3730	3198	4302	2755	4853	2505	5198	2298	5507
4505	1549	1550	1214	1926	947	2299	803	2539	688	2756
4225	3333	3334	2832	3876	2415	4399	2182	4728	1989	5023
5716	8443	8443	7633	9294	6938	10095	6539	10590	6201	11030
5916	8431	8431	7621	9281	6927	10082	6528	10576	6191	11016
4300	18449	18449	17242	19697	16189	20855	15576	21565	15052	22190
5815	28088	28089	26594	29623	25283	31041	24515	31904	23857	32665
9004	5647	5647	4988	6346	4430	7011	4112	7425	3845	7794
5715	2268	2269	1858	2719	1524	3160	1340	3440	1189	3693
3330	2457	2457	2029	2925	1679	3382	1485	3671	1327	3932
6506	6946	6947	6214	7720	5589	8452	5231	8905	4929	9309
5915	5354	5355	4713	6036	4171	6685	3863	7089	3604	7450
3905	20587	20587	19310	21904	18196	23125	17545	23871	16989	24529
4130	24747	24748	23346	26189	22119	27523	21400	28336	20786	29053
6930	3805	3805	3268	4383	2819	4938	2567	5286	2357	5599
3825	8215	8215	7416	9054	6732	9845	6338	10334	6006	10769
4120	4139	4140	3578	4741	3108	5318	2843	5679	2621	6003
3816	4337	4337	3762	4953	3280	5542	3007	5910	2779	6240
4210	6010	6010	5329	6731	4752	7415	4422	7840	4145	8219
9016	2027	2027	1641	2454	1327	2874	1156	3141	1017	3383
4005	2281	2281	1869	2733	1534	3175	1349	3455	1198	3708
4230	2088	2088	1696	2522	1377	2947	1202	3217	1060	3462
3815	10471	10472	9567	11417	8787	12303	8337	12849	7955	13333
3705	38233	38234	36486	40021	34948	41665	34044	42665	33268	43544
3900	29035	29036	27515	30595	26182	32035	25400	32913	24730	33685
4110	37251	37252	35527	39016	34010	40640	33117	41627	32352	42495
3416	3380	3380	2875	3926	2455	4452	2220	4783	2025	5080
3413	1588	1589	1249	1969	978	2347	831	2588	714	2808
3706	4334	4334	3759	4949	3277	5539	3004	5907	2777	6237
3600	60667	60669	58462	62914	56511	64972	55359	66219	54368	67312
3415	5065	5065	4442	5729	3916	6361	3618	6755	3367	7108
3320	5783	5784	5116	6491	4551	7163	4228	7581	3957	7954
3505	21854	21855	20538	23210	19388	24467	18716	25234	18142	25911
3414	3203	3204	2712	3735	2305	4249	2077	4573	1889	4863
6900	2005	2005	1620	2430	1309	2847	1139	3113	1001	3354
2940	3604	3605	3082	4167	2647	4709	2402	5049	2199	5354
2216	4430	4431	3849	5052	3361	5647	3084	6019	2854	6352
3046	9132	9132	8289	10016	7564	10847	7147	11360	6794	11816
2225	7712	7712	6939	8526	6277	9294	5897	9769	5577	10192
3426	3031	3031	2554	3549	2159	4050	1939	4366	1757	4650
3427	6430	6431	5726	7175	5127	7881	4784	8319	4496	8710
3045	4423	4423	3843	5045	3355	5639	3078	6011	2848	6343
3310	4183	4183	3619	4788	3146	5368	2879	5730	2656	6055
3030	10465	10466	9561	11410	8782	12296	8332	12842	7950	13326
3130	25769	25770	24339	27240	23086	28600	22352	29430	21724	30160
3010	11710	11710	10753	12709	9925	13643	9446	14217	9039	14726
3020	23058	23058	21706	24450	20523	25740	19832	26527	19240	27220
3425	3396	3397	2890	3943	2469	4471	2233	4803	2038	5100
2100	2376	2377	1956	2837	1613	3287	1423	3572	1268	3830
1606	3582	3582	3061	4143	2628	4684	2384	5023	2182	5327
2215	7424	7425	6666	8223	6018	8978	5646	9445	5333	9861
1720	7074	7074	6334	7854	5703	8592	5341	9049	5036	9456
3120	17542	17543	16365	18759	15341	19891	14744	20583	14234	21195
1900	15776	15775	14661	16931	13692	18007	13128	18666	12648	19249
3110	3347	3347	2844	3890	2427	4414	2193	4743	1999	5039
3200	7964	7965	7178	8791	6505	9571	6118	10053	5792	10482
1605	7920	7920	7136	8745	6465	9522	6080	10003	5754	10431
2000	15933	15932	14812	17094	13838	18174	13271	18837	12788	19422
1820	25323	25324	23905	26781	22663	28130	21936	28953	21314	29677
1200	6416	6416	5713	7160	5114	7866	4772	8303	4484	8693
1710	13991	13991	12943	15081	12033	16097	11505	16720	11056	17272
1810	14809	14808	13730	15929	12792	16973	12248	17613	11784	18179
900	12166	12165	11189	13183	10345	14134	9856	14719	9440	15237
806	4740	4740	4138	5383	3631	5996	3344	6379	3104	6722
1506	4597	4598	4005	5230	3506	5836	3224	6214	2988	6552
1410	16049	16049	14925	17215	13947	18299	13378	18964	12893	19551
1505	7054	7054	6315	7833	5685	8570	5324	9027	5019	9433
1330	6266	6267	5571	7002	4980	7700	4643	8133	4359	8519
1000	2077	2077	1685	2509	1368	2933	1194	3203	1052	3447
1320	5200	5200	4568	5872	4035	6512	3731	6911	3477	7267
1420	15912	15912	14793	17073	13820	18153	13253	18815	12770	19400
1130	3024	3024	2547	3541	2153	4042	1933	4358	1751	4641
1116	8938	8939	8104	9813	7388	10636	6976	11144	6627	11595
1310	6376	6376	5674	7118	5078	7821	4737	8257	4450	8646
805	5569	5569	4915	6264	4361	6924	4045	7335	3780	7702
1115	4895	4895	4283	5548	3767	6170	3474	6559	3229	6906
205	14446	14446	13381	15553	12456	16585	11918	17218	11461	17777
136	4594	4595	4002	5227	3504	5832	3221	6210	2986	6548
1120	13494	13493	12464	14564	11572	15563	11054	16176	10614	16719
705	3590	3590	3069	4152	2635	4693	2391	5032	2188	5337
120	1684	1685	1334	2076	1053	2463	901	2711	779	2935
325	6900	6900	6170	7671	5547	8400	5190	8853	4890	9255
135	3281	3281	2783	3819	2371	4338	2139	4665	1948	4958
706	3879	3879	3337	4462	2883	5023	2627	5374	2415	5688
206	8530	8530	7715	9385	7017	10190	6615	10687	6275	11129
2910	1168	1168	879	1497	655	1828	536	2043	442	2238
315	6975	6975	6240	7750	5614	8483	5255	8937	4953	9342
2935	21754	21755	20442	23108	19295	24361	18624	25127	18051	25803
605	4674	4675	4077	5313	3574	5922	3289	6303	3050	6643
606	4505	4505	3919	5132	3426	5732	3147	6106	2914	6442
506	5221	5221	4588	5894	4053	6536	3749	6935	3495	7292
110	1399	1399	1082	1758	830	2115	696	2345	589	2555
505	12296	12295	11314	13318	10465	14274	9973	14862	9555	15382
2936	4159	4159	3596	4762	3125	5340	2859	5702	2637	6026
405	4621	4621	4027	5255	3527	5862	3244	6241	3007	6579
2926	3000	3001	2526	3516	2133	4015	1914	4329	1734	4612
2925	2324	2325	1909	2780	1570	3226	1383	3509	1230	3764
2927	1940	1941	1563	2359	1258	2771	1091	3033	955	3270
