faz_id mean median lower_50 upper_50 lower_80 upper_80 lower_90 upper_90 lower_95 upper_95
8935	12782	12783	11624	13995	10629	15135	10054	15838	9568	16462
8927	5746	5747	4979	6569	4335	7356	3971	7849	3668	8290
8926	15300	15301	14031	16625	12934	17865	12300	18628	11761	19304
8936	18702	18702	17295	20163	16075	21526	15367	22363	14765	23103
8500	19821	19822	18372	21325	17115	22726	16384	23586	15761	24346
8406	1817	1817	1397	2291	1067	2766	890	3071	750	3349
8320	12970	12971	11803	14192	10800	15339	10220	16047	9730	16675
8925	15881	15882	14587	17230	13469	18492	12821	19268	12271	19955
8937	15285	15286	14016	16609	12921	17848	12286	18611	11748	19287
8405	17503	17504	16143	18918	14966	20239	14283	21051	13702	21769
8310	32958	32959	31082	34889	29440	36675	28478	37765	27656	38726
8910	16780	16780	15449	18165	14298	19461	13630	20257	13063	20961
7905	26535	26536	24855	28271	23388	29881	22532	30865	21801	31734
7606	4731	4732	4038	5480	3460	6202	3136	6654	2867	7061
7805	23364	23365	21789	24994	20417	26509	19618	27437	18936	28257
8220	18693	18693	17286	20154	16067	21516	15359	22353	14757	23093
8000	15177	15178	13913	16497	12822	17732	12190	18492	11654	19166
8906	9205	9205	8226	10238	7392	11216	6914	11822	6512	12362
8210	11427	11428	10334	12575	9396	13657	8856	14325	8400	14919
9020	19496	19497	18059	20987	16813	22378	16088	23231	15471	23985
8125	20105	20105	18645	21619	17378	23030	16641	23895	16014	24660
8126	14942	14943	13688	16251	12605	17477	11979	18232	11448	18901
8905	10265	10266	9230	11355	8345	12384	7837	13020	7409	13587
7806	6689	6689	5859	7574	5158	8418	4760	8944	4428	9415
7700	8759	8759	7805	9768	6993	10723	6529	11316	6138	11845
7526	16189	16190	14882	17551	13753	18824	13098	19607	12542	20301
7340	29488	29489	27715	31316	26165	33009	25259	34044	24485	34956
7605	1973	1973	1535	2466	1187	2957	1000	3272	851	3559
7537	27854	27855	26131	29631	24627	31279	23748	32286	22998	33174
8115	32939	32940	31064	34870	29422	36655	28460	37745	27638	38705
7335	38344	38345	36318	40424	34541	42345	33499	43516	32606	44546
8600	19431	19432	17997	20920	16752	22308	16029	23160	15413	23913
7425	31308	31309	29480	33191	27881	34933	26946	35997	26146	36935
7535	30391	30392	28591	32247	27016	33965	26096	35014	25309	35939
7525	16790	16790	15459	18176	14307	19471	13639	20268	13072	20973
7436	6197	6197	5399	7050	4727	7865	4347	8374	4029	8829
9019	17887	17888	16512	19317	15321	20652	14630	21472	14042	22197
7026	11287	11288	10201	12429	9269	13504	8733	14169	8281	14759
7205	14803	14804	13555	16107	12478	17327	11855	18079	11326	18745
7515	5752	5753	4985	6575	4340	7363	3976	7856	3672	8297
7320	31344	31345	29515	33228	27915	34971	26979	36036	26178	36974
7206	18072	18073	16690	19509	15492	20850	14797	21674	14206	22403
7315	19185	19186	17761	20665	16524	22045	15806	22892	15195	23641
7435	8882	8883	7922	9898	7104	10860	6635	11457	6241	11988
7316	22187	22188	20653	23777	19318	25255	18541	26161	17878	26961
7025	23203	23204	21634	24828	20267	26338	19471	27263	18792	28080
7415	12986	12987	11819	14208	10814	15356	10235	16064	9744	16693
7100	29646	29647	27868	31479	26314	33176	25405	34213	24629	35128
7015	18790	18791	17380	20255	16158	21621	15448	22460	14843	23202
9908	3845	3846	3223	4523	2709	5181	2423	5595	2187	5968
6410	44386	44387	42204	46623	40287	48684	39161	49939	38195	51042
6420	39831	39832	37765	41951	35953	43907	34889	45099	33978	46148
5535	31542	31543	29708	33432	28102	35181	27163	36249	26360	37190
5600	17161	17162	15815	18562	14650	19871	13974	20675	13399	21387
5546	19442	19443	18007	20931	16762	22320	16039	23172	15423	23925
4706	14851	14852	13601	16157	12522	17379	11898	18132	11368	18799
6605	12776	12777	11619	13989	10623	15128	10049	15831	9563	16455
6910	5023	5024	4308	5794	3710	6535	3374	7000	3095	7416
6606	6052	6053	5264	6895	4601	7702	4226	8206	3913	8656
9909	5907	5907	5128	6740	4474	7538	4104	8036	3796	8482
9011	10764	10764	9704	11879	8796	12931	8274	13581	7833	14159
5525	16036	16037	14736	17392	13612	18659	12961	19439	12408	20130
5515	30304	30305	28506	32156	26934	33872	26014	34920	25229	35843
6326	24743	24744	23122	26420	21708	27978	20883	28931	20180	29772
9914	20293	20294	18827	21814	17554	23231	16813	24101	16182	24869
5545	17515	17516	16155	18930	14977	20252	14293	21064	13713	21782
6223	29446	29447	27674	31273	26126	32965	25220	33999	24447	34910
5306	25019	25020	23388	26705	21966	28270	21137	29228	20429	30074
6325	37224	37226	35229	39275	33479	41169	32453	42323	31575	43339
9009	5469	5470	4721	6272	4095	7043	3741	7525	3447	7957
9006	12715	12715	11560	13924	10567	15061	9994	15762	9509	16385
6225	21444	21445	19936	23007	18625	24461	17862	25353	17212	26141
9018	20905	20906	19416	22448	18123	23886	17370	24767	16729	25545
5425	42799	42800	40658	44996	38776	47021	37671	48255	36724	49339
5305	29919	29920	28133	31760	26571	33466	25658	34507	24878	35425
5426	23033	23034	21469	24651	20107	26156	19314	27078	18638	27892
6226	33359	33360	31471	35301	29818	37098	28850	38194	28022	39159
6126	13897	13897	12688	15160	11647	16345	11045	17075	10535	17723
6224	23755	23756	22167	25399	20783	26926	19976	27861	19289	28687
6216	16590	16591	15267	17968	14123	19256	13459	20048	12896	20750
6316	30758	30759	28946	32624	27362	34352	26435	35407	25643	36337
6215	24083	24084	22483	25737	21089	27275	20277	28216	19584	29046
5100	8600	8601	7655	9600	6852	10548	6392	11136	6005	11660
6213	19418	19419	17984	20907	16740	22294	16017	23146	15402	23899
9005	5910	5910	5131	6743	4477	7541	4107	8040	3798	8486
6124	27519	27520	25807	29286	24313	30925	23440	31926	22694	32809
6125	10529	10529	9480	11632	8583	12673	8068	13317	7633	13889
6214	365	365	192	592	83	845	40	1017	15	1179
5415	15442	15443	14166	16772	13065	18018	12427	18784	11886	19463
5205	13294	13295	12113	14531	11096	15691	10508	16407	10011	17042
9916	17049	17050	15708	18446	14546	19751	13873	20553	13301	21262
9913	7253	7253	6387	8173	5655	9049	5238	9595	4889	10082
9915	22933	22934	21372	24548	20014	26050	19223	26970	18548	27782
4606	27943	27944	26217	29723	24711	31373	23830	32382	23079	33271
6115	24002	24003	22405	25654	21014	27189	20203	28128	19511	28958
4820	8399	8400	7466	9387	6672	10325	6218	10907	5837	11426
9017	3812	3812	3192	4486	2681	5141	2396	5554	2162	5926
6123	20999	21000	19507	22546	18210	23986	17456	24869	16813	25649
6114	36400	36401	34427	38428	32697	40301	31683	41443	30815	42449
4607	29847	29848	28063	31686	26504	33390	25592	34430	24812	35347
6505	14469	14470	13235	15758	12171	16966	11556	17710	11034	18369
5020	26307	26307	24633	28035	23174	29638	22321	30619	21594	31484
6113	43753	43754	41587	45974	39684	48021	38566	49267	37608	50363
5010	20356	20357	18887	21880	17612	23299	16870	24169	16239	24938
6020	23561	23562	21979	25198	20601	26719	19798	27650	19113	28473
4900	14042	14043	12827	15312	11780	16503	11175	17237	10662	17887
6010	15831	15832	14539	17178	13423	18438	12776	19213	12227	19899
4400	24682	24682	23062	26356	21650	27912	20827	28864	20124	29704
9900	10574	10575	9524	11680	8624	12723	8108	13368	7672	13942
9904	13850	13850	12643	15111	11604	16294	11003	17024	10494	17670
9902	31176	31177	29352	33055	27757	34794	26823	35856	26025	36792
4810	10822	10822	9758	11940	8848	12994	8324	13646	7883	14226
5720	39792	39793	37727	41911	35916	43866	34853	45058	33942	46106
9901	9093	9093	8120	10120	7292	11092	6817	11696	6418	12232
5826	6546	6547	5725	7422	5033	8258	4640	8779	4312	9246
5825	3492	3493	2900	4139	2414	4769	2144	5167	1923	5526
5925	26595	26596	24913	28332	23444	29944	22587	30930	21855	31799
9015	15589	15590	14308	16926	13201	18177	12559	18947	12015	19629
4506	18373	18374	16979	19822	15771	21174	15070	22004	14473	22738
4605	26939	26940	25246	28688	23768	30310	22905	31301	22168	32176
9002	38089	38090	36070	40163	34299	42078	33261	43245	32371	44272
4226	18640	18640	17236	20099	16018	21460	15311	22295	14710	23034
4505	17070	17071	15728	18468	14566	19773	13892	20576	13319	21286
4225	18717	18718	17310	20179	16090	21543	15382	22381	14779	23121
5716	26191	26192	24521	27915	23065	29515	22215	30494	21489	31357
5916	37515	37516	35512	39573	33754	41474	32724	42633	31842	43653
4300	12026	12027	10904	13204	9940	14311	9385	14995	8915	15602
5815	5090	5090	4369	5866	3767	6611	3429	7078	3147	7498
9004	19456	19457	18021	20946	16775	22335	16052	23187	15436	23941
5715	18370	18371	16977	19819	15768	21171	15067	22001	14470	22735
3330	14705	14705	13461	16004	12387	17221	11766	17970	11240	18634
6506	16438	16438	15121	17809	13982	19092	13322	19881	12761	20579
5915	20815	20816	19330	22355	18039	23790	17288	24669	16649	25446
3905	11192	11192	10110	12328	9183	13399	8649	14061	8199	14649
4130	19208	19209	17783	20689	16546	22070	15827	22917	15215	23666
6930	10870	10870	9804	11990	8891	13047	8366	13700	7923	14281
3825	21802	21803	20281	23378	18959	24844	18189	25742	17533	26536
4120	21090	21090	19594	22640	18295	24083	17538	24968	16894	25749
3816	25703	25704	24049	27411	22607	28997	21765	29967	21047	30823
4210	27536	27537	25824	29304	24329	30943	23455	31944	22709	32828
9016	13684	13685	12485	14938	11452	16115	10856	16840	10350	17483
4005	15822	15823	14531	17168	13414	18428	12768	19203	12219	19889
4230	12266	12266	11132	13455	10158	14572	9596	15262	9122	15875
3815	20913	20914	19424	22457	18130	23894	17377	24775	16736	25554
3705	32911	32912	31037	34841	29395	36626	28434	37715	27613	38675
3900	6508	6509	5690	7382	5000	8216	4608	8736	4281	9201
4110	20774	20775	19290	22313	18001	23746	17251	24624	16612	25401
3416	24797	24798	23174	26476	21758	28035	20933	28989	20229	29831
3413	10444	10444	9400	11543	8506	12580	7993	13221	7560	13792
3706	18655	18655	17250	20114	16032	21476	15325	22312	14723	23051
3600	22193	22194	20659	23783	19324	25261	18546	26167	17884	26968
3415	29443	29444	27671	31270	26123	32962	25218	33996	24444	34907
3320	31118	31119	29296	32995	27702	34733	26770	35794	25972	36729
3505	43674	43675	41510	45893	39609	47938	38492	49183	37535	50278
3414	28800	28801	27048	30607	25517	32281	24623	33305	23858	34207
6900	8854	8854	7894	9868	7078	10828	6610	11424	6217	11955
2940	18741	18742	17333	20204	16112	21569	15403	22407	14800	23148
2216	20618	20619	19140	22152	17856	23579	17109	24455	16473	25229
3046	24320	24321	22712	25983	21312	27527	20495	28473	19798	29307
2225	17024	17025	15684	18420	14523	19724	13850	20525	13279	21235
3426	23369	23370	21794	24999	20422	26515	19622	27443	18941	28262
3427	24987	24988	23357	26672	21936	28236	21107	29194	20400	30039
3045	29692	29693	27912	31526	26357	33225	25448	34263	24670	35177
3310	21185	21186	19687	22739	18384	24185	17626	25072	16980	25855
3030	45084	45085	42885	47338	40952	49415	39816	50679	38843	51790
3130	16748	16749	15418	18132	14268	19426	13601	20222	13035	20926
3010	44131	44133	41956	46362	40044	48417	38922	49668	37959	50769
3020	24232	24233	22628	25892	21229	27434	20414	28378	19719	29211
3425	21533	21533	20021	23099	18708	24556	17943	25450	17291	26239
2100	21171	21172	19673	22725	18371	24170	17613	25057	16968	25840
1606	13304	13305	12122	14541	11105	15702	10517	16418	10020	17053
2215	18962	18963	17546	20433	16317	21805	15603	22648	14996	23393
1720	27280	27281	25575	29039	24088	30671	23219	31668	22477	32548
3120	24605	24606	22987	26277	21578	27830	20756	28780	20055	29619
1900	934	934	641	1282	424	1642	316	1879	235	2098
3110	9754	9754	8746	10817	7885	11821	7391	12444	6975	12997
3200	21927	21928	20402	23507	19075	24977	18303	25878	17645	26674
1605	17633	17634	16268	19053	15086	20378	14400	21193	13817	21914
2000	13123	13123	11949	14351	10939	15505	10356	16216	9862	16847
1820	7676	7677	6785	8623	6030	9522	5599	10081	5238	10580
1200	18890	18891	17476	20359	16250	21728	15538	22569	14932	23313
1710	22595	22595	21046	24198	19698	25689	18913	26603	18244	27410
1810	3697	3698	3087	4362	2585	5008	2305	5416	2076	5783
900	11026	11027	9953	12155	9033	13218	8504	13876	8057	14460
806	34745	34746	32818	36727	31130	38559	30141	39677	29295	40661
1506	23841	23842	22250	25488	20863	27018	20055	27954	19366	28781
1410	11656	11657	10552	12816	9604	13907	9058	14582	8597	15180
1505	22100	22100	20568	23686	19236	25161	18461	26066	17800	26864
1330	22974	22975	21412	24591	20052	26094	19260	27014	18585	27827
1000	10029	10030	9006	11107	8133	12124	7631	12754	7208	13315
1320	18441	18442	17045	19892	15834	21247	15131	22078	14533	22814
1420	13367	13368	12182	14607	11162	15770	10573	16488	10074	17124
1130	5900	5900	5122	6733	4468	7530	4099	8028	3790	8474
1116	18708	18709	17302	20170	16082	21534	15373	22371	14771	23111
1310	27606	27607	25892	29376	24394	31017	23520	32020	22773	32904
805	23873	23874	22280	25521	20893	27052	20084	27989	19395	28816
1115	14750	14750	13504	16050	12428	17269	11807	18020	11279	18685
205	13297	13298	12115	14534	11098	15694	10511	16410	10014	17045
136	11504	11504	10407	12656	9466	13741	8924	14411	8466	15006
1120	37033	37034	35042	39078	33297	40967	32274	42119	31398	43132
705	21049	21049	19555	22597	18257	24039	17501	24923	16858	25704
120	12127	12128	11000	13309	10032	14421	9474	15108	9002	15717
325	24294	24295	22687	25956	21287	27500	20471	28445	19775	29279
135	17312	17312	15959	18719	14789	20033	14110	20841	13532	21555
706	13146	13147	11972	14376	10961	15531	10377	16243	9883	16875
206	13640	13641	12443	14892	11412	16067	10816	16791	10312	17433
2910	3806	3806	3186	4480	2676	5134	2391	5547	2157	5919
315	14878	14879	13627	16185	12547	17408	11922	18162	11392	18829
2935	7843	7843	6942	8799	6177	9707	5741	10272	5375	10775
605	24133	24133	22531	25789	21136	27328	20323	28270	19629	29101
606	25377	25378	23734	27075	22302	28651	21466	29616	20753	30466
506	28565	28565	26820	30364	25296	32032	24405	33051	23644	33950
110	5022	5023	4307	5793	3709	6534	3373	6999	3094	7415
505	51208	51209	48863	53608	46797	55817	45583	57160	44541	58339
2936	6705	6705	5874	7591	5172	8436	4774	8963	4441	9434
405	26786	26787	25097	28529	23623	30147	22763	31136	22028	32008
2926	25458	25459	23813	27159	22378	28737	21540	29703	20826	30555
2925	16050	16051	14749	17406	13625	18674	12973	19455	12420	20145
2927	7835	7835	6934	8790	6170	9698	5734	10263	5369	10766
