faz_id mean median lower_50 upper_50 lower_80 upper_80 lower_90 upper_90 lower_95 upper_95
8935	6896	6896	6384	7427	5941	7922	5683	8226	5463	8495
8927	2848	2848	2523	3193	2247	3521	2090	3724	1957	3906
8926	8127	8127	7570	8702	7086	9238	6805	9566	6564	9855
8936	8258	8258	7697	8838	7209	9378	6925	9708	6682	10000
8500	11182	11183	10528	11856	9956	12479	9621	12860	9335	13196
8406	1312	1312	1094	1549	915	1780	816	1925	734	2057
8320	6968	6968	6454	7502	6008	8000	5748	8305	5528	8575
8925	8798	8798	8219	9397	7714	9953	7420	10293	7169	10593
8937	9979	9979	9362	10616	8823	11207	8508	11568	8239	11886
8405	8847	8847	8266	9447	7760	10005	7465	10346	7213	10647
8310	15755	15756	14977	16553	14293	17289	13892	17736	13547	18130
8910	9006	9007	8420	9612	7909	10174	7611	10518	7357	10822
7905	13075	13076	12367	13803	11746	14475	11383	14885	11071	15246
7606	2207	2207	1922	2512	1682	2803	1546	2985	1433	3148
7805	10600	10600	9964	11256	9407	11864	9082	12236	8804	12563
8220	10998	10998	10349	11666	9782	12285	9450	12663	9167	12995
8000	6788	6788	6280	7315	5840	7806	5585	8108	5367	8375
8906	3885	3886	3504	4287	3177	4665	2989	4899	2831	5107
8210	7917	7917	7368	8486	6891	9014	6613	9338	6376	9625
9020	10032	10032	9413	10671	8873	11263	8557	11625	8287	11944
8125	9086	9087	8498	9695	7985	10259	7685	10605	7430	10910
8126	8497	8498	7928	9086	7433	9633	7144	9968	6898	10263
8905	4436	4436	4028	4864	3677	5266	3475	5515	3304	5735
7806	4109	4109	3717	4521	3380	4910	3186	5149	3022	5363
7700	3697	3697	3325	4088	3007	4458	2824	4687	2670	4890
7526	6743	6743	6237	7268	5798	7758	5544	8059	5327	8325
7340	12326	12326	11639	13033	11037	13686	10684	14085	10383	14436
7605	818	818	649	1008	513	1195	439	1315	379	1424
7537	14192	14192	13454	14950	12806	15649	12426	16075	12101	16450
8115	18014	18015	17182	18867	16449	19652	16018	20129	15648	20548
7335	17938	17939	17107	18789	16376	19572	15946	20048	15577	20467
8600	8682	8682	8107	9276	7605	9829	7313	10167	7064	10466
7425	12530	12531	11837	13243	11230	13902	10875	14303	10570	14657
7535	16422	16423	15628	17237	14929	17987	14518	18443	14166	18845
7525	8812	8812	8232	9411	7727	9968	7433	10308	7182	10609
7436	2356	2357	2062	2671	1813	2971	1672	3159	1554	3326
9019	9066	9067	8478	9674	7966	10238	7667	10583	7412	10888
7026	4401	4401	3994	4827	3645	5228	3444	5476	3273	5695
7205	7164	7164	6642	7705	6189	8209	5926	8518	5702	8792
7515	2758	2758	2438	3097	2167	3420	2012	3621	1883	3800
7320	14188	14188	13450	14946	12802	15645	12422	16071	12097	16446
7206	9067	9068	8479	9675	7967	10239	7668	10584	7412	10889
7315	9403	9403	8804	10022	8282	10596	7977	10947	7716	11256
7435	3567	3567	3201	3951	2890	4315	2711	4540	2560	4740
7316	9126	9127	8537	9736	8022	10302	7722	10648	7466	10954
7025	10928	10928	10281	11594	9716	12211	9385	12587	9103	12919
7415	5671	5671	5208	6154	4808	6605	4576	6883	4380	7129
7100	16345	16346	15552	17158	14855	17906	14446	18362	14095	18762
7015	8657	8657	8082	9251	7582	9802	7290	10140	7041	10438
9908	1197	1198	990	1425	820	1646	726	1786	649	1912
6410	26939	26940	25919	27980	25016	28933	24484	29512	24026	30019
6420	23028	23028	22085	23990	21253	24874	20762	25410	20341	25881
5535	17735	17735	16909	18581	16182	19360	15754	19833	15387	20249
5600	8297	8297	7735	8879	7246	9419	6961	9750	6717	10043
5546	8928	8928	8345	9531	7836	10091	7540	10434	7287	10736
4706	5697	5697	5233	6181	4832	6633	4600	6912	4403	7158
6605	5970	5970	5495	6465	5084	6927	4845	7212	4643	7464
6910	2926	2927	2597	3276	2317	3608	2157	3814	2022	3997
6606	3395	3395	3039	3771	2735	4126	2561	4346	2415	4542
9909	3919	3919	3535	4321	3207	4701	3019	4936	2859	5145
9011	6648	6649	6146	7170	5711	7657	5458	7956	5243	8220
5525	7813	7813	7268	8378	6794	8903	6518	9225	6283	9510
5515	12936	12936	12232	13660	11615	14329	11253	14737	10943	15096
6326	13013	13014	12307	13739	11688	14410	11325	14819	11014	15179
9914	8768	8768	8190	9365	7686	9921	7392	10260	7142	10560
5545	7104	7105	6585	7643	6134	8146	5872	8454	5649	8726
6223	14682	14682	13931	15452	13272	16163	12885	16596	12553	16977
5306	11798	11799	11126	12490	10538	13130	10193	13520	9899	13864
6325	17219	17220	16405	18053	15689	18821	15268	19288	14907	19698
9009	2536	2536	2230	2862	1971	3173	1824	3366	1700	3539
9006	6331	6331	5841	6840	5417	7316	5171	7608	4962	7866
6225	12025	12025	11346	12723	10752	13369	10404	13763	10106	14110
9018	10711	10712	10071	11371	9512	11982	9185	12355	8905	12684
5425	20521	20521	19631	21430	18847	22266	18385	22773	17989	23219
5305	13545	13545	12824	14285	12192	14969	11821	15386	11504	15753
5426	10085	10086	9465	10726	8923	11319	8606	11682	8335	12002
6226	15327	15327	14559	16114	13885	16839	13489	17281	13150	17670
6126	6339	6339	5849	6848	5424	7324	5178	7617	4969	7875
6224	11457	11457	10794	12138	10215	12769	9876	13154	9586	13494
6216	7017	7017	6501	7553	6053	8052	5793	8359	5571	8630
6316	15649	15650	14874	16444	14192	17177	13792	17624	13449	18016
6215	12571	12572	11877	13285	11269	13945	10913	14347	10608	14701
5100	3135	3135	2794	3497	2503	3839	2336	4051	2196	4241
6213	10429	10429	9798	11080	9246	11683	8923	12051	8648	12376
9005	3436	3436	3078	3814	2772	4171	2597	4393	2449	4589
6124	15063	15064	14303	15844	13634	16563	13242	17002	12906	17387
6125	5702	5702	5238	6186	4837	6639	4604	6917	4407	7164
6214	244	244	155	351	93	465	63	541	42	612
5415	8145	8145	7588	8721	7103	9257	6821	9585	6580	9875
5205	7125	7126	6605	7665	6154	8168	5891	8477	5668	8750
9916	8206	8206	7647	8784	7160	9322	6877	9652	6635	9943
9913	3626	3626	3258	4014	2943	4380	2762	4607	2610	4808
9915	12032	12032	11353	12730	10758	13376	10410	13770	10113	14117
4606	11540	11540	10875	12224	10294	12857	9953	13244	9662	13584
6115	12103	12103	11422	12803	10826	13451	10476	13846	10178	14194
4820	3860	3861	3480	4260	3155	4637	2967	4871	2810	5078
9017	2040	2040	1767	2334	1537	2615	1407	2791	1299	2948
6123	13447	13447	12729	14185	12099	14866	11730	15281	11413	15647
6114	18686	18687	17838	19554	17091	20353	16651	20838	16274	21265
4607	13106	13107	12397	13835	11776	14508	11412	14918	11100	15279
6505	5496	5496	5040	5971	4647	6416	4419	6690	4226	6932
5020	12075	12075	11395	12774	10799	13421	10450	13816	10152	14164
6113	28604	28605	27552	29676	26622	30658	26072	31253	25600	31775
5010	9714	9714	9105	10342	8573	10925	8263	11282	7998	11596
6020	16559	16560	15761	17377	15060	18130	14647	18589	14294	18992
4900	16168	16168	15379	16976	14686	17721	14279	18174	13930	18572
6010	11028	11028	10378	11697	9810	12317	9478	12695	9194	13028
4400	9782	9782	9171	10412	8637	10997	8326	11355	8060	11670
9900	5357	5358	4908	5827	4520	6266	4295	6537	4105	6777
9904	7207	7207	6684	7749	6229	8255	5965	8565	5740	8840
9902	14938	14939	14181	15715	13515	16432	13125	16869	12790	17252
4810	5051	5051	4614	5507	4238	5934	4021	6198	3837	6431
5720	19794	19794	18920	20687	18151	21508	17698	22007	17309	22445
9901	5310	5311	4863	5778	4476	6215	4253	6485	4063	6724
5826	3541	3542	3178	3925	2867	4287	2689	4511	2538	4711
5825	1998	1998	1727	2289	1500	2567	1372	2741	1265	2897
5925	12431	12432	11741	13141	11136	13797	10782	14197	10479	14550
9015	6736	6736	6230	7261	5792	7750	5537	8051	5321	8317
4506	8662	8662	8087	9256	7587	9808	7295	10146	7046	10444
4605	11782	11783	11111	12473	10523	13113	10178	13503	9884	13847
9002	20067	20068	19188	20966	18412	21793	17956	22295	17565	22736
4226	7974	7975	7423	8545	6944	9075	6665	9400	6427	9688
4505	6325	6325	5835	6834	5411	7309	5165	7601	4956	7860
4225	8367	8367	7803	8951	7311	9494	7025	9826	6781	10120
5716	12007	12007	11328	12704	10735	13350	10387	13743	10090	14090
5916	15931	15931	15148	16733	14460	17472	14056	17922	13710	18318
4300	5995	5995	5519	6491	5107	6954	4868	7239	4665	7492
5815	2461	2461	2159	2782	1905	3088	1760	3279	1639	3450
9004	9924	9924	9308	10559	8771	11148	8457	11508	8189	11826
5715	8208	8208	7649	8786	7162	9324	6879	9654	6637	9945
3330	6834	6834	6325	7363	5883	7856	5626	8158	5408	8426
6506	7685	7685	7144	8245	6674	8766	6401	9086	6168	9368
5915	8568	8569	7997	9159	7499	9708	7209	10045	6962	10341
3905	5020	5020	4585	5474	4210	5901	3993	6163	3810	6396
4130	9203	9203	8610	9815	8094	10383	7792	10730	7535	11037
6930	4620	4620	4203	5056	3844	5466	3637	5719	3462	5944
3825	9831	9831	9218	10463	8683	11049	8371	11408	8104	11724
4120	9912	9912	9297	10547	8760	11135	8446	11495	8178	11813
3816	11375	11376	10716	12055	10138	12684	9801	13068	9512	13406
4210	11945	11946	11269	12641	10677	13285	10330	13678	10034	14024
9016	7065	7066	6547	7603	6098	8104	5837	8411	5614	8683
4005	7704	7704	7162	8265	6692	8787	6418	9106	6185	9389
4230	5116	5116	4677	5575	4298	6005	4079	6270	3893	6505
3815	9104	9105	8515	9713	8001	10279	7702	10624	7446	10930
3705	15961	15961	15177	16764	14489	17504	14084	17954	13738	18350
3900	3758	3758	3383	4153	3062	4525	2878	4756	2722	4960
4110	12081	12081	11400	12781	10805	13428	10456	13823	10158	14170
3416	10955	10955	10308	11622	9741	12239	9410	12616	9127	12949
3413	4806	4806	4381	5251	4014	5669	3803	5926	3624	6155
3706	7598	7599	7061	8156	6594	8674	6322	8992	6091	9273
3600	11625	11625	10958	12312	10374	12947	10032	13335	9740	13676
3415	13784	13785	13057	14531	12419	15221	12045	15641	11724	16011
3320	12083	12083	11402	12783	10807	13430	10458	13825	10159	14173
3505	20524	20524	19634	21433	18850	22269	18388	22776	17992	23222
3414	11309	11310	10652	11987	10076	12614	9739	12997	9451	13334
6900	4698	4698	4277	5138	3915	5551	3707	5806	3530	6032
2940	10885	10885	10240	11549	9675	12165	9345	12541	9063	12872
2216	8807	8807	8228	9406	7723	9962	7428	10303	7177	10603
3046	11334	11335	10676	12013	10100	12640	9763	13024	9474	13361
2225	9318	9318	8722	9934	8202	10505	7898	10855	7639	11163
3426	9409	9409	8810	10028	8287	10602	7982	10953	7722	11263
3427	10089	10090	9468	10730	8926	11323	8610	11686	8339	12006
3045	12995	12996	12289	13721	11671	14391	11308	14800	10997	15159
3310	12758	12758	12058	13477	11446	14141	11087	14546	10779	14903
3030	20080	20081	19200	20980	18425	21807	17969	22309	17577	22750
3130	8714	8714	8137	9310	7635	9863	7343	10202	7093	10501
3010	19240	19241	18379	20121	17621	20931	17174	21423	16791	21855
3020	13542	13542	12821	14282	12189	14966	11818	15383	11501	15750
3425	9464	9464	8863	10085	8339	10660	8033	11013	7772	11323
2100	8595	8596	8023	9187	7525	9737	7234	10074	6986	10371
1606	6162	6163	5679	6665	5261	7135	5019	7423	4813	7679
2215	8249	8249	7688	8829	7201	9368	6916	9698	6674	9990
1720	13409	13409	12692	14146	12063	14826	11694	15241	11378	15606
3120	13207	13208	12496	13939	11872	14614	11506	15026	11193	15389
1900	562	562	423	720	314	880	257	983	212	1077
3110	3751	3751	3376	4145	3056	4517	2872	4748	2716	4952
3200	10041	10041	9422	10680	8881	11272	8565	11634	8295	11954
1605	8390	8390	7825	8975	7333	9519	7046	9851	6801	10145
2000	6409	6409	5916	6921	5489	7400	5241	7694	5031	7954
1820	5029	5029	4593	5484	4218	5910	4001	6173	3817	6406
1200	8286	8286	7724	8867	7235	9408	6950	9739	6708	10031
1710	12762	12762	12062	13481	11449	14145	11090	14550	10783	14907
1810	3433	3433	3075	3811	2770	4168	2594	4389	2447	4586
900	5301	5302	4854	5768	4468	6206	4245	6475	4055	6714
806	16039	16039	15253	16844	14563	17585	14158	18037	13810	18434
1506	10391	10391	9761	11041	9210	11643	8888	12011	8613	12335
1410	5760	5761	5294	6247	4890	6702	4657	6981	4458	7229
1505	9919	9919	9304	10554	8766	11143	8452	11503	8184	11820
1330	9085	9086	8497	9694	7984	10258	7684	10604	7429	10909
1000	4142	4142	3748	4556	3410	4946	3215	5187	3051	5400
1320	7439	7439	6907	7990	6446	8504	6177	8819	5948	9097
1420	10940	10940	10293	11606	9727	12223	9397	12600	9114	12932
1130	3319	3319	2967	3690	2667	4042	2495	4260	2350	4454
1116	8698	8698	8122	9293	7620	9846	7328	10185	7079	10483
1310	10863	10863	10218	11527	9655	12142	9325	12517	9043	12848
805	10270	10270	9643	10916	9096	11514	8776	11880	8503	12203
1115	7138	7139	6618	7679	6166	8182	5903	8491	5679	8764
205	6070	6070	5591	6569	5176	7035	4936	7322	4731	7576
136	5283	5283	4837	5749	4452	6186	4229	6455	4040	6693
1120	17201	17202	16388	18035	15672	18802	15251	19269	14890	19679
705	12220	12220	11536	12924	10936	13574	10586	13971	10285	14321
120	5414	5414	4961	5885	4571	6327	4345	6599	4154	6840
325	11141	11141	10488	11814	9917	12436	9583	12816	9298	13151
135	7251	7251	6726	7795	6270	8302	6005	8613	5780	8888
706	6511	6511	6014	7028	5584	7510	5334	7806	5121	8067
206	6228	6229	5743	6734	5322	7206	5078	7496	4871	7752
2910	2018	2018	1746	2310	1518	2590	1389	2765	1281	2922
315	6697	6697	6193	7220	5756	7709	5502	8008	5286	8274
2935	2306	2306	2015	2618	1769	2915	1629	3100	1513	3266
605	11284	11285	10627	11961	10052	12587	9716	12970	9428	13307
606	13049	13050	12342	13776	11722	14448	11358	14857	11047	15218
506	13867	13868	13138	14617	12498	15308	12123	15730	11801	16100
110	2493	2493	2189	2816	1933	3124	1787	3316	1665	3488
505	24704	24704	23727	25700	22864	26615	22355	27169	21918	27656
2936	3237	3237	2889	3604	2593	3951	2424	4166	2281	4358
405	13129	13130	12420	13859	11798	14532	11433	14943	11121	15304
2926	10949	10949	10302	11616	9736	12233	9405	12610	9122	12942
2925	9369	9369	8771	9986	8250	10559	7945	10910	7685	11219
2927	6586	6587	6087	7106	5654	7590	5402	7888	5188	8151
