faz_id mean median lower_50 upper_50 lower_80 upper_80 lower_90 upper_90 lower_95 upper_95
8935	5703	5703	5327	6091	5000	6452	4809	6673	4646	6868
8927	2446	2446	2202	2703	1994	2945	1874	3094	1773	3228
8926	6936	6936	6521	7364	6158	7760	5946	8002	5765	8215
8936	7718	7718	7280	8169	6896	8586	6672	8840	6480	9064
8500	9073	9073	8597	9561	8180	10012	7936	10287	7726	10528
8406	1051	1051	893	1221	762	1386	689	1489	628	1582
8320	5332	5332	4969	5708	4653	6057	4469	6271	4312	6460
8925	7079	7079	6660	7511	6293	7911	6079	8155	5895	8371
8937	7882	7882	7439	8338	7051	8759	6824	9016	6630	9242
8405	7551	7551	7118	7997	6739	8410	6517	8662	6327	8883
8310	14195	14195	13599	14804	13072	15364	12763	15704	12496	16002
8910	7700	7700	7262	8150	6879	8567	6655	8821	6463	9045
7905	10841	10841	10321	11374	9863	11865	9594	12164	9363	12427
7606	2000	2000	1780	2233	1593	2453	1486	2590	1396	2712
7805	9683	9683	9192	10187	8760	10652	8507	10936	8290	11185
8220	10301	10301	9794	10821	9348	11300	9086	11592	8862	11848
8000	6434	6434	6035	6846	5686	7228	5482	7462	5308	7668
8906	3637	3637	3338	3949	3080	4240	2931	4419	2804	4578
8210	7929	7929	7485	8386	7096	8808	6868	9066	6673	9293
9020	9062	9062	8587	9550	8170	10000	7925	10275	7716	10516
8125	8653	8653	8189	9130	7782	9571	7543	9839	7339	10075
8126	7862	7862	7420	8317	7033	8738	6806	8994	6612	9220
8905	4084	4084	3767	4414	3493	4722	3333	4911	3198	5078
7806	3346	3346	3060	3645	2813	3925	2670	4098	2549	4251
7700	3660	3660	3360	3972	3101	4265	2951	4445	2824	4604
7526	6560	6560	6157	6976	5804	7362	5598	7598	5423	7806
7340	11346	11346	10814	11891	10345	12393	10069	12699	9833	12967
7605	783	783	648	931	537	1075	476	1166	425	1249
7537	13042	13042	12471	13626	11967	14163	11671	14490	11416	14776
8115	16121	16121	15485	16770	14923	17365	14592	17726	14307	18043
7335	16620	16620	15974	17279	15403	17883	15067	18249	14778	18571
8600	7993	7993	7547	8452	7156	8876	6928	9134	6732	9362
7425	11643	11643	11103	12195	10629	12704	10349	13013	10110	13284
7535	14616	14616	14011	15234	13477	15802	13162	16146	12892	16449
7525	7689	7689	7252	8139	6869	8555	6645	8809	6453	9033
7436	2319	2319	2082	2569	1879	2805	1763	2951	1665	3082
9019	8126	8126	7676	8588	7282	9016	7052	9277	6854	9506
7026	4334	4334	4007	4673	3724	4990	3560	5185	3420	5357
7205	6619	6619	6214	7037	5860	7424	5653	7661	5476	7870
7515	2481	2481	2235	2739	2025	2983	1904	3134	1802	3268
7320	12806	12806	12240	13385	11741	13917	11447	14241	11195	14525
7206	8582	8582	8120	9057	7714	9496	7477	9763	7273	9999
7315	8232	8232	7779	8697	7383	9128	7150	9390	6951	9621
7435	3420	3420	3131	3722	2881	4005	2736	4180	2614	4334
7316	8742	8742	8275	9221	7866	9664	7626	9934	7421	10172
7025	10716	10716	10199	11246	9744	11735	9476	12032	9247	12293
7415	5492	5492	5123	5873	4803	6228	4615	6445	4456	6636
7100	14562	14562	13958	15179	13425	15745	13111	16089	12841	16391
7015	8305	8305	7850	8772	7452	9204	7218	9468	7019	9700
9908	1185	1185	1017	1366	877	1539	798	1648	733	1745
6410	24228	24228	23447	25022	22754	25748	22345	26187	21992	26572
6420	20824	20824	20100	21560	19460	22235	19081	22643	18755	23001
5535	14759	14759	14151	15380	13614	15950	13298	16296	13026	16600
5600	7790	7790	7350	8243	6964	8662	6739	8917	6546	9142
5546	8386	8386	7929	8856	7529	9290	7294	9554	7093	9787
4706	5526	5526	5156	5908	4834	6264	4647	6482	4487	6674
6605	5239	5239	4879	5612	4566	5958	4384	6170	4228	6358
6910	2476	2476	2231	2734	2021	2978	1900	3128	1798	3262
6606	2744	2744	2485	3015	2263	3271	2136	3429	2028	3569
9909	2846	2846	2582	3122	2356	3382	2226	3542	2115	3685
9011	5652	5652	5278	6039	4952	6398	4762	6618	4600	6812
5525	7208	7208	6785	7644	6415	8047	6198	8294	6013	8511
5515	12558	12558	11997	13131	11504	13659	11213	13979	10964	14261
6326	12561	12561	12000	13134	11506	13662	11216	13982	10966	14264
9914	8479	8479	8020	8951	7617	9388	7381	9654	7179	9888
5545	6682	6682	6275	7102	5919	7491	5711	7729	5534	7939
6223	14567	14567	13963	15184	13430	15751	13116	16095	12846	16397
5306	11646	11646	11106	12198	10631	12707	10352	13016	10113	13288
6325	17143	17143	16487	17812	15907	18425	15565	18797	15271	19123
9009	2342	2342	2104	2593	1900	2830	1783	2977	1684	3108
9006	5760	5760	5382	6150	5053	6513	4861	6735	4698	6931
6225	11941	11941	11395	12500	10913	13015	10630	13328	10388	13603
9018	9924	9924	9426	10434	8989	10905	8733	11192	8513	11444
5425	19618	19618	18916	20333	18294	20988	17927	21385	17612	21733
5305	13504	13504	12922	14098	12410	14645	12108	14976	11849	15268
5426	9222	9222	8743	9714	8322	10169	8075	10445	7863	10689
6226	15152	15152	14536	15781	13991	16359	13671	16709	13395	17017
6126	6151	6151	5761	6554	5420	6928	5221	7157	5051	7359
6224	11465	11465	10930	12013	10459	12518	10182	12825	9944	13094
6216	6983	6983	6567	7412	6203	7810	5990	8052	5808	8266
6316	15863	15863	15232	16507	14675	17097	14347	17455	14064	17770
6215	12549	12549	11989	13122	11495	13649	11205	13970	10955	14251
5100	3106	3106	2830	3394	2593	3665	2456	3832	2340	3980
6213	10425	10425	9915	10948	9466	11430	9203	11723	8977	11981
9005	2897	2897	2631	3176	2403	3438	2271	3599	2159	3743
6124	15012	15012	14399	15638	13857	16213	13538	16562	13264	16868
6125	5673	5673	5298	6060	4972	6420	4782	6641	4619	6835
6214	238	238	166	322	113	409	86	466	65	519
5415	7078	7078	6659	7510	6292	7910	6078	8154	5894	8370
5205	6590	6590	6186	7007	5833	7394	5626	7630	5450	7838
9916	7586	7586	7152	8033	6772	8447	6549	8699	6359	8921
9913	3539	3539	3244	3846	2990	4134	2843	4311	2718	4468
9915	10765	10765	10246	11296	9790	11786	9523	12084	9293	12345
4606	10857	10857	10336	11391	9878	11882	9609	12181	9378	12444
6115	12004	12004	11456	12565	10974	13081	10690	13394	10446	13670
4820	3824	3824	3518	4143	3253	4442	3099	4625	2968	4788
9017	1726	1726	1522	1943	1350	2149	1251	2277	1169	2391
6123	13469	13469	12888	14063	12376	14608	12075	14939	11816	15230
6114	18583	18583	17900	19279	17295	19917	16939	20303	16632	20642
4607	11738	11738	11196	12293	10719	12803	10439	13113	10198	13386
6505	5123	5123	4767	5492	4458	5834	4278	6044	4124	6230
5020	11501	11501	10965	12050	10493	12555	10216	12863	9978	13133
6113	28110	28110	27268	28965	26521	29745	26079	30217	25698	30630
5010	9162	9162	8684	9653	8265	10106	8019	10381	7808	10624
6020	16433	16433	15791	17088	15223	17689	14889	18053	14601	18373
4900	12868	12868	12300	13448	11800	13982	11506	14306	11253	14591
6010	10461	10461	9950	10985	9501	11468	9237	11761	9011	12020
4400	9588	9588	9099	10090	8670	10553	8418	10835	8202	11083
9900	5008	5008	4656	5372	4351	5712	4173	5919	4021	6103
9904	6567	6567	6163	6983	5811	7369	5605	7605	5429	7813
9902	14449	14449	13847	15064	13316	15628	13004	15971	12735	16271
4810	4882	4882	4535	5242	4233	5577	4058	5782	3908	5964
5720	19808	19808	19102	20526	18478	21184	18109	21583	17792	21932
9901	4215	4215	3893	4550	3614	4862	3452	5054	3314	5224
5826	3487	3487	3195	3792	2942	4078	2796	4254	2672	4410
5825	2007	2007	1787	2240	1599	2461	1492	2598	1402	2720
5925	12284	12284	11730	12851	11241	13373	10954	13690	10708	13969
9015	6484	6484	6083	6898	5733	7281	5528	7516	5354	7723
4506	8126	8126	7676	8588	7282	9016	7052	9277	6854	9506
4605	11264	11264	10733	11807	10267	12308	9992	12612	9757	12879
9002	17933	17933	17262	18617	16668	19244	16318	19624	16017	19957
4226	7679	7679	7242	8129	6860	8545	6636	8799	6444	9022
4505	6149	6149	5759	6552	5418	6926	5219	7155	5050	7357
4225	7657	7657	7221	8106	6839	8522	6615	8775	6424	8998
5716	11759	11759	11217	12314	10739	12825	10459	13135	10218	13408
5916	15589	15589	14964	16227	14412	16813	14086	17168	13806	17480
4300	5633	5633	5260	6019	4934	6378	4745	6597	4583	6791
5815	2405	2405	2163	2660	1957	2900	1838	3048	1738	3181
9004	8663	8663	8199	9140	7791	9581	7552	9850	7348	10086
5715	8165	8165	7714	8629	7319	9057	7088	9318	6890	9548
3330	6257	6257	5863	6664	5520	7041	5319	7271	5147	7475
6506	6910	6910	6496	7337	6134	7732	5922	7974	5741	8187
5915	8407	8407	7950	8877	7548	9312	7313	9577	7112	9810
3905	4811	4811	4466	5168	4167	5501	3993	5705	3845	5885
4130	8968	8968	8495	9454	8081	9902	7837	10175	7629	10415
6930	4579	4579	4243	4928	3951	5253	3782	5452	3638	5629
3825	9116	9116	8639	9605	8221	10057	7976	10332	7766	10575
4120	9437	9437	8952	9935	8526	10394	8276	10674	8062	10920
3816	10815	10815	10295	11348	9838	11838	9570	12137	9339	12399
4210	11272	11272	10741	11816	10274	12316	10000	12620	9764	12888
9016	6220	6220	5827	6625	5485	7001	5285	7231	5114	7434
4005	6833	6833	6421	7258	6061	7651	5851	7891	5671	8103
4230	4874	4874	4527	5234	4226	5568	4050	5774	3901	5955
3815	8997	8997	8524	9483	8108	9932	7864	10206	7656	10446
3705	14497	14497	13894	15113	13362	15678	13049	16021	12780	16322
3900	3617	3617	3319	3928	3062	4218	2913	4397	2786	4556
4110	9975	9975	9476	10487	9038	10958	8780	11246	8560	11498
3416	10135	10135	9632	10651	9190	11126	8931	11416	8708	11670
3413	4403	4403	4074	4745	3788	5064	3622	5260	3481	5433
3706	7478	7478	7047	7922	6670	8333	6449	8583	6260	8804
3600	10473	10473	9962	10997	9512	11480	9248	11774	9022	12033
3415	12199	12199	11647	12764	11160	13284	10874	13600	10628	13878
3320	11653	11653	11113	12206	10638	12714	10359	13023	10119	13295
3505	19367	19367	18669	20077	18052	20728	17688	21123	17374	21468
3414	10962	10962	10439	11498	9978	11992	9708	12292	9476	12556
6900	4045	4045	3730	4373	3457	4680	3298	4868	3164	5035
2940	9371	9371	8888	9867	8463	10325	8214	10604	8001	10849
2216	8332	8332	7877	8800	7477	9233	7244	9497	7043	9729
3046	10853	10853	10332	11386	9874	11878	9605	12177	9375	12440
2225	8197	8197	7745	8661	7350	9091	7118	9352	6919	9583
3426	8784	8784	8316	9265	7906	9708	7665	9979	7459	10217
3427	9578	9578	9089	10080	8660	10542	8408	10824	8192	11072
3045	12582	12582	12021	13156	11527	13684	11236	14004	10986	14286
3310	10328	10328	9820	10849	9374	11328	9112	11620	8887	11877
3030	18840	18840	18152	19541	17543	20183	17184	20572	16875	20913
3130	7957	7957	7512	8415	7122	8838	6894	9096	6699	9323
3010	18151	18151	17476	18839	16879	19470	16526	19852	16223	20187
3020	11514	11514	10978	12063	10505	12569	10228	12876	9990	13147
3425	8940	8940	8468	9425	8054	9872	7811	10145	7603	10385
2100	8258	8258	7805	8724	7407	9155	7175	9418	6975	9649
1606	6025	6025	5639	6424	5302	6794	5105	7021	4937	7221
2215	7981	7981	7535	8439	7145	8863	6917	9122	6721	9349
1720	12931	12931	12362	13513	11861	14048	11566	14373	11312	14658
3120	10936	10936	10413	11471	9954	11965	9683	12265	9452	12528
1900	553	553	440	678	350	802	301	881	261	953
3110	3683	3683	3382	3996	3123	4290	2972	4470	2844	4630
3200	9226	9226	8746	9718	8326	10173	8079	10450	7867	10693
1605	8293	8293	7839	8760	7440	9192	7207	9455	7007	9687
2000	5918	5918	5535	6314	5201	6681	5007	6906	4840	7104
1820	5168	5168	4811	5538	4500	5882	4319	6093	4165	6280
1200	7932	7932	7488	8389	7099	8811	6871	9069	6676	9296
1710	11335	11335	10803	11880	10334	12382	10059	12687	9823	12955
1810	2813	2813	2551	3088	2326	3346	2197	3506	2087	3647
900	5028	5028	4676	5393	4369	5733	4191	5941	4039	6125
806	14579	14579	13975	15196	13441	15763	13127	16107	12857	16409
1506	10184	10184	9680	10701	9237	11177	8977	11468	8754	11723
1410	5546	5546	5176	5929	4853	6285	4665	6503	4505	6696
1505	9608	9608	9118	10110	8689	10574	8436	10856	8220	11104
1330	8887	8887	8416	9370	8004	9817	7762	10089	7554	10328
1000	4040	4040	3725	4368	3452	4674	3294	4863	3159	5029
1320	7389	7389	6961	7830	6586	8239	6366	8488	6179	8708
1420	8125	8125	7675	8587	7281	9015	7051	9276	6853	9505
1130	3019	3019	2747	3303	2514	3570	2379	3735	2265	3881
1116	8312	8312	7857	8780	7458	9212	7225	9475	7025	9707
1310	10788	10788	10269	11320	9812	11810	9544	12108	9314	12370
805	9667	9667	9176	10171	8745	10636	8492	10919	8275	11167
1115	6798	6798	6387	7222	6028	7614	5819	7854	5639	8065
205	5965	5965	5581	6362	5245	6731	5050	6956	4883	7155
136	5196	5196	4838	5567	4526	5912	4344	6124	4190	6310
1120	16040	16040	15406	16687	14845	17281	14515	17641	14231	17957
705	9868	9868	9372	10377	8936	10846	8680	11132	8461	11383
120	5268	5268	4907	5642	4593	5989	4410	6202	4254	6390
325	10779	10779	10260	11311	9804	11800	9536	12098	9306	12360
135	7186	7186	6764	7621	6394	8024	6178	8270	5993	8487
706	5655	5655	5281	6042	4955	6401	4765	6621	4603	6815
206	6102	6102	5713	6504	5374	6876	5176	7104	5007	7305
2910	1637	1637	1439	1848	1271	2049	1176	2174	1096	2286
315	6547	6547	6144	6963	5792	7348	5586	7584	5411	7791
2935	2254	2254	2020	2501	1821	2734	1706	2878	1610	3007
605	10656	10656	10140	11185	9687	11672	9420	11968	9192	12229
606	11718	11718	11177	12272	10700	12782	10420	13092	10180	13365
506	11861	11861	11316	12418	10837	12931	10555	13243	10313	13517
110	2262	2262	2028	2509	1828	2742	1713	2887	1616	3016
505	21609	21609	20872	22359	20219	23046	19833	23461	19501	23826
2936	2982	2982	2712	3265	2480	3530	2346	3694	2233	3839
405	11931	11931	11385	12490	10904	13004	10621	13317	10378	13592
2926	9937	9937	9439	10448	9002	10919	8745	11205	8525	11458
2925	7026	7026	6608	7456	6243	7855	6030	8099	5847	8313
2927	4208	4208	3886	4543	3607	4855	3445	5047	3308	5216
