faz_id mean median lower_50 upper_50 lower_80 upper_80 lower_90 upper_90 lower_95 upper_95
8935	12849	12850	11692	14060	10697	15198	10123	15900	9637	16522
8927	5791	5791	5023	6613	4379	7400	4014	7892	3710	8333
8926	15373	15374	14105	16695	13010	17933	12376	18695	11838	19369
8936	18782	18783	17378	20241	16160	21601	15452	22437	14850	23175
8500	19904	19905	18458	21405	17202	22803	16471	23661	15850	24420
8406	1842	1842	1421	2318	1088	2793	911	3098	769	3376
8320	13037	13038	11872	14257	10869	15402	10290	16109	9800	16736
8925	15955	15956	14663	17302	13546	18561	12899	19336	12349	20022
8937	15358	15359	14091	16680	12996	17917	12362	18678	11825	19353
8405	17581	17582	16223	18993	15047	20312	14365	21122	13784	21839
8310	33065	33066	31193	34992	29553	36774	28594	37861	27773	38819
8910	16856	16857	15527	18239	14377	19532	13710	20327	13143	21030
7905	26631	26632	24954	28363	23490	29969	22635	30952	21905	31818
7606	4772	4772	4078	5521	3499	6242	3174	6695	2904	7101
7805	23454	23455	21882	25081	20512	26593	19714	27519	19033	28336
8220	18773	18774	17369	20232	16151	21592	15444	22427	14842	23165
8000	15250	15251	13987	16567	12897	17800	12266	18559	11730	19231
8906	9261	9262	8283	10294	7449	11270	6971	11876	6569	12415
8210	11490	11491	10398	12637	9460	13717	8921	14384	8465	14976
9020	19578	19579	18144	21067	16899	22454	16175	23306	15559	24058
8125	20188	20189	18731	21699	17466	23107	16730	23971	16103	24734
8126	15014	15015	13761	16321	12680	17545	12054	18299	11523	18966
8905	10325	10326	9291	11414	8406	12441	7898	13077	7469	13642
7806	6737	6737	5907	7622	5206	8465	4808	8991	4475	9461
7700	8814	8815	7861	9822	7049	10776	6584	11369	6193	11896
7526	16264	16265	14959	17623	13831	18894	13177	19676	12621	20368
7340	29589	29590	27819	31413	26272	33103	25368	34135	24595	35044
7605	1999	1999	1559	2493	1210	2985	1022	3301	872	3588
7537	27952	27953	26233	29726	24731	31370	23854	32375	23105	33261
8115	33046	33047	31174	34972	29535	36754	28576	37841	27755	38798
7335	38459	38460	36438	40535	34664	42451	33624	43619	32733	44646
8600	19513	19514	18081	20999	16838	22385	16116	23235	15501	23986
7425	31412	31413	29588	33291	27992	35029	27058	36091	26260	37026
7535	30494	30495	28697	32345	27126	34059	26207	35106	25421	36028
7525	16866	16867	15537	18250	14386	19543	13719	20338	13152	21041
7436	6243	6243	5445	7096	4773	7910	4392	8419	4074	8873
9019	17966	17967	16593	19393	15403	20726	14713	21544	14126	22268
7026	11350	11351	10264	12490	9333	13564	8798	14227	8345	14816
7205	14875	14876	13628	16176	12552	17395	11929	18145	11401	18810
7515	5797	5797	5029	6620	4384	7407	4019	7899	3715	8340
7320	31448	31449	29623	33328	28026	35067	27091	36129	26292	37065
7206	18151	18152	16771	19586	15575	20924	14880	21746	14290	22474
7315	19267	19268	17844	20744	16610	22121	15892	22966	15282	23714
7435	8938	8939	7978	9953	7160	10913	6691	11509	6297	12040
7316	22275	22276	20743	23861	19410	25337	18634	26240	17973	27039
7025	23293	23294	21726	24915	20362	26422	19566	27344	18888	28159
7415	13053	13054	11887	14274	10883	15420	10304	16127	9814	16754
7100	29747	29748	27973	31576	26421	33270	25514	34304	24739	35216
7015	18871	18872	17463	20333	16242	21697	15533	22534	14929	23274
9908	3882	3882	3258	4560	2744	5218	2457	5632	2220	6005
6410	44510	44511	42333	46741	40420	48797	39296	50048	38333	51149
6420	39948	39949	37887	42063	36078	44015	35017	45203	34108	46249
5535	31647	31648	29816	33533	28214	35277	27276	36342	26474	37281
5600	17238	17239	15894	18637	14730	19943	14055	20746	13481	21456
5546	19524	19525	18092	21011	16848	22397	16126	23247	15511	23999
4706	14923	14924	13674	16226	12596	17447	11972	18198	11443	18864
6605	12843	12844	11686	14054	10692	15191	10118	15893	9632	16516
6910	5065	5065	4349	5836	3751	6576	3414	7041	3134	7457
6606	6098	6098	5310	6941	4646	7747	4270	8250	3957	8700
9909	5952	5952	5173	6785	4519	7582	4148	8080	3839	8526
9011	10825	10826	9765	11939	8858	12989	8336	13639	7896	14216
5525	16111	16112	14812	17464	13690	18729	13039	19508	12486	20197
5515	30406	30407	28612	32255	27043	33966	26125	35012	25340	35933
6326	24836	24837	23217	26509	21806	28063	20983	29014	20280	29853
9914	20377	20378	18913	21895	17642	23310	16902	24177	16272	24943
5545	17593	17594	16235	19006	15058	20325	14375	21135	13795	21852
6223	29547	29548	27779	31370	26233	33058	25329	34089	24557	34998
5306	25112	25113	23484	26795	22064	28357	21236	29312	20530	30156
6325	37338	37339	35347	39384	33600	41273	32576	42424	31700	43438
9009	5513	5513	4765	6316	4137	7086	3783	7567	3488	7999
9006	12781	12782	11627	13989	10635	15124	10063	15824	9578	16445
6225	21530	21531	20025	23090	18715	24542	17953	25431	17304	26217
9018	20990	20991	19504	22531	18212	23965	17461	24844	16820	25621
5425	42921	42922	40784	45112	38906	47133	37804	48363	36859	49444
5305	30021	30022	28238	31858	26680	33559	25768	34598	24989	35514
5426	23122	23123	21561	24738	20202	26239	19410	27159	18734	27971
6226	33466	33467	31582	35404	29933	37196	28967	38290	28140	39253
6126	13966	13967	12759	15228	11718	16411	11117	17140	10607	17786
6224	23846	23847	22260	25486	20879	27010	20073	27943	19386	28767
6216	16666	16667	15345	18042	14202	19328	13539	20118	12976	20818
6316	30861	30862	29053	32723	27472	34447	26547	35500	25756	36427
6215	24174	24175	22577	25825	21186	27359	20374	28298	19682	29127
5100	8655	8656	7710	9654	6907	10601	6447	11188	6060	11711
6213	19500	19501	18069	20986	16826	22371	16104	23221	15489	23972
9005	5955	5955	5176	6788	4521	7586	4151	8084	3842	8529
6124	27617	27618	25908	29380	24416	31015	23545	32014	22800	32895
6125	10589	10590	9541	11691	8645	12730	8129	13373	7694	13945
6214	376	376	201	606	90	860	44	1032	18	1196
5415	15515	15516	14241	16843	13141	18086	12503	18851	11962	19529
5205	13362	13363	12182	14597	11166	15755	10579	16470	10082	17104
9916	17126	17127	15786	18520	14626	19823	13954	20623	13382	21331
9913	7303	7303	6438	8223	5705	9098	5288	9643	4938	10129
9915	23022	23023	21464	24634	20108	26133	19318	27051	18644	27861
4606	28041	28042	26319	29817	24815	31464	23936	32470	23186	33358
6115	24093	24094	22499	25742	21110	27273	20300	28211	19609	29038
4820	8453	8454	7520	9441	6726	10377	6273	10958	5891	11476
9017	3848	3848	3227	4523	2715	5178	2430	5591	2195	5963
6123	21084	21085	19595	22628	18300	24065	17546	24946	16904	25725
6114	36512	36513	34543	38535	32817	40404	31805	41543	30939	42546
4607	29949	29950	28169	31784	26612	33483	25701	34521	24923	35436
6505	14540	14541	13308	15827	12245	17032	11630	17775	11108	18433
5020	26402	26403	24732	28127	23275	29726	22424	30705	21697	31568
6113	43876	43877	41715	46091	39816	48133	38701	49376	37745	50469
5010	20440	20441	18974	21961	17700	23377	16959	24245	16328	25013
6020	23651	23652	22072	25285	20696	26803	19895	27732	19211	28553
4900	14112	14113	12898	15380	11852	16569	11247	17301	10735	17951
6010	15905	15906	14615	17250	13500	18507	12854	19281	12305	19966
4400	24774	24775	23157	26445	21748	27997	20926	28947	20224	29785
9900	10635	10636	9585	11740	8686	12781	8169	13425	7733	13998
9904	13919	13920	12714	15179	11675	16360	11075	17088	10566	17733
9902	31280	31281	29460	33155	27867	34890	26936	35949	26139	36882
4810	10883	10884	9821	12000	8910	13053	8387	13704	7945	14282
5720	39909	39910	37849	42023	36041	43974	34981	45162	34072	46207
9901	9149	9150	8177	10175	7349	11147	6874	11749	6474	12285
5826	6594	6594	5773	7470	5080	8305	4687	8826	4358	9291
5825	3527	3527	2934	4175	2446	4805	2176	5203	1954	5561
5925	26691	26692	25012	28425	23546	30033	22690	31016	21960	31884
9015	15663	15664	14383	16998	13277	18246	12636	19014	12092	19695
4506	18453	18454	17061	19899	15855	21248	15154	22077	14558	22810
4605	27036	27037	25346	28781	23870	30399	23008	31388	22273	32261
9002	38204	38205	36190	40273	34422	42183	33386	43347	32498	44371
4226	18720	18721	17318	20176	16102	21535	15396	22369	14795	23106
4505	17147	17148	15806	18542	14646	19845	13973	20646	13400	21355
4225	18798	18799	17393	20257	16175	21619	15467	22454	14864	23193
5716	26286	26287	24620	28007	23166	29603	22317	30580	21592	31441
5916	37629	37630	35630	39683	33876	41579	32848	42734	31968	43751
4300	12091	12092	10970	13267	10006	14373	9451	15055	8982	15661
5815	5132	5132	4411	5908	3808	6653	3469	7120	3187	7538
9004	19538	19539	18105	21025	16861	22412	16139	23262	15523	24014
5715	18450	18451	17058	19896	15852	21245	15151	22074	14555	22806
3330	14776	14777	13534	16073	12461	17288	11841	18036	11315	18699
6506	16513	16514	15198	17883	14060	19163	13401	19950	12841	20647
5915	20900	20901	19417	22437	18128	23869	17378	24746	16740	25522
3905	11254	11255	10173	12389	9246	13459	8713	14120	8263	14707
4130	19290	19291	17866	20768	16631	22146	15913	22991	15302	23739
6930	10931	10932	9866	12050	8954	13105	8429	13757	7986	14337
3825	21889	21890	20371	23462	19050	24925	18281	25821	17626	26613
4120	21175	21176	19682	22722	18385	24163	17629	25045	16986	25825
3816	25797	25798	24147	27502	22707	29084	21867	30052	21149	30906
4210	27634	27635	25925	29398	24432	31033	23560	32032	22816	32914
9016	13753	13754	12555	15005	11523	16180	10927	16904	10422	17546
4005	15896	15897	14606	17240	13491	18498	12846	19271	12297	19956
4230	12331	12332	11198	13518	10225	14634	9664	15323	9189	15934
3815	20998	20999	19512	22539	18220	23973	17468	24853	16827	25630
3705	33018	33019	31147	34943	29509	36724	28550	37811	27730	38768
3900	6556	6556	5737	7429	5047	8262	4655	8782	4327	9246
4110	20859	20860	19378	22395	18090	23825	17341	24702	16703	25476
3416	24890	24891	23269	26565	21856	28121	21032	29072	20329	29912
3413	10504	10505	9461	11602	8568	12637	8055	13278	7622	13848
3706	18735	18736	17332	20192	16116	21551	15409	22385	14808	23123
3600	22281	22282	20749	23868	19416	25343	18640	26247	17978	27045
3415	29544	29545	27776	31367	26230	33055	25326	34086	24554	34995
3320	31222	31223	29404	33095	27813	34829	26882	35887	26086	36819
3505	43797	43798	41638	46010	39741	48050	38627	49292	37671	50384
3414	28900	28901	27151	30703	25623	32374	24730	33394	23967	34294
6900	8909	8910	7950	9922	7134	10881	6666	11477	6273	12006
2940	18822	18823	17416	20282	16197	21644	15488	22480	14886	23220
2216	20703	20704	19227	22233	17945	23658	17199	24532	16563	25304
3046	24412	24413	22807	26071	21409	27612	20593	28556	19897	29388
2225	17101	17102	15762	18494	14603	19796	13931	20596	13360	21304
3426	23459	23460	21886	25086	20517	26598	19718	27524	19038	28342
3427	25080	25081	23453	26762	22034	28323	21207	29278	20501	30121
3045	29793	29794	28017	31623	26465	33318	25557	34354	24781	35266
3310	21271	21272	19775	22822	18474	24265	17717	25150	17072	25931
3030	45209	45210	43015	47457	41086	49529	39953	50789	38982	51898
3130	16824	16825	15496	18206	14347	19498	13681	20292	13115	20994
3010	44255	44256	42085	46480	40177	48530	39057	49778	38096	50875
3020	24324	24325	22722	25980	21326	27519	20512	28461	19818	29292
3425	21619	21620	20110	23182	18798	24637	18035	25528	17384	26315
2100	21257	21258	19761	22807	18461	24250	17704	25135	17059	25916
1606	13372	13373	12191	14607	11175	15766	10588	16481	10090	17115
2215	19043	19044	17629	20512	16402	21881	15689	22722	15082	23465
1720	27377	27378	25676	29133	24191	30760	23323	31756	22582	32633
3120	24697	24698	23083	26366	21676	27916	20855	28864	20154	29701
1900	952	952	657	1302	438	1663	328	1901	245	2120
3110	9812	9813	8805	10874	7944	11877	7450	12498	7034	13051
3200	22014	22015	20491	23591	19167	25058	18396	25957	17738	26751
1605	17711	17712	16348	19128	15167	20452	14482	21265	13900	21984
2000	13190	13191	12018	14417	11008	15569	10426	16279	9932	16909
1820	7728	7728	6837	8674	6081	9572	5650	10130	5289	10629
1200	18971	18972	17560	20437	16335	21804	15624	22643	15018	23385
1710	22683	22684	21137	24284	19791	25772	19008	26683	18339	27488
1810	3733	3733	3122	4398	2619	5045	2338	5452	2108	5819
900	11088	11089	10015	12215	9096	13277	8567	13934	8120	14517
806	34855	34856	32932	36832	31247	38660	30260	39775	29415	40756
1506	23932	23933	22343	25575	20959	27102	20152	28036	19464	28861
1410	11720	11721	10616	12878	9669	13968	9124	14641	8662	15239
1505	22187	22188	20658	23770	19328	25243	18554	26145	17894	26942
1330	23063	23064	21504	24677	20147	26177	19356	27095	18681	27906
1000	10088	10089	9066	11164	8192	12181	7691	12810	7268	13369
1320	18521	18522	17127	19970	15918	21321	15215	22151	14618	22885
1420	13435	13436	12252	14673	11232	15835	10644	16551	10145	17186
1130	5945	5945	5167	6778	4513	7574	4143	8072	3834	8517
1116	18789	18790	17384	20248	16166	21609	15458	22444	14856	23183
1310	27704	27705	25993	29470	24498	31107	23625	32108	22879	32990
805	23964	23965	22374	25608	20989	27136	20182	28071	19493	28896
1115	14821	14822	13577	16120	12503	17337	11881	18086	11354	18749
205	13365	13366	12185	14600	11168	15759	10581	16473	10084	17107
136	11567	11568	10471	12718	9530	13801	8989	14470	8531	15064
1120	37146	37147	35160	39187	33418	41071	32397	42220	31523	43230
705	21134	21135	19643	22680	18346	24119	17592	25001	16949	25780
120	12192	12193	11066	13373	10098	14483	9541	15168	9069	15776
325	24386	24387	22782	26044	21384	27585	20569	28528	19874	29360
135	17389	17390	16039	18794	14870	20106	14191	20912	13614	21625
706	13214	13215	12041	14442	11030	15595	10447	16306	9953	16936
206	13709	13710	12513	14959	11483	16132	10888	16855	10383	17496
2910	3842	3842	3222	4517	2710	5171	2425	5584	2190	5955
315	14950	14951	13700	16254	12621	17476	11997	18228	11467	18894
2935	7895	7896	6994	8850	6229	9758	5793	10321	5427	10824
605	24224	24225	22625	25877	21233	27413	20420	28352	19727	29182
606	25471	25472	23831	27165	22401	28738	21567	29700	20854	30549
506	28664	28665	26923	30460	25401	32124	24512	33141	23752	34037
110	5064	5064	4348	5835	3750	6575	3413	7040	3133	7456
505	51341	51342	49001	53735	46941	55938	45730	57277	44690	58454
2936	6753	6753	5922	7639	5220	8483	4821	9009	4488	9480
405	26882	26883	25197	28622	23725	30236	22866	31222	22133	32092
2926	25552	25553	23910	27249	22477	28824	21641	29788	20928	30638
2925	16125	16126	14826	17479	13702	18745	13052	19523	12499	20213
2927	7887	7888	6987	8842	6222	9749	5786	10312	5420	10815
