faz_id mean median lower_50 upper_50 lower_80 upper_80 lower_90 upper_90 lower_95 upper_95
8935	5917	5918	4869	7067	4012	8190	3539	8902	3153	9545
8927	1255	1255	800	1812	477	2401	324	2794	215	3158
8926	3064	3064	2324	3906	1745	4752	1438	5297	1196	5795
8936	4127	4127	3260	5096	2567	6056	2191	6670	1889	7228
8500	14105	14106	12459	15853	11064	17515	10269	18549	9602	19471
8406	292	292	99	587	12	940	0	1191	14	1434
8320	12672	12673	11115	14332	9799	15914	9052	16900	8427	17781
8925	3040	3040	2303	3879	1727	4722	1422	5266	1181	5762
8937	7834	7835	6620	9150	5615	10422	5053	11223	4588	11943
8405	1049	1049	637	1563	354	2113	224	2482	135	2826
8310	10945	10946	9501	12491	8288	13971	7602	14895	7030	15723
8910	3266	3266	2500	4134	1898	5002	1578	5562	1323	6072
7905	5886	5887	4841	7033	3987	8154	3515	8864	3130	9505
7606	834	834	472	1298	234	1803	131	2144	66	2465
7805	3600	3600	2794	4508	2155	5414	1812	5995	1539	6524
8220	14218	14219	12565	15973	11164	17641	10365	18678	9695	19604
8000	39164	39166	36387	42043	33974	44723	32570	46366	31373	47818
8906	1375	1375	896	1956	552	2566	386	2971	266	3347
8210	32746	32747	30211	35383	28016	37845	26742	39358	25659	40696
9020	4448	4449	3546	5452	2821	6444	2427	7077	2109	7651
8125	6879	6880	5745	8115	4811	9316	4292	10074	3865	10757
8126	9096	9097	7784	10510	6690	11871	6075	12724	5565	13490
8905	1111	1111	686	1638	390	2201	253	2577	158	2927
7806	1842	1842	1280	2506	861	3192	650	3642	490	4057
7700	6035	6036	4976	7196	4110	8329	3631	9047	3239	9694
7526	10410	10411	9003	11919	7823	13365	7157	14270	6602	15081
7340	3908	3908	3066	4852	2395	5790	2033	6391	1742	6937
7605	1639	1639	1112	2269	724	2923	532	3354	389	3753
7537	17501	17502	15662	19442	14093	21278	13193	22416	12436	23429
8115	12688	12689	11129	14349	9813	15931	9065	16918	8440	17800
7335	12107	12108	10586	13730	9303	15280	8575	16246	7967	17110
8600	12800	12801	11234	14468	9912	16057	9160	17047	8531	17932
7425	4104	4104	3240	5070	2549	6028	2175	6641	1874	7197
7535	7414	7415	6235	8695	5260	9937	4716	10719	4268	11423
7525	2511	2511	1846	3278	1335	4056	1068	4561	861	5025
7436	2433	2433	1779	3189	1278	3957	1017	4456	815	4914
9019	5211	5212	4231	6294	3435	7356	2998	8031	2643	8642
7026	1780	1780	1228	2434	819	3110	613	3554	459	3964
7205	9576	9577	8229	11025	7103	12418	6469	13291	5942	14073
7515	8383	8384	7126	9742	6081	11054	5495	11878	5010	12619
7320	10345	10346	8943	11849	7767	13292	7103	14194	6551	15002
7206	22147	22148	20072	24325	18290	26373	17263	27638	16395	28762
7315	4973	4974	4016	6032	3242	7073	2819	7735	2475	8335
7435	5065	5066	4099	6133	3317	7182	2888	7850	2540	8453
7316	4882	4883	3935	5931	3169	6964	2750	7621	2411	8217
7025	12352	12353	10815	13991	9518	15555	8782	16530	8166	17401
7415	14659	14660	12980	16440	11555	18132	10742	19183	10060	20121
7100	12355	12356	10818	13994	9521	15558	8784	16533	8168	17405
7015	6326	6327	5241	7514	4350	8670	3857	9402	3453	10062
9908	4584	4585	3668	5602	2930	6607	2528	7248	2203	7829
6410	15526	15527	13797	17358	12326	19094	11486	20173	10781	21135
6420	8171	8172	6930	9514	5900	10810	5324	11626	4847	12358
5535	5420	5421	4419	6523	3605	7604	3158	8290	2793	8910
5600	16199	16200	14431	18069	12927	19840	12066	20939	11343	21919
5546	13913	13914	12279	15649	10894	17301	10105	18328	9444	19245
4706	2316	2316	1679	3055	1193	3807	942	4297	748	4747
6605	2805	2805	2099	3613	1551	4428	1263	4955	1036	5437
6910	987	987	589	1487	318	2025	196	2386	113	2724
6606	1348	1348	874	1924	535	2529	372	2932	254	3305
9909	1335	1335	864	1908	527	2512	365	2912	248	3285
9011	6639	6640	5526	7854	4611	9036	4103	9783	3685	10456
5525	6445	6446	5349	7643	4449	8810	3950	9547	3541	10212
5515	5609	5610	4590	6730	3759	7827	3302	8523	2929	9152
6326	13625	13626	12008	15344	10639	16979	9860	17998	9207	18906
9914	4292	4293	3407	5279	2697	6256	2312	6879	2002	7446
5545	4610	4611	3691	5631	2950	6638	2547	7280	2221	7863
6223	10997	10998	9550	12547	8333	14029	7645	14956	7072	15786
5306	21403	21404	19364	23545	17614	25561	16607	26806	15756	27913
6325	7731	7732	6526	9038	5527	10303	4970	11100	4509	11816
9009	2547	2547	1877	3319	1361	4102	1092	4610	882	5075
9006	2953	2953	2228	3781	1662	4613	1363	5151	1127	5642
6225	18103	18104	16231	20077	14633	21941	13717	23097	12944	24125
9018	12354	12355	10817	13993	9520	15557	8783	16532	8168	17404
5425	46925	46927	43881	50071	41226	52992	39678	54780	38356	56357
5305	27272	27273	24963	29683	22971	31941	21819	33332	20842	34565
5426	17986	17987	16121	19953	14528	21813	13615	22965	12845	23990
6226	7372	7373	6196	8650	5225	9888	4683	10669	4236	11371
6126	3333	3333	2559	4209	1950	5085	1624	5649	1366	6163
6224	7891	7892	6673	9211	5663	10488	5098	11291	4632	12013
6216	10350	10351	8947	11855	7771	13297	7108	14200	6555	15008
6316	22467	22468	20376	24660	18581	26722	17546	27996	16671	29126
6215	19528	19529	17582	21576	15917	23508	14961	24703	14154	25766
5100	1773	1773	1222	2426	814	3101	609	3545	455	3954
6213	15594	15595	13861	17429	12387	19170	11545	20251	10837	21214
9005	582	582	288	978	111	1422	45	1727	11	2016
6124	13530	13531	11919	15243	10555	16873	9779	17888	9129	18794
6125	11947	11948	10436	13560	9163	15100	8441	16061	7837	16920
6214	30598	30599	28150	33149	26032	35533	24804	36999	23762	38297
5415	62848	62850	59317	66481	56224	69841	54413	71890	52864	73695
5205	40117	40119	37306	43030	34862	45741	33439	47402	32227	48870
9916	2524	2524	1857	3293	1344	4073	1077	4579	868	5043
9913	6166	6167	5095	7339	4218	8483	3733	9207	3335	9860
9915	3391	3391	2610	4274	1994	5157	1665	5725	1403	6242
4606	3498	3498	2704	4394	2076	5289	1740	5863	1472	6387
6115	9140	9141	7825	10557	6728	11921	6111	12776	5599	13544
4820	6066	6067	5004	7230	4135	8366	3655	9085	3262	9734
9017	324	324	118	632	20	997	0	1255	8	1503
6123	70846	70848	67094	74700	63802	78259	61872	80428	60219	82336
6114	23109	23110	20988	25332	19165	27422	18114	28712	17225	29857
4607	7109	7110	5955	8365	5004	9583	4474	10352	4037	11044
6505	3357	3357	2580	4236	1968	5115	1641	5680	1381	6196
5020	8904	8905	7607	10303	6526	11651	5919	12497	5415	13256
6113	43509	43511	40579	46541	38029	49358	36542	51084	35274	52607
5010	16667	16668	14873	18563	13345	20357	12471	21471	11735	22462
6020	74701	74703	70847	78657	67463	82308	65478	84532	63777	86488
4900	79453	79455	75476	83532	71982	87293	69931	89582	68173	91596
6010	137631	137634	132381	142983	127740	147891	125003	150866	122649	153476
4400	10343	10344	8941	11847	7765	13289	7102	14192	6549	15000
9900	2063	2063	1465	2763	1014	3481	784	3950	607	4382
9904	7308	7309	6138	8581	5171	9814	4632	10592	4188	11291
9902	27326	27327	25015	29739	23021	32000	21868	33392	20889	34626
4810	8347	8348	7093	9704	6050	11013	5466	11835	4983	12574
5720	13033	13034	11453	14715	10117	16318	9357	17316	8721	18208
9901	5913	5914	4865	7063	4009	8186	3536	8897	3150	9539
5826	9208	9209	7888	10630	6786	11998	6167	12857	5653	13626
5825	54804	54806	51510	58200	48631	61346	46948	63268	45509	64962
5925	21917	21918	19853	24083	18081	26122	17060	27381	16198	28499
9015	1993	1993	1406	2682	965	3390	741	3853	570	4279
4506	32031	32032	29525	34639	27355	37076	26096	38573	25027	39898
4605	28385	28386	26029	30843	23994	33145	22816	34561	21817	35816
9002	10196	10197	8804	11690	7638	13123	6980	14020	6432	14823
4226	3808	3808	2977	4741	2316	5668	1961	6263	1676	6803
4505	1544	1544	1034	2157	661	2796	478	3217	343	3608
4225	3336	3336	2562	4212	1952	5089	1626	5653	1368	6167
5716	9611	9612	8261	11063	7133	12458	6497	13332	5969	14116
5916	8974	8975	7671	10379	6586	11731	5976	12580	5470	13341
4300	25328	25329	23105	27653	21190	29835	20084	31179	19147	32372
5815	29407	29408	27008	31908	24934	34249	23733	35688	22714	36963
9004	6461	6462	5363	7661	4462	8828	3963	9567	3553	10232
5715	2276	2276	1645	3009	1165	3756	917	4243	725	4690
3330	2599	2599	1922	3379	1399	4168	1126	4680	912	5149
6506	10166	10167	8776	11658	7612	13089	6955	13984	6408	14787
5915	6005	6006	4949	7163	4085	8294	3608	9010	3217	9656
3905	22412	22413	20324	24602	18531	26662	17497	27934	16624	29064
4130	27176	27177	24871	29583	22883	31837	21733	33226	20758	34457
6930	3990	3990	3138	4944	2459	5890	2092	6496	1797	7046
3825	8780	8781	7492	10170	6420	11509	5818	12350	5318	13105
4120	4656	4657	3732	5682	2987	6694	2581	7338	2253	7923
3816	4574	4575	3659	5591	2922	6595	2520	7235	2196	7816
4210	6566	6567	5459	7775	4550	8951	4045	9694	3631	10364
9016	2153	2153	1541	2867	1077	3598	839	4074	657	4512
4005	2422	2422	1770	3176	1270	3943	1010	4441	809	4898
4230	2142	2142	1532	2854	1069	3583	832	4059	651	4496
3815	12010	12011	10495	13627	9218	15171	8494	16134	7888	16995
3705	42460	42462	39567	45455	37048	48241	35581	49946	34330	51453
3900	36013	36014	33352	38776	31044	41351	29702	42932	28560	44329
4110	37541	37543	34823	40361	32463	42987	31091	44599	29922	46023
3416	3219	3219	2459	4081	1863	4944	1545	5500	1293	6008
3413	1667	1667	1135	2301	743	2960	548	3394	402	3795
3706	4535	4536	3624	5548	2891	6548	2491	7186	2169	7764
3600	76538	76540	72636	80542	69209	84236	67198	86485	65475	88464
3415	5080	5081	4113	6149	3329	7200	2899	7868	2550	8473
3320	6847	6848	5716	8080	4784	9279	4266	10035	3841	10717
3505	27885	27886	25550	30322	23534	32604	22368	34010	21379	35255
3414	3204	3204	2446	4064	1851	4926	1535	5481	1284	5987
6900	2127	2127	1519	2837	1059	3564	823	4038	642	4475
2940	4300	4301	3414	5288	2704	6265	2318	6890	2007	7456
2216	4848	4849	3904	5894	3141	6923	2725	7579	2387	8172
3046	10226	10227	8832	11722	7664	13157	7005	14055	6456	14859
2225	7794	7795	6584	9107	5581	10376	5020	11175	4558	11894
3426	3166	3166	2413	4021	1822	4878	1508	5431	1260	5935
3427	6827	6828	5697	8059	4767	9255	4251	10011	3826	10691
3045	4595	4596	3677	5615	2938	6620	2536	7262	2210	7843
3310	5448	5449	4444	6554	3628	7637	3179	8325	2813	8946
3030	11600	11601	10112	13190	8859	14709	8149	15658	7557	16506
3130	28737	28738	26366	31210	24318	33525	23132	34950	22125	36212
3010	12435	12436	10893	14079	9591	15648	8852	16626	8233	17500
3020	23323	23324	21192	25556	19360	27655	18303	28950	17409	30100
3425	3543	3543	2744	4445	2111	5344	1772	5922	1501	6448
2100	2561	2561	1889	3335	1371	4120	1101	4629	890	5095
1606	3867	3867	3029	4807	2363	5740	2003	6338	1715	6882
2215	8022	8023	6793	9353	5774	10639	5204	11448	4732	12175
1720	7200	7201	6039	8464	5080	9689	4546	10462	4106	11157
3120	19166	19167	17239	21195	15591	23110	14644	24295	13846	25350
1900	18852	18853	16941	20865	15308	22765	14370	23942	13579	24988
3110	3753	3753	2929	4679	2274	5601	1921	6192	1639	6730
3200	8650	8651	7372	10030	6309	11360	5712	12196	5217	12946
1605	9307	9308	7980	10737	6871	12111	6248	12974	5730	13747
2000	16369	16370	14592	18248	13079	20028	12213	21132	11485	22116
1820	31996	31997	29491	34603	27323	37038	26065	38535	24996	39859
1200	7338	7339	6165	8613	5196	9849	4656	10628	4210	11329
1710	14273	14274	12617	16031	11213	17702	10412	18741	9741	19668
1810	16207	16208	14439	18077	12934	19849	12073	20948	11349	21928
900	12724	12725	11163	14387	9845	15972	9096	16960	8469	17842
806	5159	5160	4184	6236	3393	7294	2959	7966	2606	8575
1506	5012	5013	4051	6075	3274	7119	2848	7784	2502	8385
1410	17243	17244	15418	19170	13861	20994	12970	22124	12219	23130
1505	7819	7820	6607	9134	5602	10405	5040	11205	4577	11924
1330	6362	6363	5273	7553	4380	8713	3885	9446	3480	10108
1000	2123	2123	1516	2832	1056	3559	821	4033	640	4469
1320	5719	5720	4689	6851	3850	7957	3387	8659	3009	9293
1420	19345	19346	17409	21383	15752	23307	14801	24497	13998	25555
1130	3537	3537	2738	4438	2106	5337	1768	5914	1498	6440
1116	10077	10078	8694	11562	7535	12988	6882	13880	6338	14679
1310	6796	6797	5669	8025	4742	9219	4226	9973	3802	10653
805	5664	5665	4640	6790	3804	7892	3344	8591	2969	9222
1115	5206	5207	4226	6288	3431	7350	2995	8025	2640	8635
205	14661	14662	12982	16442	11557	18134	10744	19185	10062	20123
136	4547	4548	3635	5562	2900	6563	2500	7201	2177	7780
1120	15302	15303	13585	17121	12127	18846	11294	19918	10594	20873
705	5161	5162	4186	6239	3394	7296	2961	7969	2608	8577
120	1724	1724	1182	2368	781	3036	580	3475	430	3881
325	7049	7050	5900	8300	4953	9514	4426	10279	3992	10969
135	3363	3363	2585	4243	1972	5122	1645	5688	1385	6204
706	4063	4063	3203	5025	2516	5978	2145	6589	1846	7143
206	10202	10203	8810	11696	7643	13129	6985	14027	6437	14830
2910	1230	1230	780	1782	462	2367	311	2756	204	3119
315	7630	7631	6433	8929	5442	10187	4889	10979	4432	11691
2935	22298	22299	20215	24483	18427	26538	17397	27807	16525	28934
605	4996	4997	4037	6057	3261	7100	2836	7764	2491	8364
606	4901	4902	3952	5952	3184	6987	2764	7645	2424	8241
506	6853	6854	5721	8087	4789	9286	4271	10042	3845	10724
110	1514	1514	1009	2121	642	2755	461	3174	329	3562
505	17370	17371	15538	19304	13975	21134	13080	22268	12326	23277
2936	4456	4457	3553	5461	2828	6453	2433	7087	2114	7661
405	5049	5050	4085	6115	3304	7163	2876	7830	2528	8433
2926	3283	3283	2515	4153	1911	5023	1590	5584	1334	6095
2925	2450	2450	1794	3208	1290	3979	1028	4479	825	4938
2927	2136	2136	1527	2847	1065	3576	829	4051	647	4488
