faz_id mean median lower_50 upper_50 lower_80 upper_80 lower_90 upper_90 lower_95 upper_95
8935	5169	5169	4767	5587	4419	5977	4217	6217	4046	6430
8927	2206	2206	1946	2482	1726	2744	1601	2908	1496	3053
8926	6187	6187	5747	6644	5364	7069	5141	7329	4952	7560
8936	7327	7327	6847	7823	6429	8284	6185	8566	5977	8815
8500	8131	8131	7625	8653	7183	9137	6925	9433	6705	9695
8406	829	829	673	1001	546	1170	477	1278	420	1375
8320	4937	4937	4545	5346	4205	5728	4008	5963	3841	6170
8925	6343	6343	5897	6805	5509	7235	5284	7499	5091	7732
8937	6538	6538	6085	7007	5691	7444	5462	7711	5266	7947
8405	6503	6503	6051	6971	5659	7406	5430	7673	5235	7909
8310	13424	13424	12772	14093	12198	14709	11861	15084	11572	15413
8910	6872	6872	6408	7353	6003	7800	5767	8073	5566	8315
7905	10075	10075	9511	10655	9017	11192	8727	11519	8480	11808
7606	1847	1847	1610	2100	1411	2342	1298	2493	1203	2628
7805	8862	8862	8333	9407	7871	9911	7601	10220	7370	10491
8220	9190	9190	8652	9745	8181	10258	7905	10572	7670	10848
8000	6165	6165	5725	6621	5344	7045	5121	7305	4932	7535
8906	3416	3416	3091	3757	2812	4079	2651	4277	2516	4454
8210	6559	6559	6105	7029	5711	7466	5481	7734	5285	7970
9020	8375	8375	7861	8905	7413	9396	7151	9696	6927	9961
8125	8269	8269	7759	8796	7313	9284	7053	9582	6830	9845
8126	6881	6881	6416	7362	6011	7809	5776	8083	5575	8325
8905	3836	3836	3491	4197	3194	4536	3023	4746	2878	4931
7806	2823	2823	2528	3134	2277	3428	2132	3610	2011	3772
7700	3642	3642	3306	3994	3017	4325	2851	4530	2710	4711
7526	6409	6409	5961	6874	5571	7306	5344	7571	5151	7805
7340	10825	10825	10240	11426	9727	11982	9426	12320	9169	12618
7605	775	775	624	942	503	1106	436	1211	382	1305
7537	12675	12675	12041	13325	11484	13924	11158	14289	10877	14610
8115	15076	15076	14384	15784	13775	16436	13417	16832	13109	17180
7335	15835	15835	15126	16561	14501	17228	14133	17633	13818	17990
8600	7516	7516	7030	8018	6606	8485	6359	8770	6148	9022
7425	11026	11026	10435	11633	9918	12193	9614	12535	9354	12835
7535	13972	13972	13306	14654	12721	15282	12376	15664	12081	16000
7525	6768	6768	6307	7245	5906	7689	5672	7961	5473	8200
7436	2259	2259	1996	2538	1773	2803	1646	2968	1540	3116
9019	7399	7399	6917	7898	6496	8360	6251	8644	6042	8894
7026	4301	4301	3935	4683	3620	5041	3437	5261	3283	5457
7205	6210	6210	5769	6667	5385	7093	5162	7354	4972	7585
7515	2342	2342	2074	2626	1847	2896	1717	3063	1608	3213
7320	12174	12174	11553	12811	11008	13399	10688	13757	10414	14072
7206	8223	8223	7714	8748	7270	9235	7010	9533	6788	9795
7315	7439	7439	6955	7939	6534	8403	6288	8687	6078	8938
7435	3280	3280	2962	3615	2689	3930	2532	4125	2399	4298
7316	8522	8522	8004	9056	7551	9552	7286	9854	7060	10121
7025	10495	10495	9919	11087	9414	11634	9119	11968	8865	12262
7415	5139	5139	4738	5556	4392	5945	4190	6184	4019	6396
7100	13941	13941	13276	14622	12691	15250	12347	15631	12052	15967
7015	8087	8087	7582	8608	7142	9091	6885	9386	6665	9646
9908	1185	1185	997	1389	841	1587	755	1712	683	1824
6410	20847	20847	20032	21678	19312	22441	18887	22903	18522	23309
6420	18022	18022	17265	18796	16597	19506	16203	19937	15865	20316
5535	13156	13156	12510	13818	11942	14428	11609	14800	11323	15126
5600	7308	7308	6829	7804	6411	8264	6167	8545	5960	8794
5546	7816	7816	7320	8328	6887	8803	6635	9094	6419	9350
4706	5378	5378	4968	5804	4613	6202	4406	6446	4231	6662
6605	4819	4819	4431	5223	4096	5601	3902	5833	3737	6038
6910	2155	2155	1898	2428	1681	2687	1558	2849	1454	2993
6606	2443	2443	2169	2733	1937	3008	1804	3179	1692	3331
9909	2465	2465	2190	2756	1956	3032	1823	3204	1711	3357
9011	5094	5094	4695	5509	4350	5897	4150	6135	3980	6346
5525	7052	7052	6581	7539	6171	7991	5932	8268	5729	8513
5515	12284	12284	11660	12924	11112	13514	10791	13874	10515	14190
6326	12183	12183	11562	12820	11016	13408	10696	13766	10422	14081
9914	8069	8069	7565	8589	7125	9072	6868	9367	6649	9627
5545	6451	6451	6001	6917	5610	7351	5382	7616	5188	7851
6223	14165	14165	13495	14852	12905	15484	12558	15869	12261	16207
5306	11349	11349	10750	11964	10224	12533	9916	12879	9652	13184
6325	17045	17045	16309	17797	15660	18489	15278	18909	14949	19278
9009	2230	2230	1969	2507	1748	2771	1622	2935	1516	3082
9006	5191	5191	4788	5610	4440	6001	4237	6241	4065	6454
6225	11503	11503	10900	12123	10370	12695	10060	13043	9794	13350
9018	9415	9415	8870	9976	8393	10496	8114	10813	7875	11092
5425	18690	18690	17919	19478	17238	20201	16837	20640	16492	21025
5305	13325	13325	12675	13991	12104	14605	11768	14979	11480	15307
5426	8893	8893	8363	9439	7901	9944	7630	10253	7398	10525
6226	15041	15041	14350	15748	13741	16399	13384	16795	13077	17143
6126	6093	6093	5656	6546	5277	6968	5056	7227	4868	7456
6224	11460	11460	10858	12078	10329	12649	10019	12997	9754	13303
6216	6960	6960	6492	7444	6085	7893	5848	8169	5646	8412
6316	15850	15850	15140	16576	14515	17244	14147	17649	13832	18006
6215	12510	12510	11880	13156	11327	13751	11003	14114	10725	14433
5100	3094	3094	2785	3419	2521	3726	2369	3916	2241	4085
6213	10374	10374	9801	10963	9300	11507	9006	11839	8754	12131
9005	2515	2515	2237	2809	2001	3088	1866	3261	1752	3415
6124	14973	14973	14283	15679	13676	16328	13320	16723	13013	17070
6125	5650	5650	5230	6087	4865	6494	4653	6744	4473	6965
6214	238	238	158	334	100	435	72	501	51	562
5415	6469	6469	6019	6936	5627	7370	5399	7636	5204	7871
5205	6291	6291	5847	6751	5461	7180	5236	7442	5045	7675
9916	7140	7140	6666	7630	6254	8085	6013	8364	5808	8609
9913	3482	3482	3154	3827	2872	4151	2710	4351	2572	4529
9915	9858	9858	9300	10432	8811	10963	8525	11287	8281	11573
4606	10315	10315	9744	10902	9244	11445	8951	11776	8700	12067
6115	11932	11932	11317	12563	10778	13145	10461	13500	10190	13812
4820	3792	3792	3449	4151	3154	4489	2984	4697	2840	4882
9017	1597	1597	1377	1833	1193	2059	1090	2201	1003	2328
6123	13484	13484	12830	14154	12255	14772	11917	15147	11628	15478
6114	18266	18266	17504	19045	16831	19760	16435	20194	16094	20575
4607	10883	10883	10296	11486	9782	12043	9480	12382	9222	12681
6505	4959	4959	4566	5369	4225	5751	4028	5987	3860	6195
5020	10908	10908	10321	11512	9806	12069	9504	12409	9245	12708
6113	27742	27743	26801	28700	25967	29576	25474	30107	25050	30572
5010	9014	9014	8481	9563	8015	10072	7742	10383	7509	10657
6020	16045	16045	15331	16775	14702	17447	14332	17855	14014	18214
4900	9873	9873	9315	10448	8826	10979	8539	11303	8295	11589
6010	10146	10146	9580	10728	9084	11267	8793	11595	8545	11885
4400	9747	9747	9192	10318	8707	10846	8422	11168	8179	11452
9900	4818	4818	4430	5222	4095	5599	3901	5832	3736	6037
9904	6322	6322	5877	6783	5490	7213	5265	7476	5073	7709
9902	14163	14163	13493	14850	12903	15482	12556	15867	12259	16205
4810	4791	4791	4404	5194	4070	5570	3877	5802	3712	6007
5720	19676	19676	18884	20484	18185	21225	17773	21675	17419	22070
9901	3726	3726	3386	4082	3094	4417	2925	4623	2783	4807
5826	3286	3286	2967	3621	2694	3937	2537	4132	2404	4305
5825	2009	2009	1762	2273	1553	2524	1434	2681	1335	2821
5925	11807	11807	11196	12435	10659	13014	10344	13367	10074	13677
9015	6178	6178	5738	6634	5356	7059	5133	7320	4944	7550
4506	7758	7758	7264	8268	6833	8742	6581	9031	6367	9287
4605	10870	10870	10284	11473	9770	12029	9468	12368	9210	12667
9002	16789	16789	16058	17536	15414	18222	15035	18639	14710	19006
4226	7503	7503	7017	8005	6594	8471	6347	8756	6136	9008
4505	6077	6077	5641	6530	5262	6951	5041	7210	4853	7438
4225	7304	7304	6825	7799	6407	8259	6164	8541	5956	8789
5716	11176	11176	10581	11787	10060	12351	9754	12695	9492	12997
5916	14960	14960	14271	15665	13664	16315	13307	16709	13001	17056
4300	5391	5391	4981	5818	4625	6216	4418	6461	4243	6677
5815	2244	2244	1982	2522	1760	2787	1634	2951	1527	3098
9004	7836	7836	7339	8349	6906	8825	6653	9116	6437	9372
5715	8124	8124	7618	8646	7177	9130	6919	9426	6699	9687
3330	5810	5810	5384	6253	5013	6665	4798	6918	4615	7142
6506	6448	6448	5998	6914	5607	7347	5380	7613	5186	7848
5915	8179	8179	7672	8703	7228	9188	6970	9485	6748	9747
3905	4682	4682	4300	5080	3970	5453	3779	5682	3616	5885
4130	8809	8809	8282	9352	7821	9855	7552	10163	7322	10434
6930	4537	4537	4161	4929	3836	5296	3649	5522	3489	5722
3825	8836	8836	8308	9380	7847	9884	7577	10192	7346	10463
4120	9068	9068	8533	9619	8065	10129	7792	10441	7558	10715
3816	10432	10432	9858	11022	9355	11568	9060	11901	8808	12194
4210	10744	10744	10161	11343	9650	11897	9351	12234	9094	12531
9016	5509	5509	5094	5940	4734	6343	4525	6590	4347	6808
4005	6497	6497	6046	6965	5653	7400	5424	7666	5229	7902
4230	4621	4621	4242	5017	3914	5387	3724	5615	3563	5817
3815	8897	8897	8367	9443	7904	9948	7634	10257	7402	10529
3705	13959	13959	13294	14641	12708	15269	12364	15651	12069	15986
3900	3396	3396	3072	3736	2794	4057	2634	4255	2499	4431
4110	9251	9251	8711	9807	8238	10323	7962	10637	7725	10914
3416	9723	9723	9169	10293	8684	10821	8400	11143	8157	11426
3413	4073	4073	3717	4445	3411	4794	3234	5009	3084	5200
3706	7418	7418	6935	7917	6514	8381	6268	8664	6059	8914
3600	9995	9995	9433	10573	8941	11108	8653	11434	8406	11721
3415	11578	11578	10973	12200	10441	12773	10130	13123	9863	13430
3320	11245	11245	10649	11858	10125	12423	9819	12768	9556	13072
3505	18656	18656	17885	19443	17205	20165	16805	20604	16460	20989
3414	10788	10788	10204	11388	9692	11943	9392	12281	9135	12579
6900	3653	3653	3317	4006	3027	4337	2861	4542	2720	4724
2940	8159	8159	7652	8682	7210	9167	6951	9464	6730	9725
2216	7928	7928	7428	8444	6993	8922	6738	9215	6521	9473
3046	10568	10568	9990	11162	9483	11711	9187	12046	8933	12341
2225	7378	7378	6896	7876	6477	8338	6232	8621	6023	8871
3426	8364	8364	7851	8894	7402	9384	7140	9684	6917	9949
3427	9298	9298	8756	9856	8282	10372	8005	10687	7768	10965
3045	12191	12191	11570	12829	11024	13417	10704	13775	10429	14090
3310	8639	8639	8117	9177	7661	9676	7395	9980	7167	10249
3030	17528	17528	16781	18291	16123	18992	15735	19418	15402	19791
3130	7730	7730	7237	8239	6807	8712	6556	9001	6341	9256
3010	17496	17496	16750	18258	16092	18959	15705	19384	15372	19757
3020	11034	11034	10443	11641	9925	12202	9621	12543	9361	12844
3425	8370	8370	7857	8900	7408	9391	7146	9691	6922	9955
2100	8007	8007	7505	8525	7067	9006	6811	9300	6592	9559
1606	5946	5946	5514	6394	5140	6811	4922	7067	4736	7293
2215	7744	7744	7250	8254	6820	8727	6568	9016	6354	9272
1720	11935	11935	11320	12566	10781	13148	10464	13503	10193	13815
3120	10218	10218	9650	10802	9152	11343	8860	11672	8611	11962
1900	554	554	428	696	328	838	275	930	233	1013
3110	3654	3654	3317	4007	3028	4338	2862	4543	2721	4725
3200	8763	8763	8237	9305	7778	9807	7509	10113	7280	10384
1605	8241	8241	7732	8767	7287	9254	7027	9552	6805	9815
2000	5651	5651	5231	6088	4866	6495	4654	6745	4474	6966
1820	4898	4898	4507	5305	4169	5686	3973	5920	3807	6127
1200	7667	7667	7176	8174	6748	8645	6498	8933	6284	9187
1710	9958	9958	9397	10535	8906	11069	8618	11394	8372	11681
1810	2147	2147	1891	2419	1674	2678	1551	2840	1448	2984
900	4771	4771	4385	5173	4052	5549	3859	5780	3695	5985
806	13374	13374	12723	14041	12150	14656	11814	15031	11526	15360
1506	9906	9906	9347	10482	8857	11014	8570	11339	8325	11625
1410	5135	5135	4735	5552	4388	5941	4187	6180	4016	6392
1505	9366	9366	8822	9926	8347	10444	8068	10760	7830	11039
1330	8724	8724	8200	9265	7741	9765	7473	10071	7244	10341
1000	3988	3988	3636	4356	3333	4702	3158	4915	3010	5104
1320	7363	7363	6882	7860	6463	8322	6218	8605	6009	8854
1420	6325	6325	5880	6787	5493	7216	5267	7479	5075	7712
1130	2834	2834	2539	3146	2287	3440	2142	3623	2020	3785
1116	7859	7859	7362	8373	6928	8849	6674	9140	6458	9397
1310	10715	10715	10133	11313	9623	11866	9324	12203	9068	12500
805	9048	9048	8514	9598	8047	10108	7773	10419	7540	10694
1115	6300	6300	5856	6761	5469	7189	5244	7452	5053	7684
205	5933	5933	5502	6380	5128	6797	4910	7053	4725	7279
136	5134	5134	4734	5551	4387	5940	4186	6179	4015	6391
1120	15155	15155	14461	15865	13850	16518	13491	16916	13183	17264
705	8061	8061	7557	8581	7117	9063	6861	9358	6641	9618
120	5091	5091	4692	5506	4347	5894	4147	6132	3977	6343
325	10364	10364	9792	10953	9290	11496	8996	11828	8745	12120
135	7106	7106	6634	7595	6222	8049	5982	8327	5777	8572
706	5227	5227	4823	5647	4473	6040	4270	6281	4097	6494
206	6054	6054	5619	6506	5240	6926	5020	7185	4833	7413
2910	1502	1502	1289	1731	1111	1951	1011	2089	928	2213
315	6345	6345	5899	6807	5511	7237	5286	7501	5093	7734
2935	2234	2234	1973	2512	1751	2776	1625	2940	1519	3086
605	9942	9942	9382	10519	8891	11052	8604	11377	8358	11664
606	10576	10576	9998	11170	9491	11720	9194	12055	8940	12350
506	10608	10608	10029	11203	9521	11753	9224	12089	8969	12384
110	2222	2222	1961	2499	1741	2762	1615	2926	1509	3072
505	19458	19458	18671	20261	17976	20999	17566	21446	17214	21839
2936	2815	2815	2521	3126	2269	3419	2125	3601	2004	3763
405	10882	10882	10295	11485	9781	12042	9480	12381	9221	12680
2926	9399	9399	8854	9960	8378	10479	8099	10796	7861	11075
2925	6237	6237	5795	6695	5411	7122	5187	7384	4997	7615
2927	3457	3457	3130	3800	2849	4123	2688	4323	2551	4500
