faz_id mean median lower_50 upper_50 lower_80 upper_80 lower_90 upper_90 lower_95 upper_95
8935	5138	5138	4511	5806	3981	6443	3679	6840	3427	7194
8927	1216	1216	921	1552	691	1889	569	2106	472	2305
8926	2236	2236	1829	2684	1498	3122	1315	3400	1166	3651
8936	3761	3761	3227	4336	2781	4888	2531	5235	2322	5545
8500	12533	12534	11542	13565	10684	14530	10186	15123	9764	15647
8406	272	272	143	441	62	629	30	757	11	878
8320	11230	11231	10293	12208	9484	13124	9015	13688	8618	14187
8925	2806	2806	2348	3305	1970	3790	1760	4095	1587	4371
8937	7445	7445	6686	8245	6037	9001	5664	9469	5350	9885
8405	945	945	688	1243	491	1547	389	1744	310	1925
8310	10304	10304	9407	11242	8634	12121	8188	12663	7809	13144
8910	3082	3082	2601	3604	2202	4109	1980	4427	1796	4713
7905	5090	5090	4466	5755	3938	6389	3639	6784	3388	7137
7606	819	819	581	1098	401	1384	310	1571	240	1744
7805	3397	3397	2891	3944	2470	4472	2234	4803	2038	5101
8220	12460	12461	11472	13489	10616	14451	10121	15042	9699	15566
8000	38769	38770	37010	40569	35461	42225	34550	43231	33768	44116
8906	1303	1303	997	1650	757	1997	629	2220	527	2424
8210	25593	25594	24168	27059	22919	28415	22188	29241	21562	29969
9020	4060	4060	3505	4656	3039	5228	2777	5586	2558	5907
8125	6389	6389	5687	7132	5090	7836	4748	8273	4461	8662
8126	8114	8114	7320	8948	6641	9735	6250	10221	5920	10654
8905	1068	1068	793	1384	580	1703	469	1910	382	2099
7806	1610	1610	1268	1993	995	2373	847	2616	728	2837
7700	5684	5684	5023	6386	4463	7053	4143	7468	3876	7838
7526	9686	9686	8817	10596	8069	11450	7638	11977	7272	12445
7340	3822	3822	3284	4401	2834	4958	2581	5306	2370	5619
7605	1267	1267	966	1609	729	1952	604	2173	504	2375
7537	17161	17162	15998	18365	14985	19485	14395	20171	13891	20776
8115	11089	11090	10158	12061	9354	12971	8889	13532	8495	14029
7335	11649	11650	10694	12645	9869	13577	9391	14150	8986	14658
8600	11881	11882	10916	12886	10083	13827	9600	14405	9189	14918
7425	3742	3742	3210	4315	2765	4866	2515	5212	2307	5522
7535	6483	6483	5776	7231	5174	7940	4829	8380	4540	8771
7525	2371	2371	1951	2831	1608	3281	1419	3566	1264	3823
7436	2402	2402	1980	2865	1634	3318	1443	3604	1287	3862
9019	4981	4981	4364	5639	3843	6267	3547	6658	3299	7008
7026	1744	1744	1387	2142	1100	2535	945	2786	819	3014
7205	8776	8776	7950	9643	7241	10459	6832	10963	6487	11410
7515	7976	7976	7189	8804	6516	9584	6129	10066	5802	10495
7320	9236	9236	8388	10125	7659	10960	7239	11476	6883	11934
7206	19859	19860	18606	21153	17512	22353	16874	23087	16329	23735
7315	4856	4856	4247	5506	3733	6127	3441	6514	3197	6860
7435	4692	4692	4093	5331	3589	5942	3303	6324	3065	6665
7316	4491	4491	3906	5117	3414	5716	3135	6090	2903	6425
7025	12042	12043	11071	13054	10231	14001	9744	14583	9331	15098
7415	14612	14613	13540	15725	12609	16762	12069	17398	11608	17961
7100	11601	11602	10648	12595	9825	13525	9348	14097	8943	14604
7015	5935	5935	5259	6652	4686	7332	4358	7755	4083	8132
9908	4505	4505	3919	5132	3426	5732	3147	6106	2914	6441
6410	15074	15075	13985	16204	13039	17257	12489	17902	12020	18473
6420	8623	8623	7804	9483	7102	10292	6697	10792	6356	11236
5535	5629	5629	4971	6327	4414	6991	4096	7405	3830	7773
5600	15379	15380	14279	16520	13323	17583	12767	18234	12293	18810
5546	13745	13746	12706	14825	11805	15832	11282	16451	10837	16998
4706	2277	2277	1866	2729	1531	3170	1347	3450	1196	3704
6605	2696	2696	2247	3186	1878	3662	1673	3962	1504	4233
6910	898	898	648	1189	457	1486	359	1680	283	1858
6606	1255	1255	955	1596	720	1937	596	2157	497	2359
9909	1177	1177	887	1507	661	1840	542	2055	448	2251
9011	6472	6472	5765	7219	5164	7928	4820	8367	4531	8759
5525	6393	6393	5691	7136	5093	7840	4752	8277	4465	8667
5515	5434	5434	4788	6121	4242	6774	3930	7181	3670	7544
6326	11939	11940	10972	12947	10136	13890	9652	14469	9240	14983
9914	4199	4199	3634	4805	3160	5386	2892	5749	2669	6074
5545	4569	4569	3979	5200	3482	5804	3200	6181	2965	6518
6223	9081	9081	8240	9963	7518	10792	7102	11303	6750	11758
5306	19760	19761	18510	21051	17419	22248	16783	22980	16239	23626
6325	7367	7367	6612	8163	5967	8915	5596	9381	5284	9795
9009	2489	2489	2059	2960	1706	3420	1511	3710	1351	3973
9006	2468	2468	2039	2937	1688	3395	1494	3685	1335	3946
6225	16607	16608	15463	17792	14467	18894	13888	19570	13393	20166
9018	11904	11905	10938	12910	10104	13852	9620	14431	9210	14944
5425	34615	34616	32954	36317	31493	37884	30635	38838	29899	39677
5305	25318	25319	23900	26776	22659	28125	21932	28947	21309	29672
5426	17185	17186	16021	18390	15007	19510	14416	20197	13913	20802
6226	7005	7005	6269	7782	5641	8516	5281	8972	4978	9377
6126	3026	3026	2549	3544	2155	4045	1935	4360	1753	4644
6224	7605	7605	6837	8414	6181	9177	5804	9649	5486	10069
6216	9894	9894	9015	10813	8259	11676	7823	12208	7453	12680
6316	20521	20522	19247	21836	18134	23055	17484	23801	16929	24458
6215	17901	17902	16712	19131	15677	20273	15073	20972	14558	21589
5100	1730	1730	1375	2126	1089	2518	935	2768	810	2996
6213	15442	15443	14339	16585	13381	17650	12824	18303	12349	18880
9005	540	540	350	770	215	1013	149	1174	102	1323
6124	13172	13173	12155	14230	11274	15217	10763	15824	10329	16360
6125	11231	11232	10294	12209	9484	13125	9016	13689	8619	14188
6214	30023	30024	28478	31609	27121	33073	26325	33964	25643	34749
5415	61640	61641	59417	63904	57449	65978	56288	67235	55289	68337
5205	37674	37675	35940	39449	34414	41082	33516	42075	32746	42947
9916	2465	2465	2037	2934	1686	3392	1492	3681	1333	3942
9913	5796	5796	5128	6504	4562	7177	4239	7596	3968	7969
9915	3516	3516	3001	4072	2571	4608	2330	4945	2130	5247
4606	3498	3498	2984	4053	2556	4588	2316	4923	2116	5225
6115	9178	9178	8333	10064	7606	10897	7187	11412	6833	11868
4820	6077	6077	5393	6802	4812	7490	4480	7917	4201	8298
9017	310	310	171	490	81	686	43	820	20	945
6123	64151	64152	61882	66460	59874	68575	58689	69856	57668	70979
6114	21724	21725	20412	23076	19266	24329	18596	25095	18024	25770
4607	6604	6604	5890	7359	5282	8074	4934	8517	4641	8912
6505	3030	3030	2553	3548	2158	4049	1938	4365	1756	4649
5020	8910	8910	8077	9783	7362	10605	6951	11112	6602	11563
6113	41873	41874	40044	43743	38432	45462	37483	46506	36669	47423
5010	17113	17114	15951	18316	14940	19434	14351	20118	13848	20723
6020	71741	71742	69341	74182	67214	76415	65958	77767	64875	78952
4900	65432	65433	63141	67764	61112	69899	59914	71193	58883	72326
6010	134261	134263	130970	137593	128041	140628	126305	142460	124805	144062
4400	10027	10027	9142	10952	8381	11821	7941	12356	7568	12831
9900	2033	2033	1646	2461	1332	2881	1160	3149	1021	3390
9904	7257	7257	6508	8047	5868	8794	5500	9257	5191	9668
9902	25251	25252	23835	26707	22595	28054	21869	28876	21248	29599
4810	8224	8224	7425	9064	6740	9855	6346	10345	6014	10780
5720	11893	11894	10928	12899	10094	13840	9610	14419	9200	14931
9901	5058	5058	4436	5721	3910	6353	3612	6747	3362	7099
5826	8753	8753	7928	9619	7220	10434	6812	10937	6467	11384
5825	52550	52551	50499	54642	48686	56561	47618	57725	46699	58746
5925	20533	20534	19258	21848	18146	23068	17495	23814	16940	24471
9015	1921	1921	1545	2338	1242	2748	1076	3009	942	3245
4506	32214	32215	30612	33856	29205	35371	28379	36292	27670	37103
4605	24218	24219	22832	25645	21619	26965	20909	27770	20301	28480
9002	10035	10035	9150	10961	8388	11829	7948	12365	7575	12840
4226	3737	3737	3205	4310	2761	4861	2511	5206	2303	5516
4505	1528	1528	1195	1902	930	2273	788	2511	673	2728
4225	3281	3281	2784	3819	2371	4339	2140	4665	1948	4959
5716	8445	8445	7635	9296	6940	10097	6541	10592	6203	11032
5916	8518	8518	7704	9372	7007	10177	6605	10674	6265	11116
4300	20874	20875	19589	22200	18466	23429	17810	24181	17250	24843
5815	28520	28521	27014	30067	25693	31494	24918	32365	24255	33130
9004	5958	5958	5281	6676	4706	7358	4378	7781	4102	8159
5715	2226	2226	1820	2673	1489	3110	1307	3388	1159	3638
3330	2437	2437	2011	2904	1663	3359	1470	3647	1312	3907
6506	7896	7896	7113	8719	6443	9496	6059	9976	5734	10404
5915	5463	5463	4815	6151	4267	6806	3955	7214	3693	7578
3905	21561	21562	20254	22908	19113	24157	18445	24920	17875	25592
4130	25576	25577	24151	27042	22903	28397	22172	29223	21546	29951
6930	3900	3900	3356	4485	2901	5046	2645	5398	2432	5714
3825	8561	8561	7745	9418	7046	10224	6643	10722	6302	11165
4120	4280	4280	3709	4892	3230	5477	2959	5844	2734	6172
3816	4380	4380	3802	4999	3317	5591	3042	5961	2814	6292
4210	6406	6406	5703	7150	5105	7854	4763	8292	4475	8682
9016	2013	2013	1628	2439	1316	2857	1145	3124	1007	3365
4005	2355	2355	1937	2814	1595	3262	1407	3546	1252	3803
4230	2061	2061	1671	2492	1355	2915	1182	3183	1041	3427
3815	10724	10725	9809	11680	9019	12576	8563	13128	8175	13618
3705	40107	40108	38318	41937	36741	43621	35813	44644	35017	45542
3900	31082	31083	29509	32696	28128	34184	27317	35090	26622	35887
4110	37335	37336	35609	39102	34090	40728	33197	41716	32430	42585
3416	3113	3113	2629	3638	2228	4145	2004	4465	1820	4752
3413	1594	1594	1254	1975	982	2354	835	2596	718	2816
3706	4397	4397	3818	5017	3332	5610	3057	5980	2827	6312
3600	70457	70458	68079	72876	65972	75090	64727	76430	63655	77605
3415	5052	5052	4430	5715	3905	6347	3607	6740	3357	7092
3320	6388	6388	5686	7131	5089	7835	4747	8272	4460	8661
3505	23544	23545	22178	24951	20982	26253	20283	27048	19685	27749
3414	3149	3149	2662	3677	2259	4187	2033	4508	1847	4796
6900	2020	2020	1634	2447	1322	2866	1151	3132	1012	3374
2940	3961	3961	3413	4550	2954	5116	2695	5470	2480	5787
2216	4579	4579	3988	5211	3490	5815	3209	6192	2973	6530
3046	9673	9673	8805	10582	8057	11436	7626	11963	7261	12430
2225	7669	7669	6898	8481	6239	9247	5860	9721	5540	10143
3426	3093	3093	2611	3616	2212	4122	1988	4441	1804	4727
3427	6537	6537	5827	7288	5222	7999	4876	8441	4585	8834
3045	4421	4421	3841	5042	3353	5637	3077	6008	2846	6341
3310	4724	4724	4123	5366	3617	5978	3330	6361	3091	6703
3030	11051	11052	10121	12021	9319	12930	8855	13490	8461	13986
3130	27049	27050	25583	28556	24298	29948	23545	30796	22900	31543
3010	12008	12009	11038	13019	10200	13964	9714	14545	9301	15060
3020	22822	22823	21477	24208	20301	25491	19613	26274	19025	26964
3425	3387	3387	2881	3933	2461	4460	2225	4792	2030	5089
2100	2388	2388	1967	2850	1622	3301	1432	3587	1277	3845
1606	3823	3823	3285	4402	2835	4959	2581	5308	2371	5620
2215	7659	7659	6889	8470	6230	9236	5851	9710	5532	10131
1720	7012	7012	6276	7789	5647	8524	5287	8980	4984	9385
3120	18319	18320	17116	19563	16068	20718	15457	21424	14935	22048
1900	17238	17239	16072	18445	15057	19567	14465	20254	13961	20861
3110	3616	3616	3093	4180	2657	4723	2412	5063	2208	5369
3200	8244	8244	7444	9085	6758	9877	6364	10367	6031	10803
1605	8204	8204	7406	9043	6722	9834	6329	10322	5997	10757
2000	15875	15876	14757	17034	13785	18113	13219	18774	12737	19358
1820	25846	25847	24414	27319	23158	28681	22423	29512	21794	30243
1200	6513	6513	5804	7263	5201	7973	4855	8414	4565	8806
1710	14073	14074	13021	15166	12109	16184	11579	16810	11128	17363
1810	15036	15037	13948	16165	13004	17216	12454	17861	11986	18431
900	11962	11963	10994	12971	10157	13914	9672	14495	9261	15009
806	5022	5022	4402	5683	3879	6313	3581	6706	3332	7057
1506	4742	4742	4140	5385	3633	5999	3345	6382	3105	6724
1410	16262	16263	15130	17435	14145	18526	13572	19195	13084	19786
1505	7200	7200	6454	7987	5816	8731	5451	9192	5143	9602
1330	6237	6237	5544	6971	4954	7667	4617	8100	4334	8485
1000	2092	2092	1699	2526	1380	2951	1205	3222	1063	3467
1320	5263	5263	4628	5939	4091	6583	3785	6984	3529	7342
1420	17011	17012	15853	18210	14845	19325	14257	20008	13756	20611
1130	3318	3318	2818	3859	2402	4381	2170	4709	1977	5004
1116	9297	9297	8446	10189	7715	11027	7293	11544	6936	12003
1310	6315	6315	5617	7054	5024	7754	4685	8188	4399	8576
805	5540	5540	4888	6233	4335	6892	4021	7302	3757	7668
1115	5014	5014	4394	5674	3872	6304	3574	6697	3326	7047
205	14504	14505	13436	15613	12509	16646	11970	17281	11512	17841
136	4498	4498	3912	5125	3420	5724	3141	6098	2908	6433
1120	14041	14042	12991	15132	12079	16150	11550	16775	11100	17327
705	4052	4052	3497	4648	3032	5219	2770	5577	2552	5897
120	1659	1659	1311	2048	1033	2432	883	2678	761	2902
325	6852	6852	6124	7620	5504	8348	5149	8798	4849	9200
135	3279	3279	2782	3817	2369	4336	2138	4663	1947	4956
706	3870	3870	3328	4453	2875	5012	2620	5363	2408	5677
206	9061	9061	8221	9942	7500	10770	7084	11281	6732	11735
2910	1154	1154	867	1481	644	1811	527	2024	434	2219
315	7115	7115	6373	7898	5740	8638	5377	9096	5071	9504
2935	21951	21952	20632	23310	19480	24570	18806	25339	18230	26017
605	4764	4764	4161	5408	3652	6023	3364	6407	3123	6750
606	4723	4723	4122	5364	3616	5977	3329	6360	3090	6702
506	5700	5700	5038	6403	4477	7071	4157	7486	3889	7857
110	1462	1462	1137	1828	879	2193	741	2426	630	2639
505	14495	14496	13427	15603	12501	16637	11962	17271	11504	17831
2936	4188	4188	3624	4793	3150	5373	2883	5736	2660	6061
405	4775	4775	4171	5420	3662	6036	3373	6420	3132	6763
2926	3146	3146	2660	3673	2256	4183	2031	4504	1845	4792
2925	2334	2334	1918	2791	1578	3238	1390	3521	1237	3776
2927	1963	1963	1583	2384	1276	2798	1108	3061	971	3300
