faz_id mean median lower_50 upper_50 lower_80 upper_80 lower_90 upper_90 lower_95 upper_95
8935	6866	6866	6159	7611	5555	8315	5209	8752	4917	9140
8927	2829	2829	2382	3314	2013	3784	1806	4080	1636	4347
8926	8094	8094	7325	8902	6665	9662	6285	10131	5964	10549
8936	8225	8225	7449	9039	6784	9805	6401	10278	6077	10698
8500	11144	11145	10238	12088	9455	12971	9002	13515	8617	13996
8406	1299	1299	1002	1634	768	1969	643	2184	543	2380
8320	6938	6938	6227	7687	5620	8395	5272	8833	4978	9223
8925	8764	8764	7963	9604	7274	10392	6877	10879	6541	11312
8937	9943	9943	9088	10836	8352	11673	7926	12189	7565	12646
8405	8813	8813	8010	9655	7319	10446	6920	10934	6583	11367
8310	15710	15711	14631	16828	13692	17867	13145	18504	12679	19066
8910	8972	8972	8161	9821	7464	10619	7061	11111	6721	11548
7905	13034	13035	12053	14054	11202	15005	10708	15589	10287	16105
7606	2190	2190	1799	2619	1480	3039	1304	3305	1160	3545
7805	10563	10563	9682	11483	8921	12344	8480	12874	8107	13344
8220	10960	10960	10062	11897	9286	12773	8836	13312	8455	13790
8000	6758	6758	6057	7498	5458	8196	5115	8630	4826	9015
8906	3863	3863	3338	4427	2897	4967	2649	5306	2442	5609
8210	7885	7885	7126	8682	6475	9433	6101	9897	5785	10310
9020	9996	9996	9139	10891	8400	11730	7973	12247	7611	12706
8125	9052	9052	8237	9905	7537	10706	7132	11200	6790	11638
8126	8464	8464	7677	9289	7001	10066	6612	10545	6282	10970
8905	4412	4412	3849	5013	3375	5588	3106	5946	2882	6267
7806	4086	4086	3545	4665	3091	5220	2834	5567	2620	5877
7700	3675	3675	3163	4225	2735	4754	2493	5085	2293	5382
7526	6713	6713	6014	7450	5418	8147	5076	8579	4788	8963
7340	12286	12287	11334	13276	10509	14201	10031	14770	9624	15272
7605	808	808	578	1076	404	1351	315	1530	246	1695
7537	14149	14150	13126	15211	12237	16199	11721	16806	11281	17342
8115	17966	17967	16811	19160	15803	20268	15215	20945	14713	21543
7335	17890	17891	16737	19081	15732	20187	15145	20863	14644	21460
8600	8648	8648	7852	9482	7169	10266	6774	10750	6441	11180
7425	12490	12491	11530	13489	10698	14421	10215	14993	9805	15500
7535	16376	16377	15274	17517	14314	18577	13755	19226	13278	19799
7525	8778	8778	7976	9618	7287	10408	6889	10895	6553	11327
7436	2339	2339	1934	2782	1603	3214	1419	3487	1269	3734
9019	9032	9032	8218	9884	7519	10684	7115	11178	6773	11616
7026	4377	4377	3816	4976	3344	5548	3077	5905	2854	6225
7205	7133	7133	6412	7892	5796	8609	5442	9053	5143	9447
7515	2739	2739	2300	3217	1937	3680	1734	3972	1568	4235
7320	14145	14146	13122	15206	12234	16195	11717	16802	11277	17338
7206	9033	9033	8219	9885	7519	10685	7116	11179	6774	11617
7315	9368	9368	8539	10235	7825	11049	7413	11551	7064	11996
7435	3545	3545	3042	4086	2623	4606	2386	4932	2190	5224
7316	9092	9092	8276	9947	7573	10749	7168	11245	6825	11684
7025	10890	10890	9995	11824	9221	12697	8773	13235	8393	13711
7415	5644	5644	5005	6322	4462	6965	4152	7364	3892	7720
7100	16299	16300	15199	17437	14242	18495	13684	19142	13208	19714
7015	8623	8623	7828	9456	7146	10239	6752	10722	6419	11151
9908	1185	1185	903	1506	681	1828	563	2035	470	2224
6410	26880	26881	25463	28336	24219	29680	23490	30499	22865	31220
6420	22973	22974	21664	24320	20518	25567	19847	26327	19273	26997
5535	17687	17688	16541	18872	15541	19971	14958	20644	14461	21238
5600	8264	8264	7487	9080	6819	9847	6435	10321	6110	10743
5546	8894	8894	8087	9740	7393	10534	6992	11024	6653	11459
4706	5670	5670	5029	6349	4485	6993	4175	7394	3914	7751
6605	5942	5942	5286	6637	4728	7295	4408	7704	4140	8068
6910	2907	2907	2454	3399	2078	3874	1869	4174	1696	4443
6606	3374	3374	2884	3902	2476	4411	2247	4730	2056	5016
9909	3896	3896	3368	4462	2926	5005	2676	5345	2468	5649
9011	6619	6619	5925	7351	5333	8043	4994	8472	4708	8854
5525	7781	7781	7027	8573	6381	9319	6010	9781	5696	10191
5515	12895	12896	11919	13909	11073	14856	10582	15437	10164	15951
6326	12972	12973	11993	13989	11144	14938	10652	15521	10232	16036
9914	8734	8734	7934	9572	7247	10360	6850	10846	6515	11278
5545	7074	7074	6356	7830	5743	8544	5390	8986	5093	9379
6223	14638	14639	13597	15717	12692	16722	12166	17339	11718	17883
5306	11759	11760	10828	12728	10022	13634	9555	14191	9158	14684
6325	17172	17173	16043	18339	15059	19424	14485	20087	13995	20673
9009	2518	2518	2097	2977	1752	3423	1560	3705	1402	3959
9006	6302	6302	5626	7017	5049	7693	4719	8113	4442	8487
6225	11985	11986	11045	12964	10231	13878	9759	14439	9358	14937
9018	10674	10674	9788	11599	9023	12464	8580	12997	8204	13469
5425	20469	20470	19234	21742	18156	22921	17525	23642	16986	24277
5305	13503	13504	12504	14540	11637	15508	11133	16101	10705	16626
5426	10049	10049	9190	10947	8449	11788	8020	12306	7657	12765
6226	15282	15283	14218	16384	13292	17410	12754	18039	12295	18594
6126	6310	6310	5633	7025	5056	7702	4726	8122	4448	8496
6224	11418	11419	10501	12374	9708	13267	9248	13816	8858	14303
6216	6987	6987	6274	7739	5664	8448	5314	8888	5020	9279
6316	15604	15605	14529	16718	13593	17754	13048	18388	12584	18949
6215	12531	12532	11569	13531	10736	14465	10252	15038	9841	15546
5100	3115	3115	2645	3623	2255	4114	2036	4422	1855	4699
6213	10392	10392	9518	11304	8764	12159	8327	12685	7957	13152
9005	3415	3415	2922	3946	2511	4458	2280	4778	2088	5066
6124	15019	15020	13964	16112	13047	17129	12514	17753	12059	18304
6125	5675	5675	5034	6354	4490	6999	4179	7400	3918	7757
6214	238	238	122	392	50	564	22	682	7	793
5415	8112	8112	7342	8920	6681	9681	6301	10152	5979	10569
5205	7095	7095	6376	7852	5761	8567	5409	9010	5111	9403
9916	8173	8173	7400	8984	6737	9748	6355	10220	6032	10639
9913	3604	3604	3097	4149	2674	4673	2435	5002	2237	5296
9915	11992	11993	11052	12971	10238	13885	9765	14447	9364	14944
4606	11501	11502	10580	12460	9784	13356	9323	13908	8931	14396
6115	12063	12064	11120	13045	10303	13962	9829	14525	9427	15024
4820	3838	3838	3314	4400	2876	4939	2628	5277	2422	5579
9017	2024	2024	1649	2437	1344	2843	1177	3100	1040	3333
6123	13405	13406	12410	14439	11546	15403	11044	15994	10617	16517
6114	18637	18638	17460	19852	16433	20980	15833	21669	15321	22278
4607	13065	13066	12083	14086	11231	15038	10736	15623	10315	16140
6505	5469	5469	4840	6136	4307	6770	4002	7164	3747	7516
5020	12035	12036	11093	13016	10277	13931	9804	14494	9402	14992
6113	28543	28544	27082	30043	25799	31426	25046	32269	24401	33010
5010	9678	9678	8835	10559	8109	11386	7689	11895	7334	12347
6020	16513	16514	15406	17658	14442	18723	13880	19374	13401	19949
4900	16122	16123	15029	17254	14077	18306	13522	18950	13049	19519
6010	10990	10990	10091	11928	9313	12805	8863	13345	8481	13823
4400	9746	9746	8900	10630	8171	11460	7750	11971	7393	12424
9900	5331	5331	4710	5990	4184	6616	3884	7006	3633	7354
9904	7176	7176	6453	7938	5835	8656	5479	9101	5180	9497
9902	14894	14895	13844	15983	12931	16996	12399	17617	11947	18166
4810	5025	5025	4423	5665	3914	6275	3624	6655	3381	6993
5720	19743	19744	18531	20993	17472	22152	16854	22861	16325	23485
9901	5284	5284	4666	5940	4143	6564	3844	6952	3594	7298
5826	3520	3520	3019	4059	2601	4577	2366	4902	2171	5194
5825	1982	1982	1611	2391	1310	2793	1145	3048	1010	3279
5925	12391	12392	11435	13386	10606	14314	10126	14885	9717	15390
9015	6706	6706	6008	7443	5411	8139	5070	8571	4782	8955
4506	8628	8628	7833	9461	7150	10244	6757	10728	6424	11157
4605	11743	11744	10813	12712	10008	13617	9541	14174	9144	14666
9002	20016	20017	18795	21275	17729	22442	17106	23155	16574	23783
4226	7942	7942	7180	8742	6527	9496	6151	9961	5834	10375
4505	6296	6296	5620	7011	5044	7687	4714	8106	4437	8480
4225	8334	8334	7553	9153	6883	9924	6497	10400	6170	10822
5716	11967	11968	11028	12945	10214	13858	9743	14420	9342	14917
5916	15885	15886	14800	17009	13855	18053	13305	18693	12836	19259
4300	5967	5967	5309	6663	4750	7323	4430	7732	4161	8097
5815	2443	2443	2029	2895	1689	3336	1501	3614	1346	3865
9004	9888	9888	9036	10779	8301	11613	7877	12128	7517	12584
5715	8175	8175	7402	8986	6739	9750	6356	10222	6034	10641
3330	6804	6804	6100	7546	5500	8247	5155	8682	4865	9068
6506	7653	7653	6906	8439	6265	9179	5897	9637	5586	10044
5915	8535	8535	7745	9364	7066	10143	6674	10624	6343	11051
3905	4994	4994	4394	5632	3886	6240	3598	6619	3356	6957
4130	9168	9168	8348	10026	7643	10832	7235	11329	6891	11770
6930	4595	4595	4020	5208	3535	5793	3260	6158	3030	6484
3825	9795	9795	8947	10681	8216	11513	7794	12025	7436	12479
4120	9876	9876	9024	10766	8290	11600	7866	12115	7506	12570
3816	11337	11338	10423	12289	9633	13180	9175	13727	8786	14212
4210	11906	11907	10969	12881	10158	13793	9688	14353	9288	14848
9016	7035	7035	6319	7789	5707	8501	5356	8942	5060	9334
4005	7672	7672	6924	8459	6283	9200	5914	9659	5603	10066
4230	5090	5090	4484	5734	3971	6348	3679	6729	3434	7070
3815	9070	9070	8255	9924	7553	10725	7148	11220	6806	11659
3705	15915	15916	14829	17040	13883	18085	13333	18726	12863	19292
3900	3736	3736	3220	4291	2787	4823	2544	5157	2341	5456
4110	12041	12042	11099	13022	10283	13938	9810	14501	9407	14999
3416	10917	10917	10021	11852	9246	12726	8798	13265	8417	13742
3413	4781	4781	4194	5406	3699	6002	3417	6373	3182	6705
3706	7567	7567	6824	8348	6188	9085	5822	9541	5513	9946
3600	11586	11587	10662	12548	9863	13448	9399	14001	9006	14491
3415	13742	13743	12734	14788	11859	15764	11350	16362	10917	16891
3320	12043	12044	11101	13024	10285	13940	9811	14503	9409	15001
3505	20472	20473	19237	21745	18158	22924	17528	23645	16989	24280
3414	11271	11272	10360	12221	9572	13108	9116	13655	8728	14138
6900	4673	4673	4093	5291	3604	5881	3326	6249	3094	6577
2940	10847	10847	9954	11779	9182	12651	8735	13188	8356	13663
2216	8773	8773	7971	9613	7282	10402	6885	10889	6549	11322
3046	11296	11297	10384	12247	9595	13135	9138	13682	8750	14166
2225	9283	9283	8458	10146	7748	10957	7338	11457	6990	11900
3426	9374	9374	8545	10242	7831	11056	7419	11558	7069	12003
3427	10053	10053	9194	10951	8452	11792	8024	12311	7661	12770
3045	12954	12955	11976	13971	11128	14919	10635	15501	10216	16016
3310	12717	12718	11748	13724	10908	14664	10421	15242	10006	15753
3030	20029	20030	18808	21288	17741	22455	17118	23169	16585	23797
3130	8680	8680	7883	9516	7198	10301	6803	10786	6468	11216
3010	19190	19191	17995	20423	16952	21566	16343	22265	15823	22882
3020	13500	13501	12501	14537	11634	15504	11131	16098	10702	16623
3425	9429	9429	8597	10299	7881	11116	7468	11619	7117	12065
2100	8562	8562	7770	9392	7090	10172	6698	10654	6367	11082
1606	6134	6134	5467	6840	4899	7508	4574	7922	4301	8292
2215	8216	8216	7441	9029	6776	9795	6393	10268	6069	10688
1720	13367	13368	12373	14399	11511	15362	11010	15953	10583	16475
3120	13166	13167	12180	14191	11324	15146	10827	15733	10405	16252
1900	553	553	366	778	231	1014	165	1170	116	1314
3110	3729	3729	3213	4283	2781	4815	2538	5149	2335	5447
3200	10005	10005	9148	10901	8408	11740	7981	12257	7619	12716
1605	8357	8357	7575	9177	6904	9949	6517	10425	6190	10849
2000	6380	6380	5699	7099	5119	7780	4787	8202	4507	8577
1820	5003	5003	4402	5642	3894	6250	3605	6629	3363	6968
1200	8253	8253	7476	9068	6809	9835	6425	10309	6101	10730
1710	12721	12722	11752	13729	10912	14669	10424	15246	10010	15757
1810	3412	3412	2919	3943	2509	4454	2278	4775	2086	5063
900	5275	5275	4658	5931	4135	6554	3837	6942	3587	7288
806	15993	15994	14904	17120	13956	18169	13404	18811	12933	19378
1506	10354	10354	9482	11265	8729	12118	8293	12643	7924	13109
1410	5733	5733	5089	6416	4541	7063	4229	7466	3966	7825
1505	9883	9883	9031	10773	8297	11608	7872	12122	7512	12578
1330	9051	9051	8237	9904	7536	10705	7132	11199	6789	11637
1000	4119	4119	3576	4701	3119	5257	2861	5605	2646	5917
1320	7408	7408	6673	8181	6044	8911	5682	9362	5377	9763
1420	10902	10902	10006	11836	9232	12710	8784	13248	8404	13725
1130	3298	3298	2814	3820	2411	4324	2185	4640	1997	4924
1116	8664	8664	7868	9499	7183	10284	6789	10768	6455	11198
1310	10825	10825	9932	11756	9162	12627	8715	13163	8336	13638
805	10233	10233	9366	11139	8618	11987	8185	12510	7818	12973
1115	7108	7108	6388	7866	5773	8581	5420	9024	5122	9418
205	6042	6042	5380	6742	4817	7406	4495	7818	4224	8185
136	5257	5257	4641	5912	4119	6534	3821	6921	3572	7267
1120	17154	17155	16025	18321	15042	19405	14468	20068	13979	20653
705	12180	12181	11232	13166	10411	14087	9935	14653	9530	15154
120	5387	5387	4763	6049	4234	6679	3932	7070	3679	7419
325	11103	11104	10199	12046	9417	12927	8965	13470	8581	13950
135	7220	7220	6495	7984	5874	8705	5518	9151	5217	9547
706	6482	6482	5796	7207	5210	7892	4875	8317	4593	8696
206	6200	6200	5529	6909	4958	7581	4631	7997	4356	8369
2910	2002	2002	1629	2413	1326	2817	1160	3073	1024	3304
315	6667	6667	5971	7402	5376	8096	5036	8527	4749	8910
2935	2289	2289	1889	2727	1562	3155	1381	3426	1232	3670
605	11246	11247	10336	12194	9549	13082	9093	13627	8706	14110
606	13008	13009	12028	14027	11178	14977	10684	15560	10264	16076
506	13825	13826	12814	14875	11936	15853	11426	16453	10991	16983
110	2475	2475	2058	2930	1716	3373	1526	3653	1370	3905
505	24647	24648	23290	26042	22102	27331	21405	28117	20809	28809
2936	3216	3216	2738	3732	2341	4230	2118	4542	1933	4823
405	13088	13089	12105	14110	11252	15063	10757	15648	10335	16165
2926	10911	10911	10015	11846	9241	12720	8792	13258	8412	13735
2925	9334	9334	8507	10200	7794	11012	7383	11513	7035	11958
2927	6557	6557	5867	7286	5278	7975	4940	8402	4656	8783
