faz_id mean median lower_50 upper_50 lower_80 upper_80 lower_90 upper_90 lower_95 upper_95
8935	4682	4683	4084	5321	3581	5931	3295	6312	3057	6653
8927	1190	1190	899	1523	671	1857	551	2072	456	2270
8926	1748	1748	1390	2146	1103	2539	947	2791	822	3019
8936	3406	3407	2899	3954	2478	4483	2241	4815	2045	5113
8500	10880	10880	9957	11843	9162	12745	8702	13301	8311	13793
8406	291	291	157	466	72	658	36	789	15	912
8320	8826	8827	7998	9696	7286	10514	6877	11019	6530	11468
8925	2410	2410	1987	2874	1640	3327	1449	3614	1293	3872
8937	7304	7304	6552	8097	5910	8846	5541	9310	5231	9722
8405	885	885	637	1175	448	1470	351	1663	276	1840
8310	9939	9939	9058	10860	8300	11725	7863	12258	7492	12731
8910	2883	2883	2418	3388	2034	3879	1820	4188	1644	4466
7905	4786	4786	4181	5431	3671	6048	3382	6432	3140	6776
7606	840	840	599	1122	416	1412	323	1600	251	1774
7805	2938	2939	2469	3449	2081	3943	1865	4255	1687	4535
8220	11785	11784	10824	12786	9994	13723	9513	14300	9105	14810
8000	38702	38703	36945	40500	35397	42155	34487	43161	33705	44044
8906	1294	1294	989	1639	750	1985	622	2208	521	2412
8210	20511	20512	19237	21826	18125	23045	17475	23790	16920	24447
9020	3814	3814	3276	4393	2827	4949	2574	5297	2364	5610
8125	5672	5672	5012	6373	4452	7039	4133	7454	3866	7824
8126	7743	7744	6968	8559	6306	9328	5925	9805	5604	10228
8905	1056	1056	783	1370	572	1688	461	1894	375	2082
7806	1566	1566	1229	1944	960	2319	815	2560	699	2778
7700	5667	5667	5007	6368	4448	7034	4129	7448	3861	7818
7526	8903	8903	8071	9776	7356	10597	6944	11105	6596	11555
7340	3762	3763	3229	4337	2783	4890	2532	5236	2323	5547
7605	1017	1017	749	1326	543	1638	435	1841	352	2028
7537	15529	15528	14423	16675	13462	17743	12903	18398	12427	18976
8115	10206	10207	9314	11140	8545	12015	8100	12555	7724	13033
7335	11103	11104	10172	12076	9367	12987	8902	13548	8507	14045
8600	10926	10927	10002	11891	9204	12795	8743	13352	8352	13845
7425	3698	3698	3168	4268	2727	4816	2479	5160	2272	5468
7535	5994	5995	5315	6715	4738	7398	4409	7823	4133	8202
7525	2245	2245	1837	2694	1505	3133	1322	3411	1173	3663
7436	2311	2311	1897	2766	1559	3211	1373	3492	1221	3747
9019	4679	4680	4082	5318	3578	5928	3293	6309	3054	6649
7026	1754	1754	1396	2153	1108	2547	952	2798	826	3027
7205	7970	7971	7184	8798	6511	9578	6124	10060	5797	10489
7515	7497	7497	6735	8300	6083	9058	5710	9527	5394	9945
7320	8105	8105	7312	8939	6632	9725	6241	10211	5912	10643
7206	17418	17419	16246	18631	15225	19759	14630	20449	14123	21059
7315	4864	4864	4254	5514	3739	6135	3448	6523	3204	6869
7435	4283	4284	3712	4895	3233	5481	2962	5848	2736	6176
7316	4274	4275	3704	4885	3225	5471	2954	5837	2729	6165
7025	11297	11298	10357	12278	9545	13196	9075	13762	8677	14263
7415	13494	13493	12464	14564	11572	15563	11054	16176	10614	16719
7100	9646	9647	8779	10554	8033	11407	7603	11933	7238	12400
7015	5891	5892	5218	6605	4647	7283	4321	7705	4047	8081
9908	4257	4257	3688	4867	3210	5451	2940	5817	2715	6144
6410	15156	15156	14064	16289	13116	17345	12564	17992	12094	18564
6420	9033	9034	8195	9912	7474	10739	7059	11250	6708	11703
5535	5939	5939	5263	6656	4689	7336	4361	7759	4086	8137
5600	14690	14690	13615	15806	12682	16846	12140	17484	11678	18048
5546	13502	13501	12472	14572	11580	15571	11062	16185	10621	16728
4706	2267	2268	1857	2718	1523	3159	1339	3439	1189	3691
6605	2640	2640	2196	3124	1831	3596	1629	3894	1462	4162
6910	866	866	620	1152	434	1445	339	1636	265	1812
6606	1230	1230	934	1568	702	1906	579	2125	481	2325
9909	1167	1167	878	1496	654	1827	535	2041	442	2237
9011	6500	6500	5792	7249	5189	7958	4844	8399	4554	8791
5525	6517	6517	5808	7267	5204	7977	4859	8418	4568	8811
5515	5398	5398	4754	6082	4210	6734	3900	7139	3640	7501
6326	11614	11614	10660	12608	9836	13538	9359	14111	8954	14618
9914	3743	3743	3211	4317	2766	4868	2516	5213	2308	5523
5545	4521	4522	3934	5149	3440	5750	3160	6125	2927	6461
6223	8178	8179	7382	9016	6699	9805	6306	10294	5975	10727
5306	18631	18632	17418	19885	16360	21049	15743	21761	15217	22390
6325	7535	7536	6771	8340	6118	9100	5743	9570	5427	9989
9009	2498	2499	2067	2970	1714	3431	1518	3722	1358	3984
9006	1746	1746	1388	2144	1102	2537	946	2788	820	3016
6225	15835	15834	14718	16993	13747	18070	13182	18731	12701	19314
9018	11365	11365	10422	12348	9607	13269	9136	13836	8736	14338
5425	30591	30592	29031	32192	27661	33669	26857	34569	26168	35360
5305	22218	22219	20891	23585	19731	24852	19053	25626	18474	26307
5426	15962	15961	14840	17124	13865	18206	13298	18869	12815	19454
6226	7039	7040	6302	7818	5672	8554	5311	9011	5007	9417
6126	2960	2960	2489	3472	2099	3968	1882	4281	1703	4562
6224	7647	7648	6877	8458	6219	9223	5841	9697	5522	10118
6216	8929	8930	8096	9804	7380	10626	6967	11134	6619	11585
6316	19490	19491	18249	20772	17166	21962	16534	22689	15994	23331
6215	15802	15801	14686	16958	13716	18035	13152	18694	12671	19277
5100	1737	1738	1381	2134	1095	2527	940	2778	815	3005
6213	15561	15560	14454	16709	13492	17777	12932	18433	12456	19012
9005	542	543	352	773	216	1016	151	1177	103	1327
6124	12995	12994	11985	14046	11111	15027	10603	15630	10172	16163
6125	10645	10645	9733	11598	8946	12491	8492	13041	8106	13529
6214	29675	29676	28139	31252	26790	32708	25999	33594	25321	34374
5415	60350	60352	58151	62591	56205	64644	55056	65888	54068	66978
5205	35263	35264	33586	36981	32111	38562	31245	39524	30501	40370
9916	2415	2415	1991	2879	1645	3333	1453	3620	1296	3879
9913	5797	5798	5130	6506	4563	7179	4240	7597	3969	7971
9915	3385	3385	2880	3931	2460	4458	2224	4789	2029	5087
4606	3443	3443	2933	3994	2509	4525	2271	4858	2074	5157
6115	9301	9302	8450	10193	7719	11032	7297	11549	6940	12008
4820	6098	6098	5412	6824	4830	7513	4498	7941	4218	8322
9017	265	265	138	432	59	618	28	745	10	865
6123	55788	55790	53674	57943	51805	59919	50703	61117	49755	62168
6114	20790	20790	19507	22113	18387	23340	17733	24090	17174	24751
4607	6184	6184	5493	6915	4907	7608	4571	8039	4290	8422
6505	2826	2826	2366	3326	1986	3812	1775	4119	1601	4395
5020	8490	8491	7678	9343	6981	10147	6580	10643	6242	11084
6113	40171	40172	38380	42003	36803	43688	35874	44711	35077	45611
5010	17244	17245	16078	18451	15062	19573	14471	20261	13966	20867
6020	55075	55076	52974	57216	51118	59180	50023	60370	49081	61414
4900	52585	52586	50533	54678	48720	56597	47651	57762	46732	58783
6010	115917	115919	112860	119014	110143	121838	108533	123544	107143	125036
4400	9431	9431	8573	10329	7836	11172	7411	11693	7051	12155
9900	1972	1972	1591	2394	1283	2808	1114	3072	978	3311
9904	7255	7255	6505	8045	5865	8791	5498	9254	5189	9665
9902	23513	23514	22148	24919	20953	26221	20254	27015	19656	27715
4810	7751	7752	6976	8567	6313	9337	5932	9814	5610	10237
5720	11623	11623	10669	12617	9845	13548	9367	14121	8962	14628
9901	4407	4407	3827	5027	3340	5621	3065	5992	2835	6324
5826	8235	8235	7435	9075	6750	9867	6356	10357	6023	10792
5825	48649	48650	46676	50663	44934	52511	43908	53633	43026	54618
5925	19335	19336	18099	20612	17021	21797	16391	22522	15854	23162
9015	1841	1842	1474	2250	1178	2652	1017	2909	886	3142
4506	31821	31822	30230	33454	28831	34959	28010	35875	27306	36681
4605	18632	18633	17419	19886	16361	21050	15744	21763	15218	22391
9002	9738	9739	8867	10650	8117	11507	7684	12035	7318	12504
4226	3366	3366	2862	3911	2443	4436	2208	4766	2014	5063
4505	1507	1507	1176	1878	914	2247	772	2484	659	2699
4225	3284	3284	2786	3822	2373	4342	2142	4668	1951	4962
5716	8215	8215	7416	9054	6732	9845	6338	10334	6006	10769
5916	8330	8330	7525	9175	6836	9971	6439	10463	6104	10901
4300	16965	16966	15809	18163	14802	19276	14215	19958	13715	20561
5815	27627	27628	26145	29149	24846	30555	24084	31413	23432	32167
9004	5038	5038	4417	5700	3892	6331	3594	6724	3345	7075
5715	2250	2250	1842	2699	1509	3139	1326	3417	1176	3669
3330	2440	2441	2014	2907	1666	3363	1473	3651	1315	3911
6506	6287	6287	5590	7024	4999	7722	4660	8156	4376	8543
5915	5239	5239	4605	5914	4070	6556	3765	6956	3510	7314
3905	20035	20036	18777	21335	17678	22540	17036	23277	16489	23927
4130	24027	24028	22647	25448	21438	26763	20731	27566	20126	28273
6930	3747	3748	3214	4321	2770	4872	2519	5218	2311	5528
3825	7864	7865	7083	8686	6415	9461	6031	9941	5707	10367
4120	3957	3957	3409	4546	2950	5111	2692	5465	2477	5783
3816	4321	4321	3747	4935	3266	5524	2993	5891	2766	6221
4210	5409	5409	4765	6094	4219	6746	3909	7152	3649	7514
9016	1942	1943	1565	2361	1259	2773	1092	3036	957	3273
4005	2154	2155	1755	2594	1431	3025	1253	3299	1107	3547
4230	2048	2049	1660	2478	1345	2900	1172	3168	1032	3410
3815	10246	10246	9351	11181	8581	12058	8136	12598	7758	13078
3705	36210	36211	34511	37950	33016	39553	32137	40527	31383	41383
3900	26411	26411	24962	27900	23693	29276	22949	30115	22313	30854
4110	36424	36425	34720	38169	33220	39776	32338	40753	31582	41612
3416	3354	3354	2851	3897	2433	4422	2198	4752	2005	5048
3413	1515	1515	1183	1887	920	2257	778	2494	665	2710
3706	4149	4149	3587	4751	3116	5329	2850	5690	2629	6014
3600	53994	53995	51915	56114	50077	58059	48993	59238	48061	60273
3415	4868	4868	4258	5519	3743	6140	3451	6527	3207	6874
3320	5305	5305	4667	5983	4128	6630	3821	7032	3564	7391
3505	20535	20536	19261	21851	18148	23070	17498	23816	16942	24473
3414	3106	3106	2623	3630	2223	4137	1999	4456	1814	4743
6900	1948	1948	1569	2367	1263	2779	1096	3042	960	3280
2940	3221	3221	2728	3754	2320	4269	2091	4593	1902	4885
2216	4203	4204	3638	4810	3163	5391	2896	5754	2672	6080
3046	8510	8511	7697	9365	7000	10169	6598	10666	6259	11107
2225	7543	7544	6779	8349	6125	9109	5750	9580	5434	9998
3426	2856	2856	2394	3360	2012	3848	1799	4156	1624	4433
3427	6232	6232	5539	6966	4950	7662	4613	8094	4330	8479
3045	4309	4309	3736	4922	3255	5510	2983	5877	2756	6206
3310	3633	3633	3108	4198	2671	4742	2425	5083	2222	5389
3030	9788	9788	8914	10702	8162	11561	7728	12090	7361	12560
3130	24384	24385	22993	25816	21776	27140	21063	27948	20453	28660
3010	11322	11323	10381	12304	9568	13224	9098	13790	8699	14291
3020	22415	22416	21082	23789	19917	25060	19236	25837	18654	26522
3425	3261	3262	2766	3798	2354	4316	2124	4642	1933	4935
2100	2388	2389	1967	2851	1623	3302	1433	3587	1277	3845
1606	3395	3396	2889	3942	2468	4470	2232	4801	2037	5099
2215	7048	7049	6310	7828	5680	8564	5319	9021	5015	9427
1720	7029	7030	6292	7807	5663	8543	5302	8999	4999	9405
3120	16851	16851	15698	18044	14695	19154	14110	19834	13612	20434
1900	14739	14739	13663	15857	12728	16899	12184	17537	11722	18102
3110	3307	3307	2808	3847	2393	4368	2161	4696	1969	4991
3200	7819	7819	7040	8639	6374	9412	5991	9890	5668	10315
1605	7788	7788	7011	8606	6346	9377	5964	9855	5641	10279
2000	15750	15750	14637	16905	13668	17980	13105	18639	12625	19221
1820	23922	23923	22545	25341	21340	26653	20634	27454	20031	28159
1200	6063	6064	5380	6787	4800	7474	4468	7901	4190	8282
1710	13332	13332	12309	14396	11423	15389	10908	16000	10471	16539
1810	14002	14002	12953	15092	12044	16109	11515	16732	11065	17284
900	11936	11935	10969	12944	10133	13886	9649	14466	9238	14979
806	4123	4124	3563	4724	3094	5300	2829	5660	2609	5983
1506	4459	4459	3876	5082	3385	5679	3108	6052	2877	6386
1410	15566	15565	14459	16714	13497	17783	12937	18438	12460	19017
1505	6351	6352	5652	7092	5056	7794	4716	8230	4430	8618
1330	6077	6078	5393	6802	4812	7490	4480	7918	4202	8299
1000	2056	2056	1666	2486	1351	2908	1178	3177	1037	3420
1320	5109	5110	4484	5776	3955	6411	3655	6807	3404	7160
1420	14482	14481	13415	15590	12488	16622	11950	17256	11492	17816
1130	2995	2996	2521	3510	2129	4009	1910	4323	1730	4606
1116	8562	8562	7746	9419	7046	10225	6643	10723	6303	11166
1310	6248	6249	5554	6983	4964	7680	4627	8112	4344	8498
805	5303	5303	4665	5981	4126	6627	3819	7030	3562	7389
1115	4780	4780	4175	5425	3666	6041	3377	6425	3136	6769
205	14374	14373	13311	15478	12388	16507	11852	17139	11396	17697
136	4587	4588	3996	5220	3498	5824	3216	6202	2980	6540
1120	13063	13063	12051	14117	11174	15100	10665	15705	10233	16239
705	3106	3106	2623	3630	2223	4137	1999	4456	1814	4743
120	1602	1602	1260	1984	988	2363	841	2605	723	2826
325	6922	6923	6191	7695	5567	8425	5210	8878	4909	9281
135	3189	3190	2699	3720	2293	4233	2066	4556	1878	4846
706	3768	3768	3233	4343	2787	4896	2536	5242	2327	5553
206	8367	8368	7561	9214	6870	10012	6472	10505	6136	10943
2910	1065	1065	791	1381	578	1700	467	1906	380	2095
315	7216	7217	6469	8004	5831	8749	5465	9210	5157	9621
2935	20772	20772	19490	22095	18370	23321	17716	24070	17157	24731
605	4947	4947	4331	5603	3812	6228	3518	6619	3271	6967
606	4542	4542	3953	5171	3458	5773	3177	6149	2943	6485
506	5066	5066	4443	5730	3917	6362	3618	6757	3368	7109
110	1338	1338	1028	1689	783	2040	653	2266	549	2472
505	11116	11116	10183	12089	9378	13000	8913	13561	8518	14059
2936	3521	3521	3005	4078	2576	4614	2334	4951	2134	5253
405	4909	4909	4296	5563	3779	6186	3486	6575	3241	6923
2926	2818	2818	2358	3318	1980	3803	1769	4109	1595	4385
2925	2064	2064	1674	2495	1357	2918	1184	3187	1043	3430
2927	1736	1737	1380	2133	1094	2526	939	2777	814	3004
