faz_id mean median lower_50 upper_50 lower_80 upper_80 lower_90 upper_90 lower_95 upper_95
8935	6866	6866	6453	7292	6092	7686	5881	7927	5701	8139
8927	2829	2829	2566	3104	2341	3364	2211	3524	2101	3666
8926	8094	8094	7645	8556	7252	8982	7022	9242	6825	9472
8936	8225	8225	7773	8690	7376	9120	7144	9382	6945	9613
8500	11144	11144	10616	11684	10152	12182	9879	12485	9645	12751
8406	1299	1299	1123	1488	976	1669	892	1782	823	1883
8320	6938	6938	6523	7366	6160	7762	5948	8004	5767	8217
8925	8764	8764	8297	9244	7887	9687	7647	9957	7441	10195
8937	9943	9943	9445	10454	9007	10925	8750	11212	8530	11464
8405	8813	8813	8344	9294	7933	9739	7692	10010	7486	10248
8310	15710	15710	15082	16351	14528	16938	14201	17295	13920	17608
8910	8972	8972	8499	9458	8084	9906	7841	10179	7633	10419
7905	13034	13034	12463	13618	11959	14155	11663	14481	11409	14768
7606	2190	2190	1960	2433	1763	2663	1651	2806	1556	2933
7805	10563	10563	10049	11089	9598	11574	9333	11870	9105	12129
8220	10960	10960	10437	11496	9976	11990	9706	12290	9474	12554
8000	6758	6758	6348	7180	5991	7572	5782	7811	5603	8021
8906	3863	3863	3555	4184	3288	4484	3134	4668	3003	4831
8210	7885	7885	7442	8341	7054	8762	6827	9019	6633	9245
9020	9996	9996	9497	10508	9058	10980	8800	11268	8579	11521
8125	9052	9052	8577	9540	8160	9990	7916	10264	7707	10506
8126	8464	8464	8005	8936	7602	9372	7367	9638	7165	9871
8905	4412	4412	4082	4754	3796	5074	3630	5270	3489	5443
7806	4086	4086	3769	4416	3494	4724	3335	4913	3200	5080
7700	3675	3675	3375	3988	3115	4281	2965	4461	2837	4621
7526	6713	6713	6305	7134	5948	7524	5740	7762	5562	7972
7340	12286	12286	11732	12853	11243	13375	10956	13692	10710	13971
7605	808	808	671	958	558	1104	495	1197	444	1280
7537	14149	14149	13554	14757	13028	15316	12719	15655	12453	15953
8115	17966	17966	17294	18651	16700	19278	16350	19658	16048	19992
7335	17890	17890	17220	18573	16627	19199	16277	19579	15977	19912
8600	8648	8648	8184	9125	7777	9565	7538	9834	7334	10070
7425	12490	12490	11931	13062	11438	13588	11149	13907	10900	14188
7535	16376	16376	15735	17030	15169	17630	14835	17993	14548	18313
7525	8778	8778	8310	9258	7900	9702	7660	9972	7454	10210
7436	2339	2339	2101	2590	1897	2827	1780	2974	1682	3105
9019	9032	9032	8558	9519	8141	9969	7897	10243	7688	10484
7026	4377	4377	4049	4718	3764	5036	3599	5232	3458	5404
7205	7133	7133	6712	7567	6344	7968	6129	8213	5945	8430
7515	2739	2739	2481	3010	2259	3265	2131	3423	2023	3563
7320	14145	14145	13550	14753	13025	15312	12715	15651	12450	15949
7206	9033	9033	8559	9520	8142	9970	7898	10244	7689	10485
7315	9368	9368	8885	9864	8460	10322	8212	10601	7998	10846
7435	3545	3545	3250	3853	2996	4141	2848	4318	2723	4475
7316	9092	9092	8616	9581	8198	10032	7953	10307	7743	10549
7025	10890	10890	10368	11424	9910	11917	9640	12216	9409	12479
7415	5644	5644	5270	6030	4945	6389	4755	6609	4593	6803
7100	16299	16299	15659	16951	15095	17550	14761	17913	14475	18231
7015	8623	8623	8160	9099	7753	9539	7515	9807	7311	10043
9908	1185	1185	1017	1366	877	1539	798	1648	733	1745
6410	26880	26880	26057	27716	25327	28480	24895	28942	24522	29346
6420	22973	22973	22213	23746	21539	24454	21140	24882	20797	25257
5535	17687	17687	17021	18366	16431	18989	16084	19366	15785	19697
5600	8264	8264	7810	8730	7413	9161	7180	9424	6981	9655
5546	8894	8894	8423	9378	8010	9824	7768	10096	7561	10335
4706	5670	5670	5295	6057	4969	6417	4779	6637	4616	6832
6605	5942	5942	5558	6338	5224	6706	5029	6931	4862	7130
6910	2907	2907	2641	3186	2412	3449	2280	3611	2168	3754
6606	3374	3374	3087	3674	2839	3956	2695	4129	2574	4283
9909	3896	3896	3587	4218	3319	4519	3164	4704	3032	4868
9011	6619	6619	6214	7037	5860	7424	5653	7661	5476	7870
5525	7781	7781	7341	8234	6956	8652	6730	8908	6537	9133
5515	12895	12895	12327	13476	11826	14010	11532	14335	11279	14620
6326	12972	12972	12402	13555	11900	14090	11604	14416	11351	14702
9914	8734	8734	8268	9213	7858	9656	7619	9925	7413	10163
5545	7074	7074	6655	7506	6288	7906	6074	8150	5891	8365
6223	14638	14638	14032	15257	13498	15824	13183	16169	12912	16472
5306	11759	11759	11217	12314	10739	12825	10459	13135	10218	13408
6325	17172	17172	16515	17841	15935	18455	15593	18827	15298	19154
9009	2518	2518	2271	2778	2059	3024	1937	3175	1834	3310
9006	6302	6302	5907	6710	5562	7088	5360	7320	5188	7524
6225	11985	11985	11438	12545	10955	13061	10672	13374	10429	13650
9018	10674	10674	10158	11203	9704	11691	9437	11987	9208	12248
5425	20469	20469	19752	21199	19116	21868	18741	22273	18418	22628
5305	13503	13503	12922	14097	12409	14643	12107	14975	11848	15267
5426	10049	10049	9548	10563	9108	11036	8850	11324	8628	11578
6226	15282	15282	14663	15914	14116	16494	13794	16846	13518	17155
6126	6310	6310	5915	6718	5569	7097	5368	7328	5196	7533
6224	11418	11418	10884	11965	10414	12469	10137	12775	9900	13044
6216	6987	6987	6571	7416	6206	7814	5993	8057	5811	8271
6316	15604	15604	14978	16242	14426	16828	14100	17184	13821	17496
6215	12531	12531	11971	13104	11478	13631	11188	13951	10938	14232
5100	3115	3115	2839	3404	2601	3675	2464	3842	2348	3990
6213	10392	10392	9883	10914	9435	11395	9172	11688	8946	11946
9005	3415	3415	3126	3717	2876	4000	2732	4174	2609	4329
6124	15019	15019	14405	15645	13864	16221	13545	16570	13270	16876
6125	5675	5675	5300	6063	4974	6422	4783	6643	4621	6837
6214	238	238	166	322	113	409	86	466	65	519
5415	8112	8112	7663	8574	7269	9001	7039	9262	6841	9491
5205	7095	7095	6675	7528	6308	7928	6094	8173	5910	8388
9916	8173	8173	7722	8637	7327	9065	7095	9327	6897	9557
9913	3604	3604	3307	3914	3050	4204	2901	4383	2775	4541
9915	11992	11992	11444	12552	10962	13068	10679	13382	10435	13657
4606	11501	11501	10965	12050	10493	12555	10216	12863	9978	13133
6115	12063	12063	11514	12625	11030	13142	10746	13457	10501	13733
4820	3838	3838	3531	4158	3265	4457	3111	4641	2981	4803
9017	2024	2024	1803	2258	1615	2480	1507	2617	1416	2740
6123	13405	13405	12826	13997	12315	14541	12014	14872	11756	15162
6114	18637	18637	17953	19334	17347	19973	16990	20360	16683	20699
4607	13065	13065	12493	13650	11989	14187	11692	14514	11438	14801
6505	5469	5469	5101	5850	4781	6203	4594	6420	4435	6611
5020	12035	12035	11486	12596	11003	13113	10719	13427	10475	13703
6113	28543	28543	27695	29404	26942	30191	26496	30666	26112	31082
5010	9678	9678	9187	10182	8755	10647	8502	10930	8285	11179
6020	16513	16513	15869	17170	15300	17772	14965	18137	14677	18457
4900	16122	16122	15486	16771	14924	17366	14593	17727	14308	18044
6010	10990	10990	10466	11527	10005	12021	9734	12322	9502	12586
4400	9746	9746	9253	10252	8820	10718	8566	11002	8348	11252
9900	5331	5331	4968	5707	4652	6056	4468	6270	4311	6459
9904	7176	7176	6754	7611	6385	8014	6169	8260	5984	8476
9902	14894	14894	14283	15518	13744	16091	13426	16438	13153	16743
4810	5025	5025	4673	5390	4366	5730	4188	5938	4036	6122
5720	19743	19743	19039	20460	18415	21117	18047	21515	17730	21864
9901	5284	5284	4923	5658	4608	6006	4425	6219	4269	6407
5826	3520	3520	3226	3827	2973	4114	2826	4290	2701	4447
5825	1982	1982	1763	2214	1577	2433	1471	2570	1381	2691
5925	12391	12391	11834	12961	11344	13484	11055	13803	10808	14083
9015	6706	6706	6298	7127	5942	7517	5733	7755	5555	7965
4506	8628	8628	8164	9104	7758	9544	7520	9812	7316	10049
4605	11743	11743	11201	12298	10724	12808	10444	13118	10203	13391
9002	20016	20016	19307	20738	18679	21400	18308	21800	17989	22151
4226	7942	7942	7498	8399	7108	8822	6880	9080	6685	9307
4505	6296	6296	5901	6704	5556	7082	5355	7313	5183	7517
4225	8334	8334	7879	8802	7479	9235	7245	9499	7045	9731
5716	11967	11967	11420	12527	10938	13042	10655	13355	10412	13630
5916	15885	15885	15254	16529	14696	17120	14368	17479	14085	17793
4300	5967	5967	5583	6364	5247	6733	5052	6958	4885	7157
5815	2443	2443	2199	2699	1991	2941	1871	3091	1770	3224
9004	9888	9888	9391	10397	8955	10867	8699	11153	8479	11405
5715	8175	8175	7724	8639	7329	9068	7097	9329	6899	9559
3330	6804	6804	6393	7228	6034	7620	5824	7860	5645	8072
6506	7653	7653	7217	8102	6835	8517	6611	8771	6420	8994
5915	8535	8535	8074	9009	7670	9446	7433	9713	7230	9948
3905	4994	4994	4643	5358	4338	5697	4160	5904	4009	6088
4130	9168	9168	8690	9659	8270	10112	8024	10388	7814	10631
6930	4595	4595	4258	4944	3966	5270	3796	5470	3652	5646
3825	9795	9795	9301	10302	8866	10770	8612	11055	8393	11305
4120	9876	9876	9380	10385	8944	10855	8688	11141	8468	11392
3816	11337	11337	10805	11882	10336	12384	10061	12689	9825	12957
4210	11906	11906	11360	12464	10880	12978	10597	13291	10355	13565
9016	7035	7035	6617	7466	6252	7865	6038	8108	5855	8323
4005	7672	7672	7235	8122	6853	8537	6629	8791	6438	9015
4230	5090	5090	4735	5457	4427	5799	4248	6009	4095	6194
3815	9070	9070	8595	9558	8177	10009	7933	10283	7723	10525
3705	15915	15915	15283	16560	14725	17151	14396	17510	14113	17825
3900	3736	3736	3433	4052	3171	4347	3020	4528	2891	4689
4110	12041	12041	11492	12603	11009	13119	10725	13433	10481	13709
3416	10917	10917	10395	11452	9935	11945	9666	12245	9434	12508
3413	4781	4781	4438	5137	4139	5469	3966	5672	3818	5852
3706	7567	7567	7133	8013	6754	8427	6531	8679	6341	8901
3600	11586	11586	11048	12137	10574	12644	10296	12953	10057	13224
3415	13742	13742	13155	14341	12638	14892	12333	15227	12072	15521
3320	12043	12043	11494	12605	11011	13121	10727	13435	10483	13711
3505	20472	20472	19755	21202	19119	21871	18744	22276	18421	22631
3414	11271	11271	10740	11815	10273	12315	9999	12619	9763	12887
6900	4673	4673	4334	5025	4039	5353	3867	5555	3721	5733
2940	10847	10847	10326	11380	9869	11872	9600	12170	9369	12433
2216	8773	8773	8306	9253	7895	9697	7655	9967	7449	10205
3046	11296	11296	10765	11840	10297	12341	10022	12646	9787	12914
2225	9283	9283	8802	9777	8380	10233	8132	10510	7920	10754
3426	9374	9374	8891	9870	8466	10328	8217	10607	8004	10852
3427	10053	10053	9552	10567	9112	11040	8854	11329	8632	11582
3045	12954	12954	12385	13536	11883	14072	11587	14397	11334	14682
3310	12717	12717	12153	13294	11656	13824	11363	14147	11112	14430
3030	20029	20029	19319	20751	18691	21413	18320	21814	18001	22165
3130	8680	8680	8215	9158	7807	9599	7568	9868	7364	10105
3010	19190	19190	18496	19897	17881	20545	17518	20938	17206	21282
3020	13500	13500	12919	14094	12406	14640	12104	14972	11845	15263
3425	9429	9429	8944	9927	8518	10386	8269	10665	8055	10912
2100	8562	8562	8100	9037	7695	9475	7458	9742	7255	9977
1606	6134	6134	5744	6537	5404	6910	5205	7139	5036	7340
2215	8216	8216	7764	8681	7368	9111	7135	9373	6937	9603
1720	13367	13367	12788	13958	12278	14502	11978	14832	11720	15122
3120	13166	13166	12592	13753	12086	14292	11788	14620	11532	14908
1900	553	553	440	678	350	802	301	881	261	953
3110	3729	3729	3426	4044	3165	4339	3013	4521	2885	4681
3200	10005	10005	9505	10517	9066	10990	8809	11278	8588	11531
1605	8357	8357	7901	8826	7501	9259	7267	9523	7066	9756
2000	6380	6380	5982	6791	5635	7171	5432	7404	5259	7609
1820	5003	5003	4652	5367	4346	5706	4168	5914	4017	6098
1200	8253	8253	7800	8719	7403	9150	7170	9412	6971	9643
1710	12721	12721	12157	13298	11660	13829	11367	14151	11116	14434
1810	3412	3412	3123	3714	2873	3997	2729	4171	2607	4325
900	5275	5275	4914	5649	4600	5996	4417	6209	4261	6398
806	15993	15993	15360	16639	14800	17232	14470	17592	14187	17907
1506	10354	10354	9846	10875	9399	11356	9136	11648	8911	11905
1410	5733	5733	5356	6122	5028	6484	4837	6706	4673	6901
1505	9883	9883	9386	10392	8950	10862	8694	11148	8475	11400
1330	9051	9051	8576	9539	8159	9989	7915	10263	7706	10505
1000	4119	4119	3801	4450	3525	4759	3365	4949	3229	5117
1320	7408	7408	6979	7850	6604	8259	6384	8508	6196	8728
1420	10902	10902	10380	11437	9921	11929	9651	12229	9420	12492
1130	3298	3298	3014	3595	2769	3873	2627	4045	2507	4197
1116	8664	8664	8199	9141	7792	9582	7553	9851	7349	10087
1310	10825	10825	10305	11358	9848	11849	9579	12147	9349	12410
805	10233	10233	9728	10751	9283	11229	9023	11520	8799	11775
1115	7108	7108	6688	7541	6320	7942	6106	8187	5922	8402
205	6042	6042	5655	6442	5318	6813	5121	7039	4953	7240
136	5257	5257	4897	5630	4583	5977	4400	6190	4245	6378
1120	17154	17154	16498	17823	15918	18436	15576	18809	15281	19135
705	12180	12180	11628	12745	11142	13264	10856	13580	10611	13858
120	5387	5387	5022	5765	4704	6116	4519	6331	4361	6521
325	11103	11103	10576	11642	10113	12139	9841	12442	9607	12707
135	7220	7220	6797	7656	6426	8060	6209	8307	6024	8524
706	6482	6482	6081	6896	5731	7279	5526	7514	5352	7720
206	6200	6200	5808	6605	5466	6980	5266	7210	5096	7412
2910	2002	2002	1782	2235	1595	2455	1488	2592	1398	2714
315	6667	6667	6260	7086	5905	7475	5697	7713	5520	7922
2935	2289	2289	2053	2537	1852	2772	1737	2918	1639	3047
605	11246	11246	10716	11789	10249	12289	9975	12593	9740	12860
606	13008	13008	12437	13591	11934	14128	11638	14454	11384	14740
506	13825	13825	13237	14426	12718	14979	12412	15314	12149	15609
110	2475	2475	2230	2733	2020	2976	1899	3127	1797	3261
505	24647	24647	23859	25448	23161	26180	22748	26623	22392	27011
2936	3216	3216	2935	3509	2694	3784	2554	3954	2436	4104
405	13088	13088	12516	13673	12011	14211	11714	14538	11459	14825
2926	10911	10911	10389	11446	9930	11939	9660	12238	9428	12502
2925	9334	9334	8852	9829	8428	10286	8180	10564	7967	10809
2927	6557	6557	6154	6973	5801	7359	5596	7594	5420	7802
