faz_id mean median lower_50 upper_50 lower_80 upper_80 lower_90 upper_90 lower_95 upper_95
8935	16641	16642	14797	18594	13228	20445	12332	21594	11579	22619
8927	7312	7313	6108	8625	5116	9899	4564	10704	4111	11429
8926	20271	20272	18230	22420	16484	24449	15482	25704	14636	26821
8936	21222	21223	19132	23420	17343	25492	16314	26774	15446	27913
8500	25983	25984	23665	28409	21670	30687	20518	32092	19543	33338
8406	3290	3290	2500	4188	1881	5090	1553	5671	1293	6202
8320	17424	17425	15536	19421	13928	21312	13007	22485	12233	23530
8925	22018	22019	19888	24256	18063	26364	17013	27667	16126	28825
8937	25209	25210	22927	27600	20964	29845	19831	31231	18873	32461
8405	24210	24211	21974	26554	20054	28758	18946	30118	18010	31326
8310	37766	37768	34960	40680	32526	43397	31112	45065	29908	46539
8910	22439	22440	20289	24698	18445	26824	17384	28139	16487	29307
7905	33849	33850	31196	36611	28899	39190	27566	40776	26434	42179
7606	6048	6049	4958	7247	4068	8419	3578	9162	3178	9833
7805	28864	28865	26418	31418	24308	33811	23087	35285	22052	36591
8220	22318	22319	20174	24571	18335	26692	17277	28003	16383	29168
8000	16681	16682	14834	18636	13264	20489	12367	21640	11612	22665
8906	10478	10479	9026	12039	7811	13537	7125	14475	6556	15316
8210	15373	15374	13603	17252	12101	19036	11244	20146	10525	21136
9020	24233	24234	21996	26578	20075	28783	18967	30144	18030	31352
8125	22149	22150	20013	24393	18182	26507	17128	27814	16239	28975
8126	18898	18899	16929	20975	15249	22939	14285	24155	13473	25238
8905	11882	11883	10332	13540	9029	15126	8291	16117	7675	17004
7806	10736	10737	9265	12315	8034	13830	7338	14778	6760	15627
7700	8722	8723	7402	10151	6305	11530	5691	12397	5184	13176
7526	17017	17018	15151	18991	13564	20861	12656	22022	11893	23057
7340	33148	33149	30523	35881	28251	38436	26934	40006	25815	41396
7605	2124	2124	1500	2856	1031	3609	792	4101	610	4554
7537	30844	30845	28314	33483	26127	35952	24861	37471	23787	38817
8115	38790	38792	35946	41743	33477	44494	32042	46183	30820	47675
7335	43531	43533	40515	46656	37891	49562	36363	51343	35061	52916
8600	22865	22866	20694	25144	18831	27290	17759	28616	16852	29793
7425	35910	35912	33175	38753	30805	41406	29429	43035	28259	44476
7535	35827	35829	33096	38667	30728	41317	29354	42944	28185	44384
7525	21402	21403	19303	23609	17506	25689	16472	26976	15600	28120
7436	6550	6551	5413	7795	4482	9009	3967	9778	3545	10471
9019	22604	22605	20446	24871	18594	27005	17529	28324	16628	29495
7026	11570	11571	10041	13207	8757	14774	8031	15754	7425	16630
7205	16815	16816	14961	18777	13384	20637	12482	21792	11724	22821
7515	6696	6697	5546	7954	4603	9180	4081	9956	3652	10655
7320	36146	36148	33402	38998	31024	41659	29643	43293	28469	44739
7206	19967	19968	17942	22101	16210	24115	15216	25362	14378	26471
7315	23894	23895	21673	26223	19766	28413	18667	29765	17737	30966
7435	9755	9756	8356	11263	7188	12713	6532	13623	5987	14439
7316	24268	24269	22030	26615	20106	28821	18998	30183	18060	31392
7025	24367	24368	22124	26718	20197	28929	19085	30293	18145	31504
7415	15212	15213	13451	17081	11958	18857	11106	19962	10392	20947
7100	35949	35951	33213	38793	30841	41448	29465	43078	28294	44520
7015	20232	20233	18193	22379	16449	24406	15448	25660	14603	26776
9908	3882	3882	3019	4853	2335	5820	1967	6441	1674	7006
6410	59985	59987	56435	63643	53330	67031	51515	69100	49963	70923
6420	52069	52071	48765	55481	45882	58647	44199	60583	42763	62291
5535	41523	41525	38578	44576	36019	47418	34530	49160	33261	50700
5600	19471	19472	17472	21579	15764	23569	14784	24803	13958	25900
5546	22450	22451	20299	24709	18455	26836	17393	28151	16496	29319
4706	15834	15835	14036	17740	12510	19549	11639	20674	10907	21676
6605	15986	15987	14179	17901	12645	19718	11769	20847	11034	21854
6910	7298	7299	6095	8609	5104	9883	4553	10687	4100	11411
6606	8706	8707	7387	10133	6292	11511	5679	12378	5171	13156
9909	9235	9236	7875	10703	6743	12118	6107	13007	5581	13805
9011	15013	15014	13264	16870	11782	18636	10937	19734	10228	20714
5525	18225	18226	16292	20266	14645	22196	13701	23394	12906	24459
5515	32497	32498	29898	35204	27651	37735	26348	39291	25241	40668
6326	26365	26366	24030	28809	22019	31102	20858	32516	19875	33771
9914	22834	22835	20664	25112	18803	27256	17731	28581	16826	29758
5545	19731	19732	17718	21852	15998	23855	15011	25096	14178	26199
6223	30531	30532	28014	33157	25839	35614	24580	37126	23512	38465
5306	26308	26309	23975	28749	21967	31040	20807	32453	19825	33706
6325	37576	37578	34777	40483	32350	43193	30939	44857	29739	46328
9009	6339	6340	5221	7565	4308	8761	3803	9519	3390	10204
9006	16348	16349	14521	18284	12967	20120	12080	21260	11335	22277
6225	22974	22975	20798	25259	18930	27409	17855	28738	16946	29917
9018	24917	24918	22648	27294	20698	29528	19572	30906	18620	32129
5425	47669	47671	44510	50936	41758	53971	40153	55829	38784	57469
5305	30807	30808	28278	33444	26093	35912	24828	37430	23754	38775
5426	25828	25829	23517	28247	21529	30519	20381	31920	19409	33163
6226	34095	34096	31432	36866	29126	39455	27788	41046	26652	42454
6126	14366	14367	12656	16184	11209	17914	10385	18991	9695	19952
6224	23784	23785	21569	26108	19666	28293	18570	29643	17643	30841
6216	16506	16507	14669	18451	13108	20295	12216	21440	11466	22461
6316	30452	30453	27938	33074	25767	35528	24510	37039	23443	38377
6215	24357	24358	22114	26708	20187	28918	19076	30282	18137	31493
5100	8619	8620	7307	10039	6218	11411	5608	12274	5104	13049
6213	19850	19851	17831	21978	16105	23986	15114	25230	14279	26336
9005	8264	8265	6980	9656	5917	11002	5323	11850	4832	12612
6124	27913	27914	25508	30426	23436	32782	22237	34233	21222	35520
6125	10719	10720	9250	12297	8019	13810	7324	14758	6747	15607
6214	399	399	159	747	36	1153	4	1438	2	1711
5415	18908	18909	16939	20986	15258	22950	14294	24167	13482	25250
5205	15296	15297	13530	17170	12032	18951	11178	20058	10462	21046
9916	20279	20280	18237	22429	16492	24458	15489	25713	14643	26830
9913	7683	7684	6447	9027	5427	10330	4859	11152	4390	11891
9915	29012	29013	26560	31573	24444	33972	23219	35449	22181	36758
4606	32039	32040	29459	34727	27228	37241	25935	38787	24838	40156
6115	24483	24484	22234	26840	20302	29055	19188	30422	18245	31636
4820	8624	8625	7312	10045	6222	11417	5612	12280	5108	13055
9017	4973	4974	3989	6065	3196	7141	2764	7827	2413	8448
6123	22431	22432	20281	24689	18438	26816	17377	28130	16480	29297
6114	37428	37430	34635	40329	32212	43035	30805	44695	29607	46164
4607	36176	36178	33431	39029	31052	41691	29670	43326	28495	44772
6505	15591	15592	13808	17483	12294	19279	11431	20396	10706	21392
5020	28865	28866	26419	31419	24309	33813	23088	35286	22053	36593
6113	46342	46344	43228	49564	40516	52559	38936	54392	37588	56011
5010	21665	21666	19553	23885	17744	25977	16703	27271	15824	28421
6020	26417	26418	24079	28863	22067	31159	20904	32574	19920	33830
4900	28950	28951	26500	31508	24387	33905	23164	35380	22127	36688
6010	18064	18065	16140	20096	14500	22019	13561	23211	12771	24273
4400	24786	24787	22523	27157	20578	29385	19456	30760	18507	31980
9900	12238	12239	10664	13920	9339	15528	8589	16532	7962	17429
9904	16028	16029	14219	17945	12683	19765	11805	20895	11068	21903
9902	33108	33109	30484	35840	28214	38393	26898	39962	25780	41352
4810	11500	11501	9976	13132	8696	14695	7972	15672	7369	16546
5720	40271	40273	37372	43278	34854	46079	33389	47797	32142	49316
9901	13116	13117	11485	14856	10108	16515	9327	17550	8673	18474
5826	6928	6929	5757	8207	4796	9452	4262	10238	3824	10947
5825	3586	3586	2759	4521	2107	5456	1758	6058	1481	6606
5925	27747	27748	25350	30252	23284	32602	22089	34049	21077	35332
9015	17378	17379	15492	19372	13886	21261	12968	22433	12195	23477
4506	20187	20188	18150	22332	16409	24357	15409	25610	14565	26724
4605	29650	29651	27170	32238	25029	34662	23791	36154	22740	37476
9002	47440	47442	44289	50699	41544	53728	39943	55581	38578	57218
4226	20679	20680	18617	22849	16852	24897	15839	26164	14983	27290
4505	17734	17735	15828	19748	14205	21654	13276	22837	12493	23890
4225	21533	21534	19428	23747	17624	25833	16587	27123	15712	28270
5716	27290	27291	24913	29775	22865	32106	21682	33543	20679	34816
5916	38929	38931	36080	41887	33606	44643	32168	46334	30944	47829
4300	13602	13603	11940	15372	10536	17060	9737	18111	9069	19050
5815	5386	5387	4360	6520	3529	7634	3074	8343	2703	8984
9004	25316	25317	23029	27712	21061	29962	19926	31350	18965	32582
5715	18370	18371	16430	20419	14775	22356	13827	23558	13028	24627
3330	18108	18109	16182	20142	14540	22067	13599	23261	12808	24324
6506	19667	19668	17657	21785	15940	23785	14955	25024	14124	26126
5915	21388	21389	19290	23594	17493	25674	16460	26960	15588	28104
3905	12249	12250	10674	13932	9349	15540	8598	16544	7971	17443
4130	20274	20275	18233	22424	16487	24452	15485	25708	14639	26824
6930	10906	10907	9423	12497	8181	14022	7479	14977	6895	15832
3825	24194	24195	21959	26537	20039	28740	18932	30100	17996	31307
4120	22844	22845	20674	25122	18812	27267	17740	28592	16834	29769
3816	27656	27657	25263	30157	23200	32503	22008	33948	20998	35230
4210	31486	31487	28929	34151	26719	36645	25438	38178	24351	39536
9016	18154	18155	16225	20191	14581	22118	13639	23313	12846	24377
4005	19254	19255	17266	21350	15569	23331	14595	24558	13774	25649
4230	14114	14115	12420	15916	10987	17632	10171	18701	9488	19655
3815	21319	21320	19224	23522	17431	25598	16400	26883	15529	28024
3705	36896	36898	34123	39777	31719	42464	30323	44114	29135	45573
3900	8006	8007	6743	9377	5699	10704	5116	11540	4635	12292
4110	27918	27919	25513	30431	23440	32787	22242	34238	21226	35525
3416	27961	27962	25554	30476	23480	32834	22280	34286	21264	35574
3413	12946	12947	11326	14675	9959	16324	9184	17353	8535	18272
3706	19382	19383	17387	21485	15684	23471	14706	24702	13883	25797
3600	26095	26096	23772	28526	21772	30809	20618	32216	19641	33465
3415	35507	35509	32788	38334	30432	40973	29065	42594	27902	44028
3320	33554	33555	30912	36304	28626	38873	27300	40452	26174	41850
3505	48230	48232	45052	51516	42283	54568	40668	56436	39291	58085
3414	30099	30100	27600	32706	25442	35147	24193	36649	23133	37980
6900	11604	11605	10073	13243	8787	14813	8059	15793	7452	16671
2940	26830	26831	24474	29295	22444	31607	21272	33032	20279	34297
2216	23295	23296	21103	25595	19222	27759	18138	29096	17222	30284
3046	26067	26068	23745	28497	21747	30778	20593	32185	19616	33433
2225	22747	22748	20582	25021	18724	27161	17655	28484	16751	29658
3426	26833	26834	24477	29298	22447	31610	21275	33036	20281	34300
3427	27419	27420	25036	29910	22983	32246	21797	33686	20791	34962
3045	32181	32182	29595	34875	27359	37394	26063	38943	24963	40315
3310	33179	33180	30553	35914	28280	38469	26962	40040	25843	41431
3030	55202	55204	51799	58714	48826	61969	47090	63959	45606	65713
3130	18851	18852	16885	20926	15206	22887	14244	24102	13434	25184
3010	49204	49206	45994	52522	43195	55604	41563	57489	40170	59153
3020	29023	29024	26570	31584	24454	33984	23229	35461	22191	36770
3425	25242	25243	22958	27634	20994	29881	19861	31268	18901	32498
2100	22784	22785	20617	25059	18758	27201	17687	28525	16783	29701
1606	13995	13996	12308	15790	10882	17499	10070	18564	9391	19515
2215	20502	20503	18449	22663	16693	24702	15684	25964	14833	27087
1720	30355	30356	27845	32973	25678	35424	24423	36932	23358	38268
3120	30676	30677	28153	33308	25973	35770	24711	37286	23639	38628
1900	958	958	557	1468	288	2019	169	2391	91	2740
3110	10005	10006	8587	11531	7403	12998	6736	13918	6183	14743
3200	25309	25310	23022	27704	21055	29954	19920	31342	18959	32574
1605	18140	18141	16212	20176	14568	22103	13627	23297	12835	24361
2000	15826	15827	14029	17731	12503	19540	11632	20664	10901	21667
1820	8321	8322	7033	9718	5965	11068	5368	11918	4875	12682
1200	20871	20872	18799	23051	17026	25107	16007	26379	15147	27510
1710	27988	27989	25580	30504	23504	32863	22304	34316	21287	35604
1810	6213	6214	5107	7427	4204	8613	3706	9365	3298	10044
900	12409	12410	10824	14102	9489	15720	8732	16730	8100	17633
806	42910	42912	39916	46013	37312	48899	35796	50669	34504	52232
1506	25537	25538	23239	27943	21263	30202	20122	31596	19157	32833
1410	12892	12893	11275	14617	9912	16263	9138	17290	8491	18208
1505	23550	23551	21346	25862	19453	28038	18363	29381	17441	30574
1330	24136	24137	21904	26476	19986	28677	18881	30035	17946	31241
1000	10461	10462	9010	12020	7796	13517	7111	14455	6542	15295
1320	18351	18352	16412	20399	14758	22336	13810	23536	13012	24605
1420	22343	22344	20197	24597	18358	26719	17299	28031	16405	29197
1130	7466	7467	6249	8792	5245	10078	4686	10890	4226	11621
1116	20768	20769	18701	22943	16933	24994	15917	26264	15059	27392
1310	27977	27978	25570	30493	23494	32851	22295	34304	21278	35592
805	27385	27386	25004	29874	22952	32209	21766	33648	20762	34924
1115	18613	18614	16659	20675	14993	22624	14037	23833	13233	24909
205	13756	13757	12084	15536	10671	17232	9868	18289	9195	19232
136	11783	11784	10240	13435	8942	15015	8208	16002	7596	16886
1120	43105	43107	40104	46214	37494	49108	35974	50881	34679	52447
705	31330	31331	28779	33989	26575	36476	25298	38006	24214	39362
120	13110	13111	11479	14849	10103	16508	9322	17543	8668	18467
325	26981	26982	24618	29452	22582	31771	21406	33200	20410	34467
135	17870	17871	15957	19891	14327	21805	13393	22991	12608	24048
706	16435	16436	14603	18376	13045	20216	12155	21359	11407	22378
206	13982	13983	12296	15776	10870	17485	10059	18549	9380	19499
2910	5103	5104	4106	6208	3301	7297	2861	7990	2504	8617
315	15998	15999	14191	17913	12656	19731	11780	20861	11044	21868
2935	8054	8055	6787	9429	5739	10760	5154	11598	4672	12352
605	29138	29139	26680	31704	24559	34108	23332	35588	22292	36900
606	34320	34321	31648	37100	29334	39697	27992	41293	26851	42705
506	37248	37250	34462	40142	32046	42842	30642	44499	29447	45964
110	5502	5503	4465	6648	3623	7772	3161	8487	2786	9134
505	66557	66559	62815	70408	59537	73968	57618	76141	55976	78054
2936	7876	7877	6624	9236	5589	10554	5012	11384	4536	12131
405	34298	34299	31627	37078	29314	39673	27972	41269	26831	42680
2926	28954	28955	26504	31512	24390	33909	23168	35385	22131	36693
2925	22953	22954	20778	25237	18911	27386	17836	28714	16928	29894
2927	15279	15280	13514	17152	12017	18932	11164	20039	10448	21026
