faz_id mean median lower_50 upper_50 lower_80 upper_80 lower_90 upper_90 lower_95 upper_95
8935	6896	6896	6187	7643	5582	8348	5235	8785	4942	9174
8927	2848	2848	2400	3335	2029	3806	1822	4103	1651	4370
8926	8127	8127	7356	8936	6694	9697	6314	10168	5992	10586
8936	8258	8258	7481	9073	6814	9841	6429	10315	6105	10735
8500	11182	11183	10275	12128	9490	13013	9036	13557	8650	14039
8406	1312	1312	1014	1649	778	1985	652	2201	551	2397
8320	6968	6969	6256	7719	5647	8428	5298	8867	5004	9257
8925	8798	8798	7995	9639	7305	10429	6907	10917	6570	11350
8937	9979	9980	9123	10874	8385	11712	7958	12229	7596	12687
8405	8847	8847	8042	9690	7350	10483	6951	10972	6613	11406
8310	15755	15756	14675	16874	13734	17915	13186	18553	12719	19116
8910	9006	9007	8194	9857	7495	10656	7092	11149	6751	11587
7905	13075	13076	12092	14096	11240	15049	10745	15634	10324	16151
7606	2207	2207	1814	2638	1494	3059	1317	3325	1172	3566
7805	10600	10601	9717	11522	8955	12384	8514	12915	8139	13386
8220	10998	10998	10098	11936	9321	12814	8870	13354	8488	13832
8000	6788	6788	6085	7529	5485	8229	5141	8663	4851	9049
8906	3885	3886	3358	4451	2917	4993	2667	5332	2460	5636
8210	7917	7918	7157	8716	6505	9468	6129	9933	5812	10346
9020	10032	10033	9174	10929	8433	11770	8005	12287	7642	12746
8125	9086	9087	8270	9941	7568	10743	7163	11238	6820	11677
8126	8497	8498	7709	9324	7031	10102	6641	10582	6311	11008
8905	4436	4436	3872	5039	3396	5615	3127	5974	2901	6295
7806	4109	4109	3567	4690	3111	5246	2853	5594	2638	5905
7700	3697	3697	3183	4249	2754	4779	2511	5111	2310	5408
7526	6743	6743	6042	7481	5444	8180	5102	8612	4813	8997
7340	12326	12327	11372	13318	10546	14244	10067	14814	9660	15317
7605	818	818	587	1088	411	1364	321	1544	252	1709
7537	14192	14193	13167	15255	12277	16245	11760	16853	11319	17390
8115	18014	18015	16857	19210	15848	20319	15260	20998	14757	21597
7335	17938	17939	16784	19131	15777	20238	15190	20916	14688	21513
8600	8682	8682	7884	9517	7199	10303	6804	10788	6470	11218
7425	12530	12531	11569	13530	10735	14464	10252	15037	9841	15545
7535	16422	16423	15318	17564	14357	18626	13797	19276	13319	19850
7525	8812	8812	8008	9654	7318	10445	6919	10933	6582	11366
7436	2356	2357	1950	2801	1617	3234	1433	3508	1282	3756
9019	9066	9067	8251	9920	7550	10722	7145	11216	6803	11655
7026	4401	4401	3839	5001	3365	5575	3097	5933	2873	6254
7205	7164	7164	6441	7924	5823	8642	5469	9087	5169	9482
7515	2758	2758	2317	3237	1953	3702	1750	3995	1582	4258
7320	14188	14189	13163	15251	12274	16241	11756	16848	11315	17385
7206	9067	9068	8252	9921	7551	10723	7146	11217	6803	11656
7315	9403	9403	8572	10272	7857	11087	7444	11590	7095	12036
7435	3567	3567	3062	4109	2641	4630	2404	4957	2207	5250
7316	9126	9127	8309	9983	7605	10787	7199	11283	6855	11723
7025	10928	10928	10031	11863	9256	12738	8807	13277	8427	13754
7415	5671	5672	5030	6350	4486	6995	4176	7395	3915	7752
7100	16345	16346	15244	17485	14285	18544	13726	19192	13250	19765
7015	8657	8657	7860	9491	7176	10275	6782	10760	6448	11189
9908	1197	1198	913	1520	690	1843	572	2051	478	2241
6410	26939	26940	25520	28397	24275	29742	23545	30562	22920	31284
6420	23028	23028	21717	24377	20570	25624	19898	26386	19324	27057
5535	17735	17736	16587	18921	15586	20022	15003	20696	14504	21291
5600	8297	8297	7518	9114	6849	9883	6464	10358	6138	10780
5546	8928	8929	8119	9775	7424	10571	7022	11062	6683	11498
4706	5697	5698	5055	6378	4509	7024	4198	7425	3936	7783
6605	5970	5970	5312	6666	4752	7326	4432	7736	4163	8101
6910	2926	2927	2472	3420	2095	3897	1884	4197	1710	4467
6606	3395	3395	2904	3925	2494	4435	2264	4755	2073	5042
9909	3919	3919	3389	4486	2945	5030	2695	5371	2486	5676
9011	6648	6649	5953	7382	5360	8076	5020	8506	4733	8888
5525	7813	7813	7058	8607	6410	9354	6038	9817	5723	10227
5515	12936	12937	11959	13952	11111	14900	10619	15482	10200	15996
6326	13013	13014	12033	14032	11183	14982	10689	15566	10269	16082
9914	8768	8768	7966	9607	7278	10397	6880	10884	6544	11316
5545	7104	7105	6385	7862	5770	8578	5417	9020	5119	9414
6223	14682	14682	13639	15763	12733	16769	12206	17386	11757	17931
5306	11798	11799	10866	12769	10059	13677	9591	14234	9193	14728
6325	17219	17220	16089	18388	15103	19474	14529	20139	14038	20725
9009	2536	2536	2114	2997	1767	3444	1574	3727	1415	3982
9006	6331	6331	5653	7047	5075	7725	4744	8146	4466	8520
6225	12025	12025	11083	13005	10268	13920	9795	14483	9393	14981
9018	10711	10712	9824	11637	9057	12504	8613	13038	8237	13511
5425	20521	20521	19285	21795	18204	22976	17573	23697	17033	24333
5305	13545	13546	12544	14584	11676	15553	11171	16147	10742	16673
5426	10085	10086	9224	10984	8482	11827	8053	12346	7689	12806
6226	15327	15327	14261	16431	13334	17458	12794	18087	12335	18643
6126	6339	6339	5660	7056	5082	7734	4751	8155	4472	8530
6224	11457	11457	10538	12414	9743	13309	9283	13859	8892	14346
6216	7017	7018	6302	7770	5691	8482	5341	8922	5045	9314
6316	15649	15650	14572	16765	13635	17802	13089	18437	12624	18999
6215	12571	12572	11608	13573	10773	14508	10289	15082	9877	15591
5100	3135	3135	2664	3645	2272	4137	2052	4446	1871	4724
6213	10429	10429	9553	11343	8797	12199	8360	12726	7989	13193
9005	3436	3436	2942	3969	2529	4482	2297	4803	2105	5092
6124	15063	15064	14007	16158	13089	17177	12554	17801	12098	18353
6125	5702	5703	5060	6383	4514	7029	4202	7431	3941	7789
6214	244	244	126	400	53	573	24	691	8	804
5415	8145	8145	7373	8955	6711	9717	6330	10188	6007	10606
5205	7125	7126	6405	7884	5789	8601	5435	9044	5137	9439
9916	8206	8206	7431	9019	6766	9784	6384	10256	6060	10676
9913	3626	3626	3117	4173	2692	4698	2453	5027	2254	5322
9915	12032	12032	11090	13012	10274	13928	9801	14491	9399	14989
4606	11540	11540	10618	12500	9820	13398	9358	13950	8965	14439
6115	12103	12103	11158	13086	10340	14004	9865	14569	9462	15068
4820	3860	3861	3335	4424	2895	4965	2646	5303	2440	5606
9017	2040	2040	1664	2455	1357	2862	1189	3120	1052	3353
6123	13447	13447	12450	14482	11585	15447	11082	16040	10655	16564
6114	18686	18687	17508	19903	16479	21032	15878	21723	15366	22332
4607	13106	13107	12122	14129	11269	15082	10773	15668	10352	16186
6505	5496	5496	4865	6165	4330	6800	4025	7195	3769	7547
5020	12075	12075	11131	13057	10314	13974	9840	14538	9437	15037
6113	28604	28605	27141	30105	25857	31490	25103	32334	24457	33076
5010	9714	9714	8869	10596	8141	11424	7721	11935	7365	12387
6020	16559	16560	15451	17706	14486	18772	13923	19424	13443	20001
4900	16168	16168	15073	17301	14120	18355	13564	19000	13090	19570
6010	11028	11028	10127	11967	9348	12846	8897	13387	8514	13866
4400	9782	9782	8934	10668	8204	11498	7782	12010	7424	12464
9900	5357	5358	4735	6018	4208	6646	3907	7036	3655	7385
9904	7207	7207	6482	7970	5862	8690	5506	9136	5206	9532
9902	14938	14939	13886	16028	12972	17043	12440	17665	11986	18215
4810	5051	5051	4447	5693	3936	6304	3646	6684	3402	7024
5720	19794	19794	18580	21046	17520	22206	16901	22915	16371	23541
9901	5310	5311	4691	5968	4166	6593	3867	6982	3616	7329
5826	3541	3542	3039	4082	2620	4602	2384	4928	2187	5220
5825	1998	1998	1626	2409	1323	2812	1157	3068	1021	3299
5925	12431	12432	11473	13427	10644	14357	10162	14929	9753	15434
9015	6736	6736	6036	7474	5438	8172	5095	8604	4807	8989
4506	8662	8662	7865	9496	7181	10281	6786	10765	6453	11195
4605	11782	11783	10850	12753	10044	13659	9576	14217	9179	14710
9002	20067	20068	18845	21328	17777	22496	17153	23210	16620	23839
4226	7974	7975	7211	8776	6556	9531	6180	9997	5861	10412
4505	6325	6325	5647	7041	5070	7719	4739	8139	4461	8513
4225	8367	8367	7585	9188	6913	9960	6526	10437	6199	10860
5716	12007	12007	11066	12986	10251	13901	9778	14463	9377	14961
5916	15931	15931	14844	17056	13898	18102	13347	18743	12877	19309
4300	5995	5995	5336	6693	4775	7354	4454	7764	4184	8130
5815	2461	2461	2045	2915	1704	3356	1515	3636	1359	3887
9004	9924	9924	9070	10816	8334	11652	7909	12168	7548	12624
5715	8208	8208	7433	9021	6768	9786	6385	10259	6062	10678
3330	6834	6834	6129	7577	5526	8280	5181	8715	4890	9102
6506	7685	7685	6936	8472	6294	9214	5925	9673	5613	10080
5915	8568	8569	7776	9399	7096	10179	6704	10661	6372	11089
3905	5020	5020	4418	5660	3909	6269	3619	6648	3377	6987
4130	9203	9203	8381	10062	7674	10870	7266	11367	6921	11809
6930	4620	4620	4043	5234	3557	5821	3281	6187	3050	6514
3825	9831	9831	8981	10719	8249	11551	7826	12064	7467	12519
4120	9912	9912	9059	10804	8323	11639	7898	12154	7538	12611
3816	11375	11376	10460	12329	9668	13221	9210	13770	8820	14255
4210	11945	11946	11007	12922	10194	13835	9723	14396	9323	14893
9016	7065	7066	6348	7821	5735	8535	5383	8976	5086	9369
4005	7704	7704	6954	8492	6311	9235	5942	9694	5630	10102
4230	5116	5116	4508	5762	3994	6376	3701	6759	3456	7100
3815	9104	9105	8287	9960	7585	10763	7179	11258	6836	11698
3705	15961	15961	14873	17087	13926	18134	13374	18775	12904	19342
3900	3758	3758	3240	4314	2806	4848	2562	5183	2358	5482
4110	12081	12081	11137	13063	10319	13981	9845	14544	9442	15043
3416	10955	10955	10057	11891	9281	12767	8832	13306	8450	13784
3413	4806	4806	4218	5433	3721	6030	3438	6402	3202	6735
3706	7598	7599	6854	8381	6216	9120	5849	9576	5540	9982
3600	11625	11625	10699	12589	9899	13490	9434	14044	9040	14534
3415	13784	13785	12775	14832	11898	15809	11389	16408	10955	16938
3320	12083	12083	11139	13065	10321	13983	9847	14547	9444	15046
3505	20524	20524	19288	21798	18207	22979	17576	23700	17036	24336
3414	11309	11310	10397	12260	9608	13150	9150	13697	8762	14181
6900	4698	4698	4116	5318	3626	5909	3347	6277	3114	6606
2940	10885	10885	9990	11818	9216	12692	8769	13229	8389	13705
2216	8807	8807	8004	9648	7313	10439	6915	10927	6578	11360
3046	11334	11335	10421	12287	9631	13177	9173	13724	8784	14209
2225	9318	9318	8491	10183	7780	10995	7369	11495	7021	11940
3426	9409	9409	8578	10278	7863	11094	7450	11597	7100	12043
3427	10089	10090	9228	10989	8486	11831	8056	12351	7692	12811
3045	12995	12996	12015	14013	11166	14963	10673	15546	10253	16062
3310	12758	12758	11787	13767	10946	14708	10458	15286	10042	15798
3030	20080	20081	18858	21341	17789	22510	17165	23223	16632	23853
3130	8714	8714	7915	9551	7228	10338	6832	10823	6498	11254
3010	19240	19241	18044	20475	16999	21620	16389	22319	15868	22937
3020	13542	13543	12541	14581	11673	15549	11169	16144	10739	16669
3425	9464	9465	8631	10336	7913	11154	7499	11658	7148	12105
2100	8595	8596	7802	9427	7121	10209	6728	10692	6396	11120
1606	6162	6163	5494	6869	4924	7539	4598	7955	4324	8325
2215	8249	8249	7472	9064	6805	9831	6422	10304	6097	10725
1720	13409	13409	12413	14443	11550	15407	11048	15998	10621	16521
3120	13207	13208	12220	14234	11363	15191	10865	15778	10442	16298
1900	562	562	373	788	236	1026	169	1182	120	1328
3110	3751	3751	3234	4307	2800	4840	2556	5175	2353	5474
3200	10041	10042	9182	10938	8442	11779	8013	12297	7650	12757
1605	8390	8390	7607	9212	6934	9985	6546	10462	6218	10886
2000	6409	6409	5727	7130	5145	7812	4812	8234	4531	8611
1820	5029	5029	4426	5669	3917	6279	3627	6659	3384	6998
1200	8286	8286	7507	9103	6839	9871	6454	10346	6129	10767
1710	12762	12762	11791	13771	10950	14713	10461	15291	10046	15802
1810	3433	3433	2939	3966	2527	4478	2295	4800	2103	5088
900	5301	5302	4682	5958	4158	6583	3859	6972	3608	7319
806	16039	16039	14948	17168	13999	18217	13446	18860	12974	19428
1506	10391	10391	9517	11303	8762	12158	8326	12684	7956	13150
1410	5760	5761	5114	6445	4566	7094	4252	7497	3989	7856
1505	9919	9919	9065	10811	8330	11647	7904	12162	7544	12619
1330	9085	9086	8269	9940	7567	10742	7162	11237	6819	11676
1000	4142	4143	3597	4725	3140	5283	2881	5632	2665	5944
1320	7439	7440	6703	8214	6072	8945	5710	9397	5404	9799
1420	10940	10940	10042	11875	9267	12751	8818	13290	8437	13767
1130	3319	3319	2833	3843	2429	4348	2202	4664	2013	4949
1116	8698	8698	7900	9534	7214	10320	6818	10805	6484	11236
1310	10863	10863	9968	11795	9196	12668	8749	13205	8369	13680
805	10270	10270	9401	11177	8651	12027	8218	12550	7850	13014
1115	7138	7139	6417	7898	5801	8615	5447	9059	5148	9454
205	6070	6070	5407	6772	4842	7437	4519	7850	4247	8218
136	5283	5284	4665	5939	4142	6563	3844	6951	3594	7297
1120	17201	17202	16071	18370	15086	19455	14512	20119	14022	20705
705	12220	12220	11270	13208	10448	14130	9971	14697	9566	15199
120	5414	5414	4788	6077	4257	6708	3955	7101	3701	7451
325	11141	11142	10235	12085	9452	12968	8999	13512	8614	13993
135	7251	7251	6524	8016	5902	8738	5545	9185	5243	9583
706	6511	6511	5823	7237	5237	7924	4900	8350	4617	8729
206	6228	6229	5556	6939	4983	7612	4656	8030	4380	8402
2910	2018	2018	1644	2431	1339	2836	1172	3093	1036	3325
315	6697	6697	5999	7433	5403	8129	5061	8560	4774	8944
2935	2306	2307	1905	2746	1576	3175	1394	3447	1245	3692
605	11284	11285	10373	12234	9584	13123	9128	13669	8740	14153
606	13049	13050	12067	14069	11216	15021	10722	15605	10301	16122
506	13867	13868	12855	14919	11976	15898	11464	16499	11029	17030
110	2493	2493	2075	2950	1731	3394	1540	3675	1383	3927
505	24704	24704	23346	26100	22155	27391	21458	28178	20861	28871
2936	3237	3237	2757	3754	2358	4253	2135	4567	1949	4848
405	13129	13130	12144	14153	11290	15107	10794	15693	10372	16211
2926	10949	10949	10051	11885	9275	12761	8826	13300	8445	13777
2925	9369	9369	8540	10236	7826	11050	7414	11552	7065	11997
2927	6586	6587	5894	7317	5304	8007	4966	8435	4681	8816
