faz_id mean median lower_50 upper_50 lower_80 upper_80 lower_90 upper_90 lower_95 upper_95
8935	5195	5195	4792	5614	4443	6005	4241	6246	4069	6459
8927	2223	2223	1962	2500	1741	2763	1616	2927	1510	3073
8926	6215	6216	5774	6673	5391	7099	5167	7360	4977	7591
8936	7358	7358	6877	7855	6458	8317	6213	8599	6005	8849
8500	8164	8164	7657	8687	7214	9172	6955	9469	6734	9730
8406	839	840	682	1013	555	1183	485	1291	428	1388
8320	4962	4963	4569	5372	4228	5755	4031	5990	3863	6199
8925	6372	6372	5925	6835	5536	7266	5310	7530	5117	7764
8937	6567	6567	6113	7037	5718	7475	5489	7743	5293	7979
8405	6532	6532	6079	7001	5686	7437	5456	7705	5261	7941
8310	13466	13466	12812	14136	12238	14753	11900	15128	11611	15458
8910	6902	6902	6436	7384	6031	7832	5795	8106	5593	8348
7905	10111	10112	9546	10693	9051	11230	8761	11558	8513	11847
7606	1863	1863	1625	2117	1424	2360	1311	2511	1216	2647
7805	8896	8896	8366	9442	7903	9947	7633	10256	7401	10528
8220	9225	9225	8685	9780	8213	10295	7937	10609	7701	10886
8000	6193	6194	5753	6650	5370	7075	5147	7336	4957	7567
8906	3437	3437	3111	3780	2831	4102	2670	4301	2534	4478
8210	6588	6589	6134	7059	5738	7497	5508	7766	5311	8003
9020	8408	8408	7893	8939	7444	9431	7181	9732	6957	9997
8125	8302	8302	7791	8829	7344	9319	7083	9617	6860	9881
8126	6911	6911	6445	7393	6040	7841	5803	8116	5602	8358
8905	3858	3859	3512	4221	3215	4561	3043	4771	2897	4957
7806	2842	2842	2546	3154	2294	3449	2149	3632	2027	3795
7700	3664	3664	3327	4017	3037	4349	2870	4554	2729	4736
7526	6438	6438	5989	6904	5598	7337	5370	7602	5177	7837
7340	10863	10863	10277	11465	9763	12021	9461	12360	9204	12659
7605	785	785	633	953	511	1118	444	1223	389	1318
7537	12716	12716	12081	13367	11523	13967	11196	14332	10915	14654
8115	15120	15121	14427	15830	13817	16482	13459	16879	13151	17228
7335	15880	15881	15170	16607	14544	17275	14176	17681	13860	18038
8600	7547	7548	7060	8051	6635	8518	6387	8804	6176	9056
7425	11064	11064	10472	11672	9954	12233	9649	12575	9389	12876
7535	14015	14015	13348	14698	12761	15327	12417	15710	12121	16046
7525	6798	6798	6336	7276	5934	7720	5699	7993	5500	8233
7436	2276	2276	2012	2556	1789	2823	1661	2988	1554	3136
9019	7430	7430	6947	7930	6525	8393	6280	8677	6070	8928
7026	4325	4325	3958	4708	3641	5067	3458	5288	3303	5484
7205	6238	6239	5796	6697	5412	7124	5188	7385	4998	7617
7515	2360	2360	2091	2645	1863	2915	1732	3083	1623	3233
7320	12214	12214	11592	12852	11046	13441	10725	13799	10450	14115
7206	8256	8256	7746	8782	7301	9270	7040	9568	6818	9831
7315	7470	7470	6986	7971	6563	8436	6316	8721	6106	8972
7435	3301	3301	2981	3636	2708	3953	2550	4148	2417	4322
7316	8555	8556	8036	9091	7582	9587	7317	9890	7091	10157
7025	10532	10532	9955	11125	9449	11673	9153	12008	8899	12302
7415	5165	5165	4763	5583	4416	5973	4214	6213	4042	6425
7100	13984	13984	13318	14666	12732	15294	12387	15677	12092	16013
7015	8119	8120	7614	8641	7172	9125	6915	9421	6694	9682
9908	1197	1198	1008	1403	852	1602	765	1727	693	1840
6410	20899	20900	20083	21731	19362	22495	18937	22958	18571	23364
6420	18071	18071	17312	18845	16643	19556	16249	19988	15911	20368
5535	13197	13198	12551	13861	11982	14472	11648	14844	11362	15171
5600	7339	7339	6859	7835	6440	8297	6196	8579	5987	8828
5546	7848	7848	7351	8361	6917	8837	6664	9128	6448	9385
4706	5405	5405	4994	5832	4637	6230	4430	6475	4255	6692
6605	4844	4844	4455	5249	4119	5628	3924	5860	3759	6067
6910	2172	2172	1914	2446	1696	2706	1572	2868	1468	3013
6606	2461	2461	2186	2752	1953	3028	1819	3199	1707	3352
9909	2483	2483	2207	2775	1972	3052	1838	3224	1726	3378
9011	5120	5120	4720	5536	4374	5924	4173	6163	4002	6375
5525	7082	7083	6611	7570	6200	8024	5960	8301	5756	8546
5515	12324	12324	11699	12965	11150	13556	10828	13916	10552	14233
6326	12223	12223	11601	12861	11054	13450	10734	13809	10459	14124
9914	8101	8102	7596	8623	7155	9106	6898	9402	6678	9662
5545	6480	6480	6029	6947	5637	7382	5409	7648	5214	7883
6223	14208	14208	13537	14896	12946	15529	12599	15914	12301	16253
5306	11387	11388	10787	12004	10261	12573	9952	12920	9687	13225
6325	17092	17093	16355	17846	15705	18538	15322	18959	14994	19328
9009	2247	2247	1985	2525	1763	2790	1636	2955	1530	3102
9006	5217	5217	4813	5637	4464	6029	4261	6270	4088	6483
6225	11542	11542	10937	12162	10407	12735	10096	13084	9829	13391
9018	9450	9450	8904	10012	8426	10533	8146	10850	7907	11130
5425	18739	18740	17967	19528	17285	20252	16884	20692	16539	21077
5305	13367	13367	12716	14034	12143	14649	11807	15023	11519	15352
5426	8927	8927	8397	9474	7933	9980	7661	10290	7429	10562
6226	15085	15086	14393	15794	13784	16446	13425	16842	13118	17190
6126	6121	6121	5683	6575	5303	6998	5081	7258	4893	7487
6224	11499	11499	10895	12118	10366	12690	10056	13038	9790	13345
6216	6990	6990	6522	7475	6114	7925	5876	8201	5673	8445
6316	15895	15896	15185	16622	14559	17291	14190	17697	13874	18054
6215	12550	12551	11920	13197	11366	13794	11041	14157	10762	14476
5100	3114	3114	2804	3440	2539	3748	2386	3939	2258	4108
6213	10411	10411	9837	11001	9335	11546	9040	11878	8788	12171
9005	2533	2533	2254	2828	2017	3108	1882	3281	1767	3436
6124	15017	15018	14327	15724	13719	16374	13361	16770	13054	17117
6125	5677	5677	5256	6115	4890	6523	4678	6773	4497	6995
6214	244	244	163	341	104	442	75	509	54	571
5415	6498	6498	6047	6966	5654	7401	5425	7668	5230	7903
5205	6320	6320	5875	6781	5488	7210	5262	7474	5071	7706
9916	7171	7171	6696	7661	6282	8117	6041	8397	5835	8643
9913	3503	3504	3174	3849	2891	4174	2728	4375	2591	4553
9915	9894	9894	9335	10469	8845	11001	8559	11326	8314	11612
4606	10352	10352	9780	10940	9279	11484	8985	11815	8734	12107
6115	11971	11972	11356	12603	10815	13186	10498	13542	10226	13854
4820	3814	3814	3470	4175	3174	4513	3004	4722	2859	4907
9017	1611	1612	1391	1848	1206	2076	1102	2218	1015	2346
6123	13526	13526	12871	14197	12295	14816	11957	15192	11667	15523
6114	18315	18315	17551	19095	16878	19811	16481	20245	16140	20627
4607	10921	10921	10333	11525	9818	12082	9516	12422	9257	12722
6505	4984	4985	4590	5395	4249	5779	4051	6015	3883	6224
5020	10946	10946	10357	11550	9841	12109	9539	12449	9280	12749
6113	27802	27803	26860	28761	26025	29638	25532	30170	25107	30635
5010	9048	9049	8514	9599	8047	10108	7774	10420	7540	10694
6020	16091	16091	15376	16822	14746	17495	14375	17903	14057	18262
4900	9909	9909	9350	10485	8860	11017	8573	11342	8327	11628
6010	10182	10183	9615	10766	9118	11305	8827	11634	8578	11924
4400	9783	9783	9227	10355	8740	10884	8455	11207	8212	11491
9900	4843	4843	4454	5248	4118	5627	3924	5859	3758	6065
9904	6351	6351	5905	6813	5517	7244	5291	7507	5098	7741
9902	14206	14206	13535	14894	12944	15527	12597	15912	12299	16251
4810	4816	4816	4428	5220	4093	5597	3899	5830	3734	6035
5720	19727	19727	18934	20536	18234	21278	17822	21728	17467	22124
9901	3748	3748	3407	4105	3114	4441	2945	4648	2802	4832
5826	3307	3307	2987	3643	2713	3959	2555	4155	2422	4329
5825	2025	2025	1777	2290	1567	2542	1448	2699	1348	2840
5925	11846	11847	11234	12475	10696	13055	10381	13408	10111	13719
9015	6206	6207	5765	6664	5382	7089	5159	7350	4969	7581
4506	7790	7790	7295	8301	6863	8776	6611	9066	6395	9322
4605	10908	10908	10320	11511	9805	12069	9503	12409	9245	12708
9002	16836	16836	16104	17584	15459	18271	15080	18689	14754	19055
4226	7534	7535	7048	8037	6623	8504	6375	8790	6164	9042
4505	6105	6105	5668	6559	5288	6981	5067	7240	4879	7469
4225	7335	7335	6855	7831	6436	8292	6192	8574	5984	8823
5716	11214	11215	10619	11826	10096	12391	9790	12735	9527	13038
5916	15004	15005	14314	15711	13706	16361	13349	16756	13042	17103
4300	5418	5418	5006	5845	4649	6244	4442	6490	4266	6706
5815	2261	2261	1998	2540	1775	2806	1648	2971	1542	3118
9004	7868	7868	7370	8382	6936	8859	6683	9150	6466	9407
5715	8157	8157	7650	8680	7207	9165	6949	9461	6728	9722
3330	5838	5838	5410	6281	5039	6695	4823	6949	4640	7173
6506	6477	6477	6026	6944	5634	7378	5406	7645	5212	7880
5915	8212	8212	7703	8736	7259	9223	7000	9520	6778	9783
3905	4707	4707	4324	5106	3993	5479	3801	5709	3638	5913
4130	8843	8843	8315	9387	7853	9891	7583	10199	7353	10471
6930	4561	4562	4184	4955	3859	5323	3670	5549	3510	5750
3825	8870	8870	8341	9415	7879	9920	7608	10228	7377	10500
4120	9102	9103	8567	9654	8098	10166	7824	10478	7590	10753
3816	10469	10469	9894	11060	9390	11607	9094	11940	8841	12234
4210	10781	10782	10198	11382	9686	11936	9386	12274	9129	12571
9016	5536	5536	5120	5968	4759	6371	4549	6619	4371	6838
4005	6526	6526	6074	6995	5680	7431	5451	7698	5256	7934
4230	4646	4646	4265	5042	3936	5413	3746	5642	3584	5844
3815	8931	8931	8400	9478	7936	9984	7665	10294	7433	10566
3705	14002	14002	13335	14684	12749	15313	12404	15696	12109	16032
3900	3417	3417	3092	3758	2813	4080	2652	4278	2517	4455
4110	9286	9286	8744	9843	8271	10359	7994	10674	7757	10952
3416	9759	9759	9204	10330	8718	10858	8433	11181	8190	11465
3413	4096	4096	3739	4469	3432	4819	3254	5035	3104	5226
3706	7449	7449	6965	7949	6543	8414	6297	8698	6087	8949
3600	10031	10031	9468	10610	8975	11146	8687	11472	8440	11760
3415	11617	11617	11011	12240	10478	12814	10166	13164	9899	13472
3320	11283	11284	10686	11897	10162	12464	9854	12809	9591	13113
3505	18705	18706	17934	19493	17253	20217	16852	20656	16507	21041
3414	10826	10826	10240	11427	9727	11982	9427	12321	9169	12619
6900	3675	3675	3337	4029	3047	4361	2880	4566	2739	4748
2940	8192	8192	7684	8716	7240	9202	6981	9499	6760	9761
2216	7960	7960	7460	8477	7023	8956	6768	9249	6550	9508
3046	10605	10605	10026	11200	9519	11750	9221	12086	8967	12381
2225	7409	7409	6926	7908	6506	8371	6260	8655	6051	8905
3426	8397	8397	7883	8928	7433	9419	7171	9720	6947	9985
3427	9333	9333	8790	9892	8315	10409	8038	10725	7800	11003
3045	12231	12231	11608	12870	11062	13459	10741	13817	10466	14133
3310	8673	8673	8150	9212	7693	9711	7426	10016	7197	10285
3030	17576	17576	16828	18340	16169	19042	15780	19468	15447	19842
3130	7762	7762	7268	8272	6836	8746	6585	9035	6370	9291
3010	17544	17544	16797	18307	16138	19008	15750	19434	15417	19808
3020	11072	11072	10480	11680	9961	12241	9657	12584	9396	12885
3425	8403	8403	7889	8934	7439	9426	7177	9726	6952	9991
2100	8039	8040	7536	8559	7097	9040	6841	9335	6622	9594
1606	5974	5974	5541	6423	5166	6841	4947	7097	4761	7324
2215	7776	7776	7281	8287	6850	8761	6598	9051	6383	9306
1720	11974	11975	11359	12606	10818	13190	10501	13545	10229	13857
3120	10255	10255	9685	10840	9187	11381	8894	11711	8645	12002
1900	563	563	435	706	335	849	281	941	238	1024
3110	3676	3676	3338	4030	3048	4362	2881	4567	2739	4750
3200	8797	8797	8270	9340	7810	9842	7541	10150	7311	10420
1605	8274	8274	7763	8801	7318	9289	7057	9587	6835	9850
2000	5678	5678	5257	6116	4891	6524	4679	6775	4498	6996
1820	4923	4924	4531	5331	4192	5713	3996	5948	3829	6155
1200	7699	7699	7207	8207	6777	8679	6527	8967	6313	9222
1710	9994	9994	9432	10572	8940	11107	8652	11433	8406	11720
1810	2164	2164	1907	2437	1689	2697	1565	2859	1461	3004
900	4796	4796	4409	5199	4075	5576	3881	5807	3717	6013
806	13416	13416	12764	14084	12190	14700	11853	15075	11564	15405
1506	9942	9942	9382	10519	8891	11052	8604	11377	8358	11664
1410	5161	5161	4759	5579	4412	5969	4210	6208	4039	6421
1505	9401	9401	8856	9962	8380	10481	8101	10798	7862	11077
1330	8758	8758	8232	9299	7773	9801	7505	10108	7275	10378
1000	4011	4011	3658	4380	3354	4726	3178	4940	3030	5129
1320	7394	7394	6912	7892	6492	8355	6246	8638	6037	8888
1420	6354	6354	5907	6816	5519	7247	5293	7511	5101	7744
1130	2853	2853	2557	3166	2304	3461	2159	3645	2036	3807
1116	7891	7891	7393	8406	6958	8883	6704	9175	6487	9432
1310	10752	10753	10169	11352	9658	11905	9359	12243	9102	12540
805	9082	9083	8547	9634	8079	10144	7805	10456	7571	10731
1115	6329	6329	5883	6790	5496	7220	5271	7483	5079	7716
205	5961	5961	5529	6409	5154	6827	4935	7083	4750	7309
136	5160	5160	4758	5578	4411	5968	4209	6207	4038	6419
1120	15199	15200	14505	15910	13893	16565	13533	16962	13224	17312
705	8093	8094	7589	8614	7148	9098	6891	9393	6671	9654
120	5117	5117	4717	5533	4371	5921	4170	6160	4000	6371
325	10401	10401	9827	10990	9325	11535	9031	11868	8779	12160
135	7136	7137	6663	7626	6250	8081	6010	8360	5805	8606
706	5253	5253	4848	5674	4497	6068	4293	6310	4120	6523
206	6082	6082	5646	6535	5266	6957	5046	7215	4858	7444
2910	1516	1516	1302	1746	1123	1967	1023	2106	939	2230
315	6374	6374	5927	6837	5538	7268	5312	7533	5119	7766
2935	2251	2251	1989	2530	1766	2795	1640	2959	1533	3106
605	9978	9978	9417	10556	8925	11090	8637	11416	8391	11703
606	10613	10613	10034	11209	9526	11759	9229	12094	8974	12390
506	10645	10646	10065	11242	9557	11793	9259	12129	9004	12424
110	2239	2239	1977	2517	1756	2781	1629	2946	1523	3092
505	19508	19509	18720	20313	18024	21051	17614	21499	17262	21893
2936	2834	2834	2539	3146	2287	3440	2142	3623	2020	3785
405	10920	10920	10332	11524	9817	12081	9515	12421	9256	12721
2926	9434	9434	8888	9996	8411	10516	8132	10833	7893	11113
2925	6266	6266	5822	6725	5437	7153	5213	7415	5022	7646
2927	3478	3478	3150	3823	2869	4147	2706	4347	2569	4525
