faz_id mean median lower_50 upper_50 lower_80 upper_80 lower_90 upper_90 lower_95 upper_95
8935	4773	4773	4430	5129	4132	5460	3958	5664	3811	5843
8927	2047	2047	1825	2283	1635	2505	1527	2644	1436	2767
8926	5488	5488	5119	5869	4799	6223	4612	6440	4452	6632
8936	6767	6767	6357	7189	5999	7581	5790	7820	5611	8031
8500	7409	7409	6980	7851	6604	8260	6385	8509	6197	8729
8406	631	631	510	765	413	896	359	979	316	1055
8320	4525	4525	4191	4872	3902	5195	3733	5394	3590	5569
8925	5555	5555	5184	5938	4861	6295	4673	6513	4513	6705
8937	5011	5011	4659	5375	4353	5714	4175	5922	4023	6106
8405	5534	5534	5164	5917	4842	6272	4654	6490	4494	6682
8310	12551	12552	11991	13125	11497	13652	11207	13972	10957	14254
8910	5870	5870	5488	6264	5156	6629	4962	6853	4797	7051
7905	8588	8589	8126	9064	7720	9503	7483	9770	7279	10006
7606	1532	1532	1340	1737	1179	1932	1087	2053	1010	2162
7805	7580	7581	7146	8027	6766	8441	6544	8693	6354	8915
8220	8269	8269	7815	8735	7418	9166	7185	9429	6985	9661
8000	5824	5824	5444	6216	5113	6580	4920	6803	4755	7000
8906	3162	3162	2884	3453	2645	3726	2506	3894	2389	4044
8210	5095	5095	4740	5462	4432	5804	4252	6014	4099	6199
9020	7270	7270	6845	7708	6473	8113	6256	8360	6070	8578
8125	7798	7798	7357	8251	6972	8670	6746	8926	6553	9151
8126	5917	5917	5534	6312	5200	6679	5005	6904	4839	7102
8905	3591	3591	3294	3900	3038	4190	2889	4368	2763	4526
7806	2141	2141	1913	2381	1719	2609	1608	2750	1514	2875
7700	3634	3634	3335	3945	3077	4236	2928	4416	2801	4575
7526	6264	6264	5870	6670	5526	7048	5325	7278	5153	7482
7340	10224	10225	9719	10742	9275	11220	9015	11510	8791	11766
7605	758	758	625	904	516	1046	456	1136	407	1217
7537	11850	11851	11306	12407	10827	12920	10545	13232	10303	13506
8115	13870	13871	13281	14473	12761	15026	12455	15362	12192	15657
7335	14748	14748	14140	15369	13603	15939	13287	16285	13015	16588
8600	6639	6640	6234	7058	5879	7446	5672	7683	5495	7892
7425	10105	10106	9603	10620	9162	11095	8903	11384	8681	11638
7535	12762	12762	12197	13340	11699	13871	11406	14194	11154	14478
7525	6140	6140	5750	6543	5410	6917	5211	7145	5042	7347
7436	2184	2184	1954	2427	1758	2656	1645	2799	1550	2925
9019	6523	6523	6121	6938	5770	7323	5564	7558	5389	7765
7026	4223	4224	3901	4559	3622	4871	3459	5064	3322	5234
7205	5830	5830	5450	6222	5118	6587	4925	6810	4760	7007
7515	2192	2192	1961	2435	1765	2665	1652	2808	1557	2935
7320	11493	11493	10957	12041	10485	12547	10208	12854	9970	13124
7206	7914	7914	7470	8371	7082	8793	6854	9050	6660	9277
7315	6703	6703	6295	7123	5938	7513	5730	7751	5552	7961
7435	3025	3025	2753	3309	2519	3577	2384	3742	2270	3888
7316	7993	7993	7547	8452	7157	8876	6928	9135	6732	9363
7025	10077	10077	9576	10591	9135	11066	8876	11354	8655	11608
7415	4489	4489	4157	4835	3868	5157	3700	5354	3558	5529
7100	12032	12032	11483	12593	11000	13109	10716	13423	10472	13699
7015	7856	7856	7414	8311	7027	8731	6800	8988	6606	9214
9908	1196	1197	1028	1378	887	1552	808	1661	742	1759
6410	17319	17320	16660	17992	16077	18608	15733	18982	15438	19310
6420	15324	15324	14704	15956	14156	16537	13834	16890	13557	17199
5535	11467	11467	10931	12015	10460	12519	10183	12826	9945	13096
5600	6785	6785	6374	7208	6016	7600	5806	7839	5627	8051
5546	7000	7000	6583	7430	6219	7828	6006	8071	5823	8285
4706	5201	5201	4843	5572	4531	5918	4349	6129	4194	6316
6605	4384	4384	4055	4725	3770	5044	3605	5239	3464	5412
6910	1791	1791	1584	2012	1407	2221	1307	2352	1223	2468
6606	2114	2114	1887	2353	1695	2579	1584	2719	1491	2844
9909	2046	2046	1824	2282	1634	2504	1526	2643	1435	2766
9011	4514	4514	4181	4861	3891	5183	3723	5382	3580	5557
5525	6468	6468	6068	6881	5718	7264	5514	7499	5339	7705
5515	11585	11585	11047	12136	10573	12643	10295	12951	10056	13222
6326	12178	12178	11626	12743	11140	13262	10854	13578	10609	13855
9914	7120	7121	6700	7554	6332	7955	6117	8200	5933	8416
5545	5867	5867	5486	6261	5153	6626	4959	6850	4794	7047
6223	13567	13567	12984	14163	12470	14710	12168	15043	11908	15335
5306	11054	11054	10528	11592	10066	12088	9794	12390	9561	12655
6325	16804	16804	16154	17466	15580	18073	15242	18442	14951	18765
9009	2053	2053	1830	2289	1641	2512	1532	2651	1441	2774
9006	4252	4252	3928	4588	3648	4902	3485	5094	3346	5265
6225	10552	10552	10039	11078	9587	11563	9322	11858	9095	12117
9018	8235	8235	7782	8700	7385	9130	7153	9393	6954	9624
5425	17544	17544	16880	18220	16293	18841	15947	19217	15649	19546
5305	12912	12912	12344	13493	11842	14028	11548	14352	11295	14638
5426	8370	8370	7914	8839	7513	9273	7279	9537	7078	9770
6226	14642	14642	14036	15260	13501	15828	13186	16173	12916	16476
6126	6063	6063	5676	6463	5337	6835	5140	7062	4972	7263
6224	11338	11339	10806	11884	10338	12385	10062	12691	9826	12959
6216	6920	6920	6506	7347	6143	7743	5931	7985	5750	8198
6316	15642	15642	15016	16281	14463	16868	14137	17224	13856	17536
6215	11930	11931	11384	12489	10903	13004	10620	13317	10378	13591
5100	3101	3101	2826	3389	2589	3660	2452	3826	2336	3974
6213	10096	10097	9594	10611	9153	11086	8894	11374	8672	11628
9005	2214	2214	1982	2458	1785	2690	1671	2833	1576	2960
6124	14826	14826	14216	15448	13678	16020	13361	16367	13089	16671
6125	5595	5595	5223	5980	4899	6337	4710	6556	4549	6749
6214	243	243	170	328	116	415	88	473	68	526
5415	6501	6501	6100	6915	5749	7299	5544	7534	5369	7741
5205	5789	5790	5411	6181	5081	6544	4888	6767	4724	6963
9916	5858	5858	5477	6251	5145	6617	4951	6840	4786	7038
9913	3430	3430	3140	3733	2890	4016	2745	4191	2623	4346
9915	8056	8057	7609	8517	7216	8943	6987	9202	6790	9431
4606	9162	9162	8684	9652	8264	10105	8018	10381	7808	10624
6115	11728	11728	11187	12282	10710	12793	10430	13103	10189	13375
4820	3732	3732	3429	4047	3168	4343	3016	4524	2887	4685
9017	1447	1447	1261	1646	1104	1836	1015	1954	941	2060
6123	11865	11866	11321	12423	10841	12936	10559	13248	10317	13522
6114	17583	17583	16918	18260	16331	18881	15984	19257	15686	19588
4607	9577	9578	9089	10079	8659	10541	8408	10823	8192	11071
6505	4804	4804	4460	5161	4161	5494	3987	5697	3838	5878
5020	10419	10419	9909	10942	9460	11423	9197	11717	8971	11974
6113	26064	26065	25254	26887	24535	27640	24110	28095	23743	28493
5010	8820	8820	8351	9301	7940	9746	7699	10017	7492	10256
6020	13701	13702	13115	14300	12599	14850	12295	15184	12033	15477
4900	6023	6023	5637	6422	5300	6792	5103	7019	4935	7219
6010	8853	8853	8383	9335	7971	9781	7730	10052	7523	10291
4400	9697	9697	9205	10201	8773	10666	8519	10950	8302	11199
9900	4291	4291	3966	4628	3684	4944	3520	5137	3381	5308
9904	5798	5799	5420	6190	5089	6554	4897	6776	4732	6973
9902	13449	13449	12869	14042	12357	14587	12056	14918	11797	15209
4810	4686	4686	4346	5038	4051	5367	3879	5569	3733	5747
5720	19278	19278	18582	19987	17966	20636	17603	21030	17290	21375
9901	3129	3129	2853	3419	2614	3690	2477	3858	2360	4006
5826	3141	3141	2864	3431	2625	3703	2488	3871	2371	4020
5825	1798	1798	1590	2019	1414	2229	1313	2360	1229	2476
5925	11238	11239	10708	11781	10242	12281	9968	12585	9733	12852
9015	5729	5730	5353	6119	5025	6480	4833	6702	4670	6897
4506	7452	7452	7022	7895	6645	8305	6425	8556	6236	8776
4605	10197	10198	9693	10715	9250	11192	8989	11482	8766	11737
9002	14283	14283	13685	14894	13157	15455	12846	15796	12579	16095
4226	6858	6858	6445	7283	6085	7677	5874	7918	5694	8130
4505	5985	5985	5600	6383	5264	6752	5068	6978	4901	7177
4225	6711	6711	6302	7131	5946	7521	5738	7760	5560	7970
5716	10833	10833	10312	11366	9855	11856	9586	12155	9356	12418
5916	14399	14400	13799	15013	13269	15576	12956	15918	12688	16219
4300	5053	5053	4699	5419	4392	5759	4213	5968	4061	6152
5815	2132	2132	1904	2372	1711	2599	1600	2740	1507	2865
9004	6948	6948	6533	7376	6170	7773	5957	8015	5776	8228
5715	8099	8100	7651	8561	7257	8988	7027	9248	6830	9477
3330	5159	5159	4802	5529	4491	5873	4311	6083	4156	6270
6506	5837	5837	5456	6229	5125	6594	4932	6818	4767	7014
5915	7892	7892	7449	8348	7061	8769	6834	9027	6639	9253
3905	4256	4256	3932	4592	3651	4906	3488	5099	3350	5269
4130	8559	8560	8098	9034	7693	9472	7456	9739	7252	9974
6930	4568	4569	4233	4917	3942	5241	3772	5441	3628	5617
3825	8238	8238	7785	8703	7388	9134	7156	9396	6957	9627
4120	8753	8753	8286	9232	7876	9675	7636	9945	7431	10183
3816	9765	9765	9271	10271	8838	10738	8583	11022	8365	11272
4210	9622	9623	9133	10125	8702	10589	8450	10871	8233	11119
9016	4686	4686	4346	5038	4051	5367	3879	5569	3733	5747
4005	5925	5925	5542	6321	5208	6688	5013	6913	4847	7111
4230	4130	4130	3811	4462	3535	4771	3375	4961	3239	5130
3815	8793	8793	8325	9274	7914	9718	7674	9988	7468	10226
3705	13282	13282	12705	13871	12197	14413	11897	14742	11640	15031
3900	2928	2928	2660	3208	2430	3471	2298	3633	2186	3778
4110	8450	8450	7991	8922	7589	9357	7354	9623	7152	9857
3416	9372	9372	8889	9868	8464	10326	8215	10605	8002	10850
3413	3532	3533	3238	3840	2984	4127	2837	4304	2712	4461
3706	7122	7123	6702	7556	6334	7957	6119	8202	5935	8418
3600	9276	9276	8795	9769	8373	10225	8125	10502	7913	10747
3415	10419	10419	9909	10942	9460	11423	9197	11717	8971	11974
3320	10580	10580	10066	11107	9614	11592	9349	11888	9121	12147
3505	17277	17278	16619	17949	16037	18564	15693	18938	15398	19265
3414	10089	10090	9587	10604	9147	11078	8888	11367	8666	11621
6900	3230	3231	2949	3524	2707	3800	2567	3970	2448	4121
2940	6463	6463	6063	6876	5713	7259	5509	7493	5334	7700
2216	7218	7218	6794	7654	6424	8058	6207	8304	6022	8521
3046	10232	10233	9727	10751	9283	11228	9022	11519	8799	11775
2225	6422	6422	6023	6834	5674	7216	5471	7449	5297	7655
3426	7136	7137	6715	7570	6347	7972	6132	8217	5948	8433
3427	8617	8618	8154	9094	7748	9533	7510	9801	7306	10037
3045	11404	11404	10870	11950	10400	12453	10124	12760	9887	13029
3310	7144	7145	6723	7579	6355	7980	6139	8226	5955	8442
3030	14621	14621	14015	15239	13481	15806	13166	16151	12896	16453
3130	7402	7402	6973	7844	6598	8252	6378	8502	6191	8722
3010	16299	16299	15660	16951	15095	17550	14762	17913	14475	18231
3020	10481	10481	9969	11005	9520	11488	9256	11783	9029	12041
3425	7198	7198	6775	7633	6405	8036	6189	8283	6004	8500
2100	7673	7673	7236	8122	6853	8538	6630	8792	6438	9015
1606	5812	5813	5433	6205	5103	6569	4910	6791	4745	6988
2215	7259	7259	6834	7696	6463	8101	6245	8348	6060	8566
1720	11412	11412	10877	11958	10407	12462	10131	12768	9894	13037
3120	9801	9801	9306	10308	8872	10776	8617	11061	8398	11311
1900	563	563	449	689	358	814	308	893	268	966
3110	3479	3479	3187	3784	2935	4070	2789	4245	2666	4401
3200	8049	8050	7602	8510	7210	8935	6980	9195	6784	9423
1605	8197	8197	7745	8661	7349	9090	7117	9352	6919	9583
2000	4799	4799	4455	5156	4156	5488	3982	5692	3834	5872
1820	4725	4725	4383	5079	4087	5409	3915	5611	3768	5790
1200	7087	7088	6668	7520	6301	7920	6086	8164	5903	8380
1710	9247	9247	8767	9740	8345	10194	8098	10472	7886	10715
1810	1867	1867	1654	2092	1474	2305	1371	2438	1285	2556
900	4407	4407	4077	4749	3792	5068	3626	5264	3484	5438
806	11460	11460	10924	12008	10453	12512	10177	12819	9939	13088
1506	9549	9550	9061	10050	8633	10512	8381	10793	8166	11041
1410	4884	4884	4537	5244	4235	5579	4060	5785	3910	5966
1505	8973	8973	8500	9459	8085	9907	7842	10180	7634	10421
1330	8128	8128	7678	8590	7284	9018	7053	9278	6855	9508
1000	3845	3846	3538	4165	3272	4465	3118	4649	2987	4812
1320	7360	7360	6932	7800	6558	8208	6339	8457	6152	8676
1420	5391	5392	5026	5769	4709	6121	4523	6336	4365	6526
1130	2464	2464	2219	2721	2010	2964	1889	3115	1788	3248
1116	7335	7335	6908	7775	6534	8182	6316	8430	6129	8649
1310	10414	10414	9904	10936	9456	11418	9192	11711	8967	11969
805	7853	7853	7411	8308	7024	8728	6797	8985	6603	9211
1115	5098	5098	4743	5465	4434	5807	4255	6017	4102	6202
205	5817	5817	5437	6209	5106	6573	4913	6796	4749	6993
136	5063	5063	4709	5429	4402	5770	4223	5979	4070	6163
1120	13437	13437	12857	14030	12345	14575	12044	14906	11786	15196
705	6926	6926	6511	7353	6149	7749	5937	7991	5756	8204
120	4836	4836	4491	5194	4191	5528	4016	5732	3867	5913
325	9527	9527	9040	10027	8612	10489	8361	10770	8145	11017
135	6796	6796	6385	7219	6026	7612	5816	7851	5637	8063
706	4805	4805	4461	5162	4162	5495	3988	5699	3839	5879
206	5969	5969	5584	6366	5249	6735	5053	6960	4886	7159
2910	1307	1307	1131	1496	983	1678	899	1791	829	1893
315	6080	6080	5692	6481	5353	6853	5156	7081	4987	7281
2935	2218	2218	1986	2463	1788	2694	1675	2837	1579	2965
605	8466	8466	8007	8938	7605	9374	7369	9640	7167	9874
606	8201	8201	7749	8665	7353	9095	7121	9356	6923	9587
506	9032	9033	8558	9519	8142	9969	7897	10243	7688	10484
110	2166	2166	1937	2408	1741	2636	1629	2778	1535	2904
505	15851	15852	15221	16495	14664	17085	14336	17443	14053	17758
2936	2587	2587	2336	2851	2121	3100	1998	3253	1893	3390
405	9015	9016	8541	9502	8125	9951	7881	10225	7673	10466
2926	8918	8918	8447	9402	8033	9849	7791	10122	7583	10361
2925	5756	5757	5379	6147	5050	6509	4858	6731	4694	6927
2927	2738	2738	2480	3009	2258	3264	2130	3422	2022	3562
