faz_id mean median lower_50 upper_50 lower_80 upper_80 lower_90 upper_90 lower_95 upper_95
8935	5195	5195	4692	5723	4261	6221	4013	6529	3804	6803
8927	2223	2223	1898	2573	1628	2910	1476	3122	1350	3312
8926	6215	6216	5664	6792	5190	7334	4916	7668	4683	7964
8936	7358	7358	6757	7984	6238	8571	5937	8931	5682	9251
8500	8164	8164	7530	8823	6981	9438	6663	9817	6392	10151
8406	839	840	645	1060	492	1280	410	1421	345	1550
8320	4962	4963	4471	5479	4051	5967	3809	6268	3605	6536
8925	6372	6372	5813	6956	5333	7503	5055	7841	4819	8141
8937	6567	6568	6000	7160	5511	7715	5229	8058	4990	8361
8405	6532	6532	5967	7123	5479	7677	5198	8019	4959	8322
8310	13466	13466	12648	14309	11934	15090	11517	15567	11160	15988
8910	6902	6902	6320	7509	5818	8078	5528	8428	5282	8739
7905	10111	10112	9405	10844	8790	11525	8432	11942	8128	12311
7606	1863	1863	1567	2184	1322	2496	1185	2692	1073	2869
7805	8896	8896	8234	9584	7660	10225	7326	10618	7042	10966
8220	9225	9225	8550	9925	7965	10577	7624	10977	7335	11331
8000	6193	6194	5643	6769	5169	7310	4896	7643	4664	7939
8906	3437	3437	3030	3869	2686	4281	2490	4537	2326	4765
8210	6588	6589	6020	7182	5531	7738	5248	8081	5008	8385
9020	8408	8408	7765	9077	7207	9701	6884	10085	6609	10424
8125	8302	8302	7663	8967	7109	9587	6788	9968	6515	10306
8126	6911	6911	6329	7519	5827	8088	5536	8438	5290	8749
8905	3858	3859	3427	4316	3060	4749	2850	5019	2674	5259
7806	2842	2842	2474	3236	2163	3613	1988	3849	1841	4060
7700	3664	3664	3244	4110	2887	4533	2684	4796	2513	5031
7526	6438	6438	5877	7025	5393	7575	5114	7915	4877	8215
7340	10863	10863	10130	11621	9492	12326	9120	12758	8803	13139
7605	785	785	597	998	450	1212	372	1350	310	1476
7537	12716	12716	11922	13535	11228	14295	10824	14760	10478	15170
8115	15120	15121	14253	16013	13494	16839	13050	17343	12670	17787
7335	15880	15881	14992	16795	14213	17640	13757	18156	13367	18610
8600	7547	7548	6939	8182	6412	8775	6107	9140	5848	9463
7425	11064	11064	10324	11829	9680	12541	9304	12976	8984	13360
7535	14015	14015	13180	14875	12451	15671	12025	16157	11660	16586
7525	6798	6798	6221	7400	5723	7965	5435	8313	5191	8621
7436	2276	2276	1948	2630	1674	2971	1520	3185	1392	3377
9019	7430	7430	6826	8060	6304	8648	6002	9011	5745	9332
7026	4325	4325	3867	4808	3477	5265	3253	5549	3065	5801
7205	6238	6239	5686	6816	5211	7359	4936	7693	4704	7990
7515	2360	2360	2025	2720	1745	3066	1588	3283	1457	3478
7320	12214	12214	11436	13017	10757	13763	10361	14219	10023	14621
7206	8256	8256	7618	8919	7066	9538	6746	9918	6474	10254
7315	7470	7471	6865	8101	6341	8692	6038	9055	5780	9376
7435	3301	3301	2902	3725	2566	4128	2374	4380	2214	4604
7316	8555	8556	7906	9230	7344	9859	7017	10246	6739	10588
7025	10532	10532	9811	11279	9183	11974	8817	12399	8505	12775
7415	5165	5165	4664	5692	4234	6188	3987	6495	3778	6768
7100	13984	13984	13150	14843	12422	15638	11996	16124	11632	16552
7015	8119	8120	7488	8777	6940	9391	6623	9768	6353	10102
9908	1197	1198	963	1458	773	1714	670	1878	586	2026
6410	20899	20900	19878	21946	18980	22911	18452	23499	18000	24015
6420	18071	18071	17121	19045	16289	19945	15800	20493	15382	20975
5535	13197	13198	12388	14032	11681	14806	11269	15279	10916	15696
5600	7339	7339	6739	7965	6220	8550	5920	8910	5665	9229
5546	7848	7848	7227	8495	6690	9099	6378	9470	6113	9799
4706	5405	5405	4891	5943	4451	6450	4198	6764	3983	7042
6605	4844	4844	4359	5355	3944	5837	3705	6135	3504	6400
6910	2172	2172	1851	2518	1584	2852	1435	3061	1310	3250
6606	2461	2461	2119	2829	1833	3182	1671	3403	1537	3601
9909	2483	2483	2139	2852	1852	3207	1689	3429	1555	3628
9011	5120	5120	4621	5645	4193	6139	3947	6445	3739	6717
5525	7082	7083	6493	7697	5984	8273	5690	8627	5440	8941
5515	12324	12324	11543	13131	10861	13880	10463	14338	10123	14742
6326	12223	12223	11445	13027	10766	13773	10369	14229	10031	14631
9914	8101	8102	7470	8758	6924	9372	6607	9749	6337	10082
5545	6480	6480	5917	7069	5432	7621	5151	7961	4914	8263
6223	14208	14208	13368	15074	12633	15875	12204	16365	11836	16796
5306	11387	11388	10637	12164	9983	12885	9601	13326	9276	13716
6325	17092	17093	16170	18040	15361	18916	14886	19450	14481	19920
9009	2247	2247	1921	2599	1649	2938	1496	3151	1369	3341
9006	5217	5217	4713	5747	4281	6245	4033	6554	3823	6828
6225	11542	11542	10786	12323	10127	13049	9743	13493	9415	13885
9018	9450	9450	8767	10158	8174	10818	7830	11223	7536	11581
5425	18739	18740	17773	19732	16924	20647	16426	21205	16000	21695
5305	13367	13367	12552	14207	11841	14985	11425	15461	11070	15880
5426	8927	8927	8264	9616	7688	10258	7354	10652	7070	11001
6226	15085	15086	14219	15977	13461	16802	13018	17305	12638	17749
6126	6121	6122	5574	6694	5104	7231	4832	7563	4602	7857
6224	11499	11499	10744	12279	10087	13003	9703	13446	9376	13838
6216	6990	6990	6405	7601	5899	8173	5607	8526	5359	8838
6316	15895	15896	15006	16810	14227	17656	13771	18172	13381	18627
6215	12550	12551	11762	13365	11073	14120	10671	14582	10328	14989
5100	3114	3114	2728	3526	2401	3919	2216	4164	2061	4383
6213	10411	10411	9694	11154	9070	11845	8706	12268	8396	12642
9005	2533	2533	2186	2906	1895	3264	1731	3488	1594	3688
6124	15017	15018	14153	15907	13397	16730	12954	17232	12576	17675
6125	5677	5677	5151	6229	4699	6748	4438	7068	4218	7353
6214	244	244	145	368	78	502	47	592	27	677
5415	6498	6498	5934	7088	5448	7640	5167	7981	4929	8283
5205	6320	6320	5764	6901	5285	7447	5008	7783	4774	8082
9916	7171	7171	6577	7789	6065	8368	5769	8725	5517	9040
9913	3503	3504	3093	3940	2745	4354	2546	4613	2380	4843
9915	9894	9894	9195	10618	8587	11293	8234	11706	7933	12071
4606	10352	10352	9637	11092	9014	11781	8652	12204	8343	12577
6115	11971	11972	11201	12767	10530	13506	10138	13957	9803	14356
4820	3814	3815	3385	4269	3021	4700	2812	4968	2638	5207
9017	1611	1612	1337	1911	1112	2204	987	2388	885	2555
6123	13526	13526	12707	14371	11991	15154	11572	15632	11215	16054
6114	18315	18315	17359	19296	16521	20201	16029	20753	15608	21238
4607	10921	10921	10186	11681	9546	12388	9173	12821	8855	13203
6505	4984	4985	4492	5502	4071	5991	3828	6293	3624	6561
5020	10946	10946	10210	11707	9569	12415	9196	12848	8877	13230
6113	27802	27803	26622	29008	25581	30116	24968	30789	24442	31379
5010	9048	9049	8381	9742	7801	10388	7464	10785	7178	11135
6020	16091	16091	15196	17011	14412	17862	13953	18381	13560	18838
4900	9909	9909	9209	10634	8601	11309	8248	11722	7946	12088
6010	10182	10183	9473	10917	8856	11601	8497	12020	8191	12390
4400	9783	9783	9088	10503	8484	11174	8133	11585	7833	11949
9900	4843	4843	4358	5354	3943	5836	3705	6134	3504	6399
9904	6351	6351	5793	6934	5313	7481	5036	7818	4801	8117
9902	14206	14206	13366	15072	12631	15873	12202	16362	11835	16794
4810	4816	4816	4332	5325	3919	5806	3681	6103	3480	6368
5720	19727	19727	18735	20744	17863	21683	17351	22254	16913	22757
9901	3748	3748	3323	4199	2962	4627	2756	4893	2583	5130
5826	3307	3307	2908	3731	2571	4135	2379	4387	2219	4611
5825	2025	2025	1716	2360	1459	2683	1316	2887	1197	3070
5925	11846	11847	11080	12638	10412	13373	10023	13822	9690	14219
9015	6206	6207	5656	6783	5181	7324	4908	7658	4676	7954
4506	7790	7790	7171	8434	6636	9036	6326	9406	6062	9734
4605	10908	10908	10173	11668	9534	12374	9161	12807	8843	13189
9002	16836	16836	15920	17777	15118	18646	14647	19177	14245	19643
4226	7534	7535	6926	8168	6400	8761	6095	9125	5837	9448
4505	6105	6105	5559	6677	5089	7214	4818	7545	4588	7839
4225	7335	7335	6735	7960	6216	8546	5916	8906	5661	9225
5716	11214	11215	10469	11985	9820	12700	9442	13139	9119	13525
5916	15004	15005	14141	15893	13385	16716	12942	17218	12564	17661
4300	5418	5418	4904	5957	4463	6465	4209	6778	3994	7057
5815	2261	2261	1934	2614	1661	2954	1507	3167	1380	3359
9004	7868	7868	7246	8515	6708	9120	6396	9492	6131	9822
5715	8157	8157	7523	8816	6975	9431	6656	9809	6386	10144
3330	5838	5838	5304	6397	4845	6923	4580	7247	4356	7535
6506	6477	6477	5914	7066	5429	7618	5149	7958	4911	8260
5915	8212	8212	7576	8873	7026	9490	6706	9869	6435	10205
3905	4707	4707	4229	5210	3820	5686	3585	5980	3388	6242
4130	8843	8843	8183	9529	7610	10168	7278	10560	6995	10907
6930	4561	4562	4091	5057	3689	5526	3459	5816	3265	6075
3825	8870	8870	8209	9557	7635	10197	7302	10590	7019	10937
4120	9102	9103	8433	9798	7851	10446	7513	10844	7226	11195
3816	10469	10469	9750	11214	9124	11907	8759	12331	8449	12706
4210	10781	10782	10051	11537	9416	12240	9045	12670	8730	13050
9016	5536	5536	5016	6081	4570	6594	4313	6911	4096	7192
4005	6526	6526	5961	7117	5474	7671	5192	8012	4954	8315
4230	4646	4646	4171	5146	3765	5619	3532	5911	3336	6172
3815	8931	8931	8268	9620	7692	10262	7358	10657	7073	11005
3705	14002	14002	13168	14861	12439	15657	12013	16143	11648	16572
3900	3417	3417	3012	3848	2668	4258	2473	4514	2309	4741
4110	9286	9286	8609	9988	8022	10642	7680	11044	7389	11399
3416	9759	9759	9065	10478	8462	11148	8111	11559	7812	11922
3413	4096	4096	3651	4567	3272	5013	3055	5289	2873	5536
3706	7449	7449	6844	8079	6322	8669	6019	9032	5762	9353
3600	10031	10032	9327	10761	8715	11439	8359	11855	8056	12223
3415	11617	11617	10859	12401	10197	13129	9812	13574	9483	13967
3320	11283	11284	10536	12056	9885	12774	9505	13213	9182	13601
3505	18705	18706	17740	19697	16892	20611	16394	21169	15968	21659
3414	10826	10826	10094	11583	9457	12287	9086	12718	8769	13098
6900	3675	3675	3254	4121	2897	4545	2693	4809	2522	5044
2940	8192	8192	7557	8852	7007	9469	6688	9848	6417	10183
2216	7960	7961	7335	8611	6793	9220	6479	9594	6212	9924
3046	10605	10606	9881	11355	9251	12052	8884	12479	8571	12856
2225	7409	7409	6806	8038	6285	8626	5983	8988	5727	9308
3426	8397	8397	7754	9065	7197	9689	6874	10073	6599	10412
3427	9333	9333	8654	10037	8065	10693	7723	11095	7431	11451
3045	12231	12231	11452	13035	10773	13781	10377	14237	10038	14640
3310	8673	8673	8019	9352	7452	9985	7123	10374	6843	10718
3030	17576	17576	16640	18537	15819	19425	15338	19966	14926	20442
3130	7762	7762	7144	8405	6610	9006	6300	9376	6037	9703
3010	17544	17544	16609	18504	15789	19391	15308	19932	14896	20408
3020	11072	11072	10332	11838	9687	12549	9312	12985	8991	13369
3425	8403	8403	7760	9072	7203	9696	6879	10079	6604	10418
2100	8039	8040	7411	8694	6866	9305	6551	9680	6282	10013
1606	5974	5974	5434	6540	4969	7071	4701	7399	4474	7690
2215	7776	7776	7158	8420	6623	9021	6313	9391	6050	9718
1720	11974	11975	11204	12770	10533	13509	10141	13961	9806	14359
3120	10255	10255	9543	10992	8924	11678	8563	12098	8256	12469
1900	563	563	406	745	286	931	225	1053	177	1164
3110	3676	3676	3255	4122	2898	4547	2694	4810	2523	5045
3200	8797	8797	8139	9481	7568	10118	7236	10510	6954	10856
1605	8274	8274	7636	8937	7083	9557	6762	9938	6490	10274
2000	5678	5678	5152	6230	4700	6749	4439	7070	4219	7354
1820	4923	4924	4434	5438	4015	5924	3775	6224	3572	6491
1200	7699	7699	7084	8339	6552	8938	6243	9306	5981	9632
1710	9994	9994	9292	10722	8681	11400	8325	11815	8022	12182
1810	2164	2164	1844	2509	1577	2843	1428	3052	1304	3240
900	4796	4796	4313	5304	3900	5784	3663	6081	3463	6345
806	13416	13416	12600	14257	11887	15037	11470	15514	11114	15934
1506	9942	9942	9241	10668	8632	11344	8278	11758	7976	12125
1410	5161	5161	4660	5688	4230	6184	3983	6491	3775	6764
1505	9401	9401	8720	10107	8129	10766	7785	11169	7492	11526
1330	8758	8758	8101	9440	7531	10077	7201	10467	6919	10813
1000	4011	4011	3571	4477	3196	4918	2982	5192	2802	5437
1320	7394	7394	6792	8022	6271	8610	5969	8971	5713	9291
1420	6354	6354	5796	6937	5316	7484	5039	7821	4804	8120
1130	2853	2853	2484	3248	2173	3626	1997	3862	1850	4073
1116	7891	7891	7268	8539	6729	9145	6417	9518	6151	9847
1310	10752	10753	10023	11507	9389	12209	9019	12638	8703	13018
805	9082	9083	8413	9777	7833	10425	7495	10822	7208	11173
1115	6329	6329	5772	6911	5293	7457	5016	7793	4782	8092
205	5961	5961	5421	6526	4957	7057	4689	7385	4463	7675
136	5160	5160	4659	5687	4229	6183	3982	6490	3774	6762
1120	15199	15200	14330	16094	13569	16922	13124	17427	12743	17873
705	8093	8094	7463	8750	6916	9363	6599	9740	6330	10073
120	5117	5117	4618	5641	4190	6136	3944	6441	3737	6713
325	10401	10401	9684	11143	9060	11834	8697	12257	8387	12631
135	7136	7137	6545	7754	6034	8331	5738	8687	5487	9002
706	5253	5253	4747	5785	4314	6285	4064	6594	3854	6869
206	6082	6082	5537	6653	5068	7189	4797	7519	4568	7813
2910	1516	1516	1250	1807	1033	2092	913	2272	814	2434
315	6374	6374	5815	6958	5334	7506	5057	7843	4821	8143
2935	2251	2251	1924	2603	1652	2943	1499	3155	1372	3346
605	9978	9978	9276	10706	8666	11383	8311	11798	8008	12164
606	10613	10614	9889	11363	9258	12060	8891	12487	8578	12865
506	10645	10646	9920	11396	9288	12094	8921	12522	8607	12900
110	2239	2239	1913	2590	1642	2929	1489	3141	1363	3332
505	19508	19509	18522	20521	17655	21454	17147	22022	16711	22522
2936	2834	2834	2466	3228	2156	3604	1981	3840	1835	4050
405	10920	10920	10185	11680	9545	12387	9172	12820	8854	13202
2926	9434	9434	8752	10142	8159	10801	7815	11205	7522	11563
2925	6266	6266	5712	6845	5235	7388	4960	7723	4727	8020
2927	3478	3478	3069	3913	2722	4326	2525	4584	2360	4813
