faz_id mean median lower_50 upper_50 lower_80 upper_80 lower_90 upper_90 lower_95 upper_95
8935	12782	12783	11833	13769	11009	14688	10530	15253	10123	15752
8927	5746	5747	5116	6414	4579	7046	4272	7439	4014	7788
8926	15300	15301	14260	16377	13354	17379	12826	17993	12376	18534
8936	18702	18702	17549	19891	16542	20993	15954	21667	15452	22261
8500	19821	19822	18634	21045	17596	22178	16990	22871	16471	23481
8406	1817	1817	1470	2200	1189	2577	1036	2816	911	3033
8320	12970	12970	12013	13963	11183	14889	10700	15457	10290	15960
8925	15881	15881	14820	16978	13896	17998	13358	18622	12899	19173
8937	15285	15286	14245	16362	13340	17363	12812	17976	12362	18518
8405	17503	17504	16389	18654	15417	19722	14849	20375	14365	20951
8310	32958	32959	31422	34531	30070	35978	29276	36859	28594	37632
8910	16780	16780	15689	17907	14738	18954	14183	19594	13710	20159
7905	26535	26536	25159	27948	23951	29252	23242	30046	22635	30745
7606	4731	4732	4161	5339	3678	5917	3404	6277	3174	6599
7805	23364	23365	22074	24691	20943	25917	20281	26665	19714	27324
8220	18693	18693	17540	19881	16534	20983	15946	21657	15444	22251
8000	15177	15178	14141	16251	13239	17248	12714	17859	12266	18399
8906	9205	9205	8401	10044	7710	10832	7310	11317	6971	11748
8210	11427	11428	10530	12361	9754	13233	9304	13769	8921	14243
9020	19496	19496	18319	20710	17290	21834	16689	22521	16175	23127
8125	20105	20105	18909	21337	17864	22478	17252	23175	16730	23789
8126	14942	14943	13914	16007	13019	16997	12498	17604	12054	18140
8905	10265	10266	9416	11151	8683	11980	8258	12490	7898	12942
7806	6689	6689	6007	7407	5424	8086	5090	8506	4808	8880
7700	8759	8759	7976	9578	7302	10348	6913	10823	6584	11244
7526	16189	16190	15118	17297	14185	18326	13641	18955	13177	19511
7340	29488	29489	28036	30976	26760	32348	26011	33183	25368	33918
7605	1973	1973	1611	2371	1316	2762	1154	3009	1022	3233
7537	27854	27855	26443	29301	25204	30636	24477	31448	23854	32163
8115	32939	32940	31404	34511	30052	35959	29258	36839	28576	37612
7335	38344	38345	36686	40039	35224	41596	34363	42542	33624	43373
8600	19431	19432	18256	20643	17229	21765	16629	22451	16116	23056
7425	31308	31309	29811	32841	28495	34253	27722	35112	27058	35867
7535	30391	30392	28917	31902	27621	33294	26860	34141	26207	34886
7525	16790	16790	15699	17917	14748	18964	14193	19605	13719	20170
7436	6197	6197	5541	6889	4982	7544	4662	7950	4392	8311
9019	17887	17888	16761	19051	15777	20130	15203	20790	14713	21372
7026	11287	11288	10396	12215	9625	13082	9178	13615	8798	14087
7205	14803	14804	13780	15863	12890	16849	12371	17453	11930	17987
7515	5752	5753	5121	6420	4584	7053	4277	7445	4019	7795
7320	31344	31345	29846	32878	28529	34291	27755	35150	27092	35906
7206	18072	18072	16939	19241	15951	20325	15373	20989	14880	21573
7315	19185	19186	18018	20390	16998	21505	16402	22187	15892	22788
7435	8882	8883	8094	9708	7415	10482	7023	10960	6691	11384
7316	22187	22188	20930	23481	19830	24677	19185	25407	18634	26050
7025	23203	23204	21918	24526	20791	25748	20131	26494	19566	27150
7415	12986	12986	12029	13980	11198	14906	10715	15475	10304	15978
7100	29646	29646	28190	31138	26910	32514	26159	33351	25514	34087
7015	18790	18791	17635	19982	16626	21087	16036	21762	15533	22358
9908	3845	3845	3333	4395	2903	4921	2659	5250	2457	5544
6410	44386	44387	42601	46208	41024	47880	40095	48895	39296	49786
6420	39831	39831	38140	41558	36649	43144	35771	44108	35017	44954
5535	31542	31543	30040	33081	28719	34499	27942	35361	27276	36119
5600	17161	17161	16058	18301	15095	19359	14534	20006	14055	20577
5546	19442	19443	18266	20654	17239	21777	16639	22463	16126	23068
4706	14851	14852	13826	15913	12934	16900	12415	17505	11973	18040
6605	12776	12777	11827	13762	11003	14682	10525	15246	10118	15745
6910	5023	5024	4435	5648	3936	6243	3652	6613	3414	6942
6606	6052	6053	5404	6737	4852	7384	4536	7786	4270	8144
9909	5907	5907	5267	6583	4722	7223	4411	7621	4148	7975
9011	10764	10764	9894	11670	9142	12518	8706	13040	8336	13502
5525	16036	16037	14971	17139	14042	18163	13501	18790	13039	19344
5515	30304	30304	28832	31812	27537	33202	26777	34048	26125	34792
6326	24743	24744	23415	26108	22250	27369	21567	28138	20983	28814
9914	20293	20294	19092	21531	18041	22677	17427	23377	16902	23994
5545	17515	17516	16400	18666	15428	19735	14860	20388	14375	20965
6223	29446	29447	27995	30933	26720	32304	25971	33139	25329	33873
5306	25019	25020	23683	26391	22511	27659	21825	28431	21236	29111
6325	37224	37225	35591	38895	34151	40430	33304	41363	32577	42182
9009	5469	5470	4855	6121	4332	6739	4034	7123	3783	7465
9006	12715	12715	11768	13698	10946	14616	10469	15179	10063	15677
6225	21444	21444	20208	22716	19127	23893	18495	24611	17953	25244
9018	20905	20906	19685	22161	18618	23324	17994	24034	17461	24659
5425	42799	42800	41046	44589	39499	46232	38588	47229	37804	48104
5305	29919	29920	28457	31418	27171	32800	26416	33641	25768	34380
5426	23033	23033	21752	24350	20629	25568	19972	26311	19410	26966
6226	33359	33359	31813	34941	30453	36397	29653	37282	28967	38060
6126	13897	13897	12906	14924	12045	15881	11544	16468	11117	16986
6224	23755	23756	22454	25093	21314	26329	20645	27083	20073	27747
6216	16590	16591	15506	17711	14561	18752	14009	19389	13539	19951
6316	30758	30759	29275	32278	27970	33678	27204	34530	26547	35279
6215	24083	24083	22772	25430	21624	26674	20951	27433	20374	28101
5100	8600	8601	7825	9413	7158	10176	6773	10646	6447	11064
6213	19418	19419	18243	20629	17217	21752	16617	22437	16104	23042
9005	5910	5910	5270	6586	4725	7227	4413	7624	4151	7978
6124	27519	27520	26117	28958	24886	30285	24164	31093	23545	31804
6125	10529	10529	9668	11425	8925	12264	8495	12781	8129	13238
6214	365	365	220	547	120	742	75	873	44	995
5415	15442	15442	14396	16524	13486	17530	12956	18146	12503	18690
5205	13294	13295	12325	14300	11484	15236	10995	15811	10579	16319
9916	17049	17050	15950	18185	14991	19240	14431	19885	13954	20454
9913	7253	7253	6542	8000	5933	8705	5583	9141	5288	9528
9915	22933	22934	21655	24248	20535	25463	19879	26205	19318	26858
4606	27943	27943	26530	29392	25289	30729	24561	31543	23936	32259
6115	24002	24003	22694	25347	21547	26589	20875	27346	20300	28013
4820	8399	8399	7633	9202	6974	9956	6594	10422	6273	10835
9017	3812	3811	3301	4359	2873	4882	2631	5210	2430	5503
6123	20999	20999	19776	22258	18707	23423	18081	24134	17546	24761
6114	36400	36401	34785	38051	33361	39570	32524	40493	31805	41304
4607	29847	29848	28387	31345	27102	32725	26348	33565	25702	34303
6505	14469	14470	13458	15517	12578	16493	12066	17090	11630	17619
5020	26307	26307	24936	27713	23734	29012	23028	29803	22424	30499
6113	43753	43754	41980	45562	40416	47223	39493	48231	38701	49115
5010	20356	20357	19153	21596	18101	22744	17485	23445	16959	24063
6020	23561	23561	22265	24893	21129	26124	20464	26875	19895	27537
4900	14042	14043	13046	15075	12180	16037	11676	16626	11247	17147
6010	15831	15832	14772	16926	13850	17944	13312	18568	12854	19118
4400	24682	24682	23355	26045	22191	27304	21509	28072	20926	28747
9900	10574	10575	9712	11473	8967	12314	8536	12831	8170	13289
9904	13850	13850	12860	14876	12001	15831	11501	16417	11075	16934
9902	31176	31177	29683	32706	28369	34115	27598	34973	26936	35726
4810	10822	10822	9949	11731	9195	12581	8758	13103	8387	13566
5720	39792	39793	38102	41518	36612	43104	35735	44067	34981	44912
9901	9093	9093	8295	9928	7607	10711	7210	11193	6874	11622
5826	6546	6547	5872	7257	5296	7929	4966	8345	4687	8715
5825	3492	3492	3005	4016	2597	4520	2367	4835	2176	5118
5925	26595	26596	25217	28010	24008	29315	23298	30110	22690	30810
9015	15589	15590	14539	16677	13624	17687	13091	18306	12636	18853
4506	18373	18374	17231	19552	16234	20645	15651	21313	15154	21902
4605	26939	26940	25553	28363	24335	29676	23621	30476	23008	31180
9002	38089	38090	36437	39778	34980	41331	34122	42274	33386	43102
4226	18640	18640	17489	19827	16484	20927	15897	21600	15396	22193
4505	17070	17071	15970	18207	15010	19262	14450	19908	13973	20477
4225	18717	18718	17564	19907	16557	21010	15969	21684	15467	22278
5716	26191	26192	24824	27595	23624	28890	22920	29680	22317	30374
5916	37515	37516	35875	39192	34430	40733	33579	41669	32848	42492
4300	12026	12027	11106	12984	10308	13877	9845	14426	9451	14911
5815	5090	5090	4497	5719	3995	6317	3709	6689	3469	7021
9004	19456	19457	18280	20668	17252	21792	16652	22478	16139	23083
5715	18370	18371	17228	19549	16231	20642	15649	21310	15151	21899
3330	14705	14705	13685	15761	12798	16744	12281	17346	11841	17878
6506	16438	16438	15358	17553	14418	18590	13869	19224	13401	19784
5915	20815	20816	19598	22069	18534	23229	17911	23937	17378	24562
3905	11192	11192	10304	12116	9536	12979	9091	13510	8713	13980
4130	19208	19209	18040	20413	17019	21530	16423	22212	15913	22813
6930	10870	10870	9995	11781	9239	12632	8801	13156	8429	13620
3825	21802	21803	20556	23085	19466	24271	18827	24995	18281	25633
4120	21090	21090	19865	22351	18793	23519	18166	24232	17629	24860
3816	25703	25703	24348	27094	23160	28378	22463	29160	21867	29849
4210	27536	27537	26134	28975	24902	30303	24180	31111	23560	31822
9016	13684	13685	12701	14704	11847	15654	11350	16236	10927	16751
4005	15822	15823	14763	16917	13841	17935	13304	18558	12846	19108
4230	12266	12266	11336	13232	10530	14134	10062	14688	9664	15178
3815	20913	20914	19693	22169	18626	23332	18002	24042	17468	24668
3705	32911	32912	31376	34483	30026	35929	29231	36809	28550	37582
3900	6508	6509	5836	7217	5262	7887	4933	8302	4655	8672
4110	20774	20775	19559	22026	18495	23186	17873	23893	17341	24517
3416	24797	24798	23467	26164	22301	27426	21618	28195	21032	28872
3413	10444	10444	9587	11337	8847	12173	8419	12687	8055	13143
3706	18655	18655	17504	19842	16498	20943	15911	21616	15410	22210
3600	22193	22194	20936	23487	19835	24684	19191	25414	18640	26057
3415	29443	29444	27992	30930	26717	32301	25968	33136	25326	33869
3320	31118	31119	29626	32647	28314	34055	27543	34911	26882	35664
3505	43674	43675	41903	45482	40340	47141	39418	48148	38627	49031
3414	28800	28801	27366	30271	26105	31628	25365	32453	24730	33180
6900	8854	8854	8066	9677	7389	10451	6997	10928	6666	11351
2940	18741	18742	17588	19932	16580	21035	15991	21710	15488	22304
2216	20618	20619	19407	21866	18348	23021	17729	23726	17199	24348
3046	24320	24321	23003	25674	21849	26924	21172	27686	20593	28357
2225	17024	17025	15925	18160	14967	19213	14408	19858	13931	20427
3426	23369	23370	22079	24696	20948	25923	20285	26671	19718	27329
3427	24987	24988	23652	26359	22481	27625	21795	28397	21207	29077
3045	29692	29692	28235	31185	26954	32562	26202	33399	25557	34136
3310	21185	21186	19958	22450	18883	23620	18255	24334	17717	24964
3030	45084	45085	43285	46920	41695	48605	40759	49628	39953	50525
3130	16748	16748	15658	17874	14708	18920	14154	19560	13681	20124
3010	44131	44132	42351	45948	40779	47616	39853	48628	39057	49516
3020	24232	24233	22918	25583	21766	26832	21090	27593	20512	28262
3425	21533	21533	20295	22807	19211	23987	18577	24706	18035	25340
2100	21171	21172	19944	22435	18870	23605	18242	24319	17704	24948
1606	13304	13305	12335	14310	11493	15247	11004	15822	10588	16330
2215	18962	18963	17801	20159	16787	21269	16195	21947	15689	22545
1720	27280	27281	25884	28712	24658	30034	23939	30838	23323	31546
3120	24605	24605	23280	25966	22119	27223	21438	27990	20855	28664
1900	934	934	691	1214	503	1497	405	1681	328	1850
3110	9754	9754	8927	10618	8213	11427	7800	11926	7450	12367
3200	21927	21928	20677	23213	19584	24403	18943	25128	18396	25768
1605	17633	17633	16514	18788	15538	19860	14969	20515	14482	21093
2000	13123	13123	12160	14122	11325	15053	10839	15624	10426	16129
1820	7676	7677	6945	8445	6317	9168	5956	9615	5650	10012
1200	18890	18891	17732	20085	16720	21193	16129	21870	15624	22466
1710	22595	22595	21326	23900	20215	25107	19564	25843	19008	26491
1810	3697	3697	3195	4236	2774	4753	2536	5076	2338	5366
900	11026	11027	10146	11943	9384	12801	8942	13328	8567	13795
806	34745	34746	33168	36359	31778	37845	30961	38747	30260	39540
1506	23841	23842	22538	25181	21395	26420	20725	27175	20152	27840
1410	11656	11657	10750	12599	9966	13479	9511	14020	9124	14499
1505	22100	22100	20845	23391	19747	24585	19104	25313	18554	25955
1330	22974	22974	21694	24290	20574	25506	19917	26248	19356	26902
1000	10029	10029	9190	10905	8466	11725	8047	12230	7691	12677
1320	18441	18442	17297	19622	16298	20717	15714	21386	15215	21976
1420	13367	13367	12395	14375	11552	15314	11061	15891	10644	16400
1130	5900	5900	5260	6576	4716	7216	4405	7613	4143	7967
1116	18708	18709	17556	19898	16549	21000	15961	21674	15458	22268
1310	27606	27607	26202	29047	24969	30376	24245	31185	23625	31897
805	23873	23874	22569	25214	21425	26453	20755	27209	20182	27874
1115	14750	14750	13728	15808	12840	16792	12322	17395	11881	17928
205	13297	13298	12328	14303	11487	15240	10998	15814	10581	16323
136	11504	11504	10604	12440	9825	13315	9373	13853	8989	14329
1120	37033	37034	35404	38699	33968	40230	33123	41161	32397	41978
705	21049	21049	19825	22309	18754	23476	18128	24188	17592	24815
120	12127	12128	11203	13088	10401	13985	9936	14536	9541	15023
325	24294	24295	22978	25647	21824	26897	21148	27659	20569	28329
135	17312	17312	16203	18456	15237	19519	14673	20168	14191	20742
706	13146	13147	12183	14146	11347	15078	10861	15650	10447	16156
206	13640	13641	12659	14658	11806	15607	11310	16188	10888	16703
2910	3806	3805	3296	4352	2868	4876	2626	5203	2425	5496
315	14878	14879	13852	15941	12960	16929	12440	17535	11997	18070
2935	7843	7843	7103	8619	6468	9350	6102	9801	5793	10202
605	24133	24133	22821	25481	21671	26727	20997	27486	20420	28155
606	25377	25378	24032	26759	22851	28036	22159	28813	21567	29498
506	28565	28565	27136	30030	25881	31381	25144	32203	24512	32927
110	5022	5023	4434	5647	3935	6242	3651	6611	3413	6941
505	51208	51209	49289	53164	47592	54956	46591	56043	45730	56996
2936	6705	6705	6022	7424	5439	8103	5104	8524	4821	8898
405	26786	26786	25403	28205	24189	29515	23477	30313	22866	31015
2926	25458	25459	24110	26842	22928	28121	22235	28899	21641	29585
2925	16050	16051	14984	17153	14055	18178	13514	18805	13052	19359
2927	7835	7835	7095	8611	6461	9341	6095	9793	5786	10193
