faz_id mean median lower_50 upper_50 lower_80 upper_80 lower_90 upper_90 lower_95 upper_95
8935	12229	12230	11301	13194	10496	14095	10028	14648	9631	15137
8927	5584	5584	4963	6242	4434	6866	4132	7254	3879	7599
8926	14451	14452	13440	15499	12561	16473	12049	17071	11613	17598
8936	17987	17988	16857	19154	15871	20235	15295	20897	14803	21481
8500	18968	18969	17807	20165	16793	21275	16201	21953	15694	22551
8406	1670	1670	1338	2038	1071	2401	926	2633	808	2842
8320	12471	12472	11533	13445	10720	14354	10248	14912	9846	15406
8925	15045	15046	14013	16113	13115	17107	12592	17716	12147	18253
8937	13262	13263	12294	14266	11454	15202	10966	15776	10550	16284
8405	16430	16431	15351	17546	14410	18582	13862	19216	13394	19776
8310	31715	31716	30209	33258	28883	34679	28105	35543	27437	36303
8910	15426	15427	14381	16508	13471	17513	12941	18129	12489	18673
7905	24224	24225	22910	25575	21758	26823	21083	27584	20504	28253
7606	4287	4287	3745	4866	3288	5419	3029	5763	2812	6072
7805	21628	21629	20387	22905	19301	24087	18666	24808	18122	25444
8220	18042	18043	16910	19210	15923	20294	15346	20956	14853	21541
8000	14718	14719	13698	15775	12810	16758	12293	17361	11853	17893
8906	8851	8851	8064	9675	7386	10448	6995	10925	6664	11348
8210	10161	10161	9316	11042	8587	11867	8165	12375	7807	12825
9020	17927	17928	16799	19092	15815	20172	15240	20832	14749	21415
8125	19507	19508	18330	20721	17301	21846	16699	22533	16185	23139
8126	14056	14057	13059	15089	12193	16051	11689	16641	11260	17162
8905	9982	9982	9145	10856	8422	11674	8004	12178	7650	12624
7806	5704	5704	5076	6369	4541	6999	4236	7390	3979	7739
7700	8752	8752	7969	9571	7296	10340	6907	10815	6578	11236
7526	16016	16017	14951	17118	14023	18141	13482	18768	13021	19321
7340	28656	28657	27225	30124	25968	31477	25230	32300	24597	33025
7605	1992	1992	1628	2392	1332	2784	1169	3033	1036	3258
7537	26797	26798	25414	28217	24200	29527	23487	30325	22877	31027
8115	31587	31588	30084	33127	28761	34545	27984	35408	27318	36166
7335	36953	36954	35326	38617	33891	40147	33047	41077	32323	41893
8600	18203	18204	17066	19376	16074	20465	15494	21130	14999	21717
7425	30253	30254	28782	31760	27489	33149	26729	33995	26078	34738
7535	28658	28659	27227	30126	25970	31479	25232	32303	24599	33027
7525	16181	16182	15110	17288	14177	18317	13633	18947	13169	19502
7436	6103	6103	5452	6790	4898	7440	4580	7844	4313	8203
9019	16929	16930	15833	18061	14878	19112	14321	19755	13845	20323
7026	11125	11125	10240	12046	9475	12907	9031	13437	8654	13906
7205	14444	14445	13433	15491	12555	16466	12043	17063	11607	17591
7515	5551	5551	4931	6207	4405	6830	4104	7216	3851	7561
7320	30321	30322	28849	31830	27554	33221	26793	34067	26141	34811
7206	17879	17880	16753	19042	15769	20121	15195	20781	14705	21363
7315	18258	18259	17119	19433	16126	20523	15545	21189	15049	21777
7435	8494	8494	7723	9301	7061	10060	6678	10528	6355	10943
7316	21499	21500	20262	22773	19179	23951	18546	24670	18004	25304
7025	22671	22672	21400	23978	20287	25187	19635	25925	19078	26574
7415	12034	12035	11113	12992	10315	13885	9852	14434	9458	14920
7100	27466	27467	26065	28903	24835	30229	24114	31036	23495	31747
7015	18450	18451	17305	19631	16306	20726	15722	21396	15224	21986
9908	3885	3885	3370	4437	2937	4965	2692	5296	2488	5592
6410	41630	41631	39902	43395	38376	45016	37478	46000	36706	46864
6420	37380	37381	35743	39054	34300	40592	33451	41527	32722	42348
5535	29290	29291	27843	30774	26571	32141	25825	32973	25185	33705
5600	16537	16538	15454	17656	14511	18696	13960	19332	13491	19893
5546	18276	18277	17137	19452	16142	20542	15562	21208	15066	21796
4706	14658	14659	13640	15713	12754	16694	12239	17296	11799	17827
6605	12340	12341	11407	13309	10599	14214	10129	14769	9730	15260
6910	4533	4533	3975	5128	3504	5695	3236	6048	3012	6364
6606	5662	5662	5036	6325	4504	6953	4200	7343	3944	7690
9909	5357	5357	4749	6002	4232	6614	3937	6995	3690	7334
9011	9958	9958	9122	10831	8400	11648	7983	12151	7629	12597
5525	15343	15344	14301	16422	13394	17425	12865	18039	12414	18581
5515	29103	29104	27661	30582	26393	31945	25649	32775	25011	33505
6326	24878	24879	23546	26247	22378	27511	21693	28281	21107	28959
9914	18816	18817	17660	20009	16650	21114	16060	21790	15556	22386
5545	16593	16594	15508	17714	14563	18755	14012	19392	13541	19955
6223	28983	28984	27544	30459	26279	31819	25537	32648	24900	33376
5306	24680	24681	23353	26043	22190	27302	21508	28070	20924	28746
6325	37110	37111	35479	38778	34042	40311	33196	41242	32469	42060
9009	5264	5264	4661	5903	4150	6511	3858	6888	3613	7225
9006	11525	11525	10624	12462	9844	13338	9392	13876	9007	14352
6225	20652	20653	19440	21901	18380	23057	17760	23762	17230	24384
9018	19113	19114	17948	20315	16930	21429	16335	22109	15826	22709
5425	41068	41069	39351	42821	37837	44432	36945	45409	36178	46268
5305	29228	29229	27783	30710	26512	32076	25767	32908	25127	33639
5426	22369	22370	21107	23668	20002	24869	19354	25602	18801	26247
6226	33157	33158	31616	34734	30260	36186	29463	37069	28779	37845
6126	13926	13927	12934	14955	12072	15912	11570	16500	11143	17019
6224	23540	23541	22245	24872	21110	26103	20445	26853	19876	27514
6216	16697	16698	15609	17822	14661	18866	14107	19505	13635	20069
6316	30473	30474	28997	31986	27699	33380	26936	34228	26282	34973
6215	23750	23751	22449	25088	21309	26324	20640	27078	20069	27741
5100	8602	8602	7826	9414	7159	10177	6774	10648	6448	11066
6213	19117	19118	17952	20319	16933	21433	16338	22114	15830	22714
9005	5672	5672	5046	6335	4513	6964	4208	7354	3952	7702
6124	27299	27300	25903	28732	24677	30054	23957	30859	23341	31567
6125	10492	10492	9633	11387	8891	12225	8462	12740	8097	13197
6214	365	365	220	547	120	742	75	873	44	996
5415	15913	15914	14851	17011	13927	18032	13387	18657	12928	19208
5205	12916	12917	11961	13907	11133	14831	10652	15399	10242	15900
9916	14878	14879	13852	15941	12959	16929	12440	17534	11997	18069
9913	7171	7171	6464	7914	5859	8615	5511	9049	5218	9434
9915	20195	20196	18997	21430	17949	22574	17336	23272	16812	23888
4606	26212	26213	24844	27616	23644	28913	22940	29702	22337	30397
6115	23769	23770	22467	25107	21327	26344	20658	27098	20086	27762
4820	8284	8284	7523	9082	6869	9831	6492	10294	6173	10705
9017	3624	3624	3127	4158	2711	4670	2476	4990	2280	5278
6123	19539	19540	18361	20754	17331	21880	16729	22567	16214	23174
6114	35642	35643	34044	37277	32636	38780	31808	39694	31097	40497
4607	28098	28099	26681	29551	25437	30892	24706	31708	24080	32426
6505	14301	14302	13295	15343	12421	16313	11912	16908	11479	17433
5020	25932	25933	24572	27329	23378	28619	22678	29404	22078	30096
6113	40819	40820	39108	42567	37598	44173	36709	45148	35944	46003
5010	20184	20185	18986	21419	17938	22562	17326	23260	16802	23876
6020	20920	20921	19700	22177	18633	23340	18008	24050	17474	24675
4900	9757	9757	8930	10621	8216	11430	7803	11929	7453	12371
6010	13962	13963	12969	14992	12106	15951	11603	16539	11175	17058
4400	24681	24682	23354	26044	22191	27304	21509	28071	20925	28747
9900	9780	9780	8952	10645	8237	11455	7824	11954	7473	12397
9904	12960	12961	12004	13953	11174	14879	10691	15447	10281	15949
9902	29849	29850	28388	31346	27104	32726	26350	33566	25703	34305
4810	10699	10699	9832	11603	9082	12448	8648	12968	8279	13429
5720	39323	39324	37644	41039	36163	42616	35291	43574	34542	44414
9901	8188	8188	7432	8981	6782	9727	6407	10187	6090	10595
5826	6282	6282	5622	6979	5059	7638	4736	8046	4464	8410
5825	3290	3290	2817	3799	2423	4290	2201	4597	2017	4873
5925	26346	26347	24975	27754	23771	29053	23065	29845	22460	30542
9015	15106	15107	14072	16177	13172	17172	12648	17782	12201	18321
4506	18113	18114	16979	19284	15989	20369	15411	21033	14918	21618
4605	26004	26005	24642	27403	23446	28694	22745	29481	22145	30173
9002	34155	34156	32591	35756	31214	37228	30404	38124	29709	38911
4226	17696	17697	16575	18853	15598	19927	15027	20583	14539	21162
4505	17011	17012	15913	18146	14955	19199	14396	19844	13919	20413
4225	17995	17996	16865	19162	15878	20244	15302	20906	14811	21489
5716	25995	25996	24633	27394	23438	28685	22737	29471	22136	30164
5916	37367	37368	35730	39040	34288	40579	33439	41513	32710	42334
4300	11557	11557	10655	12496	9874	13372	9421	13911	9036	14388
5815	5031	5031	4442	5657	3943	6251	3659	6621	3420	6952
9004	18550	18551	17402	19734	16400	20832	15815	21504	15314	22095
5715	18325	18326	17184	19502	16188	20594	15607	21261	15110	21850
3330	13790	13791	12803	14814	11945	15767	11447	16352	11022	16868
6506	15484	15485	14437	16568	13525	17575	12994	18192	12541	18737
5915	20680	20681	19467	21929	18406	23086	17786	23792	17255	24415
3905	10509	10509	9650	11405	8907	12243	8477	12759	8112	13216
4130	18737	18738	17583	19927	16576	21031	15987	21705	15484	22299
6930	10921	10921	10045	11834	9287	12688	8847	13213	8474	13677
3825	20886	20887	19667	22142	18601	23304	17977	24013	17443	24639
4120	20617	20618	19406	21865	18347	23020	17727	23725	17198	24346
3816	24837	24838	23506	26205	22339	27468	21655	28237	21069	28915
4210	25875	25876	24516	27270	23324	28559	22625	29344	22026	30034
9016	12694	12695	11748	13677	10927	14593	10450	15156	10044	15654
4005	15213	15214	14175	16287	13272	17286	12746	17898	12298	18438
4230	11467	11467	10569	12402	9791	13276	9340	13812	8956	14288
3815	20754	20755	19539	22006	18476	23164	17854	23872	17323	24495
3705	32180	32181	30663	33734	29327	35165	28543	36036	27869	36801
3900	6250	6250	5591	6945	5030	7603	4708	8010	4437	8373
4110	20146	20147	18949	21379	17903	22522	17291	23219	16768	23834
3416	24333	24334	23016	25687	21861	26937	21184	27700	20605	28371
3413	9626	9626	8804	10484	8096	11289	7686	11784	7339	12223
3706	18016	18017	16885	19183	15898	20266	15322	20928	14830	21512
3600	21381	21382	20147	22651	19068	23826	18436	24544	17896	25176
3415	27606	27607	26202	29047	24969	30376	24245	31185	23625	31897
3320	30136	30137	28668	31641	27377	33027	26619	33871	25969	34612
3505	41475	41476	39750	43237	38227	44855	37331	45837	36560	46700
3414	27660	27661	26254	29102	25020	30432	24296	31242	23675	31955
6900	8356	8356	7592	9157	6935	9910	6556	10374	6235	10786
2940	16477	16478	15396	17594	14455	18632	13905	19267	13437	19827
2216	19683	19684	18500	20902	17466	22032	16862	22722	16345	23330
3046	23982	23983	22674	25326	21528	26568	20857	27325	20282	27992
2225	15789	15790	14732	16883	13811	17900	13274	18522	12816	19072
3426	21205	21206	19977	22470	18902	23641	18273	24355	17735	24985
3427	23883	23884	22578	25224	21435	26464	20764	27220	20191	27885
3045	28564	28565	27135	30029	25880	31380	25143	32203	24512	32926
3310	20498	20499	19291	21742	18235	22894	17617	23597	17089	24217
3030	40632	40633	38925	42376	37418	43978	36531	44951	35769	45805
3130	16388	16389	15310	17502	14371	18537	13823	19171	13356	19730
3010	42815	42816	41062	44605	39514	46248	38603	47246	37819	48121
3020	23709	23710	22409	25046	21270	26281	20602	27034	20031	27697
3425	19838	19839	18650	21062	17612	22196	17005	22889	16487	23499
2100	20659	20660	19447	21908	18386	23064	17766	23770	17236	24392
1606	13092	13093	12131	14090	11296	15020	10811	15591	10399	16095
2215	18321	18322	17180	19498	16185	20590	15603	21257	15106	21845
1720	26906	26907	25520	28329	24303	29641	23589	30441	22978	31144
3120	24330	24331	23013	25684	21858	26934	21181	27697	20602	28368
1900	957	957	710	1240	520	1527	420	1712	342	1882
3110	9456	9456	8642	10307	7940	11104	7534	11596	7190	12032
3200	20927	20928	19707	22184	18639	23347	18015	24057	17481	24683
1605	17531	17532	16416	18683	15443	19752	14875	20405	14390	20982
2000	11911	11912	10995	12864	10201	13753	9741	14299	9349	14783
1820	7501	7501	6778	8261	6158	8976	5801	9419	5500	9812
1200	17966	17967	16837	19132	15851	20213	15276	20874	14784	21458
1710	22007	22008	20755	23295	19659	24487	19018	25214	18469	25855
1810	3621	3621	3124	4155	2708	4666	2473	4987	2278	5274
900	10358	10358	9505	11248	8768	12080	8341	12593	7979	13046
806	31788	31789	30280	33333	28953	34755	28173	35621	27505	36381
1506	23350	23351	22060	24677	20930	25903	20268	26650	19701	27309
1410	11525	11525	10624	12462	9844	13338	9392	13876	9007	14352
1505	21638	21639	20397	22916	19311	24098	18675	24819	18131	25455
1330	22344	22345	21083	23642	19978	24842	19331	25575	18778	26220
1000	9832	9832	9001	10699	8285	11512	7870	12012	7519	12455
1320	18471	18472	17326	19653	16326	20749	15742	21418	15243	22009
1420	12876	12877	11923	13866	11096	14789	10615	15355	10206	15856
1130	5395	5395	4784	6042	4266	6656	3970	7038	3721	7378
1116	17785	17786	16662	18945	15681	20021	15109	20679	14620	21260
1310	27045	27046	25655	28471	24435	29787	23719	30589	23106	31294
805	22039	22040	20786	23328	19690	24521	19048	25249	18498	25890
1115	13227	13228	12261	14230	11422	15165	10934	15738	10519	16245
205	13245	13246	12278	14249	11439	15184	10950	15758	10535	16265
136	11381	11381	10486	12313	9711	13183	9262	13718	8880	14192
1120	34282	34283	32715	35885	31335	37361	30524	38258	29828	39046
705	19127	19128	17961	20329	16943	21444	16348	22124	15839	22725
120	11829	11830	10916	12778	10125	13665	9667	14210	9276	14691
325	23430	23431	22138	24759	21006	25987	20342	26736	19774	27395
135	16781	16782	15690	17908	14739	18955	14185	19596	13711	20161
706	12717	12718	11770	13701	10948	14618	10471	15181	10065	15679
206	13526	13527	12549	14540	11700	15485	11206	16064	10786	16576
2910	3559	3559	3067	4088	2654	4596	2422	4914	2229	5199
315	14652	14653	13634	15707	12749	16688	12233	17289	11794	17820
2935	7852	7852	7112	8629	6476	9360	6110	9812	5801	10213
605	22180	22181	20923	23473	19823	24670	19179	25399	18628	26042
606	22097	22098	20843	23388	19744	24582	19101	25311	18551	25952
506	26219	26220	24851	27624	23650	28920	22946	29710	22343	30405
110	4997	4997	4410	5621	3913	6213	3630	6582	3392	6912
505	46411	46412	44585	48274	42972	49983	42021	51019	41203	51929
2936	6353	6353	5689	7054	5122	7716	4797	8127	4524	8492
405	24326	24327	23009	25680	21854	26930	21178	27692	20598	28364
2926	25025	25026	23689	26398	22517	27665	21830	28438	21242	29118
2925	15591	15592	14540	16678	13625	17689	13092	18308	12638	18854
2927	7009	7009	6311	7744	5713	8437	5370	8867	5080	9248
