faz_id mean median lower_50 upper_50 lower_80 upper_80 lower_90 upper_90 lower_95 upper_95
8935	4816	4816	4142	5541	3578	6238	3260	6674	2996	7066
8927	1180	1180	859	1552	614	1930	486	2176	388	2402
8926	1989	1989	1565	2464	1226	2936	1043	3237	896	3511
8936	3468	3468	2900	4087	2431	4688	2171	5068	1956	5409
8500	11746	11747	10679	12864	9761	13915	9231	14563	8783	15138
8406	258	258	121	445	42	658	14	804	2	944
8320	9776	9777	8804	10798	7973	11763	7495	12359	7092	12890
8925	2538	2538	2055	3071	1664	3595	1450	3928	1276	4230
8937	7283	7283	6448	8169	5739	9010	5335	9533	4996	10000
8405	871	871	599	1194	397	1528	296	1748	221	1951
8310	9925	9926	8946	10955	8108	11926	7626	12527	7219	13061
8910	2891	2891	2374	3459	1952	4013	1720	4365	1529	4682
7905	4914	4914	4233	5646	3662	6349	3341	6790	3074	7184
7606	802	802	542	1113	351	1437	257	1650	187	1847
7805	3019	3019	2490	3598	2058	4164	1819	4522	1623	4845
8220	11717	11718	10651	12834	9734	13883	9206	14531	8758	15105
8000	38425	38426	36474	40427	34760	42273	33755	43398	32893	44387
8906	1261	1261	928	1644	672	2033	539	2286	435	2517
8210	21644	21645	20186	23153	18916	24555	18177	25414	17546	26172
9020	3837	3837	3238	4487	2742	5116	2465	5512	2236	5868
8125	5914	5914	5164	6715	4532	7480	4174	7957	3874	8384
8126	7745	7745	6883	8658	6150	9523	5732	10061	5380	10540
8905	1041	1041	741	1392	514	1751	399	1986	310	2202
7806	1537	1537	1167	1958	877	2380	724	2653	602	2901
7700	5583	5583	4855	6362	4243	7107	3896	7572	3607	7989
7526	9020	9021	8088	10003	7292	10932	6835	11507	6450	12019
7340	3754	3754	3162	4397	2672	5020	2398	5412	2173	5765
7605	1082	1082	776	1439	543	1804	424	2042	332	2261
7537	16170	16171	14913	17478	13825	18699	13193	19449	12657	20113
8115	10943	10944	9914	12023	9030	13040	8521	13667	8091	14225
7335	11481	11482	10426	12587	9519	13626	8997	14268	8554	14837
8600	11215	11216	10173	12308	9277	13336	8761	13971	8325	14535
7425	3643	3643	3060	4277	2578	4892	2310	5279	2088	5627
7535	6179	6179	5412	6997	4764	7777	4397	8264	4089	8699
7525	2295	2295	1837	2803	1469	3305	1268	3625	1105	3914
7436	2278	2278	1822	2785	1455	3284	1255	3603	1094	3892
9019	4779	4779	4107	5501	3546	6196	3230	6631	2967	7021
7026	1714	1714	1322	2157	1012	2599	847	2884	715	3143
7205	8317	8317	7423	9262	6661	10157	6225	10711	5858	11206
7515	7740	7740	6878	8653	6146	9518	5727	10055	5376	10534
7320	8678	8679	7764	9643	6985	10555	6538	11121	6162	11624
7206	17856	17857	16534	19229	15387	20509	14720	21294	14153	21989
7315	4793	4793	4120	5516	3558	6212	3241	6647	2978	7038
7435	4416	4416	3771	5111	3234	5781	2933	6202	2683	6579
7316	4460	4460	3812	5159	3272	5832	2969	6254	2717	6633
7025	11382	11383	10332	12483	9429	13518	8909	14157	8469	14725
7415	13891	13892	12728	15105	11724	16242	11143	16941	10650	17561
7100	10434	10435	9429	11489	8568	12483	8073	13098	7654	13644
7015	5838	5838	5093	6634	4466	7394	4110	7869	3813	8293
9908	4299	4299	3663	4986	3134	5647	2837	6063	2592	6436
6410	15280	15281	14059	16552	13003	17741	12391	18472	11871	19119
6420	8668	8669	7755	9632	6976	10544	6529	11109	6153	11613
5535	5886	5886	5138	6685	4508	7448	4150	7924	3852	8350
5600	14828	14829	13626	16081	12586	17253	11984	17974	11473	18613
5546	13249	13250	12114	14435	11135	15547	10569	16232	10089	16839
4706	2202	2202	1754	2701	1395	3193	1199	3508	1041	3793
6605	2611	2611	2121	3152	1724	3682	1505	4019	1328	4324
6910	845	845	577	1164	380	1494	281	1711	208	1912
6606	1183	1183	862	1555	616	1934	488	2180	389	2406
9909	1126	1126	813	1490	575	1861	452	2103	357	2325
9011	6418	6418	5636	7251	4975	8045	4599	8540	4284	8982
5525	6495	6495	5708	7333	5042	8131	4664	8629	4347	9073
5515	5329	5329	4618	6090	4022	6820	3685	7276	3404	7684
6326	11674	11675	10610	12789	9695	13836	9168	14483	8721	15057
9914	3826	3826	3228	4475	2732	5103	2456	5499	2227	5854
5545	4514	4514	3862	5217	3318	5893	3013	6318	2759	6699
6223	8206	8206	7318	9145	6562	10034	6129	10585	5765	11077
5306	18847	18848	17488	20257	16308	21570	15621	22375	15037	23087
6325	7419	7419	6576	8313	5860	9161	5452	9689	5109	10159
9009	2452	2452	1978	2977	1595	3493	1385	3821	1215	4119
9006	2059	2059	1627	2542	1281	3020	1094	3326	944	3604
6225	16181	16182	14924	17489	13835	18711	13203	19461	12666	20125
9018	11515	11516	10458	12622	9550	13663	9027	14306	8584	14876
5425	31151	31152	29397	32956	27860	34625	26961	35644	26191	36541
5305	23474	23475	21955	25044	20630	26502	19857	27394	19197	28181
5426	16244	16245	14984	17555	13893	18778	13260	19530	12722	20196
6226	6845	6845	6036	7705	5351	8522	4961	9031	4634	9486
6126	2947	2947	2425	3520	1998	4079	1763	4434	1570	4753
6224	7504	7504	6656	8403	5936	9256	5524	9786	5179	10259
6216	9537	9538	8578	10547	7757	11500	7286	12090	6889	12615
6316	19965	19966	18566	21415	17349	22765	16641	23592	16037	24323
6215	16295	16296	15033	17608	13940	18833	13306	19586	12767	20252
5100	1692	1692	1303	2132	996	2572	831	2855	701	3113
6213	15445	15446	14217	16724	13155	17918	12539	18653	12016	19304
9005	514	514	311	768	171	1040	108	1223	64	1394
6124	13019	13020	11894	14195	10924	15297	10364	15977	9889	16579
6125	10858	10859	9833	11934	8953	12947	8446	13572	8018	14128
6214	29749	29750	28035	31514	26535	33146	25658	34143	24907	35021
5415	62329	62330	59837	64872	57636	67205	56339	68621	55224	69864
5205	36120	36121	34229	38062	32570	39854	31596	40946	30763	41907
9916	2405	2405	1936	2925	1557	3437	1350	3763	1182	4058
9913	5721	5721	4984	6509	4363	7262	4012	7733	3718	8153
9915	3418	3418	2854	4033	2389	4630	2131	5007	1919	5347
4606	3410	3410	2847	4024	2383	4621	2125	4998	1913	5337
6115	9129	9130	8191	10118	7390	11052	6930	11630	6543	12145
4820	6082	6082	5321	6894	4679	7668	4315	8152	4010	8583
9017	264	264	126	453	44	667	16	815	3	955
6123	60070	60071	57624	62567	55465	64859	54193	66250	53099	67471
6114	21131	21132	19691	22622	18437	24009	17707	24858	17084	25608
4607	6379	6379	5599	7210	4940	8001	4566	8495	4252	8936
6505	2870	2870	2355	3436	1935	3988	1704	4339	1514	4656
5020	8626	8627	7715	9588	6938	10498	6493	11062	6118	11564
6113	40810	40811	38798	42872	37030	44773	35992	45930	35102	46948
5010	16994	16995	15705	18334	14588	19584	13939	20352	13387	21031
6020	66527	66528	63952	69153	61676	71562	60334	73023	59180	74304
4900	56167	56168	53803	58582	51717	60801	50489	62148	49434	63330
6010	123485	123487	119967	127054	116842	130311	114993	132280	113397	134003
4400	9804	9805	8831	10828	7998	11793	7520	12391	7116	12922
9900	2000	2000	1574	2476	1235	2949	1051	3251	904	3526
9904	7204	7204	6374	8085	5669	8922	5268	9443	4930	9907
9902	23941	23942	22406	25527	21068	26998	20286	27898	19619	28692
4810	7928	7928	7056	8851	6313	9726	5889	10269	5532	10753
5720	11566	11567	10507	12676	9597	13719	9072	14363	8628	14934
9901	4619	4619	3959	5330	3408	6013	3099	6442	2841	6826
5826	8285	8285	7393	9228	6632	10121	6197	10675	5831	11169
5825	50616	50617	48373	52910	46396	55019	45233	56301	44235	57427
5925	19789	19790	18396	21233	17185	22577	16480	23400	15880	24128
9015	1858	1858	1449	2318	1124	2776	949	3070	809	3337
4506	31819	31820	30046	33643	28492	35329	27583	36358	26804	37264
4605	20935	20936	19501	22419	18254	23800	17527	24645	16908	25392
9002	9863	9864	8887	10890	8052	11858	7571	12457	7166	12990
4226	3628	3628	3046	4261	2566	4874	2298	5261	2077	5609
4505	1484	1484	1121	1898	838	2314	688	2583	569	2828
4225	3237	3237	2689	3836	2238	4419	1989	4788	1784	5120
5716	8289	8289	7396	9232	6636	10126	6201	10680	5835	11173
5916	8277	8277	7385	9220	6625	10112	6190	10666	5825	11159
4300	18221	18222	16885	19608	15726	20900	15052	21693	14478	22393
5815	27807	27808	26151	29514	24703	31095	23857	32060	23133	32911
9004	5521	5521	4797	6296	4189	7037	3845	7500	3557	7914
5715	2189	2189	1743	2686	1384	3177	1189	3491	1032	3776
3330	2374	2374	1908	2891	1532	3400	1327	3724	1160	4017
6506	6807	6807	6001	7664	5318	8480	4929	8988	4603	9441
5915	5232	5232	4528	5987	3938	6710	3604	7162	3326	7568
3905	20346	20347	18933	21810	17704	23171	16989	24006	16379	24743
4130	24483	24484	22931	26086	21576	27573	20785	28483	20110	29285
6930	3702	3702	3114	4341	2628	4960	2357	5350	2133	5701
3825	8063	8063	7183	8994	6434	9876	6006	10423	5645	10911
4120	4032	4032	3417	4698	2907	5341	2621	5745	2385	6109
3816	4227	4227	3597	4908	3073	5565	2779	5977	2536	6348
4210	5880	5880	5132	6679	4502	7441	4145	7917	3847	8343
9016	1952	1952	1532	2423	1197	2891	1017	3190	872	3462
4005	2201	2201	1753	2699	1394	3192	1198	3506	1040	3791
4230	2012	2012	1585	2490	1244	2963	1060	3267	912	3542
3815	10300	10301	9302	11349	8447	12337	7955	12948	7539	13490
3705	37905	37906	35967	39894	34266	41728	33267	42845	32412	43828
3900	28749	28750	27065	30484	25591	32090	24730	33071	23993	33935
4110	36927	36928	35015	38890	33336	40701	32352	41805	31508	42776
3416	3283	3283	2731	3886	2277	4473	2025	4844	1818	5178
3413	1522	1522	1154	1941	866	2361	714	2633	593	2881
3706	4224	4224	3594	4905	3070	5561	2777	5974	2533	6344
3600	60254	60255	57804	62755	55642	65050	54367	66443	53272	67666
3415	4946	4946	4262	5681	3690	6386	3367	6827	3099	7223
3320	5656	5656	4923	6440	4307	7189	3957	7657	3666	8076
3505	21606	21607	20149	23114	18881	24515	18142	25373	17511	26130
3414	3109	3109	2572	3697	2132	4269	1889	4632	1689	4959
6900	1930	1930	1512	2398	1180	2864	1001	3162	857	3433
2940	3504	3504	2933	4126	2461	4730	2199	5111	1983	5454
2216	4319	4319	3682	5007	3151	5670	2854	6087	2607	6461
3046	8972	8973	8042	9953	7249	10879	6793	11453	6410	11964
2225	7565	7565	6713	8467	5990	9324	5577	9856	5230	10330
3426	2939	2939	2418	3511	1992	4070	1757	4424	1564	4743
3427	6296	6296	5521	7121	4867	7908	4496	8399	4185	8837
3045	4312	4312	3675	5000	3145	5662	2848	6078	2602	6452
3310	4075	4075	3457	4744	2943	5390	2656	5796	2418	6161
3030	10294	10295	9296	11342	8441	12330	7950	12941	7534	13484
3130	25500	25501	23915	27136	22532	28652	21723	29579	21033	30397
3010	11529	11530	10472	12637	9563	13679	9039	14321	8596	14892
3020	22803	22804	21306	24351	20001	25789	19240	26669	18591	27445
3425	3299	3299	2745	3904	2290	4492	2037	4863	1830	5198
2100	2295	2295	1837	2803	1469	3305	1268	3625	1105	3914
1606	3482	3482	2912	4102	2443	4705	2182	5085	1967	5427
2215	7280	7280	6445	8166	5737	9007	5333	9530	4993	9996
1720	6933	6933	6119	7798	5429	8621	5036	9132	4707	9589
3120	17320	17321	16018	18672	14890	19934	14234	20708	13676	21393
1900	15565	15566	14332	16848	13266	18048	12647	18785	12122	19438
3110	3250	3250	2701	3850	2249	4434	1999	4804	1793	5136
3200	7815	7815	6949	8732	6213	9601	5792	10141	5438	10622
1605	7771	7771	6908	8685	6173	9552	5754	10091	5401	10570
2000	15721	15722	14482	17011	13410	18216	12788	18956	12260	19612
1820	25056	25057	23485	26678	22114	28181	21314	29101	20630	29912
1200	6282	6282	5508	7107	4855	7893	4484	8383	4173	8821
1710	13793	13794	12634	15003	11634	16136	11055	16833	10565	17451
1810	14605	14606	13412	15849	12381	17013	11784	17729	11277	18363
900	11981	11982	10903	13110	9975	14170	9440	14825	8987	15405
806	4625	4625	3965	5336	3414	6020	3103	6449	2846	6834
1506	4484	4484	3834	5185	3293	5859	2988	6282	2736	6662
1410	15837	15838	14593	17131	13517	18341	12893	19084	12362	19742
1505	6913	6913	6100	7777	5411	8598	5019	9109	4690	9566
1330	6134	6134	5370	6949	4725	7727	4359	8212	4053	8645
1000	2001	2001	1575	2477	1236	2950	1052	3253	904	3527
1320	5079	5079	4386	5823	3805	6537	3477	6983	3204	7383
1420	15701	15702	14463	16990	13391	18194	12770	18934	12242	19590
1130	2932	2932	2411	3503	1986	4062	1751	4415	1559	4734
1116	8780	8781	7861	9750	7076	10668	6626	11236	6248	11742
1310	6242	6242	5471	7064	4820	7848	4450	8337	4141	8773
805	5444	5444	4725	6213	4122	6950	3780	7410	3496	7822
1115	4778	4778	4106	5500	3545	6195	3229	6630	2966	7019
205	14245	14246	13067	15474	12050	16624	11460	17332	10961	17959
136	4481	4481	3831	5181	3290	5856	2986	6279	2733	6658
1120	13299	13300	12162	14487	11181	15601	10614	16287	10133	16895
705	3490	3490	2920	4111	2450	4714	2188	5094	1973	5437
120	1616	1616	1236	2047	937	2478	778	2756	652	3009
325	6761	6761	5957	7616	5277	8429	4890	8935	4565	9387
135	3185	3185	2641	3779	2195	4358	1948	4724	1745	5055
706	3775	3775	3181	4420	2689	5044	2415	5438	2189	5791
206	8375	8376	7478	9323	6713	10221	6275	10777	5907	11273
2910	1111	1111	800	1473	564	1842	442	2082	349	2303
315	6835	6835	6027	7694	5342	8511	4953	9020	4626	9474
2935	21507	21508	20054	23011	18788	24409	18051	25266	17422	26022
605	4560	4560	3905	5266	3358	5946	3050	6372	2795	6755
606	4393	4393	3750	5087	3215	5755	2914	6175	2665	6551
506	5100	5100	4405	5846	3823	6560	3495	7008	3221	7409
110	1337	1337	994	1731	728	2130	589	2388	480	2624
505	12110	12111	11026	13245	10093	14311	9554	14968	9099	15551
2936	4051	4051	3435	4718	2923	5363	2637	5768	2400	6132
405	4507	4507	3855	5209	3312	5885	3007	6310	2754	6690
2926	2909	2909	2391	3478	1967	4034	1734	4387	1543	4705
2925	2244	2244	1792	2747	1428	3244	1230	3560	1070	3848
2927	1867	1867	1457	2328	1131	2787	955	3081	815	3349
