faz_id mean median lower_50 upper_50 lower_80 upper_80 lower_90 upper_90 lower_95 upper_95
8935	5259	5260	4490	6090	3849	6889	3489	7392	3190	7842
8927	1275	1276	912	1700	637	2134	495	2417	387	2678
8926	2316	2317	1816	2878	1417	3435	1202	3792	1030	4117
8936	3865	3865	3210	4581	2671	5278	2373	5719	2128	6116
8500	12722	12723	11508	13997	10467	15196	9868	15938	9362	16597
8406	300	301	140	522	47	774	15	948	2	1114
8320	11409	11410	10261	12618	9280	13758	8716	14464	8240	15092
8925	2896	2896	2333	3520	1878	4134	1629	4525	1427	4879
8937	7591	7591	6660	8582	5874	9527	5427	10116	5054	10642
8405	997	998	679	1376	445	1769	329	2028	242	2267
8310	10475	10476	9377	11635	8440	12731	7902	13410	7450	14015
8910	3176	3176	2585	3828	2104	4467	1841	4874	1626	5241
7905	5211	5211	4445	6037	3807	6834	3449	7334	3153	7783
7606	868	868	573	1223	360	1595	256	1842	180	2070
7805	3496	3496	2874	4178	2366	4845	2086	5268	1857	5649
8220	12648	12649	11438	13919	10401	15116	9803	15856	9299	16513
8000	39101	39102	36950	41312	35065	43356	33961	44603	33016	45700
8906	1364	1365	987	1802	700	2249	551	2539	437	2806
8210	25863	25864	24119	27667	22601	29344	21716	30371	20962	31278
9020	4168	4168	3486	4910	2924	5631	2612	6086	2354	6496
8125	6524	6525	5664	7445	4941	8327	4532	8879	4191	9372
8126	8266	8267	7294	9299	6470	10282	6001	10894	5607	11439
8905	1124	1124	784	1524	531	1936	403	2207	306	2456
7806	1678	1678	1257	2160	929	2647	757	2962	621	3249
7700	5811	5812	5001	6683	4323	7520	3941	8044	3624	8514
7526	9852	9853	8788	10977	7881	12043	7362	12704	6926	13293
7340	3927	3927	3266	4648	2723	5350	2422	5794	2174	6194
7605	1328	1328	956	1760	674	2201	528	2489	416	2753
7537	17382	17383	15958	18867	14728	20256	14015	21111	13411	21868
8115	11267	11267	10126	12468	9151	13602	8592	14304	8120	14928
7335	11831	11832	10662	13061	9661	14221	9085	14939	8600	15577
8600	12065	12066	10884	13307	9872	14478	9290	15202	8799	15845
7425	3846	3846	3192	4560	2655	5256	2358	5695	2114	6092
7535	6619	6620	5752	7547	5023	8435	4611	8989	4267	9486
7525	2454	2454	1938	3030	1525	3602	1302	3967	1122	4299
7436	2485	2485	1966	3065	1550	3640	1325	4008	1143	4341
9019	5100	5101	4343	5919	3713	6707	3360	7203	3067	7648
7026	1815	1815	1375	2315	1032	2818	850	3142	706	3438
7205	8934	8935	7922	10007	7063	11026	6572	11659	6160	12223
7515	8127	8127	7163	9152	6347	10127	5882	10734	5493	11275
7320	9398	9399	8359	10498	7476	11541	6971	12188	6546	12765
7206	20097	20098	18563	21691	17235	23179	16463	24092	15807	24901
7315	4974	4974	4226	5782	3605	6562	3257	7053	2969	7493
7435	4808	4808	4073	5603	3464	6371	3123	6855	2841	7289
7316	4604	4605	3886	5383	3292	6137	2960	6611	2685	7038
7025	12227	12228	11038	13477	10019	14655	9433	15384	8938	16031
7415	14816	14817	13504	16189	12374	17478	11722	18272	11169	18977
7100	11783	11783	10616	13011	9617	14168	9043	14885	8559	15521
7015	6065	6066	5237	6955	4542	7808	4151	8342	3825	8820
9908	4619	4619	3899	5399	3304	6153	2971	6628	2696	7055
6410	15281	15282	13948	16675	12799	17983	12136	18788	11574	19503
6420	8780	8780	7777	9844	6925	10854	6440	11482	6032	12042
5535	5756	5756	4949	6623	4275	7456	3895	7978	3580	8446
5600	15588	15589	14241	16996	13081	18316	12410	19129	11841	19850
5546	13943	13944	12671	15276	11577	16528	10947	17301	10413	17987
4706	2358	2358	1853	2924	1450	3486	1232	3846	1058	4173
6605	2784	2784	2232	3396	1788	4000	1545	4385	1349	4733
6910	949	949	640	1319	413	1705	301	1959	218	2194
6606	1315	1315	946	1746	665	2185	520	2472	409	2736
9909	1235	1236	878	1654	608	2082	471	2362	365	2620
9011	6608	6608	5742	7535	5014	8422	4602	8976	4258	9472
5525	6528	6529	5667	7450	4944	8332	4535	8883	4194	9377
5515	5559	5559	4767	6411	4106	7232	3734	7746	3425	8207
6326	12123	12124	10939	13368	9925	14542	9342	15267	8849	15912
9914	4309	4309	3615	5063	3042	5795	2723	6256	2461	6671
5545	4683	4684	3959	5469	3359	6228	3023	6706	2746	7135
6223	9242	9243	8212	10333	7336	11367	6836	12010	6416	12582
5306	19997	19998	18468	21587	17142	23072	16373	23983	15719	24790
6325	7512	7513	6586	8498	5805	9439	5361	10025	4989	10549
9009	2574	2574	2044	3164	1620	3747	1390	4120	1204	4458
9006	2552	2553	2025	3140	1603	3721	1374	4093	1189	4430
6225	16824	16825	15424	18286	14215	19654	13515	20496	12921	21242
9018	12088	12089	10906	13331	9893	14503	9311	15228	8819	15872
5425	34929	34930	32897	37021	31120	38957	30081	40139	29192	41180
5305	25586	25587	23852	27381	22343	29050	21463	30071	20713	30974
5426	17406	17407	15981	18892	14750	20282	14037	21137	13432	21895
6226	7146	7147	6244	8109	5484	9029	5053	9602	4692	10115
6126	3119	3120	2534	3766	2058	4400	1797	4803	1585	5168
6224	7752	7753	6812	8754	6016	9708	5564	10303	5186	10833
6216	10062	10063	8986	11199	8069	12275	7544	12942	7102	13536
6316	20763	20763	19204	22382	17852	23893	17066	24821	16398	25641
6215	18127	18128	16672	19642	15414	21059	14685	21931	14066	22702
5100	1801	1801	1363	2299	1021	2800	840	3123	697	3419
6213	15652	15652	14302	17062	13139	18384	12466	19199	11896	19921
9005	580	580	345	876	185	1194	113	1409	65	1609
6124	13366	13366	12121	14671	11052	15899	10436	16658	9915	17331
6125	11410	11411	10262	12619	9280	13759	8717	14465	8241	15093
6214	30315	30316	28425	32266	26775	34075	25811	35181	24988	36157
5415	62058	62060	59341	64836	56946	67391	55536	68942	54326	70305
5205	38001	38002	35881	40182	34024	42198	32937	43428	32006	44511
9916	2549	2550	2023	3137	1601	3718	1372	4089	1187	4426
9913	5925	5925	5106	6804	4421	7648	4035	8177	3713	8651
9915	3616	3617	2984	4310	2466	4987	2179	5416	1945	5802
4606	3598	3599	2967	4290	2450	4966	2165	5393	1931	5779
6115	9340	9340	8304	10436	7424	11476	6920	12121	6497	12697
4820	6209	6209	5370	7108	4667	7971	4270	8510	3939	8993
9017	340	340	167	574	63	837	25	1018	6	1189
6123	64578	64579	61805	67411	59360	70015	57921	71597	56684	72985
6114	21973	21973	20368	23638	18975	25190	18165	26142	17476	26984
4607	6741	6742	5866	7677	5130	8573	4713	9132	4365	9632
6505	3123	3124	2537	3770	2062	4405	1800	4808	1588	5173
5020	9069	9070	8049	10150	7183	11176	6688	11813	6272	12381
6113	42218	42219	39982	44515	38020	46635	36870	47928	35885	49065
5010	17334	17334	15912	18816	14683	20204	13972	21057	13368	21813
6020	72192	72194	69259	75186	66669	77935	65143	79603	63832	81067
4900	65863	65864	63062	68724	60592	71353	59138	72950	57889	74351
6010	134878	134880	130857	138959	127288	142687	125177	144941	123356	146914
4400	10196	10197	9113	11340	8189	12423	7660	13094	7215	13692
9900	2110	2110	1633	2647	1257	3182	1055	3526	894	3840
9904	7401	7401	6482	8380	5707	9314	5267	9897	4899	10417
9902	25519	25520	23787	27311	22280	28978	21401	29998	20653	30900
4810	8377	8378	7398	9417	6568	10406	6095	11021	5699	11570
5720	12077	12078	10895	13320	9883	14491	9301	15215	8810	15859
9901	5178	5179	4415	6002	3780	6797	3423	7296	3127	7743
5826	8911	8912	7900	9983	7042	11000	6552	11632	6141	12196
5825	52936	52938	50429	55505	48223	57870	46926	59308	45814	60573
5925	20775	20776	19215	22395	17863	23906	17077	24834	16409	25655
9015	1995	1996	1533	2519	1169	3042	974	3378	820	3685
4506	32517	32518	30558	34536	28846	36407	27845	37550	26990	38557
4605	24480	24481	22785	26237	21310	27870	20451	28872	19719	29756
9002	10204	10205	9120	11349	8196	12432	7667	13103	7221	13701
4226	3841	3841	3187	4555	2651	5250	2354	5689	2110	6085
4505	1594	1595	1184	2065	867	2541	701	2850	571	3132
4225	3378	3378	2767	4050	2269	4706	1995	5123	1771	5499
5716	8600	8601	7608	9654	6766	10654	6286	11277	5883	11832
5916	8674	8674	7677	9732	6831	10736	6349	11361	5944	11918
4300	21118	21119	19545	22751	18181	24274	17388	25209	16714	26036
5815	28805	28806	26963	30707	25357	32473	24419	33553	23618	34505
9004	6089	6089	5258	6980	4563	7834	4170	8369	3843	8848
5715	2306	2306	1807	2866	1409	3423	1195	3779	1023	4103
3330	2521	2521	1997	3105	1578	3683	1351	4053	1168	4388
6506	8046	8047	7087	9066	6275	10037	5813	10641	5426	11180
5915	5588	5588	4794	6443	4131	7265	3758	7780	3448	8243
3905	21809	21810	20210	23468	18823	25014	18016	25963	17329	26802
4130	25846	25847	24103	27649	22585	29326	21701	30353	20947	31259
6930	4006	4006	3338	4734	2789	5442	2484	5890	2233	6293
3825	8717	8718	7718	9778	6870	10785	6386	11411	5980	11969
4120	4391	4391	3690	5152	3111	5890	2789	6355	2523	6773
3816	4492	4492	3783	5262	3197	6007	2870	6476	2600	6899
4210	6541	6542	5680	7464	4956	8347	4546	8899	4204	9392
9016	2089	2089	1615	2624	1241	3157	1040	3500	880	3812
4005	2437	2438	1923	3012	1512	3582	1290	3947	1111	4278
4230	2138	2138	1658	2679	1279	3217	1075	3563	912	3878
3815	10899	10899	9778	12081	8820	13197	8271	13889	7808	14504
3705	40444	40446	38257	42693	36338	44770	35214	46037	34252	47152
3900	31379	31380	29456	33364	27775	35203	26794	36327	25955	37318
4110	37661	37662	35550	39832	33702	41839	32620	43064	31694	44142
3416	3208	3208	2613	3863	2130	4505	1865	4912	1648	5281
3413	1662	1662	1243	2142	917	2626	746	2940	612	3226
3706	4509	4510	3799	5280	3211	6027	2883	6497	2613	6920
3600	70904	70906	67997	73872	65432	76596	63920	78250	62621	79702
3415	5172	5173	4409	5996	3774	6790	3418	7288	3123	7736
3320	6523	6524	5663	7444	4940	8326	4531	8877	4190	9371
3505	23803	23804	22131	25535	20678	27147	19832	28135	19112	29008
3414	3244	3244	2646	3903	2160	4548	1892	4958	1674	5328
6900	2096	2097	1622	2632	1246	3166	1045	3509	885	3822
2940	4068	4068	3394	4801	2840	5514	2532	5965	2279	6370
2216	4694	4694	3968	5480	3367	6240	3031	6718	2753	7148
3046	9839	9840	8775	10964	7869	12028	7351	12689	6915	13278
2225	7817	7818	6872	8823	6073	9780	5619	10377	5238	10910
3426	3187	3188	2595	3840	2114	4481	1849	4887	1634	5255
3427	6674	6674	5803	7605	5071	8496	4656	9053	4311	9551
3045	4534	4534	3821	5307	3232	6055	2903	6526	2631	6950
3310	4840	4841	4103	5638	3492	6409	3149	6893	2866	7329
3030	11228	11229	10090	12428	9117	13560	8558	14261	8087	14884
3130	27326	27327	25533	29180	23971	30902	23059	31955	22282	32885
3010	12193	12194	11005	13441	9988	14618	9403	15345	8909	15992
3020	23077	23078	21432	24783	20002	26371	19170	27345	18462	28206
3425	3486	3486	2865	4167	2358	4833	2078	5255	1849	5636
2100	2471	2471	1953	3050	1539	3623	1314	3989	1134	4322
1606	3928	3928	3267	4649	2724	5351	2422	5795	2175	6195
2215	7807	7807	6863	8812	6064	9769	5610	10365	5230	10898
1720	7154	7154	6251	8117	5490	9037	5059	9610	4698	10123
3120	18547	18548	17076	20080	15802	21512	15064	22393	14437	23172
1900	17459	17460	16032	18947	14799	20340	14085	21196	13479	21955
3110	3718	3718	3076	4421	2549	5106	2258	5540	2019	5931
3200	8397	8398	7417	9439	6586	10428	6113	11044	5715	11594
1605	8357	8358	7379	9396	6550	10383	6078	10998	5682	11546
2000	16088	16088	14719	17517	13538	18857	12856	19682	12277	20413
1820	26117	26118	24365	27930	22839	29615	21950	30647	21191	31557
1200	6649	6650	5780	7579	5050	8469	4636	9025	4291	9522
1710	14273	14274	12986	15621	11878	16888	11239	17669	10699	18362
1810	15243	15244	13911	16635	12764	17941	12102	18746	11540	19460
900	12147	12147	10961	13393	9946	14567	9362	15293	8869	15939
806	5142	5142	4381	5963	3748	6755	3393	7252	3099	7699
1506	4859	4859	4120	5658	3507	6430	3164	6915	2880	7351
1410	16477	16478	15092	17923	13896	19278	13204	20112	12617	20851
1505	7343	7344	6429	8319	5657	9250	5219	9830	4852	10349
1330	6371	6371	5521	7281	4807	8154	4404	8699	4068	9188
1000	2170	2170	1686	2714	1303	3256	1097	3604	933	3921
1320	5386	5386	4607	6226	3957	7034	3592	7541	3289	7997
1420	17231	17232	15814	18709	14589	20093	13880	20944	13278	21698
1130	3416	3416	2801	4091	2300	4751	2024	5169	1798	5547
1116	9460	9460	8417	10563	7531	11609	7024	12258	6598	12836
1310	6449	6450	5594	7366	4876	8243	4469	8791	4131	9282
805	5666	5666	4866	6527	4198	7354	3821	7872	3509	8337
1115	5134	5134	4374	5955	3742	6746	3387	7243	3093	7689
205	14707	14708	13400	16075	12275	17360	11625	18151	11075	18854
136	4611	4612	3893	5391	3298	6145	2965	6620	2691	7047
1120	14241	14242	12955	15588	11849	16853	11211	17633	10671	18326
705	4160	4160	3479	4902	2918	5622	2605	6076	2348	6485
120	1728	1728	1300	2217	967	2710	791	3028	652	3319
325	6992	6992	6100	7945	5349	8855	4923	9423	4567	9931
135	3376	3376	2766	4047	2268	4704	1994	5120	1770	5497
706	3975	3976	3310	4701	2763	5407	2460	5853	2210	6255
206	9222	9222	8193	10311	7318	11345	6819	11987	6399	12559
2910	1212	1212	858	1626	592	2052	456	2330	352	2586
315	7258	7258	6348	8228	5581	9153	5146	9731	4782	10247
2935	22201	22202	20588	23875	19187	25434	18373	26391	17679	27237
605	4881	4881	4141	5682	3526	6455	3182	6942	2897	7379
606	4839	4840	4102	5637	3491	6408	3148	6892	2865	7328
506	5828	5828	5016	6700	4337	7538	3955	8063	3636	8533
110	1527	1527	1126	1988	818	2456	657	2760	531	3037
505	14698	14699	13391	16066	12266	17350	11617	18141	11067	18844
2936	4298	4298	3605	5051	3033	5782	2715	6243	2452	6657
405	4892	4892	4151	5694	3535	6468	3191	6955	2906	7392
2926	3241	3241	2643	3899	2157	4544	1890	4954	1672	5324
2925	2416	2416	1904	2989	1495	3556	1274	3920	1097	4250
2927	2038	2038	1571	2567	1202	3095	1004	3434	847	3743
