faz_id mean median lower_50 upper_50 lower_80 upper_80 lower_90 upper_90 lower_95 upper_95
8935	5138	5138	4378	5959	3745	6751	3390	7248	3096	7694
8927	1216	1216	862	1631	595	2057	459	2335	355	2592
8926	2236	2236	1745	2788	1355	3337	1145	3689	977	4010
8936	3761	3761	3115	4468	2585	5157	2292	5592	2051	5985
8500	12533	12534	11329	13798	10296	14990	9702	15726	9200	16381
8406	272	272	120	484	36	728	9	897	0	1058
8320	11230	11231	10092	12429	9118	13562	8560	14263	8088	14886
8925	2806	2806	2252	3421	1805	4026	1562	4412	1364	4762
8937	7445	7446	6524	8427	5746	9364	5304	9948	4935	10470
8405	945	945	636	1315	410	1699	299	1953	216	2188
8310	10304	10305	9215	11454	8286	12542	7754	13216	7305	13817
8910	3082	3082	2500	3725	2028	4356	1769	4757	1559	5120
7905	5090	5090	4333	5907	3704	6696	3351	7191	3059	7635
7606	819	819	534	1165	329	1529	230	1770	158	1994
7805	3397	3397	2785	4070	2285	4729	2010	5146	1785	5523
8220	12460	12461	11259	13722	10230	14910	9637	15645	9137	16297
8000	38769	38770	36628	40971	34751	43007	33652	44248	32711	45341
8906	1303	1303	935	1732	656	2170	513	2455	402	2718
8210	25593	25594	23859	27388	22349	29057	21469	30079	20719	30981
9020	4060	4060	3388	4793	2834	5506	2526	5956	2274	6361
8125	6389	6389	5538	7301	4823	8175	4419	8721	4083	9210
8126	8114	8115	7151	9138	6335	10112	5871	10719	5482	11260
8905	1068	1068	738	1459	493	1863	370	2128	277	2373
7806	1610	1610	1198	2083	879	2561	711	2871	580	3154
7700	5684	5684	4883	6546	4213	7374	3836	7894	3523	8359
7526	9686	9687	8631	10802	7733	11859	7219	12515	6787	13100
7340	3822	3822	3170	4534	2636	5228	2339	5667	2096	6062
7605	1267	1267	905	1690	631	2123	490	2406	383	2666
7537	17161	17162	15746	18636	14525	20017	13817	20867	13217	21620
8115	11089	11090	9958	12281	8991	13407	8436	14104	7969	14724
7335	11649	11650	10489	12870	9496	14022	8926	14734	8445	15368
8600	11881	11882	10709	13114	9706	14276	9129	14995	8642	15634
7425	3742	3742	3098	4447	2569	5134	2277	5569	2037	5961
7535	6483	6483	5625	7402	4905	8281	4497	8831	4158	9323
7525	2371	2371	1864	2939	1460	3502	1242	3862	1066	4190
7436	2402	2402	1892	2973	1484	3539	1264	3902	1087	4231
9019	4981	4981	4233	5790	3611	6570	3263	7061	2975	7502
7026	1744	1744	1314	2235	978	2729	801	3049	662	3341
7205	8776	8777	7773	9840	6922	10850	6436	11478	6029	12038
7515	7976	7977	7021	8992	6214	9958	5754	10560	5369	11098
7320	9236	9237	8206	10326	7331	11361	6831	12003	6411	12575
7206	19859	19860	18335	21444	17015	22923	16248	23832	15596	24636
7315	4856	4856	4118	5655	3505	6427	3162	6912	2878	7348
7435	4692	4692	3967	5478	3366	6238	3030	6716	2752	7146
7316	4491	4491	3782	5261	3196	6006	2869	6475	2599	6898
7025	12042	12043	10862	13283	9851	14452	9270	15176	8780	15819
7415	14612	14613	13309	15976	12188	17256	11540	18046	10992	18746
7100	11601	11602	10443	12819	9453	13969	8884	14680	8404	15313
7015	5935	5935	5116	6815	4430	7660	4043	8189	3721	8663
9908	4505	4505	3795	5276	3208	6022	2880	6492	2609	6915
6410	15074	15075	13750	16459	12610	17758	11951	18559	11393	19269
6420	8623	8624	7629	9678	6786	10680	6305	11303	5902	11858
5535	5629	5629	4832	6487	4166	7312	3791	7829	3480	8292
5600	15379	15380	14042	16777	12889	18089	12223	18897	11659	19614
5546	13745	13746	12482	15069	11397	16313	10771	17081	10242	17762
4706	2277	2277	1781	2834	1386	3387	1174	3742	1004	4065
6605	2696	2696	2154	3299	1717	3894	1480	4274	1288	4618
6910	898	898	598	1259	380	1636	273	1885	194	2116
6606	1255	1255	895	1676	622	2108	483	2389	376	2648
9909	1177	1177	829	1586	568	2006	435	2281	334	2535
9011	6472	6472	5615	7390	4895	8268	4488	8818	4149	9309
5525	6393	6393	5541	7305	4827	8179	4423	8725	4086	9215
5515	5434	5434	4651	6278	3998	7089	3631	7599	3327	8055
6326	11939	11940	10764	13175	9758	14340	9180	15060	8692	15701
9914	4199	4199	3515	4944	2950	5667	2636	6124	2378	6534
5545	4569	4569	3854	5345	3262	6096	2931	6569	2658	6994
6223	9081	9082	8060	10163	7193	11189	6698	11826	6282	12395
5306	19760	19761	18240	21341	16923	22817	16159	23723	15509	24526
6325	7367	7368	6451	8344	5677	9276	5238	9858	4871	10377
9009	2489	2489	1969	3070	1553	3645	1328	4012	1146	4346
9006	2468	2468	1950	3046	1536	3619	1312	3986	1132	4319
6225	16607	16608	15216	18059	14015	19419	13320	20256	12731	20997
9018	11904	11905	10731	13138	9727	14301	9149	15021	8662	15660
5425	34615	34616	32593	36698	30824	38625	29790	39802	28905	40839
5305	25318	25319	23593	27104	22092	28764	21217	29781	20472	30678
5426	17185	17186	15769	18661	14547	20043	13839	20893	13238	21647
6226	7005	7006	6112	7959	5360	8870	4934	9438	4578	9947
6126	3026	3026	2450	3663	1983	4289	1727	4687	1519	5047
6224	7605	7606	6673	8597	5887	9543	5439	10133	5065	10659
6216	9894	9895	8827	11022	7919	12089	7398	12752	6961	13341
6316	20521	20522	18971	22132	17628	23634	16847	24557	16184	25373
6215	17901	17902	16456	19407	15206	20816	14482	21682	13867	22449
5100	1730	1730	1302	2219	968	2712	792	3030	653	3321
6213	15442	15443	14102	16843	12947	18157	12279	18967	11714	19685
9005	540	540	314	827	163	1137	96	1346	52	1542
6124	13172	13173	11936	14468	10876	15688	10265	16441	9748	17110
6125	11231	11232	10092	12430	9119	13563	8560	14264	8089	14887
6214	30023	30024	28142	31965	26500	33765	25542	34866	24723	35837
5415	61640	61641	58932	64409	56545	66955	55140	68502	53934	69860
5205	37674	37675	35563	39845	33715	41853	32632	43078	31706	44156
9916	2465	2465	1948	3043	1534	3616	1310	3982	1130	4315
9913	5796	5796	4987	6666	4310	7502	3928	8026	3611	8495
9915	3516	3516	2892	4200	2383	4869	2101	5293	1871	5675
4606	3498	3498	2876	4181	2368	4848	2088	5270	1858	5652
6115	9178	9179	8152	10265	7279	11296	6781	11937	6363	12508
4820	6077	6077	5248	6967	4553	7821	4160	8356	3834	8834
9017	310	310	146	535	51	789	17	965	2	1132
6123	64151	64153	61388	66975	58951	69571	57517	71147	56285	72532
6114	21724	21725	20129	23380	18744	24924	17939	25871	17254	26708
4607	6604	6604	5738	7531	5010	8418	4598	8972	4255	9468
6505	3030	3030	2453	3668	1986	4294	1730	4692	1522	5053
5020	8910	8911	7899	9982	7041	10999	6551	11631	6140	12195
6113	41873	41874	39646	44161	37693	46273	36548	47560	35567	48693
5010	17113	17114	15700	18586	14480	19965	13774	20814	13175	21566
6020	71741	71743	68817	74726	66236	77466	64715	79129	63408	80589
4900	65432	65434	62641	68284	60179	70905	58730	72496	57485	73893
6010	134261	134263	130250	138333	126689	142053	124582	144302	122766	146270
4400	10027	10028	8953	11162	8038	12236	7514	12902	7073	13496
9900	2033	2033	1566	2561	1198	3088	1001	3427	844	3736
9904	7257	7258	6348	8227	5581	9153	5146	9730	4782	10246
9902	25251	25252	23529	27034	22030	28692	21156	29708	20412	30605
4810	8224	8225	7254	9255	6433	10235	5965	10845	5573	11390
5720	11893	11894	10720	13126	9717	14289	9140	15008	8652	15648
9901	5058	5058	4304	5873	3677	6659	3325	7153	3034	7596
5826	8753	8754	7751	9815	6901	10824	6417	11451	6010	12011
5825	52550	52551	50052	55109	47854	57466	46563	58899	45455	60159
5925	20533	20534	18983	22144	17639	23647	16858	24570	16194	25386
9015	1921	1921	1468	2435	1112	2950	923	3281	772	3584
4506	32214	32215	30265	34224	28561	36087	27565	37225	26715	38228
4605	24218	24219	22532	25965	21065	27590	20212	28586	19484	29466
9002	10035	10036	8960	11170	8045	12245	7520	12912	7079	13505
4226	3737	3737	3093	4442	2565	5128	2273	5563	2034	5955
4505	1528	1528	1127	1990	818	2457	657	2761	531	3039
4225	3281	3281	2680	3943	2190	4592	1921	5003	1701	5375
5716	8445	8446	7462	9489	6628	10481	6153	11099	5755	11650
5916	8518	8519	7530	9566	6693	10563	6216	11182	5815	11735
4300	20874	20875	19311	22498	17955	24013	17167	24943	16497	25765
5815	28520	28521	26688	30413	25089	32170	24157	33245	23361	34194
9004	5958	5958	5137	6840	4450	7686	4062	8216	3740	8691
5715	2226	2226	1736	2777	1347	3325	1137	3677	970	3996
3330	2437	2437	1923	3012	1512	3582	1290	3946	1111	4277
6506	7896	7897	6946	8907	6143	9869	5686	10468	5303	11003
5915	5463	5463	4678	6309	4023	7122	3655	7633	3350	8091
3905	21561	21562	19972	23211	18593	24749	17791	25693	17109	26528
4130	25576	25577	23842	27370	22333	29039	21454	30060	20704	30962
6930	3900	3900	3242	4619	2701	5319	2401	5761	2154	6160
3825	8561	8562	7571	9612	6731	10611	6252	11232	5851	11786
4120	4280	4280	3589	5032	3018	5761	2701	6221	2439	6635
3816	4380	4380	3680	5140	3102	5877	2780	6342	2515	6760
4210	6406	6406	5554	7319	4838	8194	4433	8741	4096	9230
9016	2013	2013	1549	2538	1182	3063	987	3401	831	3709
4005	2355	2355	1850	2921	1448	3482	1230	3842	1056	4169
4230	2061	2061	1591	2592	1219	3123	1020	3464	862	3774
3815	10724	10725	9612	11897	8663	13005	8118	13692	7660	14303
3705	40107	40108	37928	42346	36018	44415	34899	45677	33941	46787
3900	31082	31083	29168	33057	27496	34888	26519	36007	25685	36994
4110	37335	37336	35234	39497	33394	41496	32317	42715	31395	43789
3416	3113	3113	2528	3759	2053	4393	1793	4795	1581	5160
3413	1594	1594	1184	2065	867	2541	701	2849	571	3132
3706	4397	4397	3696	5159	3117	5897	2794	6362	2527	6781
3600	70457	70459	67560	73415	65002	76132	63496	77780	62201	79228
3415	5052	5052	4298	5866	3672	6652	3320	7146	3030	7589
3320	6388	6388	5537	7300	4822	8173	4418	8720	4082	9209
3505	23544	23545	21882	25267	20437	26871	19596	27854	18880	28722
3414	3149	3149	2560	3798	2082	4435	1820	4840	1606	5206
6900	2020	2020	1555	2546	1188	3072	992	3410	836	3719
2940	3961	3961	3297	4686	2751	5390	2449	5836	2200	6237
2216	4579	4579	3863	5356	3270	6108	2939	6581	2666	7006
3046	9673	9674	8619	10788	7721	11845	7208	12500	6776	13085
2225	7669	7670	6733	8665	5943	9615	5494	10206	5117	10735
3426	3093	3093	2510	3737	2037	4369	1778	4770	1566	5134
3427	6537	6537	5676	7459	4952	8342	4542	8894	4201	9387
3045	4421	4421	3718	5185	3137	5925	2813	6391	2546	6811
3310	4724	4724	3996	5513	3393	6275	3056	6754	2777	7186
3030	11051	11052	9922	12241	8957	13365	8403	14061	7937	14680
3130	27049	27050	25265	28894	23711	30607	22805	31655	22031	32581
3010	12008	12009	10830	13247	9821	14415	9240	15138	8751	15780
3020	22822	22823	21186	24519	19765	26099	18938	27068	18234	27924
3425	3387	3387	2775	4059	2277	4717	2002	5134	1778	5511
2100	2388	2388	1879	2957	1473	3522	1254	3884	1078	4212
1606	3823	3823	3171	4535	2637	5229	2340	5668	2097	6063
2215	7659	7660	6724	8655	5934	9604	5485	10195	5109	10723
1720	7012	7013	6119	7966	5366	8877	4940	9446	4583	9955
3120	18319	18320	16856	19842	15591	21266	14858	22142	14235	22917
1900	17238	17239	15820	18717	14595	20100	13886	20952	13284	21706
3110	3616	3616	2983	4310	2465	4987	2179	5415	1945	5802
3200	8244	8245	7273	9276	6450	10257	5982	10868	5589	11413
1605	8204	8205	7235	9234	6415	10213	5948	10822	5556	11366
2000	15875	15876	14516	17295	13343	18626	12666	19446	12091	20173
1820	25846	25847	24103	27650	22585	29326	21701	30353	20947	31259
1200	6513	6513	5653	7434	4931	8315	4522	8866	4182	9359
1710	14073	14074	12795	15412	11696	16670	11062	17446	10525	18135
1810	15036	15037	13714	16419	12575	17717	11918	18517	11360	19226
900	11962	11963	10786	13199	9779	14365	9200	15086	8711	15727
806	5022	5022	4271	5834	3646	6618	3296	7110	3006	7552
1506	4742	4742	4013	5532	3408	6296	3070	6776	2791	7208
1410	16262	16263	14886	17699	13698	19045	13012	19874	12429	20609
1505	7200	7201	6294	8166	5531	9089	5098	9664	4736	10179
1330	6237	6237	5396	7139	4691	8003	4293	8543	3961	9027
1000	2092	2092	1618	2627	1243	3161	1042	3504	882	3816
1320	5263	5263	4493	6094	3852	6894	3492	7396	3193	7847
1420	17011	17012	15603	18480	14387	19855	13682	20702	13085	21451
1130	3318	3318	2713	3984	2220	4635	1949	5049	1728	5423
1116	9297	9298	8264	10391	7385	11428	6884	12073	6462	12647
1310	6315	6315	5469	7222	4759	8091	4358	8634	4023	9121
805	5540	5540	4749	6391	4089	7210	3718	7724	3410	8184
1115	5014	5014	4263	5825	3639	6608	3290	7100	3000	7542
205	14504	14505	13206	15863	12089	17139	11444	17926	10899	18624
136	4498	4498	3789	5268	3202	6014	2874	6484	2604	6906
1120	14041	14042	12764	15378	11667	16635	11034	17410	10498	18099
705	4052	4052	3380	4785	2827	5496	2520	5946	2268	6351
120	1659	1659	1240	2139	915	2623	744	2936	610	3223
325	6852	6852	5969	7795	5227	8697	4806	9260	4454	9764
135	3279	3279	2678	3941	2188	4589	1919	5001	1700	5373
706	3870	3870	3214	4587	2676	5284	2377	5725	2132	6122
206	9061	9062	8041	10141	7175	11166	6681	11803	6265	12371
2910	1154	1154	810	1559	552	1976	421	2249	322	2501
315	7115	7116	6215	8076	5457	8993	5026	9566	4667	10078
2935	21951	21952	20347	23616	18955	25167	18145	26119	17456	26960
605	4764	4764	4033	5556	3427	6321	3088	6802	2807	7235
606	4723	4723	3995	5511	3392	6274	3055	6753	2776	7184
506	5700	5700	4898	6563	4227	7393	3849	7913	3536	8379
110	1462	1462	1071	1914	770	2373	614	2672	493	2946
505	14495	14496	13197	15853	12081	17129	11436	17916	10891	18614
2936	4188	4188	3505	4932	2941	5655	2628	6110	2370	6521
405	4775	4775	4043	5568	3436	6334	3097	6815	2816	7248
2926	3146	3146	2558	3795	2080	4432	1818	4836	1604	5202
2925	2334	2334	1832	2897	1431	3457	1215	3815	1042	4141
2927	1963	1963	1505	2482	1144	3002	952	3336	799	3641
