faz_id mean median lower_50 upper_50 lower_80 upper_80 lower_90 upper_90 lower_95 upper_95
8935	5259	5260	4373	6227	3645	7168	3241	7763	2910	8299
8927	1275	1276	860	1773	555	2290	405	2632	293	2948
8926	2316	2317	1742	2972	1295	3633	1059	4060	873	4450
8936	3865	3865	3111	4700	2502	5522	2170	6046	1900	6520
8500	12722	12723	11321	14204	10130	15609	9448	16482	8876	17259
8406	300	301	120	563	27	869	3	1084	2	1290
8320	11409	11410	10085	12815	8962	14151	8322	14982	7785	15723
8925	2896	2896	2249	3624	1736	4350	1461	4817	1241	5241
8937	7591	7591	6518	8745	5622	9855	5117	10550	4698	11174
8405	997	998	635	1442	378	1912	256	2225	169	2516
8310	10475	10476	9208	11824	8137	13109	7527	13909	7017	14624
8910	3176	3176	2497	3937	1955	4693	1662	5176	1427	5616
7905	5211	5211	4329	6174	3605	7112	3203	7704	2873	8238
7606	868	868	532	1285	300	1731	192	2029	118	2308
7805	3496	3496	2781	4292	2207	5079	1895	5582	1644	6038
8220	12648	12649	11252	14127	10064	15528	9385	16398	8814	17173
8000	39101	39102	36614	41669	34445	44052	33179	45509	32098	46794
8906	1364	1365	933	1877	615	2409	456	2759	337	3082
8210	25863	25864	23848	27959	22104	29917	21092	31120	20232	32184
9020	4168	4168	3384	5034	2747	5884	2398	6424	2114	6912
8125	6524	6525	5533	7597	4710	8634	4249	9285	3868	9871
8126	8266	8267	7145	9469	6205	10622	5675	11344	5233	11990
8905	1124	1124	736	1593	457	2085	322	2412	223	2715
7806	1678	1678	1195	2243	831	2821	644	3198	501	3546
7700	5811	5812	4878	6827	4107	7811	3678	8431	3324	8990
7526	9852	9853	8624	11162	7589	12411	7001	13190	6509	13886
7340	3927	3927	3167	4768	2552	5596	2216	6123	1943	6601
7605	1328	1328	903	1834	590	2360	435	2707	319	3027
7537	17382	17383	15738	19108	14327	20732	13515	21735	12828	22627
8115	11267	11268	9951	12664	8836	13993	8200	14819	7668	15557
7335	11831	11832	10482	13262	9337	14621	8683	15465	8134	16219
8600	12065	12066	10702	13510	9544	14881	8883	15733	8328	16492
7425	3846	3846	3094	4679	2487	5499	2155	6022	1886	6495
7535	6619	6620	5620	7700	4790	8743	4326	9399	3941	9988
7525	2454	2454	1861	3127	1398	3804	1152	4241	958	4640
7436	2485	2485	1889	3163	1422	3844	1174	4282	978	4683
9019	5100	5101	4228	6054	3513	6983	3117	7570	2792	8100
7026	1815	1815	1311	2400	928	2997	730	3386	577	3743
7205	8934	8935	7767	10183	6786	11378	6230	12124	5767	12792
7515	8127	8128	7016	9320	6085	10464	5559	11181	5122	11822
7320	9398	9399	8200	10678	7191	11901	6619	12664	6141	13346
7206	20097	20098	18326	21949	16801	23688	15920	24760	15174	25710
7315	4974	4974	4113	5916	3408	6835	3018	7416	2698	7940
7435	4808	4808	3963	5735	3271	6640	2889	7213	2576	7730
7316	4604	4605	3778	5512	3104	6400	2732	6963	2428	7471
7025	12227	12228	10855	13681	9689	15061	9023	15918	8463	16682
7415	14816	14817	13301	16412	12007	17920	11264	18854	10638	19685
7100	11783	11784	10436	13211	9294	14567	8642	15410	8094	16162
7015	6065	6066	5111	7101	4321	8105	3880	8736	3516	9305
9908	4619	4619	3791	5528	3115	6417	2743	6980	2438	7489
6410	15281	15282	13742	16902	12426	18431	11670	19378	11033	20220
6420	8780	8781	7623	10018	6651	11203	6102	11944	5643	12607
5535	5756	5756	4827	6766	4061	7746	3634	8364	3282	8920
5600	15588	15589	14033	17225	12703	18769	11939	19724	11294	20573
5546	13943	13944	12475	15493	11222	16959	10504	17867	9900	18676
4706	2358	2358	1778	3019	1326	3685	1087	4115	899	4508
6605	2784	2784	2151	3499	1650	4213	1382	4672	1168	5090
6910	949	949	596	1384	348	1845	232	2153	149	2439
6606	1315	1316	893	1820	582	2344	428	2689	313	3008
9909	1235	1236	827	1725	529	2237	383	2574	274	2887
9011	6608	6609	5610	7688	4781	8730	4317	9385	3932	9974
5525	6528	6529	5536	7602	4713	8638	4252	9290	3871	9876
5515	5559	5559	4647	6552	3895	7517	3477	8126	3133	8675
6326	12123	12124	10757	13572	9596	14946	8934	15799	8377	16560
9914	4309	4309	3511	5188	2862	6051	2505	6598	2215	7093
5545	4683	4684	3850	5599	3169	6493	2793	7060	2485	7572
6223	9242	9243	8054	10511	7054	11725	6488	12482	6015	13160
5306	19997	19998	18231	21845	16710	23580	15831	24649	15087	25597
6325	7512	7513	6445	8661	5554	9765	5053	10457	4636	11078
9009	2574	2574	1966	3263	1489	3953	1235	4398	1034	4804
9006	2552	2553	1947	3239	1473	3927	1220	4370	1020	4775
6225	16824	16825	15207	18523	13821	20123	13023	21111	12349	21990
9018	12088	12089	10724	13534	9565	14906	8903	15759	8348	16519
5425	34929	34930	32581	37358	30536	39616	29345	40998	28329	42219
5305	25586	25587	23583	27671	21848	29619	20842	30816	19987	31876
5426	17406	17407	15761	19133	14349	20758	13536	21762	12849	22654
6226	7146	7147	6107	8268	5241	9347	4754	10025	4350	10633
6126	3119	3120	2446	3874	1910	4623	1621	5103	1389	5540
6224	7752	7753	6668	8918	5761	10039	5250	10740	4826	11370
6216	10062	10063	8821	11385	7773	12646	7178	13432	6680	14135
6316	20763	20764	18962	22645	17410	24410	16513	25498	15753	26463
6215	18127	18128	16447	19888	15004	21545	14172	22567	13469	23475
5100	1801	1801	1299	2384	917	2979	721	3367	569	3723
6213	15652	15653	14094	17291	12760	18838	11994	19795	11348	20646
9005	580	580	313	928	142	1312	72	1574	30	1820
6124	13366	13367	11929	14884	10705	16321	10004	17213	9415	18007
6125	11410	11411	10086	12816	8963	14152	8323	14983	7786	15725
6214	30315	30316	28131	32581	26233	34692	25130	35986	24190	37131
5415	62058	62060	58915	65283	56155	68257	54534	70068	53146	71661
5205	38001	38002	35551	40533	33413	42884	32166	44322	31102	45591
9916	2549	2550	1945	3235	1470	3923	1218	4366	1018	4771
9913	5925	5925	4982	6949	4203	7942	3768	8568	3410	9130
9915	3616	3617	2889	4426	2303	5225	1985	5734	1727	6196
4606	3598	3599	2872	4406	2289	5203	1971	5711	1714	6173
6115	9340	9340	8145	10616	7140	11835	6570	12596	6094	13276
4820	6209	6209	5243	7257	4442	8270	3995	8908	3626	9482
9017	340	340	145	617	40	936	8	1158	0	1371
6123	64578	64579	61371	67866	58552	70898	56898	72743	55479	74366
6114	21973	21974	20119	23908	18519	25721	17594	26837	16809	27826
4607	6741	6742	5733	7832	4894	8883	4425	9544	4035	10138
6505	3123	3124	2450	3878	1913	4628	1624	5109	1392	5545
5020	9069	9070	7893	10327	6904	11530	6343	12282	5876	12954
6113	42218	42219	39633	44885	37374	47356	36055	48867	34927	50199
5010	17334	17335	15692	19057	14283	20679	13472	21681	12786	22572
6020	72192	72194	68799	75667	65813	78866	64058	80812	62553	82522
4900	65863	65865	62624	69184	59776	72244	58105	74107	56671	75745
6010	134878	134880	130225	139613	126104	143946	123671	146571	121575	148871
4400	10196	10197	8946	11527	7891	12796	7291	13587	6789	14294
9900	2110	2110	1563	2737	1141	3373	921	3785	748	4162
9904	7401	7402	6342	8541	5459	9638	4962	10326	4549	10943
9902	25519	25520	23518	27601	21786	29547	20781	30742	19928	31801
4810	8377	8378	7248	9588	6301	10748	5767	11474	5321	12124
5720	12077	12078	10713	13522	9555	14894	8894	15746	8338	16506
9901	5178	5179	4299	6139	3578	7074	3178	7665	2849	8198
5826	8911	8912	7745	10158	6766	11352	6211	12097	5748	12764
5825	52936	52938	50036	55918	47495	58673	46006	60352	44731	61832
5925	20775	20776	18973	22658	17421	24423	16524	25511	15764	26476
9015	1995	1996	1465	2607	1058	3228	846	3631	681	4001
4506	32517	32518	30253	34862	28284	37044	27138	38382	26161	39563
4605	24480	24481	22522	26521	20827	28429	19845	29602	19011	30640
9002	10204	10205	8954	11536	7898	12805	7298	13597	6796	14303
4226	3841	3841	3089	4673	2483	5493	2151	6016	1883	6489
4505	1594	1595	1125	2146	772	2712	593	3082	456	3424
4225	3378	3378	2676	4162	2114	4937	1809	5433	1563	5883
5716	8600	8601	7456	9826	6495	11000	5952	11735	5499	12392
5916	8674	8675	7524	9905	6559	11084	6013	11821	5558	12480
4300	21118	21119	19301	23016	17735	24795	16830	25891	16063	26863
5815	28805	28806	26676	31015	24830	33075	23756	34339	22843	35457
9004	6089	6089	5132	7127	4341	8131	3899	8764	3534	9333
5715	2306	2306	1733	2961	1287	3620	1052	4046	867	4436
3330	2521	2521	1920	3203	1449	3888	1198	4329	1000	4732
6506	8046	8047	6941	9233	6015	10373	5493	11086	5058	11725
5915	5588	5589	4673	6584	3920	7551	3500	8162	3155	8711
3905	21809	21810	19962	23737	18369	25543	17447	26656	16666	27642
4130	25846	25847	23832	27941	22088	29898	21076	31101	20217	32165
6930	4006	4006	3238	4855	2616	5691	2275	6222	1999	6703
3825	8717	8718	7565	9951	6597	11133	6049	11871	5593	12532
4120	4391	4391	3585	5278	2929	6148	2568	6700	2274	7198
3816	4492	4492	3676	5389	3011	6268	2645	6825	2347	7328
4210	6541	6542	5548	7616	4724	8653	4263	9306	3881	9892
9016	2089	2089	1546	2714	1126	3347	907	3757	736	4133
4005	2437	2438	1847	3109	1386	3784	1141	4220	948	4617
4230	2138	2138	1588	2770	1162	3409	939	3823	765	4202
3815	10899	10900	9605	12274	8510	13582	7887	14397	7365	15124
3705	40444	40446	37915	43056	35707	45477	34417	46958	33316	48263
3900	31379	31380	29156	33684	27224	35830	26099	37145	25142	38307
4110	37661	37662	35221	40182	33094	42522	31853	43954	30794	45218
3416	3208	3208	2525	3972	1979	4731	1685	5216	1448	5657
3413	1662	1662	1182	2224	819	2800	634	3176	492	3522
3706	4509	4510	3692	5408	3026	6288	2659	6846	2359	7350
3600	70904	70906	67542	74348	64583	77520	62845	79449	61354	81145
3415	5172	5173	4294	6132	3573	7067	3173	7657	2845	8190
3320	6523	6524	5532	7596	4709	8632	4248	9284	3867	9870
3505	23803	23804	21872	25815	20203	27698	19236	28856	18415	29881
3414	3244	3244	2557	4013	2008	4775	1711	5263	1473	5706
6900	2096	2097	1552	2722	1132	3356	912	3767	740	4143
2940	4068	4068	3293	4923	2666	5764	2322	6299	2043	6783
2216	4694	4694	3859	5610	3177	6505	2801	7072	2493	7585
3046	9839	9840	8612	11148	7577	12396	6990	13175	6498	13870
2225	7817	7818	6728	8988	5817	10112	5303	10816	4877	11448
3426	3187	3188	2507	3950	1963	4706	1670	5190	1434	5630
3427	6674	6674	5670	7759	4837	8806	4370	9464	3983	10055
3045	4534	4534	3714	5435	3045	6317	2677	6876	2377	7381
3310	4840	4841	3992	5770	3298	6678	2914	7252	2600	7771
3030	11228	11229	9915	12624	8802	13950	8168	14775	7636	15512
3130	27326	27327	25254	29480	23458	31489	22415	32723	21528	33815
3010	12193	12194	10823	13645	9658	15023	8993	15879	8435	16642
3020	23077	23078	21176	25059	19534	26914	18584	28056	17777	29067
3425	3486	3486	2772	4281	2199	5067	1888	5569	1637	6025
2100	2471	2471	1876	3147	1411	3826	1164	4264	969	4663
1606	3928	3928	3168	4769	2553	5598	2217	6125	1944	6602
2215	7807	7807	6718	8977	5808	10101	5295	10805	4869	11436
1720	7154	7154	6113	8275	5247	9356	4760	10033	4356	10642
3120	18547	18548	16848	20329	15387	22003	14544	23036	13832	23954
1900	17459	17460	15812	19189	14397	20817	13583	21822	12894	22715
3110	3718	3718	2979	4538	2384	5346	2060	5862	1797	6329
3200	8397	8398	7267	9609	6319	10771	5783	11497	5337	12148
1605	8357	8358	7229	9566	6284	10725	5750	11450	5305	12099
2000	16088	16088	14507	17749	13154	19316	12376	20285	11719	21146
1820	26117	26118	24092	28223	22339	30190	21322	31399	20457	32468
1200	6649	6650	5648	7732	4816	8778	4350	9435	3964	10025
1710	14273	14274	12787	15841	11519	17323	10791	18241	10179	19058
1810	15243	15244	13706	16862	12391	18389	11637	19335	11000	20176
900	12147	12147	10779	13596	9617	14971	8954	15826	8396	16588
806	5142	5142	4266	6099	3548	7031	3149	7621	2822	8152
1506	4859	4859	4008	5790	3313	6699	2928	7275	2613	7794
1410	16477	16478	14877	18159	13507	19743	12718	20722	12052	21593
1505	7343	7344	6289	8479	5409	9572	4915	10258	4504	10873
1330	6371	6371	5391	7431	4579	8457	4125	9102	3750	9682
1000	2170	2170	1615	2806	1186	3449	960	3865	784	4246
1320	5386	5386	4489	6364	3751	7316	3341	7917	3004	8458
1420	17231	17232	15594	18950	14190	20567	13381	21567	12698	22454
1130	3416	3416	2709	4203	2143	4983	1836	5481	1589	5933
1116	9460	9461	8258	10744	7245	11970	6670	12735	6191	13420
1310	6449	6450	5464	7517	4646	8548	4189	9196	3810	9779
805	5666	5666	4745	6669	3985	7642	3562	8256	3214	8808
1115	5134	5134	4259	6090	3541	7022	3143	7611	2816	8142
205	14707	14708	13198	16298	11909	17801	11169	18731	10546	19559
136	4611	4612	3784	5520	3109	6409	2737	6972	2433	7480
1120	14241	14242	12757	15807	11490	17287	10763	18205	10152	19021
705	4160	4160	3376	5025	2741	5874	2392	6414	2108	6902
120	1728	1728	1238	2300	866	2886	675	3267	529	3618
325	6992	6992	5964	8101	5108	9171	4628	9842	4230	10445
135	3376	3376	2674	4159	2112	4935	1807	5431	1562	5880
706	3975	3976	3210	4822	2591	5654	2253	6184	1978	6664
206	9222	9222	8035	10490	7037	11702	6471	12459	5998	13136
2910	1212	1212	808	1698	514	2205	370	2540	263	2851
315	7258	7258	6210	8387	5336	9474	4845	10157	4437	10769
2935	22201	22202	20337	24146	18729	25968	17798	27089	17009	28083
605	4881	4881	4029	5814	3331	6725	2946	7302	2630	7822
606	4839	4840	3991	5769	3297	6677	2913	7251	2599	7770
506	5828	5828	4893	6844	4121	7830	3691	8451	3336	9010
110	1527	1527	1068	2067	725	2624	552	2988	420	3324
505	14698	14699	13190	16288	11901	17791	11161	18721	10538	19549
2936	4298	4298	3501	5176	2853	6037	2497	6584	2207	7079
405	4892	4892	4039	5827	3340	6738	2954	7316	2638	7836
2926	3241	3241	2554	4009	2006	4771	1709	5259	1471	5702
2925	2416	2416	1829	3085	1370	3757	1127	4191	935	4588
2927	2038	2039	1502	2656	1089	3282	874	3689	706	4061
