faz_id mean median lower_50 upper_50 lower_80 upper_80 lower_90 upper_90 lower_95 upper_95
8935	14625	14626	13044	16296	11698	17878	10928	18860	10279	19734
8927	6541	6542	5499	7674	4638	8771	4158	9463	3762	10085
8926	18156	18157	16389	20012	14876	21762	14005	22844	13270	23805
8936	20354	20355	18481	22317	16872	24163	15944	25302	15159	26313
8500	22644	22646	20667	24713	18963	26653	17978	27849	17144	28909
8406	2761	2761	2100	3513	1582	4267	1307	4753	1089	5197
8320	14352	14353	12787	16008	11454	17577	10692	18550	10051	19418
8925	18978	18979	17171	20875	15621	22661	14729	23765	13975	24745
8937	21023	21024	19119	23017	17481	24891	16536	26047	15737	27073
8405	21708	21709	19773	23734	18107	25636	17145	26809	16331	27850
8310	35503	35504	33015	38082	30852	40481	29592	41952	28519	43251
8910	20269	20270	18400	22228	16795	24070	15869	25207	15086	26217
7905	30088	30089	27801	32465	25819	34683	24668	36046	23689	37251
7606	5627	5627	4664	6680	3873	7707	3436	8356	3077	8941
7805	27114	27115	24945	29373	23070	31485	21983	32783	21059	33933
8220	21434	21435	19511	23447	17856	25338	16901	26504	16093	27539
8000	16126	16127	14464	17879	13045	19534	12230	20560	11544	21472
8906	10078	10079	8773	11473	7676	12806	7054	13639	6536	14384
8210	15542	15543	13911	17263	12519	18890	11722	19899	11050	20797
9020	22655	22657	20677	24724	18973	26665	17988	27861	17154	28921
8125	21401	21402	19479	23413	17826	25302	16872	26468	16064	27502
8126	17835	17836	16085	19676	14586	21411	13724	22484	12997	23438
8905	11266	11266	9884	12738	8717	14141	8053	15015	7498	15797
7806	9019	9020	7787	10341	6756	11609	6173	12403	5689	13114
7700	8759	8760	7546	10062	6531	11314	5958	12097	5482	12799
7526	16753	16754	15058	18538	13609	20223	12777	21267	12075	22195
7340	31493	31494	29152	33924	27121	36190	25941	37582	24937	38812
7605	2081	2081	1513	2740	1079	3410	854	3846	680	4246
7537	29161	29162	26910	31502	24960	33687	23829	35030	22867	36218
8115	35893	35894	33391	38485	31215	40897	29948	42375	28869	43681
7335	41403	41405	38713	44184	36367	46766	34999	48346	33831	49740
8600	21666	21667	19733	23690	18068	25591	17108	26763	16294	27802
7425	34294	34295	31850	36829	29725	39189	28489	40636	27437	41915
7535	32956	32957	30561	35442	28481	37758	27271	39179	26242	40435
7525	19524	19525	17690	21447	16117	23257	15210	24375	14444	25368
7436	6501	6501	5462	7630	4604	8724	4125	9414	3731	10034
9019	20798	20799	18904	22782	17276	24646	16337	25797	15543	26818
7026	11488	11489	10092	12974	8912	14390	8242	15272	7680	16060
7205	15908	15909	14257	17649	12848	19294	12040	20313	11359	21220
7515	6185	6185	5173	7287	4338	8357	3874	9033	3492	9641
7320	33571	33573	31153	36080	29053	38416	27831	39849	26791	41116
7206	19188	19189	17371	21096	15812	22891	14914	24000	14155	24986
7315	21892	21893	19948	23926	18274	25836	17308	27013	16490	28058
7435	9513	9513	8246	10869	7184	12168	6583	12980	6082	13707
7316	23515	23516	21498	25622	19760	27596	18754	28813	17902	29891
7025	24113	24114	22070	26245	20308	28244	19289	29474	18424	30565
7415	14792	14793	13202	16473	11848	18063	11072	19050	10420	19929
7100	32829	32831	30439	35311	28363	37622	27156	39041	26128	40294
7015	19551	19552	17716	21476	16141	23287	15234	24405	14467	25399
9908	3845	3845	3057	4724	2424	5593	2081	6148	1803	6652
6410	55542	55544	52419	58756	49684	61728	48082	63541	46712	65137
6420	48389	48390	45476	51391	42931	54173	41443	55872	40171	57370
5535	36665	36667	34136	39285	31936	41721	30654	43214	29562	44533
5600	18785	18786	16988	20673	15446	22451	14559	23549	13809	24525
5546	21584	21585	19654	23604	17993	25501	17034	26671	16222	27709
4706	15511	15512	13881	17230	12492	18856	11695	19864	11024	20761
6605	14571	14572	12993	16239	11650	17819	10881	18799	10234	19672
6910	6395	6395	5365	7515	4515	8601	4041	9286	3651	9903
6606	7402	7403	6291	8604	5367	9764	4850	10493	4421	11148
9909	7420	7421	6307	8624	5382	9785	4864	10514	4435	11170
9011	13096	13096	11602	14679	10335	16183	9611	17118	9004	17951
5525	17049	17050	15339	18850	13876	20549	13036	21600	12327	22535
5515	31845	31846	29491	34289	27448	36568	26261	37966	25251	39203
6326	25678	25679	23569	27877	21746	29935	20691	31202	19796	32324
9914	22397	22398	20430	24454	18736	26384	17758	27574	16929	28629
5545	18896	18897	17093	20789	15547	22572	14657	23673	13904	24652
6223	30543	30544	28239	32938	26241	35172	25080	36544	24093	37757
5306	26125	26126	23997	28343	22158	30418	21093	31695	20188	32825
6325	37668	37669	35104	40322	32872	42790	31571	44302	30463	45637
9009	6003	6004	5007	7090	4187	8146	3731	8813	3357	9414
9006	15384	15385	13762	17097	12378	18717	11585	19721	10917	20615
6225	22974	22975	20981	25057	19264	27010	18272	28214	17431	29281
9018	23544	23545	21526	25652	19786	27628	18780	28845	17928	29924
5425	46192	46193	43347	49126	40863	51847	39412	53509	38172	54975
5305	30792	30793	28478	33196	26471	35439	25306	36816	24314	38033
5426	24319	24320	22268	26461	20498	28467	19474	29703	18605	30797
6226	33935	33936	31503	36456	29391	38805	28162	40245	27115	41518
6126	14064	14065	12515	15704	11197	17258	10444	18223	9810	19082
6224	23938	23939	21903	26063	20148	28055	19133	29281	18272	30368
6216	16617	16618	14929	18395	13486	20074	12658	21114	11960	22038
6316	30954	30956	28634	33365	26622	35613	25453	36994	24459	38214
6215	24456	24457	22399	26604	20623	28615	19596	29854	18725	30951
5100	8610	8611	7408	9903	6403	11145	5836	11923	5365	12620
6213	19868	19869	18018	21808	16430	23633	15514	24760	14740	25760
9005	7329	7329	6223	8525	5304	9679	4790	10405	4364	11057
6124	27887	27888	25687	30177	23783	32317	22679	33632	21741	34797
6125	10688	10689	9343	12123	8210	13493	7566	14348	7029	15112
6214	385	385	167	694	47	1050	10	1298	0	1535
5415	17066	17067	15355	18868	13891	20567	13051	21619	12341	22555
5205	14415	14416	12846	16075	11511	17646	10747	18622	10104	19491
9916	19350	19351	17525	21265	15959	23068	15057	24181	14294	25170
9913	7536	7537	6414	8748	5481	9917	4958	10652	4524	11311
9915	27028	27029	24863	29284	22991	31392	21905	32689	20984	33837
4606	30765	30766	28452	33168	26446	35410	25281	36786	24290	38003
6115	24408	24409	22353	26554	20579	28563	19553	29801	18683	30897
4820	8547	8547	7349	9835	6348	11072	5783	11847	5315	12543
9017	4340	4341	3500	5271	2820	6187	2448	6770	2147	7298
6123	22476	22477	20505	24537	18808	26470	17828	27661	16997	28718
6114	37418	37420	34863	40064	32639	42524	31343	44031	30238	45362
4607	33539	33541	31122	36047	29023	38382	27802	39814	26762	41080
6505	14987	14988	13386	16678	12022	18278	11241	19271	10583	20155
5020	27926	27927	25724	30218	23819	32359	22714	33675	21775	34840
6113	45443	45444	42622	48354	40159	51053	38720	52703	37491	54158
5010	20786	20787	18893	22770	17265	24633	16327	25783	15532	26804
6020	26207	26208	24075	28428	22233	30506	21166	31785	20260	32917
4900	23458	23459	21444	25562	19708	27535	18704	28750	17853	29827
6010	17168	17169	15451	18975	13983	20679	13140	21734	12428	22672
4400	24502	24503	22443	26652	20665	28665	19637	29904	18765	31003
9900	11652	11653	10246	13149	9057	14574	8381	15462	7815	16254
9904	15063	15064	13458	16758	12090	18362	11307	19357	10647	20243
9902	32594	32595	30212	35066	28144	37370	26942	38784	25918	40033
4810	11219	11219	9840	12688	8675	14088	8014	14961	7460	15741
5720	40501	40502	37840	43251	35521	45806	34169	47370	33016	48750
9901	11121	11122	9748	12584	8590	13979	7931	14848	7381	15625
5826	6933	6934	5859	8098	4969	9224	4471	9933	4060	10570
5825	3585	3584	2825	4435	2218	5278	1890	5817	1626	6307
5925	27708	27709	25515	29991	23618	32125	22518	33436	21583	34597
9015	17034	17035	15325	18834	13862	20532	13023	21584	12314	22518
4506	19391	19392	17564	21308	15996	23112	15093	24227	14330	25217
4605	28774	28775	26539	31100	24603	33272	23480	34606	22525	35787
9002	43910	43911	41138	46772	38719	49427	37306	51051	36100	52483
4226	20116	20117	18254	22068	16655	23903	15733	25036	14953	26042
4505	17474	17475	15742	19297	14260	21015	13408	22078	12689	23024
4225	20238	20239	18371	22196	16766	24037	15841	25173	15059	26182
5716	27164	27165	24993	29425	23116	31539	22028	32838	21103	33989
5916	38715	38717	36115	41406	33851	43906	32531	45437	31406	46789
4300	12904	12905	11422	14477	10165	15970	9447	16899	8846	17727
5815	5363	5363	4423	6393	3655	7397	3230	8033	2882	8608
9004	22927	22928	20936	25008	19221	26959	18230	28162	17390	29228
5715	18394	18395	16616	20263	15092	22023	14215	23111	13474	24078
3330	16919	16920	15216	18713	13759	20406	12922	21454	12217	22386
6506	18272	18273	16500	20135	14982	21890	14108	22975	13370	23939
5915	21319	21320	19401	23327	17751	25213	16799	26377	15993	27409
3905	11889	11890	10468	13400	9266	14838	8582	15734	8008	16533
4130	19819	19820	17972	21757	16385	23580	15471	24705	14698	25704
6930	10919	10920	9560	12370	8413	13753	7761	14615	7217	15386
3825	22995	22996	21001	25079	19283	27033	18290	28237	17449	29305
4120	22123	22125	20169	24168	18486	26087	17514	27271	16691	28320
3816	26761	26762	24607	29005	22744	31104	21665	32395	20748	33538
4210	30306	30307	28010	32691	26021	34917	24865	36284	23882	37493
9016	16636	16637	14947	18415	13504	20095	12675	21135	11976	22060
4005	17667	17668	15925	19499	14434	21226	13576	22295	12853	23245
4230	13569	13570	12049	15181	10756	16709	10018	17659	9398	18505
3815	21238	21239	19324	23243	17678	25125	16728	26287	15923	27317
3705	34433	34434	31983	36973	29855	39338	28616	40787	27561	42069
3900	7815	7816	6672	9049	5719	10237	5185	10983	4741	11653
4110	23796	23797	21767	25915	20018	27901	19006	29124	18148	30209
3416	26352	26354	24215	28580	22368	30664	21297	31945	20389	33080
3413	12072	12073	10640	13595	9428	15043	8738	15945	8159	16749
3706	19169	19170	17352	21075	15794	22869	14897	23978	14138	24963
3600	24161	24162	22116	26295	20352	28295	19332	29527	18466	30619
3415	32615	32616	30232	35088	28163	37393	26961	38807	25937	40057
3320	32907	32909	30514	35391	28435	37706	27227	39126	26198	40381
3505	46536	46538	43681	49481	41187	52211	39730	53880	38485	55351
3414	29748	29750	27475	32113	25505	34319	24361	35674	23388	36873
6900	10500	10500	9167	11922	8045	13281	7408	14129	6876	14887
2940	24139	24140	22095	26273	20332	28272	19312	29503	18447	30594
2216	22557	22558	20583	24621	18882	26557	17900	27751	17068	28810
3046	25322	25324	23228	27507	21419	29552	20372	30810	19484	31925
2225	20644	20645	18758	22621	17136	24479	16201	25626	15410	26643
3426	25720	25721	23609	27921	21785	29981	20729	31248	19832	32371
3427	26501	26502	24358	28735	22505	30824	21431	32109	20519	33247
3045	31517	31518	29175	33948	27143	36216	25963	37608	24959	38838
3310	28554	28555	26327	30871	24399	33035	23281	34364	22330	35541
3030	52673	52675	49633	55804	46972	58701	45415	60469	44083	62027
3130	17799	17800	16051	19638	14554	21372	13693	22444	12966	23397
3010	47290	47292	44412	50259	41897	53010	40427	54691	39171	56173
3020	25663	25664	23554	27862	21733	29919	20678	31185	19782	32307
3425	24379	24380	22325	26523	20553	28532	19527	29769	18657	30865
2100	22177	22178	20220	24225	18535	26146	17562	27330	16738	28381
1606	13772	13773	12239	15395	10936	16934	10192	17890	9566	18741
2215	20187	20188	18322	22143	16720	23981	15796	25116	15015	26124
1720	29692	29693	27420	32053	25452	34258	24309	35612	23338	36810
3120	26589	26590	24442	28826	22586	30919	21510	32206	20597	33345
1900	950	950	581	1409	326	1901	208	2229	127	2537
3110	9954	9955	8658	11341	7568	12667	6951	13495	6436	14236
3200	23974	23975	21937	26101	20181	28093	19165	29321	18303	30409
1605	18003	18004	16244	19852	14738	21595	13871	22672	13140	23630
2000	14880	14881	13285	16565	11926	18160	11148	19150	10494	20031
1820	8570	8571	7371	9860	6368	11099	5803	11876	5334	12571
1200	20359	20360	18486	22323	16876	24168	15948	25307	15163	26319
1710	25755	25756	23642	27957	21817	30018	20760	31287	19863	32410
1810	5264	5265	4334	6285	3574	7281	3154	7913	2810	8483
900	12030	12031	10601	13550	9391	14996	8702	15897	8125	16700
806	40293	40294	37639	43037	35327	45585	33979	47145	32828	48522
1506	25180	25181	23091	27358	21288	29397	20244	30653	19359	31765
1410	12640	12641	11173	14196	9930	15676	9221	16596	8627	17417
1505	23023	23024	21028	25108	19309	27063	18315	28268	17473	29336
1330	23910	23911	21876	26034	20122	28024	19108	29250	18247	30337
1000	10317	10318	8997	11728	7885	13076	7255	13917	6729	14670
1320	18382	18383	16605	20250	15081	22010	14205	23098	13464	24064
1420	17800	17801	16052	19639	14555	21373	13694	22445	12967	23398
1130	6943	6944	5868	8108	4977	9235	4479	9945	4068	10582
1116	20255	20256	18387	22214	16782	24055	15856	25192	15074	26201
1310	28012	28013	25807	30307	23898	32451	22791	33769	21851	34936
805	26489	26490	24346	28723	22494	30811	21420	32096	20509	33234
1115	18022	18023	16262	19872	14755	21615	13888	22694	13156	23652
205	13599	13600	12077	15212	10783	16742	10044	17693	9423	18540
136	11635	11636	10230	13131	9042	14555	8367	15442	7801	16234
1120	41131	41132	38449	43902	36112	46476	34748	48051	33585	49441
705	26731	26732	24578	28974	22716	31072	21638	32362	20722	33504
120	12879	12880	11399	14450	10143	15942	9426	16870	8825	17698
325	26679	26680	24528	28920	22668	31016	21591	32305	20676	33446
135	17871	17872	16119	19714	14619	21450	13756	22525	13027	23479
706	14759	14760	13171	16438	11818	18027	11044	19013	10392	19891
206	13874	13875	12335	15502	11027	17047	10280	18006	9651	18860
2910	4400	4400	3553	5337	2868	6258	2493	6844	2189	7375
315	15798	15799	14153	17533	12750	19173	11945	20189	11267	21093
2935	7920	7920	6768	9161	5809	10357	5270	11107	4823	11780
605	28071	28073	25864	30369	23953	32516	22845	33835	21904	35003
606	31671	31673	29324	34109	27287	36382	26104	37777	25096	39010
506	33514	33516	31098	36021	29000	38355	27779	39787	26740	41053
110	5133	5133	4215	6141	3465	7127	3052	7751	2714	8315
505	61218	61220	57937	64590	55059	67704	53373	69602	51928	71273
2936	7393	7394	6283	8595	5359	9754	4842	10482	4414	11137
405	32196	32198	29829	34654	27775	36945	26581	38350	25564	39593
2926	27353	27354	25174	29621	23290	31742	22197	33046	21269	34200
2925	18618	18619	16828	20497	15294	22267	14412	23362	13666	24334
2927	10837	10837	9482	12281	8340	13660	7691	14520	7149	15288
