faz_id mean median lower_50 upper_50 lower_80 upper_80 lower_90 upper_90 lower_95 upper_95
8935	16641	16642	14783	18609	13204	20475	12302	21635	11544	22668
8927	7312	7313	6099	8635	5101	9921	4546	10732	4090	11464
8926	20271	20272	18215	22437	16457	24482	15448	25748	14597	26875
8936	21222	21223	19117	23437	17315	25526	16279	26819	15406	27968
8500	25983	25984	23648	28428	21639	30725	20479	32141	19498	33398
8406	3290	3290	2494	4196	1872	5105	1542	5692	1282	6228
8320	17424	17425	15522	19436	13902	21343	12976	22526	12197	23580
8925	22018	22019	19873	24273	18035	26399	16978	27713	16085	28881
8937	25209	25210	22910	27618	20933	29882	19793	31280	18828	32520
8405	24210	24211	21958	26572	20023	28794	18909	30166	17966	31384
8310	37766	37768	34939	40703	32488	43442	31063	45123	29852	46610
8910	22439	22440	20273	24715	18416	26859	17347	28185	16445	29363
7905	33849	33850	31176	36632	28862	39233	27521	40831	26381	42246
7606	6048	6049	4950	7256	4055	8438	3562	9188	3160	9866
7805	28864	28865	26400	31438	24274	33851	23045	35337	22003	36654
8220	22318	22319	20158	24588	18306	26727	17241	28049	16341	29224
8000	16681	16682	14821	18651	13240	20520	12336	21680	11577	22715
8906	10478	10479	9015	12051	7792	13561	7102	14508	6529	15356
8210	15373	15374	13589	17267	12077	19066	11215	20185	10492	21184
9020	24233	24234	21980	26596	20044	28819	18929	30191	17986	31410
8125	22149	22150	19997	24411	18153	26542	17093	27860	16197	29031
8126	18898	18899	16914	20991	15222	22971	14252	24198	13435	25290
8905	11882	11883	10321	13553	9008	15153	8266	16152	7647	17047
7806	10736	10737	9254	12327	8014	13855	7315	14811	6733	15668
7700	8722	8723	7392	10162	6288	11553	5671	12427	5160	13214
7526	17017	17018	15138	19006	13539	20892	12625	22063	11857	23106
7340	33148	33149	30503	35903	28215	38478	26889	40061	25763	41463
7605	2124	2124	1496	2862	1024	3621	784	4118	602	4576
7537	30844	30845	28295	33503	26093	35992	24818	37524	23736	38881
8115	38790	38792	35924	41766	33438	44539	31993	46242	30763	47747
7335	43531	43533	40492	46680	37849	49610	36311	51405	35000	52992
8600	22865	22866	20678	25162	18802	27325	17722	28662	16810	29850
7425	35910	35912	33155	38775	30768	41449	29382	43092	28204	44545
7535	35827	35829	33075	38689	30691	41360	29307	43001	28131	44453
7525	21402	21403	19288	23626	17477	25724	16437	27021	15559	28175
7436	6550	6551	5405	7805	4468	9030	3950	9805	3525	10504
9019	22604	22605	20430	24888	18565	27040	17493	28370	16586	29551
7026	11570	11571	10030	13220	8737	14800	8006	15788	7397	16673
7205	16815	16816	14947	18793	13359	20668	12451	21833	11689	22871
7515	6696	6697	5538	7964	4588	9201	4063	9983	3633	10689
7320	36146	36148	33382	39020	30986	41703	29596	43351	28413	44808
7206	19967	19968	17927	22117	16183	24148	15183	25406	14339	26524
7315	23894	23895	21657	26241	19736	28449	18630	29813	17694	31024
7435	9755	9756	8345	11275	7170	12737	6509	13655	5961	14478
7316	24268	24269	22013	26633	20076	28857	18960	30230	18016	31450
7025	24367	24368	22107	26737	20166	28965	19047	30341	18101	31562
7415	15212	15213	13438	17096	11935	18887	11078	20001	10359	20995
7100	35949	35951	33192	38816	30804	41491	29418	43135	28239	44589
7015	20232	20233	18178	22396	16422	24439	15414	25704	14564	26830
9908	3882	3883	3013	4861	2325	5837	1955	6463	1660	7033
6410	59985	59987	56408	63672	53281	67086	51453	69172	49890	71010
6420	52069	52071	48740	55508	45836	58699	44142	60650	42695	62372
5535	41523	41525	38556	44600	35979	47465	34479	49221	33202	50774
5600	19471	19472	17457	21595	15737	23602	14751	24846	13919	25952
5546	22450	22451	20283	24727	18426	26871	17357	28197	16454	29375
4706	15834	15835	14023	17755	12486	19579	11609	20713	10873	21724
6605	15986	15987	14166	17916	12621	19748	11739	20887	10999	21902
6910	7298	7299	6086	8620	5089	9904	4535	10715	4079	11446
6606	8706	8707	7377	10145	6275	11534	5658	12408	5148	13194
9909	9235	9236	7865	10715	6725	12142	6086	13038	5556	13843
9011	15013	15014	13251	16885	11758	18665	10908	19772	10195	20761
5525	18225	18226	16278	20282	14619	22228	13669	23436	12869	24511
5515	32497	32498	29879	35225	27615	37776	26303	39345	25189	40734
6326	26365	26366	24012	28828	21987	31140	20818	32566	19829	33831
9914	22834	22835	20648	25130	18774	27291	17695	28627	16783	29814
5545	19731	19732	17703	21869	15971	23888	14977	25139	14139	26252
6223	30531	30532	27995	33177	25805	35654	24537	37179	23462	38530
5306	26308	26309	23958	28768	21935	31078	20768	32502	19779	33766
6325	37576	37578	34756	40505	32311	43238	30891	44915	29683	46399
9009	6339	6340	5213	7575	4294	8781	3786	9546	3371	10237
9006	16348	16349	14507	18299	12943	20150	12050	21300	11300	22326
6225	22974	22975	20781	25277	18901	27444	17818	28784	16903	29974
9018	24917	24918	22631	27313	20667	29564	19534	30954	18576	32188
5425	47669	47671	44486	50962	41714	54021	40098	55894	38720	57548
5305	30807	30808	28259	33465	26059	35952	24785	37483	23704	38840
5426	25828	25829	23500	28266	21497	30556	20342	31969	19363	33222
6226	34095	34096	31412	36888	29090	39498	27743	41102	26598	42521
6126	14366	14367	12644	16198	11187	17943	10357	19029	9663	19999
6224	23784	23785	21552	26126	19636	28329	18532	29690	17599	30898
6216	16506	16507	14656	18466	13084	20325	12186	21481	11431	22510
6316	30452	30453	27919	33095	25732	35569	24467	37092	23393	38441
6215	24357	24358	22098	26726	20157	28954	19039	30330	18093	31551
5100	8619	8620	7297	10051	6201	11434	5588	12304	5081	13087
6213	19850	19851	17816	21994	16078	24019	15081	25274	14240	26390
9005	8264	8265	6971	9667	5901	11025	5303	11880	4809	12648
6124	27913	27914	25491	30445	23403	32820	22197	34284	21174	35581
6125	10719	10720	9239	12309	8000	13835	7301	14791	6720	15648
6214	399	399	158	750	35	1161	4	1449	3	1725
5415	18908	18909	16924	21002	15231	22982	14261	24209	13444	25302
5205	15296	15297	13517	17185	12009	18980	11149	20097	10428	21093
9916	20279	20280	18222	22446	16464	24491	15455	25757	14604	26884
9913	7683	7684	6438	9038	5411	10352	4839	11181	4368	11927
9915	29012	29013	26541	31593	24410	34011	23178	35501	22133	36821
4606	32039	32040	29440	34748	27193	37282	25891	38841	24786	40221
6115	24483	24484	22218	26858	20272	29091	19150	30470	18201	31694
4820	8624	8625	7302	10056	6205	11440	5592	12310	5085	13093
9017	4973	4974	3982	6074	3184	7159	2749	7851	2397	8478
6123	22431	22432	20265	24707	18409	26851	17340	28176	16438	29353
6114	37428	37430	34614	40352	32174	43079	30757	44753	29551	46234
4607	36176	36178	33411	39051	31014	41735	29623	43383	28440	44842
6505	15591	15592	13794	17498	12270	19309	11401	20435	10672	21440
5020	28865	28866	26401	31439	24275	33852	23046	35338	22004	36655
6113	46342	46344	43205	49589	40473	52608	38882	54456	37525	56089
5010	21665	21666	19537	23903	17715	26012	16668	27317	15783	28476
6020	26417	26418	24062	28882	22035	31196	20865	32624	19874	33890
4900	28950	28951	26482	31528	24353	33944	23122	35432	22079	36751
6010	18064	18065	16126	20112	14475	22051	13529	23253	12734	24324
4400	24786	24787	22506	27176	20547	29422	19418	30808	18463	32039
9900	12238	12239	10653	13933	9319	15554	8563	16567	7933	17473
9904	16028	16029	14206	17960	12658	19795	11775	20935	11034	21951
9902	33108	33109	30465	35861	28178	38435	26853	40017	25727	41418
4810	11500	11501	9965	13145	8676	14721	7948	15706	7341	16589
5720	40271	40273	37350	43302	34814	46125	33339	47857	32083	49388
9901	13116	13117	11473	14869	10087	16542	9300	17586	8643	18519
5826	6928	6929	5749	8217	4781	9472	4244	10266	3804	10982
5825	3586	3586	2753	4529	2097	5472	1747	6079	1469	6633
5925	27747	27748	25332	30272	23251	32640	22049	34100	21030	35394
9015	17378	17379	15478	19388	13861	21292	12937	22474	12159	23527
4506	20187	20188	18135	22349	16381	24390	15375	25654	14526	26778
4605	29650	29651	27152	32258	24996	34702	23748	36206	22690	37539
9002	47440	47442	44265	50725	41500	53777	39888	55646	38514	57296
4226	20679	20680	18602	22866	16825	24930	15804	26208	14943	27344
4505	17734	17735	15814	19764	14179	21686	13244	22878	12457	23941
4225	21533	21534	19412	23764	17596	25867	16552	27168	15671	28325
5716	27290	27291	24895	29795	22833	32144	21641	33593	20632	34878
5916	38929	38931	36058	41910	33567	44688	32119	46393	30887	47901
4300	13602	13603	11928	15386	10514	17088	9710	18148	9038	19095
5815	5386	5387	4353	6529	3516	7653	3058	8368	2686	9015
9004	25316	25317	23012	27730	21030	29999	19888	31399	18920	32641
5715	18370	18371	16415	20435	14749	22388	13794	23600	12991	24679
3330	18108	18109	16168	20158	14514	22099	13567	23303	12771	24375
6506	19667	19668	17642	21802	15913	23818	14921	25067	14085	26178
5915	21388	21389	19274	23612	17465	25708	16425	27005	15547	28158
3905	12249	12250	10663	13945	9328	15567	8573	16580	7942	17486
4130	20274	20275	18218	22440	16460	24486	15450	25752	14599	26878
6930	10906	10907	9412	12510	8161	14048	7455	15011	6868	15874
3825	24194	24195	21942	26555	20009	28776	18895	30148	17952	31365
4120	22844	22845	20658	25140	18783	27302	17704	28639	16792	29826
3816	27656	27657	25245	30177	23168	32542	21967	33999	20950	35291
4210	31486	31487	28910	34172	26684	36686	25394	38232	24300	39602
9016	18154	18155	16211	20207	14555	22150	13607	23355	12809	24428
4005	19254	19255	17251	21367	15542	23363	14562	24601	13736	25702
4230	14114	14115	12407	15931	10964	17661	10144	18739	9456	19701
3815	21319	21320	19209	23539	17402	25633	16364	26928	15488	28079
3705	36896	36898	34103	39799	31681	42508	30275	44172	29079	45643
3900	8006	8007	6734	9388	5683	10726	5096	11570	4613	12329
4110	27918	27919	25495	30451	23407	32826	22201	34289	21178	35587
3416	27961	27962	25536	30496	23447	32872	22239	34337	21216	35636
3413	12946	12947	11314	14688	9938	16351	9157	17389	8505	18317
3706	19382	19383	17373	21501	15657	23504	14673	24745	13844	25849
3600	26095	26096	23755	28545	21741	30846	20579	32266	19595	33525
3415	35507	35509	32768	38356	30395	41016	29018	42650	27847	44096
3320	33554	33555	30893	36325	28590	38915	27255	40507	26121	41917
3505	48230	48232	45028	51542	42239	54618	40613	56501	39226	58164
3414	30099	30100	27581	32727	25408	35187	24150	36702	23083	38044
6900	11604	11605	10062	13256	8767	14839	8034	15828	7424	16713
2940	26830	26831	24456	29314	22412	31645	21232	33082	20232	34357
2216	23295	23296	21087	25613	19192	27795	18101	29143	17179	30341
3046	26067	26068	23728	28516	21715	30816	20554	32234	19570	33493
2225	22747	22748	20565	25038	18695	27196	17618	28530	16709	29715
3426	26833	26834	24459	29317	22415	31648	21235	33086	20235	34361
3427	27419	27420	25019	29929	22951	32284	21756	33736	20744	35023
3045	32181	32182	29576	34896	27324	37435	26019	38997	24911	40381
3310	33179	33180	30533	35935	28244	38511	26917	40095	25790	41498
3030	55202	55204	51773	58741	48779	62022	47030	64028	45536	65797
3130	18851	18852	16870	20942	15180	22919	14212	24145	13396	25236
3010	49204	49206	45970	52548	43151	55654	41507	57555	40105	59233
3020	29023	29024	26552	31604	24420	34023	23188	35513	22142	36833
3425	25242	25243	22941	27653	20963	29918	19822	31316	18856	32557
2100	22784	22785	20601	25077	18728	27237	17651	28571	16741	29757
1606	13995	13996	12296	15804	10859	17528	10043	18602	9359	19561
2215	20502	20503	18434	22680	16665	24736	15650	26009	14793	27140
1720	30355	30356	27826	32994	25643	35464	24380	36985	23308	38332
3120	30676	30677	28134	33328	25938	35811	24667	37339	23589	38693
1900	958	958	554	1472	284	2029	166	2405	88	2757
3110	10005	10006	8577	11543	7385	13023	6714	13950	6157	14783
3200	25309	25310	23005	27723	21024	29991	19881	31391	18914	32633
1605	18140	18141	16198	20192	14543	22134	13595	23339	12798	24412
2000	15826	15827	14015	17746	12479	19570	11602	20704	10867	21715
1820	8321	8322	7023	9729	5949	11090	5348	11948	4853	12719
1200	20871	20872	18784	23068	16998	25141	15972	26424	15107	27565
1710	27988	27989	25562	30524	23472	32902	22263	34367	21239	35666
1810	6213	6214	5099	7437	4190	8633	3689	9391	3279	10076
900	12409	12410	10812	14116	9468	15747	8707	16766	8071	17677
806	42910	42912	39893	46037	37270	48947	35744	50730	34443	52306
1506	25537	25538	23222	27962	21232	30239	20083	31645	19112	32892
1410	12892	12893	11263	14631	9891	16291	9112	17326	8461	18252
1505	23550	23551	21329	25881	19424	28074	18326	29428	17398	30632
1330	24136	24137	21887	26495	19956	28713	18843	30083	17902	31299
1000	10461	10462	8999	12033	7777	13542	7088	14488	6516	15336
1320	18351	18352	16397	20415	14732	22367	13778	23578	12975	24657
1420	22343	22344	20181	24615	18329	26754	17263	28077	16363	29253
1130	7466	7467	6240	8802	5229	10100	4668	10919	4205	11656
1116	20768	20769	18686	22960	16905	25028	15882	26308	15019	27446
1310	27977	27978	25552	30512	23462	32890	22254	34355	21230	35654
805	27385	27386	24986	29894	22920	32247	21726	33698	20715	34985
1115	18613	18614	16645	20691	14967	22657	14005	23875	13195	24960
205	13756	13757	12072	15550	10649	17260	9840	18326	9164	19278
136	11783	11784	10228	13448	8922	15041	8183	16037	7567	16928
1120	43105	43107	40081	46239	37452	49155	35922	50942	34618	52522
705	31330	31331	28760	34010	26540	36517	25254	38060	24163	39427
120	13110	13111	11467	14863	10082	16536	9295	17579	8638	18512
325	26981	26982	24600	29472	22550	31809	21366	33250	20363	34528
135	17870	17871	15943	19907	14301	21836	13361	23033	12571	24099
706	16435	16436	14589	18391	13020	20247	12125	21400	11372	22427
206	13982	13983	12284	15790	10848	17513	10032	18587	9348	19545
2910	5103	5104	4099	6217	3288	7315	2846	8014	2488	8648
315	15998	15999	14177	17929	12632	19761	11750	20901	11009	21916
2935	8054	8055	6778	9440	5723	10782	5135	11628	4649	12388
605	29138	29139	26662	31724	24526	34147	23290	35640	22243	36963
606	34320	34321	31628	37122	29297	39740	27946	41349	26797	42772
506	37248	37250	34441	40165	32007	42886	30594	44557	29391	46034
110	5502	5503	4457	6657	3610	7791	3146	8512	2769	9165
505	66557	66559	62786	70438	59485	74027	57552	76216	55898	78145
2936	7876	7877	6615	9247	5573	10576	4993	11413	4514	12167
405	34298	34299	31607	37099	29277	39716	27926	41324	26778	42748
2926	28954	28955	26486	31532	24357	33948	23126	35436	22082	36755
2925	22953	22954	20761	25255	18882	27421	17800	28761	16885	29950
2927	15279	15280	13501	17167	11994	18961	11135	20078	10414	21073
