faz_id mean median lower_50 upper_50 lower_80 upper_80 lower_90 upper_90 lower_95 upper_95
8935	5730	5731	5285	6193	4900	6626	4676	6891	4486	7126
8927	2464	2464	2175	2771	1931	3062	1791	3244	1674	3405
8926	6966	6966	6475	7476	6047	7950	5799	8241	5587	8497
8936	7750	7750	7231	8287	6779	8786	6515	9091	6291	9361
8500	9107	9108	8544	9689	8052	10228	7765	10557	7519	10847
8406	1063	1063	876	1267	724	1467	639	1593	570	1707
8320	5358	5359	4928	5806	4557	6225	4341	6483	4158	6711
8925	7109	7110	6613	7624	6181	8103	5929	8396	5715	8656
8937	7914	7914	7390	8457	6933	8960	6666	9269	6439	9541
8405	7582	7583	7069	8114	6622	8607	6362	8910	6140	9177
8310	14238	14238	13532	14963	12911	15630	12546	16037	12234	16395
8910	7732	7732	7213	8268	6762	8766	6499	9071	6275	9341
7905	10879	10879	10262	11513	9722	12100	9406	12458	9136	12773
7606	2016	2016	1756	2294	1537	2560	1413	2727	1309	2875
7805	9719	9719	9136	10319	8627	10875	8330	11214	8076	11513
8220	10338	10338	9737	10956	9211	11529	8904	11879	8641	12186
8000	6463	6463	5990	6954	5579	7412	5340	7693	5137	7941
8906	3659	3659	3305	4031	3002	4381	2827	4597	2680	4789
8210	7961	7961	7435	8505	6977	9011	6709	9320	6481	9593
9020	9096	9097	8533	9677	8042	10216	7755	10545	7509	10835
8125	8687	8687	8137	9255	7657	9781	7377	10104	7138	10388
8126	7894	7894	7370	8436	6914	8939	6648	9247	6421	9519
8905	4107	4107	3732	4500	3409	4870	3223	5098	3066	5301
7806	3367	3367	3028	3724	2738	4061	2572	4269	2431	4455
7700	3682	3682	3327	4055	3023	4406	2848	4623	2700	4816
7526	6589	6590	6111	7085	5697	7547	5455	7830	5250	8081
7340	11384	11385	10754	12033	10201	12633	9877	12999	9600	13321
7605	793	793	633	971	505	1147	435	1259	378	1360
7537	13083	13084	12406	13778	11812	14419	11464	14810	11165	15154
8115	16167	16167	15413	16938	14750	17648	14360	18080	14026	18460
7335	16667	16667	15901	17450	15228	18170	14832	18609	14492	18994
8600	8025	8026	7497	8572	7037	9079	6768	9389	6539	9663
7425	11682	11682	11043	12339	10483	12946	10154	13317	9873	13643
7535	14660	14660	13943	15395	13312	16072	12942	16484	12625	16847
7525	7721	7721	7203	8257	6752	8755	6489	9060	6265	9329
7436	2336	2337	2056	2635	1818	2920	1683	3097	1570	3255
9019	8159	8159	7626	8709	7162	9220	6891	9533	6660	9809
7026	4358	4358	3971	4763	3638	5143	3446	5377	3283	5585
7205	6648	6649	6168	7146	5752	7610	5509	7895	5303	8146
7515	2499	2499	2208	2808	1962	3101	1821	3284	1703	3447
7320	12847	12847	12176	13536	11588	14171	11242	14558	10947	14899
7206	8615	8616	8068	9181	7590	9706	7311	10027	7073	10310
7315	8265	8265	7729	8819	7261	9333	6988	9648	6756	9926
7435	3441	3441	3098	3802	2805	4142	2637	4353	2494	4540
7316	8776	8776	8223	9347	7741	9876	7459	10200	7218	10485
7025	10753	10754	10141	11384	9604	11968	9290	12324	9021	12638
7415	5519	5519	5082	5973	4705	6398	4486	6659	4299	6890
7100	14606	14606	13890	15339	13261	16015	12891	16427	12574	16789
7015	8338	8338	7799	8894	7330	9411	7056	9727	6822	10006
9908	1197	1198	999	1414	836	1624	745	1757	670	1877
6410	24284	24285	23359	25228	22541	26093	22058	26617	21643	27077
6420	20876	20877	20019	21752	19262	22555	18816	23043	18433	23471
5535	14803	14803	14082	15541	13449	16222	13077	16636	12757	17000
5600	7822	7822	7301	8361	6846	8862	6582	9169	6356	9440
5546	8419	8419	7878	8978	7406	9497	7130	9815	6895	10095
4706	5553	5553	5115	6009	4736	6435	4516	6696	4330	6928
6605	5265	5265	4839	5709	4471	6125	4257	6380	4076	6606
6910	2494	2494	2204	2802	1957	3096	1817	3278	1699	3441
6606	2763	2763	2457	3087	2196	3394	2048	3585	1922	3755
9909	2865	2865	2553	3195	2288	3508	2136	3702	2008	3875
9011	5679	5679	5236	6140	4853	6571	4630	6835	4441	7069
5525	7239	7239	6737	7758	6301	8241	6048	8537	5831	8798
5515	12598	12599	11934	13281	11352	13910	11010	14294	10717	14632
6326	12601	12602	11937	13284	11355	13913	11013	14297	10720	14635
9914	8512	8513	7968	9075	7493	9596	7216	9915	6980	10197
5545	6712	6712	6229	7212	5810	7678	5567	7963	5359	8216
6223	14611	14611	13895	15344	13265	16021	12896	16432	12579	16794
5306	11685	11685	11046	12342	10485	12949	10157	13320	9876	13646
6325	17190	17191	16413	17986	15728	18717	15326	19162	14980	19552
9009	2360	2360	2077	2660	1838	2946	1702	3124	1589	3282
9006	5787	5788	5340	6253	4953	6687	4728	6954	4537	7190
6225	11980	11981	11333	12646	10765	13260	10433	13635	10148	13965
9018	9960	9960	9371	10567	8855	11130	8554	11473	8296	11776
5425	19669	19669	18837	20519	18103	21299	17671	21774	17299	22190
5305	13546	13546	12857	14253	12252	14905	11897	15302	11593	15651
5426	9257	9257	8689	9843	8193	10386	7903	10718	7655	11010
6226	15196	15197	14466	15945	13824	16634	13447	17053	13123	17422
6126	6179	6180	5717	6660	5316	7108	5083	7383	4885	7626
6224	11504	11504	10870	12156	10314	12759	9988	13126	9710	13450
6216	7013	7013	6520	7524	6091	8000	5842	8292	5629	8549
6316	15909	15909	15161	16674	14503	17378	14117	17807	13785	18184
6215	12589	12590	11926	13271	11343	13901	11002	14284	10709	14622
5100	3126	3126	2800	3470	2521	3796	2362	3998	2227	4177
6213	10462	10462	9858	11084	9329	11660	9019	12012	8754	12321
9005	2916	2917	2602	3249	2333	3564	2180	3760	2051	3934
6124	15056	15057	14329	15801	13690	16487	13315	16905	12993	17272
6125	5700	5700	5256	6162	4872	6593	4649	6858	4460	7093
6214	244	244	159	346	98	454	69	525	47	592
5415	7108	7109	6612	7623	6180	8102	5929	8395	5714	8654
5205	6619	6620	6140	7116	5725	7579	5483	7863	5277	8114
9916	7617	7618	7103	8150	6655	8645	6394	8948	6172	9215
9913	3561	3561	3212	3927	2913	4273	2741	4487	2596	4677
9915	10802	10803	10188	11435	9650	12020	9336	12376	9066	12691
4606	10895	10895	10278	11530	9738	12117	9421	12475	9151	12791
6115	12044	12044	11394	12711	10825	13327	10492	13702	10206	14033
4820	3846	3847	3483	4227	3172	4586	2993	4807	2841	5004
9017	1741	1741	1500	2000	1298	2249	1184	2405	1090	2545
6123	13511	13511	12823	14217	12219	14868	11864	15265	11560	15614
6114	18632	18633	17823	19460	17109	20220	16689	20683	16328	21088
4607	11777	11778	11135	12437	10573	13046	10243	13418	9961	13745
6505	5149	5149	4728	5588	4364	5999	4153	6252	3974	6476
5020	11540	11540	10905	12193	10348	12797	10022	13165	9743	13489
6113	28171	28171	27173	29186	26290	30116	25769	30679	25320	31173
5010	9197	9197	8631	9781	8136	10322	7847	10653	7600	10945
6020	16479	16480	15719	17258	15049	17975	14655	18411	14317	18794
4900	12909	12909	12237	13599	11647	14236	11300	14625	11004	14966
6010	10498	10498	9893	11121	9363	11698	9053	12050	8787	12360
4400	9623	9624	9044	10221	8538	10774	8242	11112	7989	11410
9900	5034	5034	4617	5468	4257	5875	4049	6125	3873	6347
9904	6596	6597	6118	7092	5703	7554	5462	7838	5256	8088
9902	14492	14493	13780	15223	13153	15897	12785	16307	12469	16667
4810	4907	4907	4496	5336	4141	5738	3936	5985	3762	6205
5720	19859	19859	19023	20713	18285	21497	17851	21974	17478	22392
9901	4238	4239	3857	4638	3529	5013	3340	5244	3179	5450
5826	3508	3509	3162	3873	2866	4216	2695	4428	2552	4617
5825	2023	2023	1762	2302	1543	2568	1419	2735	1315	2883
5925	12324	12324	11667	12999	11091	13622	10754	14001	10464	14336
9015	6513	6513	6038	7006	5626	7465	5386	7747	5182	7996
4506	8159	8159	7626	8709	7162	9220	6891	9533	6660	9809
4605	11302	11303	10674	11949	10123	12546	9801	12911	9525	13232
9002	17981	17982	17186	18794	16486	19542	16073	19996	15719	20395
4226	7711	7711	7193	8246	6742	8744	6480	9049	6256	9318
4505	6177	6178	5715	6658	5314	7106	5081	7381	4883	7624
4225	7689	7689	7172	8223	6722	8720	6459	9025	6236	9294
5716	11798	11799	11156	12459	10593	13069	10263	13441	9980	13768
5916	15634	15635	14893	16393	14242	17092	13859	17517	13530	17890
4300	5660	5660	5218	6120	4835	6550	4613	6814	4424	7048
5815	2423	2423	2137	2727	1894	3016	1756	3196	1641	3357
9004	8697	8697	8146	9265	7666	9792	7386	10114	7147	10399
5715	8198	8198	7664	8750	7198	9262	6927	9576	6695	9852
3330	6286	6286	5819	6770	5414	7222	5179	7499	4979	7744
6506	6940	6940	6449	7449	6023	7922	5775	8212	5563	8469
5915	8440	8440	7898	9000	7426	9520	7150	9838	6914	10118
3905	4836	4836	4428	5262	4076	5661	3872	5907	3700	6125
4130	9002	9003	8442	9580	7953	10116	7668	10444	7424	10733
6930	4603	4604	4206	5019	3863	5409	3664	5649	3496	5862
3825	9151	9151	8586	9733	8093	10273	7805	10603	7559	10894
4120	9472	9472	8897	10065	8395	10614	8102	10949	7851	11245
3816	10853	10853	10237	11486	9698	12072	9382	12430	9112	12745
4210	11310	11311	10682	11957	10131	12555	9808	12920	9532	13241
9016	6249	6249	5783	6732	5380	7182	5146	7458	4946	7703
4005	6863	6863	6375	7369	5951	7840	5705	8128	5494	8383
4230	4899	4899	4488	5328	4134	5729	3929	5977	3755	6196
3815	9031	9032	8470	9610	7981	10147	7695	10475	7450	10764
3705	14541	14541	13826	15273	13199	15947	12830	16358	12514	16719
3900	3639	3639	3286	4009	2984	4359	2810	4575	2663	4767
4110	10011	10011	9420	10620	8903	11184	8601	11528	8343	11832
3416	10171	10172	9576	10785	9054	11353	8750	11700	8489	12006
3413	4427	4427	4037	4835	3701	5218	3507	5454	3343	5663
3706	7509	7510	6999	8038	6554	8529	6295	8830	6074	9096
3600	10510	10510	9904	11134	9374	11711	9064	12063	8798	12374
3415	12239	12239	11584	12911	11011	13532	10674	13911	10386	14244
3320	11692	11692	11053	12349	10492	12957	10164	13327	9883	13653
3505	19417	19418	18591	20262	17862	21038	17432	21509	17064	21923
3414	11000	11000	10380	11638	9837	12228	9519	12588	9247	12905
6900	4068	4068	3695	4459	3374	4827	3188	5054	3032	5256
2940	9406	9406	8833	9997	8333	10544	8041	10878	7791	11173
2216	8365	8365	7826	8922	7355	9440	7081	9756	6846	10036
3046	10891	10891	10274	11525	9734	12113	9418	12471	9147	12786
2225	8230	8230	7695	8783	7228	9296	6956	9610	6724	9887
3426	8818	8818	8264	9390	7780	9921	7498	10245	7257	10531
3427	9613	9614	9034	10210	8528	10763	8233	11101	7980	11399
3045	12623	12623	11958	13305	11375	13935	11033	14320	10740	14657
3310	10365	10365	9763	10984	9237	11558	8929	11907	8666	12216
3030	18890	18890	18074	19723	17356	20488	16933	20954	16569	21362
3130	7989	7990	7462	8534	7003	9040	6735	9350	6507	9624
3010	18200	18200	17400	19018	16695	19770	16280	20227	15923	20628
3020	11553	11553	10917	12206	10360	12810	10034	13179	9755	13503
3425	8974	8974	8415	9551	7927	10086	7642	10413	7398	10702
2100	8291	8291	7754	8846	7286	9361	7012	9676	6779	9954
1606	6053	6053	5596	6529	5199	6972	4968	7245	4773	7486
2215	8013	8014	7485	8559	7026	9066	6757	9376	6528	9650
1720	12972	12972	12298	13664	11706	14303	11359	14692	11062	15034
3120	10974	10974	10355	11611	9812	12200	9495	12560	9223	12876
1900	562	562	428	713	324	864	268	962	224	1051
3110	3705	3705	3349	4079	3044	4431	2868	4649	2720	4842
3200	9261	9261	8693	9847	8196	10390	7906	10722	7659	11015
1605	8326	8326	7788	8882	7318	9398	7045	9714	6811	9993
2000	5946	5946	5492	6417	5099	6857	4871	7127	4677	7366
1820	5194	5194	4771	5635	4405	6048	4193	6302	4013	6527
1200	7964	7964	7438	8508	6980	9014	6712	9323	6484	9596
1710	11373	11374	10743	12022	10190	12621	9867	12987	9590	13309
1810	2832	2832	2522	3160	2258	3471	2107	3664	1980	3836
900	5054	5054	4636	5489	4276	5896	4067	6147	3890	6369
806	14623	14623	13906	15357	13277	16033	12907	16445	12590	16807
1506	10220	10221	9623	10836	9101	11405	8795	11753	8534	12059
1410	5573	5573	5134	6030	4755	6456	4534	6718	4347	6951
1505	9643	9644	9064	10241	8557	10795	8260	11133	8007	11432
1330	8921	8921	8364	9496	7877	10030	7593	10356	7350	10644
1000	4063	4063	3690	4454	3369	4822	3184	5049	3028	5250
1320	7420	7420	6913	7946	6471	8434	6213	8734	5994	8998
1420	8158	8158	7625	8708	7161	9219	6890	9532	6659	9808
1130	3039	3039	2717	3378	2443	3700	2286	3899	2154	4076
1116	8345	8345	7806	8902	7336	9419	7062	9735	6828	10014
1310	10826	10826	10211	11458	9672	12044	9357	12401	9087	12716
805	9703	9703	9121	10302	8612	10858	8315	11197	8061	11496
1115	6828	6828	6341	7332	5919	7802	5673	8090	5463	8345
205	5993	5993	5538	6466	5143	6908	4914	7179	4719	7419
136	5222	5222	4798	5664	4431	6078	4218	6333	4038	6558
1120	16086	16086	15334	16855	14673	17564	14284	17995	13950	18373
705	9904	9904	9316	10510	8802	11071	8502	11413	8245	11715
120	5294	5294	4867	5740	4497	6156	4283	6412	4102	6639
325	10817	10817	10202	11449	9664	12034	9349	12391	9079	12706
135	7217	7217	6716	7735	6281	8217	6027	8513	5811	8774
706	5682	5682	5239	6143	4856	6574	4633	6838	4444	7073
206	6130	6130	5670	6609	5270	7055	5038	7329	4841	7571
2910	1652	1652	1417	1904	1221	2147	1111	2300	1019	2436
315	6576	6577	6099	7072	5684	7533	5443	7816	5238	8066
2935	2271	2271	1994	2566	1760	2847	1628	3022	1516	3178
605	10693	10694	10082	11322	9547	11904	9234	12259	8966	12572
606	11757	11757	11116	12416	10554	13025	10224	13397	9943	13724
506	11900	11901	11255	12564	10690	13176	10358	13550	10074	13878
110	2279	2279	2002	2574	1768	2856	1634	3031	1523	3188
505	21662	21663	20789	22554	20017	23372	19563	23869	19172	24304
2936	3002	3002	2682	3339	2410	3659	2254	3857	2122	4033
405	11970	11971	11323	12636	10756	13250	10423	13624	10139	13954
2926	9973	9973	9383	10581	8867	11144	8566	11487	8308	11790
2925	7056	7057	6562	7569	6131	8046	5881	8339	5668	8597
2927	4231	4232	3850	4631	3523	5005	3333	5237	3173	5442
