faz_id mean median lower_50 upper_50 lower_80 upper_80 lower_90 upper_90 lower_95 upper_95
8935	12782	12783	11629	13991	10636	15126	10064	15826	9579	16447
8927	5746	5747	4982	6565	4340	7350	3977	7840	3675	8279
8926	15300	15301	14035	16620	12943	17854	12311	18614	11774	19288
8936	18702	18702	17300	20157	16085	21515	15379	22349	14779	23086
8500	19821	19822	18378	21319	17125	22715	16396	23571	15776	24328
8406	1817	1817	1399	2289	1069	2762	893	3065	753	3342
8320	12970	12971	11808	14187	10807	15329	10230	16034	9742	16660
8925	15881	15882	14592	17224	13477	18481	12832	19254	12284	19939
8937	15285	15286	14021	16604	12929	17838	12297	18598	11761	19271
8405	17503	17504	16148	18912	14975	20228	14294	21037	13715	21752
8310	32958	32959	31089	34882	29452	36661	28494	37747	27675	38703
8910	16780	16780	15454	18160	14307	19450	13641	20243	13076	20945
7905	26535	26536	24861	28264	23400	29868	22547	30848	21818	31713
7606	4731	4732	4040	5477	3464	6196	3141	6647	2873	7051
7805	23364	23365	21795	24988	20428	26497	19631	27421	18952	28237
8220	18693	18693	17292	20148	16077	21505	15371	22339	14771	23076
8000	15177	15178	13918	16492	12830	17722	12201	18479	11666	19150
8906	9205	9205	8230	10234	7398	11208	6922	11812	6521	12349
8210	11427	11428	10338	12571	9403	13648	8865	14313	8411	14904
9020	19496	19497	18065	20982	16822	22366	16100	23216	15486	23967
8125	20105	20105	18651	21613	17388	23018	16654	23880	16029	24642
8126	14942	14943	13692	16246	12614	17467	11990	18219	11460	18885
8905	10265	10266	9234	11351	8352	12375	7846	13009	7419	13573
7806	6689	6689	5862	7570	5164	8411	4767	8935	4435	9404
7700	8759	8759	7809	9764	6999	10715	6536	11306	6147	11832
7526	16189	16190	14887	17545	13762	18814	13109	19594	12555	20284
7340	29488	29489	27721	31309	26177	32996	25275	34026	24503	34934
7605	1973	1973	1536	2464	1190	2953	1003	3267	854	3552
7537	27854	27855	26138	29624	24639	31266	23763	32269	23015	33153
8115	32939	32940	31071	34862	29435	36641	28477	37726	27657	38682
7335	38344	38345	36326	40417	34555	42330	33516	43496	32627	44522
8600	19431	19432	18002	20914	16762	22297	16041	23145	15428	23895
7425	31308	31309	29487	33183	27894	34919	26961	35979	26164	36913
7535	30391	30392	28598	32240	27029	33951	26111	34996	25327	35917
7525	16790	16790	15463	18171	14316	19461	13650	20254	13085	20956
7436	6197	6197	5402	7046	4732	7858	4353	8365	4036	8818
9019	17887	17888	16517	19312	15331	20641	14642	21458	14056	22180
7026	11287	11288	10205	12425	9277	13495	8743	14157	8291	14745
7205	14803	14804	13560	16102	12486	17317	11865	18066	11339	18729
7515	5752	5753	4987	6572	4345	7357	3982	7847	3679	8287
7320	31344	31345	29522	33220	27927	34957	26995	36018	26197	36952
7206	18072	18073	16695	19503	15501	20839	14809	21660	14219	22386
7315	19185	19186	17766	20660	16534	22034	15818	22877	15209	23623
7435	8882	8883	7925	9894	7110	10852	6643	11446	6251	11976
7316	22187	22188	20659	23771	19329	25243	18554	26145	17894	26942
7025	23203	23204	21639	24822	20278	26326	19484	27247	18807	28061
7415	12986	12987	11823	14204	10822	15347	10244	16052	9755	16678
7100	29646	29647	27874	31472	26326	33163	25421	34195	24647	35106
7015	18790	18791	17386	20249	16167	21610	15460	22446	14857	23184
9908	3845	3846	3225	4520	2713	5175	2428	5588	2193	5960
6410	44386	44387	42213	46614	40302	48667	39180	49917	38218	51016
6420	39831	39832	37773	41943	35967	43891	34907	45078	34000	46123
5535	31542	31543	29715	33425	28115	35167	27179	36230	26379	37167
5600	17161	17162	15820	18557	14659	19860	13985	20661	13413	21370
5546	19442	19443	18013	20926	16772	22309	16051	23157	15438	23908
4706	14851	14852	13606	16152	12530	17369	11908	18119	11380	18783
6605	12776	12777	11623	13984	10631	15119	10058	15819	9574	16440
6910	5023	5024	4310	5791	3715	6529	3380	6992	3101	7407
6606	6052	6053	5267	6892	4606	7695	4232	8197	3920	8646
9909	5907	5907	5131	6737	4479	7531	4111	8027	3803	8472
9011	10764	10764	9707	11875	8803	12922	8283	13570	7843	14146
5525	16036	16037	14741	17387	13621	18649	12972	19426	12421	20113
5515	30304	30305	28512	32149	26946	33858	26030	34902	25247	35821
6326	24743	24744	23128	26414	21719	27965	20897	28914	20196	29752
9914	20293	20294	18832	21808	17564	23220	16825	24085	16197	24851
5545	17515	17516	16160	18925	14986	20241	14305	21050	13726	21765
6223	29446	29447	27681	31266	26138	32951	25236	33981	24465	34889
5306	25019	25020	23394	26698	21977	28258	21151	29212	20445	30054
6325	37224	37226	35236	39267	33493	41153	32470	42303	31595	43315
9009	5469	5470	4724	6269	4100	7036	3747	7516	3454	7946
9006	12715	12715	11564	13920	10575	15052	10004	15750	9520	16370
6225	21444	21445	19941	23001	18635	24450	17875	25338	17227	26122
9018	20905	20906	19422	22442	18133	23874	17383	24752	16744	25527
5425	42799	42800	40666	44988	38791	47005	37690	48233	36746	49313
5305	29919	29920	28140	31753	26584	33452	25674	34489	24896	35403
5426	23033	23034	21475	24645	20118	26144	19328	27062	18654	27873
6226	33359	33360	31478	35294	29831	37083	28867	38175	28042	39137
6126	13897	13897	12692	15155	11655	16336	11055	17063	10547	17708
6224	23755	23756	22173	25393	20794	26914	19990	27845	19305	28667
6216	16590	16591	15272	17963	14132	19246	13470	20035	12909	20733
6316	30758	30759	28953	32617	27374	34338	26451	35389	25662	36315
6215	24083	24084	22489	25731	21100	27262	20291	28199	19600	29027
5100	8600	8601	7659	9596	6858	10540	6400	11126	6014	11648
6213	19418	19419	17990	20901	16750	22283	16029	23131	15416	23881
9005	5910	5910	5134	6740	4482	7534	4113	8031	3805	8475
6124	27519	27520	25814	29280	24324	30911	23455	31909	22711	32789
6125	10529	10529	9484	11628	8590	12664	8076	13306	7643	13876
6214	365	365	192	591	84	842	40	1014	15	1175
5415	15442	15443	14171	16767	13073	18007	12438	18771	11898	19447
5205	13294	13295	12117	14526	11104	15682	10518	16395	10023	17027
9916	17049	17050	15712	18440	14555	19740	13884	20539	13314	21246
9913	7253	7253	6391	8170	5661	9042	5245	9585	4897	10070
9915	22933	22934	21378	24542	20025	26038	19236	26954	18564	27763
4606	27943	27944	26224	29716	24722	31360	23845	32365	23096	33250
6115	24002	24003	22411	25647	21025	27176	20216	28112	19527	28938
4820	8399	8400	7469	9384	6678	10317	6226	10897	5846	11413
9017	3812	3812	3194	4484	2684	5136	2401	5547	2167	5917
6123	20999	21000	19512	22540	18220	23974	17468	24854	16828	25631
6114	36400	36401	34434	38420	32711	40286	31700	41424	30836	42425
4607	29847	29848	28070	31679	26516	33376	25607	34412	24831	35325
6505	14469	14470	13240	15753	12180	16956	11566	17697	11046	18353
5020	26307	26307	24640	28028	23185	29625	22336	30602	21611	31463
6113	43753	43754	41595	45965	39699	48004	38585	49245	37630	50337
5010	20356	20357	18893	21874	17622	23287	16883	24154	16253	24920
6020	23561	23562	21985	25191	20612	26707	19812	27634	19129	28453
4900	14042	14043	12832	15307	11788	16493	11185	17224	10674	17872
6010	15831	15832	14544	17173	13432	18427	12787	19199	12240	19883
4400	24682	24682	23068	26350	21661	27899	20841	28847	20140	29684
9900	10574	10575	9528	11676	8631	12715	8116	13357	7682	13928
9904	13850	13850	12648	15106	11612	16285	11013	17011	10506	17655
9902	31176	31177	29359	33048	27769	34780	26839	35838	26044	36770
4810	10822	10822	9762	11936	8855	12986	8333	13635	7893	14212
5720	39792	39793	37735	41903	35930	43850	34871	45037	33964	46081
9901	9093	9093	8124	10116	7298	11085	6825	11685	6427	12220
5826	6546	6547	5728	7419	5039	8251	4647	8770	4320	9234
5825	3492	3493	2902	4137	2417	4764	2149	5160	1928	5518
5925	26595	26596	24919	28326	23456	29931	22602	30913	21872	31779
9015	15589	15590	14313	16921	13209	18167	12570	18933	12028	19612
4506	18373	18374	16985	19816	15781	21163	15082	21990	14487	22721
4605	26939	26940	25252	28681	23779	30297	22919	31284	22185	32155
9002	38089	38090	36078	40155	34313	42062	33278	43225	32392	44247
4226	18640	18640	17241	20093	16028	21449	15323	22281	14724	23017
4505	17070	17071	15733	18462	14575	19763	13903	20562	13332	21269
4225	18717	18718	17316	20174	16100	21532	15394	22366	14793	23103
5716	26191	26192	24528	27909	23076	29502	22229	30477	21506	31337
5916	37515	37516	35519	39566	33768	41459	32742	42613	31863	43629
4300	12026	12027	10908	13199	9948	14302	9394	14983	8926	15588
5815	5090	5090	4372	5862	3772	6605	3434	7070	3154	7488
9004	19456	19457	18026	20940	16785	22324	16064	23173	15450	23923
5715	18370	18371	16982	19813	15778	21160	15079	21986	14484	22717
3330	14705	14705	13465	15999	12396	17211	11777	17957	11252	18618
6506	16438	16438	15126	17804	13991	19081	13333	19867	12774	20562
5915	20815	20816	19335	22349	18049	23778	17301	24654	16664	25428
3905	11192	11192	10114	12324	9190	13391	8658	14050	8209	14636
4130	19208	19209	17788	20683	16555	22059	15839	22902	15230	23649
6930	10870	10870	9808	11986	8898	13038	8375	13689	7934	14267
3825	21802	21803	20287	23372	18969	24832	18202	25727	17548	26517
4120	21090	21090	19600	22634	18305	24071	17551	24952	16909	25731
3816	25703	25704	24055	27405	22618	28984	21780	29950	21064	30803
4210	27536	27537	25830	29297	24340	30929	23470	31927	22727	32807
9016	13684	13685	12489	14933	11460	16105	10866	16827	10362	17468
4005	15822	15823	14535	17163	13423	18418	12779	19190	12232	19873
4230	12266	12266	11136	13450	10166	14563	9606	15250	9133	15860
3815	20913	20914	19430	22451	18140	23882	17390	24760	16751	25536
3705	32911	32912	31043	34834	29408	36611	28451	37696	27632	38652
3900	6508	6509	5693	7378	5005	8209	4615	8727	4289	9189
4110	20774	20775	19296	22307	18011	23734	17264	24609	16627	25383
3416	24797	24798	23180	26470	21770	28022	20947	28972	20245	29811
3413	10444	10444	9404	11539	8513	12571	8002	13210	7570	13778
3706	18655	18655	17255	20109	16042	21465	15337	22297	14737	23034
3600	22193	22194	20664	23777	19334	25249	18560	26152	17899	26949
3415	29443	29444	27678	31263	26135	32948	25233	33978	24462	34885
3320	31118	31119	29303	32988	27715	34719	26785	35776	25991	36707
3505	43674	43675	41518	45884	39624	47922	38511	49162	37557	50252
3414	28800	28801	27055	30600	25529	32268	24638	33287	23876	34185
6900	8854	8854	7898	9864	7084	10820	6618	11414	6226	11942
2940	18741	18742	17339	20199	16122	21558	15415	22392	14814	23130
2216	20618	20619	19146	22146	17866	23568	17122	24440	16488	25210
3046	24320	24321	22718	25977	21323	27515	20509	28456	19814	29287
2225	17024	17025	15689	18414	14532	19713	13862	20511	13292	21218
3426	23369	23370	21799	24993	20433	26503	19636	27427	18957	28243
3427	24987	24988	23363	26665	21947	28224	21121	29177	20416	30019
3045	29692	29693	27919	31519	26369	33211	25463	34245	24689	35156
3310	21185	21186	19692	22733	18394	24174	17639	25057	16995	25837
3030	45084	45085	42893	47329	40967	49398	39836	50657	38866	51764
3130	16748	16749	15423	18127	14277	19416	13612	20208	13048	20909
3010	44131	44133	41964	46353	40059	48401	38941	49647	37981	50743
3020	24232	24233	22634	25886	21240	27421	20428	28361	19735	29191
3425	21533	21533	20027	23093	18718	24544	17956	25434	17306	26220
2100	21171	21172	19679	22719	18381	24159	17626	25041	16983	25821
1606	13304	13305	12127	14536	11113	15693	10527	16406	10031	17038
2215	18962	18963	17551	20428	16327	21794	15615	22633	15010	23375
1720	27280	27281	25582	29032	24099	30657	23233	31651	22494	32527
3120	24605	24606	22993	26270	21589	27817	20770	28764	20071	29600
1900	934	934	642	1280	426	1639	318	1875	236	2093
3110	9754	9754	8749	10813	7892	11813	7400	12433	6985	12984
3200	21927	21928	20407	23501	19086	24965	18316	25862	17660	26655
1605	17633	17634	16273	19047	15095	20368	14411	21179	13830	21897
2000	13123	13123	11953	14346	10947	15495	10366	16204	9874	16833
1820	7676	7677	6788	8619	6035	9514	5606	10071	5246	10568
1200	18890	18891	17482	20353	16260	21717	15550	22555	14946	23295
1710	22595	22595	21052	24192	19709	25677	18927	26587	18260	27391
1810	3697	3698	3089	4360	2589	5003	2310	5409	2081	5775
900	11026	11027	9957	12150	9040	13209	8513	13864	8067	14446
806	34745	34746	32825	36720	31143	38545	30158	39657	29314	40637
1506	23841	23842	22256	25481	20874	27005	20069	27938	19382	28761
1410	11656	11657	10556	12811	9612	13898	9068	14570	8608	15166
1505	22100	22100	20574	23680	19247	25149	18474	26050	17815	26845
1330	22974	22975	21418	24584	20063	26082	19274	26998	18601	27808
1000	10029	10030	9010	11102	8139	12116	7639	12743	7218	13301
1320	18441	18442	17050	19887	15844	21236	15143	22064	14547	22796
1420	13367	13368	12187	14602	11170	15761	10583	16475	10086	17109
1130	5900	5900	5125	6729	4473	7523	4105	8019	3797	8463
1116	18708	18709	17307	20165	16092	21523	15385	22356	14785	23093
1310	27606	27607	25898	29369	24406	31003	23535	32002	22790	32883
805	23873	23874	22286	25514	20904	27039	20098	27973	19411	28797
1115	14750	14750	13508	16045	12437	17259	11817	18007	11291	18669
205	13297	13298	12120	14529	11106	15685	10521	16398	10025	17030
136	11504	11504	10411	12652	9473	13732	8933	14399	8477	14992
1120	37033	37034	35050	39070	33311	40952	32291	42099	31418	43108
705	21049	21049	19560	22591	18267	24027	17514	24908	16873	25686
120	12127	12128	11004	13305	10039	14412	9483	15096	9013	15703
325	24294	24295	22693	25950	21298	27487	20485	28428	19791	29259
135	17312	17312	15964	18713	14798	20022	14121	20827	13546	21538
706	13146	13147	11976	14371	10969	15521	10387	16231	9895	16860
206	13640	13641	12448	14887	11420	16057	10827	16779	10324	17418
2910	3806	3806	3189	4477	2679	5129	2396	5540	2163	5910
315	14878	14879	13631	16180	12555	17398	11932	18149	11404	18814
2935	7843	7843	6945	8795	6183	9700	5749	10262	5384	10763
605	24133	24133	22537	25783	21147	27315	20336	28253	19645	29082
606	25377	25378	23740	27069	22313	28638	21480	29599	20769	30446
506	28565	28565	26826	30357	25308	32018	24420	33034	23662	33928
110	5022	5023	4309	5790	3714	6528	3379	6990	3100	7405
505	51208	51209	48871	53599	46814	55799	45604	57137	44565	58312
2936	6705	6705	5877	7587	5178	8429	4781	8954	4448	9422
405	26786	26787	25103	28523	23635	30133	22778	31118	22045	31987
2926	25458	25459	23819	27152	22389	28724	21555	29686	20843	30535
2925	16050	16051	14754	17401	13634	18664	12984	19441	12433	20129
2927	7835	7835	6938	8787	6176	9691	5742	10253	5377	10754
