faz_id mean median lower_50 upper_50 lower_80 upper_80 lower_90 upper_90 lower_95 upper_95
8935	6896	6896	6482	7322	6121	7718	5909	7959	5728	8172
8927	2848	2848	2585	3125	2358	3385	2228	3545	2117	3687
8926	8127	8127	7677	8589	7283	9016	7052	9277	6854	9507
8936	8258	8258	7804	8724	7407	9155	7174	9417	6975	9649
8500	11182	11182	10654	11724	10188	12222	9915	12525	9681	12792
8406	1312	1312	1135	1502	987	1683	903	1797	833	1899
8320	6968	6968	6552	7397	6189	7794	5976	8036	5794	8250
8925	8798	8798	8330	9279	7919	9723	7678	9994	7472	10232
8937	9979	9979	9480	10491	9042	10963	8784	11250	8564	11503
8405	8847	8847	8377	9329	7966	9774	7724	10046	7517	10285
8310	15755	15756	15127	16397	14571	16985	14244	17342	13963	17656
8910	9006	9006	8533	9493	8117	9942	7873	10216	7664	10456
7905	13075	13076	12503	13660	11999	14198	11702	14525	11447	14811
7606	2207	2207	1976	2451	1778	2682	1665	2825	1570	2952
7805	10600	10600	10086	11127	9633	11613	9368	11909	9140	12169
8220	10998	10998	10474	11535	10013	12029	9742	12330	9509	12595
8000	6788	6788	6377	7211	6019	7603	5809	7843	5630	8054
8906	3885	3886	3577	4207	3309	4508	3154	4693	3023	4857
8210	7917	7917	7473	8374	7085	8796	6857	9053	6662	9280
9020	10032	10032	9532	10545	9092	11018	8834	11306	8613	11560
8125	9086	9087	8611	9575	8193	10026	7948	10301	7738	10543
8126	8497	8498	8037	8970	7634	9407	7398	9673	7195	9907
8905	4436	4436	4105	4779	3819	5100	3652	5296	3510	5470
7806	4109	4109	3791	4440	3516	4749	3356	4938	3220	5106
7700	3697	3697	3396	4011	3135	4305	2985	4485	2857	4645
7526	6743	6743	6334	7164	5976	7555	5767	7794	5589	8005
7340	12326	12326	11771	12894	11282	13417	10994	13734	10747	14013
7605	818	818	680	969	566	1116	503	1209	452	1293
7537	14192	14192	13596	14801	13070	15361	12760	15700	12494	15999
8115	18014	18015	17342	18700	16747	19328	16396	19709	16094	20043
7335	17938	17939	17267	18622	16674	19249	16323	19629	16022	19963
8600	8682	8682	8217	9159	7809	9601	7570	9870	7365	10106
7425	12530	12531	11970	13103	11477	13630	11187	13950	10938	14231
7535	16422	16423	15780	17077	15213	17678	14879	18042	14591	18361
7525	8812	8812	8343	9293	7932	9738	7691	10008	7485	10247
7436	2356	2357	2117	2608	1913	2846	1795	2994	1696	3125
9019	9066	9067	8591	9554	8174	10005	7929	10280	7720	10521
7026	4401	4401	4072	4743	3786	5062	3620	5258	3479	5431
7205	7164	7164	6742	7598	6373	8000	6157	8246	5973	8463
7515	2758	2758	2499	3030	2276	3286	2148	3444	2039	3585
7320	14188	14188	13592	14797	13066	15356	12756	15696	12490	15994
7206	9067	9068	8592	9555	8175	10006	7930	10281	7721	10522
7315	9403	9403	8919	9900	8494	10359	8244	10638	8031	10884
7435	3567	3567	3271	3875	3015	4164	2868	4342	2742	4499
7316	9126	9127	8650	9616	8231	10068	7986	10344	7775	10586
7025	10928	10928	10405	11463	9946	11956	9676	12256	9444	12520
7415	5671	5671	5297	6059	4970	6418	4780	6639	4617	6833
7100	16345	16345	15705	16998	15139	17598	14805	17961	14519	18280
7015	8657	8657	8192	9134	7785	9574	7546	9843	7342	10079
9908	1197	1198	1029	1379	888	1553	808	1663	743	1761
6410	26939	26940	26115	27776	25384	28541	24952	29003	24579	29408
6420	23028	23028	22266	23802	21592	24510	21193	24939	20850	25314
5535	17735	17735	17068	18415	16478	19039	16130	19417	15830	19748
5600	8297	8297	7842	8764	7444	9196	7211	9459	7011	9691
5546	8928	8928	8456	9413	8043	9860	7800	10132	7592	10372
4706	5697	5697	5322	6085	4995	6446	4804	6667	4641	6862
6605	5970	5970	5585	6367	5250	6736	5054	6962	4887	7161
6910	2926	2927	2659	3207	2429	3470	2297	3632	2185	3776
6606	3395	3395	3107	3696	2858	3978	2714	4152	2592	4306
9909	3919	3919	3608	4242	3340	4544	3184	4729	3052	4894
9011	6648	6649	6242	7067	5887	7456	5680	7693	5503	7902
5525	7813	7813	7372	8266	6986	8686	6760	8942	6567	9167
5515	12936	12936	12367	13518	11866	14053	11570	14378	11317	14663
6326	13013	13013	12442	13597	11939	14133	11643	14459	11389	14745
9914	8768	8768	8300	9248	7891	9691	7650	9961	7444	10199
5545	7104	7105	6684	7537	6317	7938	6102	8183	5919	8398
6223	14682	14682	14075	15301	13540	15870	13224	16215	12953	16518
5306	11798	11798	11255	12354	10777	12866	10496	13177	10254	13450
6325	17219	17220	16562	17890	15981	18504	15638	18877	15343	19204
9009	2536	2536	2288	2797	2075	3044	1953	3196	1849	3331
9006	6331	6331	5935	6740	5589	7119	5387	7351	5214	7555
6225	12025	12025	11476	12586	10993	13102	10709	13416	10466	13692
9018	10711	10712	10194	11241	9739	11730	9472	12027	9243	12288
5425	20521	20521	19802	21252	19166	21921	18791	22327	18467	22682
5305	13545	13545	12963	14140	12449	14687	12147	15019	11887	15311
5426	10085	10085	9584	10600	9143	11074	8884	11363	8662	11617
6226	15327	15327	14707	15959	14159	16540	13837	16893	13560	17202
6126	6339	6339	5942	6748	5596	7127	5394	7359	5222	7564
6224	11457	11457	10921	12005	10451	12509	10174	12816	9936	13085
6216	7017	7017	6600	7447	6235	7846	6021	8089	5839	8304
6316	15649	15649	15023	16288	14469	16875	14143	17231	13863	17543
6215	12571	12572	12011	13145	11516	13673	11226	13993	10976	14275
5100	3135	3135	2858	3425	2620	3697	2482	3864	2366	4013
6213	10429	10429	9919	10952	9470	11434	9207	11727	8981	11985
9005	3436	3436	3146	3739	2896	4023	2751	4198	2628	4353
6124	15063	15064	14449	15691	13906	16267	13587	16616	13312	16923
6125	5702	5702	5327	6091	4999	6451	4808	6672	4645	6867
6214	244	244	171	329	117	417	89	474	68	527
5415	8145	8145	7694	8608	7300	9035	7069	9296	6871	9526
5205	7125	7126	6705	7559	6337	7960	6122	8205	5938	8421
9916	8206	8206	7754	8670	7358	9100	7126	9362	6927	9592
9913	3626	3626	3327	3937	3070	4228	2921	4407	2794	4566
9915	12032	12032	11483	12593	11000	13109	10716	13423	10472	13699
4606	11540	11540	11003	12090	10530	12596	10252	12904	10014	13174
6115	12103	12103	11553	12666	11068	13184	10783	13499	10538	13775
4820	3860	3861	3552	4181	3286	4481	3132	4665	3001	4828
9017	2040	2040	1818	2275	1629	2498	1521	2636	1430	2759
6123	13447	13447	12867	14040	12355	14585	12054	14916	11795	15207
6114	18686	18687	18001	19384	17395	20024	17037	20411	16730	20751
4607	13106	13107	12534	13692	12029	14230	11731	14557	11476	14845
6505	5496	5496	5127	5877	4806	6232	4619	6449	4459	6640
5020	12075	12075	11525	12637	11041	13154	10757	13469	10512	13745
6113	28604	28604	27755	29466	27001	30253	26555	30729	26170	31146
5010	9714	9714	9221	10219	8789	10684	8535	10968	8318	11217
6020	16559	16560	15915	17217	15345	17820	15009	18186	14721	18507
4900	16168	16168	15531	16818	14968	17414	14637	17775	14351	18092
6010	11028	11028	10503	11566	10041	12061	9770	12362	9537	12627
4400	9782	9782	9288	10288	8854	10756	8599	11040	8381	11291
9900	5357	5358	4993	5734	4677	6084	4492	6299	4335	6488
9904	7207	7207	6784	7643	6413	8046	6197	8292	6012	8510
9902	14938	14938	14326	15563	13786	16136	13468	16485	13194	16790
4810	5051	5051	4697	5417	4390	5757	4212	5966	4059	6150
5720	19794	19794	19088	20512	18464	21170	18095	21568	17778	21917
9901	5310	5310	4948	5685	4633	6034	4449	6248	4292	6436
5826	3541	3542	3247	3849	2992	4137	2845	4314	2720	4471
5825	1998	1998	1778	2231	1591	2451	1485	2588	1395	2710
5925	12431	12432	11874	13002	11382	13526	11093	13845	10845	14125
9015	6736	6736	6327	7157	5970	7548	5761	7787	5582	7997
4506	8662	8662	8197	9139	7790	9580	7551	9848	7347	10085
4605	11782	11782	11239	12338	10762	12849	10481	13160	10239	13433
9002	20067	20068	19357	20790	18728	21452	18357	21853	18037	22205
4226	7974	7974	7529	8432	7139	8856	6910	9114	6715	9342
4505	6325	6325	5929	6733	5583	7113	5381	7344	5209	7549
4225	8367	8367	7911	8836	7511	9270	7276	9534	7075	9767
5716	12007	12007	11459	12567	10976	13083	10692	13397	10449	13673
5916	15931	15931	15298	16575	14740	17167	14411	17526	14128	17841
4300	5995	5995	5610	6393	5274	6763	5077	6989	4910	7188
5815	2461	2461	2216	2718	2007	2961	1887	3111	1785	3245
9004	9924	9924	9426	10434	8989	10905	8733	11191	8513	11443
5715	8208	8208	7756	8672	7360	9102	7128	9364	6929	9594
3330	6834	6834	6422	7258	6062	7652	5852	7892	5672	8104
6506	7685	7685	7248	8135	6865	8551	6641	8805	6449	9028
5915	8568	8569	8106	9043	7701	9482	7464	9749	7261	9984
3905	5020	5020	4668	5384	4361	5724	4183	5932	4031	6116
4130	9203	9203	8724	9694	8303	10148	8057	10425	7846	10668
6930	4620	4620	4282	4970	3989	5296	3819	5496	3674	5673
3825	9831	9831	9336	10339	8900	10807	8645	11093	8426	11343
4120	9912	9912	9415	10422	8978	10892	8721	11179	8501	11431
3816	11375	11376	10842	11921	10373	12424	10097	12730	9861	12999
4210	11945	11946	11399	12505	10918	13019	10635	13332	10392	13607
9016	7065	7066	6646	7497	6280	7897	6066	8141	5883	8356
4005	7704	7704	7266	8154	6883	8571	6658	8825	6467	9049
4230	5116	5116	4760	5484	4451	5827	4271	6037	4118	6222
3815	9104	9105	8628	9594	8210	10045	7965	10320	7755	10562
3705	15961	15961	15328	16606	14769	17198	14439	17558	14156	17873
3900	3758	3758	3454	4075	3192	4371	3040	4553	2910	4714
4110	12081	12081	11531	12643	11047	13161	10762	13475	10518	13752
3416	10955	10955	10432	11491	9971	11984	9701	12285	9469	12549
3413	4806	4806	4462	5163	4163	5496	3988	5700	3840	5880
3706	7598	7599	7164	8046	6783	8460	6561	8712	6370	8935
3600	11625	11625	11086	12177	10611	12685	10332	12994	10093	13265
3415	13784	13785	13197	14385	12679	14936	12373	15271	12111	15566
3320	12083	12083	11533	12645	11049	13163	10764	13477	10520	13754
3505	20524	20524	19805	21255	19169	21924	18794	22330	18470	22685
3414	11309	11310	10778	11854	10310	12355	10035	12660	9799	12928
6900	4698	4698	4357	5051	4062	5380	3890	5582	3744	5760
2940	10885	10885	10363	11419	9905	11911	9635	12210	9404	12473
2216	8807	8807	8338	9288	7928	9732	7687	10003	7480	10241
3046	11334	11335	10802	11879	10334	12381	10059	12686	9822	12955
2225	9318	9318	8836	9813	8413	10269	8165	10547	7952	10792
3426	9409	9409	8925	9906	8499	10365	8250	10644	8036	10890
3427	10089	10090	9587	10604	9147	11078	8888	11367	8666	11621
3045	12995	12995	12425	13578	11922	14114	11626	14440	11372	14726
3310	12758	12758	12193	13336	11695	13867	11402	14190	11150	14473
3030	20080	20081	19370	20803	18741	21466	18369	21867	18050	22219
3130	8714	8714	8248	9192	7839	9634	7600	9904	7395	10141
3010	19240	19240	18545	19948	17929	20597	17566	20990	17254	21335
3020	13542	13542	12960	14137	12446	14684	12144	15016	11884	15308
3425	9464	9464	8978	9963	8552	10423	8302	10703	8087	10949
2100	8595	8596	8133	9071	7727	9510	7489	9778	7286	10013
1606	6162	6163	5772	6566	5431	6940	5232	7169	5062	7371
2215	8249	8249	7796	8715	7399	9145	7166	9408	6967	9639
1720	13409	13409	12829	14001	12318	14545	12018	14876	11759	15166
3120	13207	13208	12632	13795	12126	14336	11827	14664	11571	14952
1900	562	562	448	688	357	812	307	892	267	964
3110	3751	3751	3448	4067	3185	4363	3033	4545	2904	4706
3200	10041	10041	9541	10555	9101	11028	8843	11316	8621	11569
1605	8390	8390	7933	8860	7532	9294	7298	9559	7097	9792
2000	6409	6409	6010	6820	5662	7202	5459	7435	5285	7641
1820	5029	5029	4676	5394	4370	5734	4191	5942	4040	6126
1200	8286	8286	7832	8753	7434	9184	7200	9447	7001	9679
1710	12762	12762	12197	13340	11699	13871	11406	14194	11154	14478
1810	3433	3433	3143	3736	2893	4020	2748	4194	2625	4349
900	5301	5301	4939	5676	4624	6024	4441	6238	4284	6426
806	16039	16039	15404	16686	14844	17280	14514	17640	14230	17956
1506	10391	10391	9881	10913	9434	11394	9171	11687	8945	11944
1410	5760	5761	5383	6151	5054	6513	4862	6735	4698	6931
1505	9919	9919	9421	10429	8984	10900	8728	11186	8508	11438
1330	9085	9086	8610	9574	8192	10025	7947	10300	7737	10542
1000	4142	4142	3823	4474	3546	4784	3386	4975	3250	5143
1320	7439	7439	7009	7882	6633	8292	6413	8542	6224	8762
1420	10940	10940	10417	11475	9957	11969	9687	12269	9455	12532
1130	3319	3319	3034	3617	2788	3896	2646	4068	2525	4220
1116	8698	8698	8232	9176	7824	9618	7585	9887	7380	10124
1310	10863	10863	10342	11396	9884	11888	9614	12187	9384	12450
805	10270	10270	9763	10789	9318	11267	9057	11558	8833	11814
1115	7138	7139	6717	7572	6349	7974	6134	8219	5950	8435
205	6070	6070	5682	6471	5344	6842	5147	7070	4978	7270
136	5283	5283	4922	5657	4607	6005	4424	6218	4268	6407
1120	17201	17202	16544	17871	15963	18486	15621	18858	15326	19185
705	12220	12220	11667	12786	11180	13306	10894	13622	10648	13900
120	5414	5414	5048	5792	4729	6144	4544	6360	4385	6550
325	11141	11141	10613	11681	10149	12179	9876	12482	9642	12748
135	7251	7251	6826	7688	6455	8093	6238	8340	6052	8557
706	6511	6511	6109	6926	5758	7310	5553	7545	5378	7752
206	6228	6229	5836	6634	5493	7010	5293	7241	5122	7444
2910	2018	2018	1797	2252	1609	2473	1502	2611	1411	2733
315	6697	6697	6289	7117	5933	7506	5725	7745	5547	7954
2935	2306	2306	2070	2556	1868	2791	1752	2937	1654	3067
605	11284	11285	10753	11828	10286	12329	10011	12633	9776	12901
606	13049	13050	12478	13634	11974	14171	11677	14497	11423	14784
506	13867	13868	13278	14470	12758	15023	12452	15359	12189	15654
110	2493	2493	2247	2752	2036	2996	1915	3147	1813	3282
505	24704	24704	23915	25505	23216	26238	22802	26682	22446	27070
2936	3237	3237	2955	3531	2713	3807	2572	3977	2454	4127
405	13129	13130	12556	13715	12051	14254	11753	14582	11498	14869
2926	10949	10949	10426	11485	9966	11978	9695	12278	9464	12542
2925	9369	9369	8886	9865	8461	10323	8212	10602	7999	10847
2927	6586	6586	6182	7003	5829	7390	5623	7626	5447	7834
