faz_id mean median lower_50 upper_50 lower_80 upper_80 lower_90 upper_90 lower_95 upper_95
8935	5169	5169	4812	5539	4501	5883	4320	6094	4165	6281
8927	2206	2206	1975	2450	1777	2681	1664	2824	1569	2951
8926	6187	6187	5795	6591	5454	6966	5254	7196	5084	7398
8936	7327	7327	6900	7766	6527	8173	6309	8422	6122	8640
8500	8131	8131	7681	8594	7287	9021	7056	9282	6859	9512
8406	829	829	690	981	575	1129	512	1222	460	1307
8320	4937	4937	4588	5299	4284	5636	4108	5842	3957	6025
8925	6343	6343	5946	6752	5600	7132	5398	7364	5226	7569
8937	6538	6538	6135	6953	5784	7339	5578	7574	5403	7782
8405	6503	6503	6101	6917	5751	7302	5546	7536	5371	7743
8310	13424	13424	12844	14017	12333	14561	12032	14892	11774	15182
8910	6872	6872	6459	7298	6098	7692	5887	7933	5707	8146
7905	10075	10075	9574	10589	9133	11063	8874	11352	8653	11606
7606	1847	1847	1636	2071	1457	2283	1355	2415	1269	2533
7805	8862	8862	8392	9345	7980	9790	7738	10062	7531	10301
8220	9190	9190	8711	9681	8291	10135	8045	10411	7834	10654
8000	6165	6165	5774	6569	5433	6943	5234	7172	5064	7374
8906	3416	3416	3127	3718	2877	4001	2733	4175	2610	4330
8210	6559	6559	6156	6975	5803	7361	5598	7597	5422	7804
9020	8375	8375	7918	8844	7518	9278	7284	9543	7083	9775
8125	8269	8269	7815	8735	7418	9166	7185	9429	6985	9661
8126	6881	6881	6468	7307	6106	7702	5895	7943	5715	8155
8905	3836	3836	3529	4156	3264	4455	3110	4638	2979	4801
7806	2823	2823	2561	3098	2335	3357	2205	3517	2096	3659
7700	3642	3642	3343	3954	3085	4245	2935	4425	2808	4584
7526	6409	6409	6010	6820	5662	7202	5459	7435	5285	7641
7340	10825	10825	10305	11358	9848	11849	9579	12147	9349	12410
7605	775	775	641	922	530	1066	470	1157	420	1239
7537	12675	12675	12112	13251	11616	13781	11324	14103	11073	14385
8115	15076	15076	14461	15704	13918	16280	13599	16629	13324	16936
7335	15835	15835	15205	16478	14648	17068	14320	17426	14038	17740
8600	7516	7516	7084	7961	6705	8373	6484	8624	6295	8845
7425	11026	11026	10501	11564	10039	12059	9768	12360	9535	12625
7535	13972	13972	13380	14576	12859	15132	12551	15469	12287	15765
7525	6768	6768	6358	7191	6000	7582	5791	7821	5612	8032
7436	2259	2259	2025	2506	1825	2739	1710	2884	1614	3012
9019	7399	7399	6970	7841	6595	8249	6375	8499	6188	8718
7026	4301	4301	3976	4639	3694	4955	3530	5148	3390	5320
7205	6210	6210	5818	6615	5475	6991	5276	7221	5105	7423
7515	2342	2342	2104	2593	1900	2830	1783	2977	1684	3108
7320	12174	12174	11622	12739	11136	13258	10850	13574	10605	13851
7206	8223	8223	7771	8688	7374	9118	7142	9380	6943	9611
7315	7439	7439	7009	7882	6633	8291	6413	8542	6224	8762
7435	3280	3280	2997	3576	2752	3854	2611	4025	2492	4177
7316	8522	8522	8061	8995	7657	9433	7421	9699	7218	9934
7025	10495	10495	9983	11020	9533	11503	9269	11797	9042	12056
7415	5139	5139	4783	5508	4473	5851	4292	6062	4139	6248
7100	13941	13941	13350	14545	12829	15099	12522	15436	12258	15732
7015	8087	8087	7638	8548	7245	8975	7015	9235	6818	9464
9908	1185	1185	1017	1366	877	1539	798	1648	733	1745
6410	20847	20847	20123	21584	19482	22258	19103	22667	18777	23025
6420	18022	18022	17349	18708	16754	19336	16403	19717	16101	20051
5535	13156	13156	12582	13743	12076	14282	11778	14610	11523	14897
5600	7308	7308	6882	7747	6509	8153	6291	8401	6105	8620
5546	7816	7816	7375	8270	6989	8689	6763	8945	6570	9171
4706	5378	5378	5013	5755	4696	6106	4511	6321	4353	6511
6605	4819	4819	4474	5177	4175	5510	4000	5714	3852	5894
6910	2155	2155	1927	2396	1732	2624	1620	2766	1526	2892
6606	2443	2443	2199	2699	1991	2941	1871	3091	1770	3224
9909	2465	2465	2220	2723	2011	2966	1890	3116	1789	3249
9011	5094	5094	4739	5461	4431	5803	4251	6013	4098	6198
5525	7052	7052	6634	7483	6268	7883	6054	8126	5871	8341
5515	12284	12284	11730	12851	11241	13373	10954	13690	10708	13969
6326	12183	12183	11631	12748	11145	13267	10859	13583	10613	13861
9914	8069	8069	7621	8530	7228	8956	6998	9216	6802	9445
5545	6451	6451	6051	6864	5702	7246	5498	7480	5324	7687
6223	14165	14165	13569	14774	13044	15333	12734	15672	12468	15970
5306	11349	11349	10816	11894	10348	12396	10072	12702	9836	12970
6325	17045	17045	16391	17712	15813	18323	15472	18694	15179	19020
9009	2230	2230	1997	2475	1799	2707	1685	2851	1589	2979
9006	5191	5191	4833	5562	4521	5907	4340	6118	4185	6305
6225	11503	11503	10967	12052	10495	12557	10217	12865	9979	13135
9018	9415	9415	8930	9912	8505	10371	8256	10651	8042	10896
5425	18690	18690	18005	19388	17399	20028	17041	20415	16733	20755
5305	13325	13325	12747	13915	12238	14458	11938	14788	11681	15077
5426	8893	8893	8422	9376	8009	9823	7767	10095	7560	10334
6226	15041	15041	14427	15668	13885	16243	13565	16593	13291	16899
6126	6093	6093	5704	6494	5366	6867	5168	7094	4999	7295
6224	11460	11460	10925	12008	10454	12512	10177	12819	9939	13089
6216	6960	6960	6544	7388	6181	7785	5968	8028	5787	8241
6316	15850	15850	15219	16493	14663	17084	14334	17442	14052	17756
6215	12510	12510	11951	13082	11458	13609	11168	13928	10919	14209
5100	3094	3094	2819	3382	2582	3652	2446	3819	2330	3966
6213	10374	10374	9865	10896	9418	11376	9155	11669	8930	11926
9005	2515	2515	2268	2775	2056	3020	1934	3172	1831	3307
6124	14973	14973	14360	15598	13820	16173	13501	16521	13227	16827
6125	5650	5650	5276	6037	4950	6396	4760	6616	4598	6810
6214	238	238	166	322	113	409	86	466	65	519
5415	6469	6469	6068	6882	5719	7265	5514	7500	5340	7706
5205	6291	6291	5896	6699	5551	7077	5350	7308	5178	7512
9916	7140	7140	6719	7574	6351	7976	6135	8221	5951	8437
9913	3482	3482	3190	3787	2938	4073	2792	4248	2668	4404
9915	9858	9858	9362	10367	8926	10836	8671	11121	8452	11373
4606	10315	10315	9808	10835	9362	11315	9100	11607	8875	11863
6115	11932	11932	11386	12491	10905	13005	10622	13318	10379	13593
4820	3792	3792	3487	4110	3223	4407	3070	4590	2940	4752
9017	1597	1597	1401	1806	1236	2004	1142	2128	1063	2239
6123	13484	13484	12903	14078	12391	14624	12089	14955	11830	15246
6114	18266	18266	17589	18956	16990	19589	16636	19972	16332	20308
4607	10883	10883	10362	11417	9903	11909	9634	12209	9402	12472
6505	4959	4959	4609	5322	4305	5659	4128	5866	3977	6049
5020	10908	10908	10386	11443	9927	11935	9657	12235	9426	12498
6113	27742	27742	26906	28591	26164	29367	25724	29836	25346	30246
5010	9014	9014	8540	9501	8124	9950	7880	10224	7671	10465
6020	16045	16045	15411	16692	14850	17286	14520	17646	14236	17962
4900	9873	9873	9377	10382	8941	10852	8685	11137	8465	11389
6010	10146	10146	9643	10662	9201	11138	8941	11427	8718	11682
4400	9747	9747	9254	10253	8821	10719	8567	11004	8349	11253
9900	4818	4818	4473	5176	4174	5509	3999	5713	3851	5893
9904	6322	6322	5926	6731	5581	7110	5379	7341	5206	7546
9902	14163	14163	13567	14771	13042	15330	12732	15670	12466	15968
4810	4791	4791	4447	5148	4149	5480	3975	5683	3827	5863
5720	19676	19676	18973	20392	18350	21048	17983	21445	17667	21794
9901	3726	3726	3424	4041	3162	4336	3011	4517	2882	4678
5826	3286	3286	3002	3582	2758	3860	2617	4032	2497	4183
5825	2009	2009	1789	2242	1601	2463	1494	2600	1404	2722
5925	11807	11807	11264	12363	10785	12875	10504	13186	10263	13460
9015	6178	6178	5787	6582	5445	6957	5246	7186	5076	7388
4506	7758	7758	7319	8210	6934	8628	6709	8883	6516	9108
4605	10870	10870	10349	11404	9891	11896	9621	12195	9390	12458
9002	16789	16789	16140	17451	15566	18058	15228	18426	14937	18749
4226	7503	7503	7071	7948	6693	8359	6472	8610	6283	8831
4505	6077	6077	5689	6478	5351	6850	5153	7077	4984	7278
4225	7304	7304	6878	7743	6505	8149	6287	8397	6101	8615
5716	11176	11176	10648	11717	10183	12216	9909	12519	9675	12785
5916	14960	14960	14348	15585	13807	16159	13489	16508	13215	16813
4300	5391	5391	5026	5769	4708	6120	4523	6335	4365	6525
5815	2244	2244	2011	2490	1812	2723	1697	2867	1601	2995
9004	7836	7836	7395	8290	7008	8710	6782	8967	6588	9192
5715	8124	8124	7674	8586	7280	9014	7050	9274	6852	9504
3330	5810	5810	5431	6202	5100	6566	4907	6789	4743	6985
6506	6448	6448	6048	6861	5699	7243	5495	7477	5321	7683
5915	8179	8179	7728	8643	7333	9072	7101	9333	6903	9563
3905	4682	4682	4342	5035	4047	5363	3876	5565	3730	5743
4130	8809	8809	8341	9290	7930	9735	7689	10005	7482	10244
6930	4537	4537	4203	4884	3912	5208	3744	5406	3600	5582
3825	8836	8836	8367	9318	7955	9763	7714	10034	7507	10273
4120	9068	9068	8593	9556	8175	10007	7931	10281	7721	10523
3816	10432	10432	9922	10955	9473	11437	9210	11731	8984	11989
4210	10744	10744	10226	11275	9770	11764	9503	12061	9273	12323
9016	5509	5509	5140	5891	4818	6246	4631	6463	4471	6655
4005	6497	6497	6096	6911	5745	7295	5540	7530	5365	7737
4230	4621	4621	4283	4971	3990	5298	3820	5498	3675	5675
3815	8897	8897	8426	9381	8013	9827	7771	10099	7564	10339
3705	13959	13959	13368	14563	12846	15118	12539	15455	12275	15751
3900	3396	3396	3108	3697	2859	3979	2715	4153	2593	4307
4110	9251	9251	8771	9744	8349	10199	8102	10476	7890	10720
3416	9723	9723	9231	10228	8798	10694	8544	10978	8327	11228
3413	4073	4073	3757	4402	3482	4710	3323	4899	3188	5066
3706	7418	7418	6989	7860	6613	8269	6393	8519	6205	8739
3600	9995	9995	9496	10507	9057	10979	8799	11267	8578	11520
3415	11578	11578	11040	12129	10566	12636	10288	12944	10049	13215
3320	11245	11245	10715	11788	10248	12288	9974	12592	9739	12859
3505	18656	18656	17971	19353	17366	19992	17008	20380	16701	20719
3414	10788	10788	10269	11320	9812	11810	9544	12108	9314	12370
6900	3653	3653	3354	3965	3095	4257	2945	4437	2818	4596
2940	8159	8159	7708	8622	7314	9051	7082	9312	6884	9542
2216	7928	7928	7484	8385	7095	8807	6867	9065	6672	9292
3046	10568	10568	10054	11094	9603	11580	9337	11875	9110	12134
2225	7378	7378	6950	7819	6575	8227	6356	8476	6169	8696
3426	8364	8364	7908	8833	7508	9267	7273	9531	7073	9763
3427	9298	9298	8817	9792	8394	10248	8146	10526	7934	10771
3045	12191	12191	11639	12756	11152	13276	10866	13592	10621	13869
3310	8639	8639	8175	9116	7768	9556	7530	9824	7326	10060
3030	17528	17528	16865	18204	16278	18824	15932	19200	15635	19530
3130	7730	7730	7292	8181	6908	8599	6683	8853	6491	9077
3010	17496	17496	16833	18172	16247	18791	15902	19167	15604	19496
3020	11034	11034	10509	11572	10047	12067	9776	12368	9543	12633
3425	8370	8370	7914	8839	7513	9273	7279	9537	7078	9770
2100	8007	8007	7561	8466	7170	8891	6941	9149	6745	9377
1606	5946	5946	5562	6343	5228	6711	5032	6936	4866	7134
2215	7744	7744	7305	8196	6921	8613	6696	8868	6504	9093
1720	11935	11935	11389	12494	10908	13009	10625	13321	10382	13596
3120	10218	10218	9713	10736	9269	11213	9009	11504	8785	11759
1900	554	554	441	679	351	803	302	883	262	954
3110	3654	3654	3355	3966	3096	4258	2946	4438	2819	4597
3200	8763	8763	8296	9243	7886	9686	7646	9956	7440	10194
1605	8241	8241	7788	8707	7391	9137	7159	9399	6960	9631
2000	5651	5651	5277	6038	4951	6397	4761	6617	4599	6811
1820	4898	4898	4550	5258	4248	5594	4072	5800	3923	5982
1200	7667	7667	7230	8116	6848	8532	6624	8786	6433	9009
1710	9958	9958	9460	10469	9022	10941	8765	11228	8544	11480
1810	2147	2147	1919	2388	1725	2616	1613	2757	1519	2883
900	4771	4771	4428	5127	4130	5458	3957	5662	3809	5841
806	13374	13374	12795	13965	12285	14509	11985	14839	11727	15129
1506	9906	9906	9409	10416	8972	10886	8716	11172	8496	11424
1410	5135	5135	4779	5504	4469	5847	4289	6057	4135	6243
1505	9366	9366	8883	9862	8459	10320	8210	10598	7996	10844
1330	8724	8724	8258	9203	7849	9645	7609	9915	7404	10152
1000	3988	3988	3675	4314	3404	4618	3247	4805	3113	4971
1320	7363	7363	6935	7804	6561	8211	6342	8460	6155	8679
1420	6325	6325	5929	6734	5583	7113	5382	7345	5209	7549
1130	2834	2834	2571	3110	2345	3369	2215	3529	2105	3671
1116	7859	7859	7417	8314	7030	8735	6803	8991	6609	9217
1310	10715	10715	10198	11245	9743	11733	9476	12031	9246	12292
805	9048	9048	8573	9536	8156	9986	7912	10260	7703	10501
1115	6300	6300	5905	6708	5560	7086	5358	7318	5186	7522
205	5933	5933	5550	6329	5215	6697	5020	6922	4854	7120
136	5134	5134	4778	5503	4468	5846	4288	6056	4134	6242
1120	15155	15155	14539	15784	13994	16362	13674	16712	13398	17020
705	8061	8061	7613	8522	7221	8947	6991	9207	6794	9436
120	5091	5091	4736	5458	4428	5800	4248	6010	4095	6195
325	10364	10364	9855	10885	9408	11366	9146	11659	8921	11916
135	7106	7106	6686	7539	6319	7940	6104	8184	5920	8400
706	5227	5227	4868	5599	4555	5945	4373	6157	4218	6345
206	6054	6054	5667	6454	5329	6825	5132	7052	4964	7253
2910	1502	1502	1312	1704	1152	1898	1062	2018	986	2126
315	6345	6345	5948	6754	5602	7134	5400	7366	5227	7571
2935	2234	2234	2001	2480	1803	2712	1689	2855	1593	2983
605	9942	9942	9444	10453	9006	10924	8749	11211	8529	11463
606	10576	10576	10062	11103	9610	11588	9345	11883	9117	12143
506	10608	10608	10093	11135	9641	11621	9375	11917	9147	12177
110	2222	2222	1990	2467	1792	2698	1678	2842	1583	2970
505	19458	19458	18759	20170	18140	20822	17775	21218	17460	21564
2936	2815	2815	2553	3090	2328	3348	2198	3508	2089	3650
405	10882	10882	10361	11416	9902	11908	9633	12208	9402	12471
2926	9399	9399	8915	9896	8490	10354	8241	10634	8027	10879
2925	6237	6237	5844	6643	5501	7020	5300	7250	5129	7453
2927	3457	3457	3166	3761	2915	4045	2769	4221	2646	4376
