faz_id mean median lower_50 upper_50 lower_80 upper_80 lower_90 upper_90 lower_95 upper_95
8935	16565	16566	14712	18529	13136	20391	12237	21548	11481	22579
8927	7262	7262	6053	8580	5059	9862	4506	10672	4052	11401
8926	20187	20189	18135	22349	16382	24390	15375	25654	14526	26778
8936	21136	21138	19036	23347	17238	25432	16204	26723	15333	27870
8500	25888	25890	23557	28329	21552	30622	20395	32036	19416	33291
8406	3256	3256	2465	4158	1847	5063	1519	5648	1261	6182
8320	17346	17348	15448	19354	13833	21257	12909	22438	12132	23490
8925	21931	21932	19790	24182	17956	26303	16901	27615	16010	28781
8937	25116	25117	22821	27521	20848	29781	19710	31176	18747	32414
8405	24119	24120	21871	26476	19940	28694	18828	30064	17887	31279
8310	37652	37653	34829	40584	32382	43319	30960	44998	29750	46483
8910	22351	22352	20189	24623	18336	26763	17270	28086	16370	29262
7905	33741	33742	31072	36520	28763	39116	27423	40713	26286	42126
7606	6002	6003	4908	7206	4017	8384	3527	9132	3127	9808
7805	28764	28766	26304	31334	24183	33743	22956	35226	21916	36542
8220	22230	22231	20074	24496	18227	26631	17164	27951	16266	29124
8000	16605	16606	14749	18571	13172	20435	12271	21594	11514	22626
8906	10418	10419	8959	11986	7740	13493	7053	14437	6482	15284
8210	15300	15301	13521	17189	12013	18985	11153	20102	10432	21098
9020	24142	24143	21893	26501	19961	28719	18848	30089	17907	31306
8125	22062	22063	19914	24319	18074	26446	17016	27762	16122	28931
8126	18817	18818	16838	20906	15150	22882	14182	24107	13367	25197
8905	11818	11819	10261	13485	8953	15080	8213	16078	7595	16970
7806	10675	10676	9198	12262	7962	13786	7265	14740	6685	15595
7700	8667	8668	7342	10103	6242	11490	5627	12362	5118	13146
7526	16940	16941	15065	18925	13471	20807	12559	21976	11793	23017
7340	33041	33042	30401	35791	28117	38363	26793	39944	25668	41343
7605	2097	2097	1473	2831	1005	3586	768	4081	587	4536
7537	30741	30742	28196	33396	25998	35881	24726	37410	23646	38765
8115	38674	38676	35813	41645	33330	44415	31888	46115	30660	47618
7335	43408	43410	40374	46553	37735	49479	36199	51272	34890	52856
8600	22776	22777	20593	25069	18721	27228	17644	28563	16734	29748
7425	35799	35800	33048	38659	30665	41330	29282	42970	28105	44421
7535	35716	35717	32968	38573	30588	41241	29207	42879	28032	44329
7525	21316	21317	19206	23536	17400	25629	16362	26925	15486	28076
7436	6502	6503	5362	7753	4428	8974	3913	9747	3490	10444
9019	22516	22517	20346	24796	18485	26943	17415	28271	16511	29450
7026	11507	11508	9971	13152	8682	14729	7954	15714	7346	16597
7205	16739	16740	14875	18712	13291	20584	12386	21746	11625	22782
7515	6648	6649	5494	7912	4549	9144	4026	9925	3597	10628
7320	36034	36036	33274	38904	30883	41583	29495	43228	28314	44684
7206	19884	19885	17848	22030	16108	24057	15110	25312	14269	26429
7315	23803	23804	21570	26146	19654	28350	18549	29711	17616	30920
7435	9697	9698	8292	11212	7120	12671	6462	13586	5916	14408
7316	24176	24178	21926	26537	19993	28757	18879	30128	17937	31345
7025	24275	24277	22020	26641	20083	28865	18966	30239	18022	31458
7415	15140	15141	13370	17019	11870	18806	11016	19918	10299	20910
7100	35838	35839	33085	38700	30701	41372	29317	43013	28140	44465
7015	20148	20150	18099	22308	16347	24348	15341	25610	14493	26733
9908	3845	3845	2981	4820	2296	5792	1929	6416	1636	6984
6410	59841	59843	56269	63524	53145	66934	51319	69017	49758	70853
6420	51935	51937	48611	55369	45711	58556	44018	60506	42574	62226
5535	41403	41405	38441	44476	35867	47337	34370	49091	33095	50641
5600	19389	19390	17379	21509	15663	23512	14679	24753	13850	25858
5546	22362	22363	20199	24634	18346	26775	17280	28099	16379	29274
4706	15760	15761	13953	17677	12421	19497	11546	20628	10812	21638
6605	15912	15913	14096	17837	12555	19665	11676	20802	10938	21815
6910	7248	7249	6040	8565	5047	9846	4495	10655	4042	11383
6606	8651	8652	7327	10085	6228	11471	5614	12343	5106	13126
9909	9179	9179	7813	10654	6677	12077	6040	12971	5513	13774
9011	14941	14942	13183	16809	11695	18585	10847	19690	10135	20676
5525	18146	18147	16203	20198	14548	22141	13600	23346	12802	24419
5515	32391	32393	29777	35115	27517	37662	26208	39229	25096	40616
6326	26270	26271	23921	28728	21900	31036	20734	32460	19746	33723
9914	22745	22746	20564	25037	18693	27194	17617	28528	16707	29713
5545	19648	19650	17625	21782	15897	23798	14905	25046	14069	26157
6223	30428	30430	27897	33070	25711	35543	24445	37066	23372	38414
5306	26213	26214	23867	28669	21848	30974	20683	32397	19697	33658
6325	37462	37464	34647	40387	32206	43116	30788	44791	29582	46272
9009	6292	6293	5171	7524	4255	8726	3750	9489	3337	10177
9006	16273	16274	14436	18220	12876	20067	11986	21215	11237	22238
6225	22885	22886	20697	25183	18820	27347	17740	28684	16827	29872
9018	24824	24826	22543	27216	20582	29463	19452	30851	18496	32082
5425	47541	47542	44362	50829	41594	53884	39981	55755	38604	57407
5305	30704	30705	28160	33357	25964	35841	24692	37370	23613	38724
5426	25734	25735	23410	28167	21411	30453	20258	31864	19282	33115
6226	33987	33988	31308	36775	28989	39381	27645	40982	26502	42400
6126	14296	14297	12578	16124	11124	17864	10298	18948	9605	19916
6224	23693	23695	21466	26031	19554	28230	18452	29589	17521	30795
6216	16431	16432	14585	18386	13017	20242	12121	21394	11369	22422
6316	30349	30351	27821	32988	25638	35458	24375	36978	23303	38326
6215	24265	24267	22010	26630	20074	28854	18958	30227	18014	31447
5100	8564	8565	7247	9992	6155	11371	5544	12239	5039	13020
6213	19767	19768	17737	21907	16003	23928	15008	25180	14170	26294
9005	8211	8211	6922	9609	5855	10963	5260	11816	4768	12582
6124	27815	27816	25397	30343	23313	32714	22109	34175	21089	35471
6125	10658	10659	9182	12244	7947	13766	7251	14720	6672	15574
6214	387	387	150	734	31	1141	3	1426	4	1701
5415	18827	18828	16848	20917	15159	22893	14191	24118	13376	25208
5205	15223	15224	13449	17108	11945	18899	11087	20014	10368	21008
9916	20195	20196	18143	22358	16389	24399	15382	25663	14533	26787
9913	7632	7632	6391	8982	5368	10292	4799	11119	4330	11863
9915	28912	28913	26445	31488	24318	33903	23088	35390	22045	36708
4606	31934	31935	29339	34639	27096	37169	25797	38725	24694	40104
6115	24391	24392	22130	26762	20188	28991	19069	30368	18122	31590
4820	8569	8570	7252	9997	6159	11377	5548	12245	5043	13026
9017	4932	4932	3945	6028	3151	7109	2718	7799	2368	8424
6123	22343	22344	20181	24615	18329	26754	17263	28077	16363	29253
6114	37314	37316	34505	40234	32069	42957	30654	44629	29450	46108
4607	36064	36066	33303	38935	30911	41615	29522	43261	28341	44717
6505	15518	15519	13725	17420	12205	19227	11339	20351	10611	21354
5020	28765	28767	26305	31335	24184	33744	22957	35228	21917	36543
6113	46216	46217	43083	49458	40355	52473	38766	54319	37411	55949
5010	21579	21580	19455	23812	17637	25917	16592	27219	15710	28377
6020	26322	26323	23971	28782	21948	31093	20780	32517	19791	33782
4900	28850	28851	26386	31424	24262	33836	23033	35321	21991	36638
6010	17985	17986	16051	20029	14404	21963	13461	23163	12667	24232
4400	24694	24695	22418	27079	20463	29321	19336	30705	18383	31934
9900	12173	12174	10592	13864	9262	15481	8509	16491	7881	17395
9904	15954	15955	14136	17882	12592	19712	11712	20850	10972	21864
9902	33001	33003	30362	35750	28080	38320	26757	39900	25633	41299
4810	11437	11438	9906	13078	8622	14650	7896	15633	7291	16513
5720	40153	40155	37237	43179	34704	45999	33232	47729	31978	49258
9901	13049	13050	11410	14798	10028	16467	9244	17508	8588	18439
5826	6879	6880	5704	8164	4740	9415	4206	10207	3768	10920
5825	3551	3550	2722	4489	2070	5429	1722	6034	1446	6585
5925	27649	27650	25238	30170	23161	32534	21961	33991	20944	35283
9015	17301	17302	15405	19306	13792	21206	12870	22386	12094	23437
4506	20104	20105	18056	22261	16306	24298	15302	25560	14455	26682
4605	29549	29550	27055	32153	24903	34592	23658	36094	22602	37425
9002	47312	47314	44142	50592	41380	53641	39771	55507	38398	57155
4226	20595	20596	18521	22778	16749	24838	15730	26113	14872	27247
4505	17656	17657	15740	19681	14109	21599	13176	22790	12391	23850
4225	21447	21448	19330	23673	17518	25773	16476	27071	15597	28226
5716	27193	27194	24803	29693	22744	32039	21555	33485	20548	34768
5916	38813	38815	35947	41789	33459	44564	32014	46267	30783	47772
4300	13534	13534	11863	15314	10453	17011	9652	18069	8982	19014
5815	5343	5344	4314	6482	3481	7602	3026	8314	2656	8959
9004	25223	25224	22922	27633	20945	29897	19805	31295	18840	32535
5715	18290	18291	16340	20351	14677	22301	13725	23510	12924	24586
3330	18029	18030	16093	20075	14443	22012	13499	23213	12704	24283
6506	19585	19586	17564	21715	15839	23727	14849	24974	14015	26083
5915	21302	21303	19193	23521	17387	25614	16350	26909	15474	28060
3905	12184	12185	10602	13876	9272	15494	8518	16504	7889	17408
4130	20190	20192	18138	22352	16384	24394	15377	25658	14529	26782
6930	10845	10846	9355	12444	8108	13978	7405	14939	6819	15800
3825	24103	24104	21855	26460	19926	28677	18814	30046	17873	31261
4120	22755	22756	20573	25047	18702	27205	17626	28539	16716	29724
3816	27558	27560	25152	30075	23078	32436	21880	33891	20865	35181
4210	31382	31383	28810	34064	26588	36573	25301	38117	24208	39485
9016	18075	18076	16136	20123	14484	22063	13539	23265	12743	24336
4005	19172	19174	17174	21281	15469	23273	14491	24508	13667	25607
4230	14044	14045	12342	15857	10903	17583	10084	18658	9399	19619
3815	21233	21234	19127	23449	17325	25539	16289	26831	15415	27981
3705	36783	36785	33994	39682	31576	42387	30173	44048	28979	45517
3900	7953	7954	6686	9331	5639	10666	5055	11507	4573	12264
4110	27820	27821	25401	30348	23318	32719	22113	34180	21093	35476
3416	27863	27864	25442	30393	23357	32766	22152	34228	21130	35525
3413	12879	12880	11251	14617	9879	16276	9101	17312	8451	18237
3706	19300	19301	17295	21415	15583	23414	14602	24653	13775	25755
3600	26000	26001	23664	28446	21654	30743	20494	32160	19512	33417
3415	35396	35398	32661	38241	30292	40897	28918	42529	27749	43973
3320	33446	33448	30789	36213	28491	38799	27158	40389	26026	41797
3505	48101	48103	44904	51408	42118	54481	40494	56362	39109	58022
3414	29997	29998	27484	32620	25314	35077	24059	36589	22994	37930
6900	11541	11542	10003	13189	8712	14767	7982	15754	7374	16637
2940	26734	26735	24364	29213	22324	31540	21146	32975	20149	34248
2216	23205	23207	21001	25519	19111	27697	18022	29043	17102	30238
3046	25972	25973	23637	28417	21629	30713	20470	32129	19488	33386
2225	22658	22660	20481	24946	18615	27099	17540	28431	16633	29613
3426	26737	26738	24367	29216	22327	31544	21149	32979	20151	34252
3427	27322	27323	24926	29828	22862	32179	21670	33628	20660	34913
3045	32076	32077	29475	34786	27227	37322	25924	38881	24818	40262
3310	33072	33073	30430	35824	28145	38396	26821	39978	25696	41378
3030	55064	55066	51639	58599	48649	61876	46903	63880	45411	65646
3130	18770	18771	16794	20857	15108	22830	14142	24053	13328	25142
3010	49074	49075	45844	52414	43029	55516	41387	57414	39987	59090
3020	28923	28924	26456	31500	24328	33915	23098	35402	22055	36720
3425	25149	25150	22852	27555	20878	29817	19739	31212	18776	32451
2100	22695	22697	20516	24984	18648	27140	17573	28472	16665	29656
1606	13926	13926	12231	15730	10798	17450	9984	18521	9302	19478
2215	20418	20419	18354	22592	16589	24644	15576	25914	14722	27044
1720	30253	30254	27728	32887	25549	35353	24288	36872	23218	38217
3120	30573	30575	28035	33221	25844	35700	24575	37225	23499	38577
1900	940	940	540	1449	274	2003	158	2376	83	2727
3110	9946	9947	8522	11480	7334	12956	6666	13881	6111	14711
3200	25216	25217	22916	27625	20939	29889	19798	31287	18834	32527
1605	18061	18062	16123	20109	14472	22047	13527	23249	12731	24320
2000	15752	15753	13946	17668	12413	19488	11539	20619	10805	21628
1820	8267	8268	6974	9671	5903	11029	5305	11884	4812	12653
1200	20786	20787	18703	22979	16921	25048	15898	26329	15035	27467
1710	27890	27891	25468	30421	23382	32795	22176	34258	21154	35555
1810	6167	6167	5057	7386	4152	8579	3653	9335	3246	10017
900	12344	12344	10751	14046	9411	15673	8652	16690	8018	17599
806	42788	42790	39776	45911	37157	48817	35633	50598	34334	52172
1506	25443	25444	23133	27863	21146	30137	20000	31540	19030	32785
1410	12825	12826	11201	14560	9832	16216	9056	17249	8407	18173
1505	23460	23461	21244	25786	19342	27975	18246	29328	17321	30529
1330	24045	24046	21800	26399	19873	28614	18763	29981	17824	31195
1000	10401	10402	8944	11968	7725	13474	7039	14417	6468	15263
1320	18271	18273	16322	20331	14660	22280	13709	23488	12908	24564
1420	22255	22256	20098	24522	18249	26658	17186	27979	16288	29152
1130	7415	7416	6193	8747	5187	10041	4627	10857	4167	11593
1116	20683	20685	18606	22871	16829	24935	15808	26213	14947	27349
1310	27879	27880	25458	30410	23372	32783	22166	34246	21144	35543
805	27288	27289	24893	29792	22831	32142	21639	33590	20630	34875
1115	18533	18534	16569	20607	14895	22568	13935	23785	13128	24867
205	13687	13688	12007	15477	10588	17183	9782	18246	9108	19196
136	11719	11720	10169	13380	8867	14969	8130	15962	7516	16852
1120	42983	42985	39964	46112	37338	49025	35810	50810	34509	52387
705	31226	31227	28661	33901	26444	36405	25161	37945	24072	39310
120	13043	13044	11404	14791	10023	16460	9239	17501	8583	18432
325	26885	26886	24508	29371	22462	31704	21280	33143	20280	34419
135	17791	17793	15869	19824	14231	21749	13294	22944	12505	24007
706	16360	16361	14518	18311	12953	20163	12060	21314	11310	22339
206	13913	13914	12218	15717	10787	17435	9973	18506	9292	19463
2910	5061	5062	4061	6171	3255	7265	2815	7962	2458	8593
315	15924	15925	14107	17850	12566	19679	11686	20816	10948	21829
2935	8001	8002	6730	9383	5679	10721	5093	11564	4609	12323
605	29038	29039	26566	31620	24434	34039	23201	35529	22155	36850
606	34211	34213	31523	37009	29197	39623	27847	41229	26701	42651
506	37135	37136	34332	40047	31902	42764	30491	44433	29291	45908
110	5458	5459	4418	6609	3575	7739	3113	8458	2738	9109
505	66405	66407	62639	70282	59341	73867	57411	76054	55759	77981
2936	7824	7825	6567	9191	5530	10515	4951	11351	4475	12102
405	34189	34191	31502	36986	29177	39599	27828	41205	26681	42626
2926	28854	28855	26390	31428	24265	33840	23037	35326	21995	36643
2925	22864	22865	20677	25161	18801	27324	17721	28661	16809	29848
2927	15206	15207	13433	17090	11930	18880	11073	19994	10354	20988
