faz_id mean median lower_50 upper_50 lower_80 upper_80 lower_90 upper_90 lower_95 upper_95
8935	6906	6907	5890	8003	5044	9060	4569	9724	4175	10320
8927	1377	1376	945	1889	626	2419	466	2768	347	3090
8926	4165	4165	3385	5026	2751	5870	2404	6407	2121	6892
8936	4364	4365	3565	5245	2914	6107	2556	6654	2264	7149
8500	16223	16224	14644	17883	13291	19448	12513	20415	11856	21274
8406	341	341	147	617	41	934	9	1155	0	1366
8320	14777	14778	13272	16363	11985	17860	11247	18788	10624	19613
8925	3599	3599	2877	4402	2295	5195	1979	5701	1723	6159
8937	8232	8232	7119	9426	6185	10570	5658	11287	5219	11928
8405	1212	1212	810	1695	517	2199	373	2532	267	2841
8310	11954	11955	10604	13385	9458	14742	8803	15586	8254	16338
8910	3550	3550	2833	4349	2257	5136	1943	5639	1689	6095
7905	6351	6352	5378	7405	4571	8423	4120	9064	3747	9639
7606	928	927	581	1355	338	1809	223	2113	143	2395
7805	3922	3921	3166	4758	2554	5581	2220	6105	1948	6579
8220	17341	17342	15707	19056	14304	20669	13497	21666	12814	22551
8000	40243	40244	37732	42834	35541	45236	34261	46705	33168	48001
8906	1456	1456	1012	1982	680	2525	513	2881	387	3209
8210	44683	44684	42035	47411	39720	49937	38367	51480	37209	52839
9020	4910	4911	4060	5842	3363	6750	2977	7324	2661	7842
8125	8046	8047	6946	9227	6024	10360	5504	11069	5072	11704
8126	10020	10020	8787	11333	7747	12585	7155	13365	6661	14062
8905	1228	1228	823	1714	527	2221	382	2556	274	2866
7806	2114	2113	1569	2739	1149	3371	928	3780	756	4155
7700	6543	6544	5555	7612	4735	8644	4275	9293	3894	9876
7526	10940	10941	9651	12311	8559	13614	7936	14425	7415	15149
7340	4081	4080	3309	4933	2683	5770	2340	6303	2061	6784
7605	2126	2126	1580	2752	1158	3386	936	3796	763	4172
7537	18209	18210	16534	19965	15094	21616	14264	22635	13562	23540
8115	14075	14076	12607	15624	11354	17088	10636	17995	10030	18803
7335	12917	12918	11513	14403	10317	15810	9633	16683	9057	17461
8600	13630	13630	12186	15154	10954	16597	10249	17491	9655	18288
7425	4943	4943	4089	5877	3390	6787	3002	7364	2685	7883
7535	8957	8958	7794	10201	6816	11391	6262	12134	5800	12798
7525	2808	2808	2175	3523	1674	4235	1405	4693	1191	5109
7436	2579	2578	1973	3265	1498	3952	1244	4394	1043	4798
9019	5523	5524	4619	6509	3873	7465	3459	8069	3117	8613
7026	1882	1882	1371	2474	980	3077	777	3468	620	3828
7205	10150	10150	8909	11471	7861	12730	7265	13515	6767	14216
7515	9122	9123	7948	10377	6960	11576	6400	12325	5933	12995
7320	11587	11588	10259	12996	9132	14335	8489	15167	7949	15909
7206	28768	28769	26651	30965	24815	33012	23747	34269	22839	35380
7315	5279	5280	4396	6244	3670	7181	3266	7774	2935	8307
7435	5351	5352	4462	6322	3729	7265	3323	7861	2989	8398
7316	5392	5392	4499	6366	3763	7312	3355	7910	3019	8448
7025	13771	13771	12319	15303	11081	16752	10371	17651	9774	18451
7415	14931	14932	13418	16525	12124	18030	11381	18961	10755	19790
7100	15882	15883	14320	17525	12983	19074	12214	20032	11565	20883
7015	7748	7749	6670	8908	5767	10022	5259	10719	4836	11344
9908	4776	4776	3937	5695	3252	6591	2873	7159	2562	7672
6410	19646	19647	17904	21469	16405	23179	15539	24234	14806	25170
6420	8637	8637	7495	9859	6537	11028	5995	11760	5542	12414
5535	5430	5431	4534	6408	3795	7357	3385	7956	3048	8496
5600	16936	16937	15322	18631	13937	20227	13140	21213	12467	22089
5546	15172	15173	13647	16779	12342	18295	11592	19234	10960	20068
4706	2462	2461	1871	3133	1409	3807	1163	4241	969	4638
6605	2973	2973	2320	3707	1801	4437	1522	4905	1299	5331
6910	1365	1365	936	1876	618	2404	460	2752	341	3073
6606	1579	1579	1114	2125	765	2685	587	3052	452	3390
9909	1452	1452	1008	1977	677	2519	511	2875	385	3203
9011	6900	6901	5884	7997	5039	9053	4564	9717	4171	10313
5525	6605	6606	5612	7679	4787	8715	4325	9366	3942	9951
5515	5804	5805	4876	6814	4109	7792	3682	8408	3329	8963
6326	15483	15483	13941	17105	12622	18635	11864	19583	11224	20424
9914	4548	4548	3731	5446	3064	6323	2697	6880	2396	7383
5545	4796	4796	3956	5717	3268	6615	2888	7184	2577	7698
6223	12489	12490	11109	13951	9935	15336	9263	16196	8699	16963
5306	25751	25752	23751	27832	22019	29775	21014	30969	20160	32026
6325	8697	8698	7552	9923	6589	11097	6045	11830	5591	12487
9009	2715	2715	2093	3418	1602	4120	1339	4572	1130	4983
9006	3439	3439	2734	4225	2168	5002	1861	5498	1613	5949
6225	20775	20776	18982	22648	17438	24404	16545	25486	15788	26445
9018	12821	12821	11421	14301	10230	15703	9549	16573	8976	17349
5425	64160	64162	60980	67421	58185	70427	56544	72257	55137	73867
5305	31040	31041	28840	33320	26928	35443	25815	36745	24868	37895
5426	19437	19438	17704	21250	16214	22952	15353	24002	14624	24933
6226	7980	7980	6884	9156	5967	10284	5449	10991	5019	11624
6126	3659	3659	2930	4469	2343	5267	2023	5776	1764	6237
6224	8408	8409	7283	9615	6339	10770	5805	11493	5360	12140
6216	11063	11064	9766	12441	8667	13751	8041	14566	7516	15294
6316	25365	25366	23380	27431	21662	29360	20666	30546	19819	31595
6215	21212	21213	19401	23104	17839	24878	16935	25970	16169	26939
5100	1886	1886	1375	2479	983	3082	780	3474	622	3834
6213	16151	16152	14576	17807	13226	19368	12450	20333	11794	21191
9005	683	683	391	1056	198	1461	113	1735	59	1991
6124	14000	14001	12536	15545	11287	17006	10571	17911	9967	18716
6125	12427	12428	11050	13885	9879	15267	9210	16125	8647	16890
6214	31698	31699	29474	34002	27541	36146	26416	37460	25457	38622
5415	63336	63337	60176	66576	57400	69563	55770	71382	54373	72981
5205	45842	45844	43160	48605	40814	51163	39442	52724	38268	54100
9916	2659	2659	2044	3355	1559	4051	1300	4499	1094	4907
9913	6432	6433	5453	7492	4640	8516	4185	9160	3809	9739
9915	3604	3604	2881	4408	2299	5201	1983	5707	1726	6166
4606	3716	3715	2981	4531	2389	5335	2066	5847	1804	6311
6115	9643	9644	8435	10932	7416	12163	6838	12930	6355	13616
4820	6500	6500	5515	7565	4698	8594	4240	9241	3861	9822
9017	396	396	183	689	61	1022	19	1253	2	1473
6123	73349	73351	69946	76833	66950	80040	65189	81990	63678	83703
6114	24105	24106	22172	26120	20499	28003	19530	29162	18707	30187
4607	8297	8298	7180	9496	6242	10645	5713	11363	5271	12007
6505	3655	3655	2927	4464	2340	5262	2020	5771	1762	6232
5020	9182	9183	8004	10441	7013	11644	6451	12395	5981	13067
6113	44760	44762	42110	47491	39793	50019	38438	51563	37280	52924
5010	17223	17224	15595	18932	14198	20540	13393	21534	12713	22417
6020	75172	75174	71727	78699	68693	81944	66909	83917	65378	85651
4900	91593	91595	87786	95482	84426	99053	82447	101221	80746	103124
6010	139667	139669	134955	144459	130781	148844	128315	151499	126192	153825
4400	11321	11322	10009	12715	8896	14039	8261	14862	7729	15597
9900	2158	2158	1608	2790	1182	3427	958	3840	783	4218
9904	7470	7470	6411	8609	5527	9704	5029	10391	4616	11007
9902	31974	31975	29741	34288	27799	36441	26668	37761	25705	38927
4810	8483	8484	7352	9695	6403	10855	5867	11581	5420	12230
5720	15336	15336	13801	16951	12489	18474	11735	19417	11099	20256
9901	6844	6845	5833	7937	4991	8990	4519	9651	4127	10245
5826	10159	10159	8918	11481	7869	12741	7273	13526	6774	14227
5825	57709	57711	54695	60804	52050	63661	50499	65401	49170	66932
5925	24050	24051	22119	26062	20448	27944	19480	29101	18658	30125
9015	2136	2136	1589	2764	1165	3399	943	3810	769	4186
4506	32291	32293	30047	34617	28095	36780	26958	38106	25990	39277
4605	38818	38819	36353	41363	34202	43725	32947	45169	31875	46443
9002	10693	10694	9419	12048	8340	13338	7726	14141	7212	14858
4226	3995	3994	3231	4839	2613	5668	2275	6195	2000	6673
4505	1655	1654	1178	2212	818	2784	633	3157	493	3500
4225	3384	3384	2685	4164	2124	4936	1820	5429	1575	5877
5716	11101	11102	9802	12482	8701	13794	8074	14610	7548	15339
5916	9819	9820	8599	11119	7570	12360	6986	13133	6497	13824
4300	32440	32441	30190	34771	28234	36939	27094	38267	26123	39441
5815	30938	30939	28742	33215	26833	35335	25723	36634	24777	37783
9004	7102	7103	6071	8214	5211	9285	4729	9956	4328	10559
5715	2392	2391	1810	3054	1356	3719	1115	4149	925	4541
3330	2794	2794	2162	3507	1663	4218	1395	4674	1182	5090
6506	12982	12983	11574	14471	10374	15881	9688	16756	9111	17536
5915	6878	6878	5864	7973	5020	9028	4546	9691	4153	10286
3905	23675	23676	21759	25672	20103	27539	19143	28688	18328	29705
4130	30698	30699	28511	32966	26610	35078	25504	36373	24562	37517
6930	4193	4194	3410	5057	2774	5904	2425	6442	2141	6929
3825	9312	9312	8125	10579	7126	11790	6559	12545	6086	13221
4120	5182	5183	4307	6138	3589	7068	3190	7656	2863	8186
3816	4907	4908	4057	5838	3360	6746	2975	7320	2659	7839
4210	7630	7631	6560	8781	5665	9887	5161	10580	4742	11201
9016	2303	2303	1733	2954	1289	3609	1055	4032	870	4419
4005	2568	2567	1964	3252	1489	3938	1236	4380	1036	4783
4230	2330	2330	1757	2985	1310	3643	1074	4068	887	4457
3815	14483	14484	12993	16053	11720	17537	10990	18456	10375	19274
3705	45552	45554	42879	48306	40540	50856	39173	52413	38003	53785
3900	44738	44739	42089	47468	39773	49995	38418	51539	37260	52900
4110	38417	38418	35965	40949	33826	43300	32578	44737	31512	46005
3416	3316	3316	2624	4089	2071	4854	1770	5343	1529	5787
3413	1852	1851	1345	2439	958	3038	757	3427	602	3784
3706	4589	4590	3768	5491	3098	6372	2729	6931	2426	7435
3600	80379	80381	76815	84024	73674	87376	71826	89413	70239	91202
3415	5293	5293	4408	6258	3681	7197	3277	7790	2945	8324
3320	7655	7656	6583	8808	5687	9916	5182	10610	4762	11232
3505	34065	34066	31758	36452	29750	38671	28580	40030	27583	41230
3414	3363	3362	2666	4141	2107	4910	1805	5402	1561	5848
6900	2269	2269	1704	2916	1264	3567	1032	3988	850	4372
2940	4814	4814	3972	5737	3283	6637	2902	7207	2591	7721
2216	5107	5108	4239	6057	3526	6981	3131	7565	2807	8091
3046	12125	12126	10766	13566	9610	14933	8950	15781	8396	16538
2225	8065	8066	6964	9248	6041	10382	5520	11091	5087	11727
3426	3369	3368	2671	4147	2112	4918	1809	5410	1565	5856
3427	7204	7205	6165	8324	5299	9401	4812	10077	4408	10684
3045	4799	4799	3958	5720	3271	6619	2891	7188	2579	7702
3310	6963	6963	5942	8064	5092	9125	4615	9791	4219	10389
3030	12047	12048	10692	13483	9540	14845	8883	15692	8331	16446
3130	31244	31245	29036	33531	27118	35661	26001	36967	25050	38120
3010	13078	13078	11664	14572	10460	15987	9771	16865	9191	17647
3020	24558	24559	22606	26591	20917	28491	19938	29659	19106	30693
3425	3762	3762	3023	4583	2426	5391	2100	5906	1836	6372
2100	2875	2875	2234	3598	1726	4317	1453	4779	1235	5200
1606	4018	4017	3252	4864	2632	5696	2292	6224	2016	6703
2215	8464	8465	7335	9674	6387	10833	5851	11558	5404	12207
1720	7709	7710	6633	8866	5733	9977	5226	10673	4805	11297
3120	20688	20689	18900	22557	17358	24310	16467	25390	15712	26348
1900	20254	20255	18485	22104	16960	23839	16080	24908	15334	25857
3110	3924	3923	3168	4760	2556	5583	2221	6107	1950	6581
3200	9133	9134	7958	10389	6970	11588	6409	12338	5942	13008
1605	9648	9649	8440	10938	7421	12168	6842	12936	6359	13622
2000	16681	16682	15080	18364	13706	19949	12916	20928	12248	21798
1820	44866	44868	42214	47600	39894	50131	38537	51677	37377	53039
1200	8281	8282	7165	9479	6228	10626	5699	11344	5259	11987
1710	15346	15346	13811	16961	12498	18485	11744	19428	11107	20267
1810	21422	21423	19602	23324	18031	25105	17123	26203	16353	27175
900	13569	13570	12128	15091	10900	16530	10197	17423	9604	18218
806	5469	5469	4569	6449	3828	7402	3415	8003	3076	8544
1506	5768	5769	4843	6774	4079	7749	3653	8364	3302	8918
1410	18551	18552	16860	20324	15406	21989	14567	23017	13858	23929
1505	8136	8137	7030	9323	6102	10462	5579	11174	5143	11812
1330	6693	6693	5693	7773	4862	8816	4396	9471	4010	10059
1000	2225	2224	1665	2865	1231	3510	1002	3928	823	4310
1320	6242	6243	5278	7287	4479	8297	4032	8933	3663	9505
1420	24182	24183	22245	26199	20570	28086	19599	29246	18774	30273
1130	4594	4595	3773	5497	3102	6378	2732	6937	2430	7442
1116	11346	11347	10032	12741	8918	14067	8283	14891	7750	15626
1310	7164	7164	6128	8280	5264	9355	4779	10029	4376	10634
805	6107	6107	5154	7141	4364	8141	3923	8771	3559	9338
1115	5515	5516	4611	6500	3867	7456	3452	8059	3111	8603
205	15232	15233	13703	16842	12395	18360	11644	19300	11011	20136
136	4700	4700	3868	5612	3189	6502	2814	7066	2507	7576
1120	18288	18289	16609	20048	15166	21702	14334	22723	13630	23629
705	6020	6020	5074	7047	4291	8041	3854	8667	3493	9230
120	1861	1861	1353	2450	964	3049	763	3439	608	3797
325	7545	7546	6481	8690	5592	9791	5092	10480	4676	11099
135	3568	3567	2849	4368	2270	5157	1956	5661	1701	6118
706	4334	4334	3537	5211	2889	6071	2533	6616	2242	7110
206	10611	10611	9341	11961	8267	13246	7656	14046	7144	14760
2910	1343	1343	917	1849	603	2375	447	2720	330	3039
315	8177	8178	7068	9368	6138	10509	5613	11223	5176	11862
2935	23039	23040	21149	25009	19517	26853	18571	27987	17769	28992
605	5605	5606	4694	6598	3942	7560	3524	8168	3179	8715
606	5328	5329	4440	6297	3710	7238	3304	7833	2971	8368
506	10661	10662	9389	12014	8312	13302	7699	14104	7185	14820
110	1651	1650	1174	2208	815	2778	631	3151	490	3494
505	21112	21113	19305	23000	17746	24769	16845	25859	16082	26825
2936	4760	4761	3923	5678	3239	6574	2861	7141	2551	7653
405	5546	5546	4639	6533	3892	7491	3476	8096	3134	8640
2926	3557	3556	2839	4355	2261	5144	1947	5647	1693	6103
2925	2826	2825	2190	3542	1687	4256	1417	4715	1202	5133
2927	2631	2630	2019	3323	1537	4016	1280	4462	1076	4868
