faz_id mean median lower_50 upper_50 lower_80 upper_80 lower_90 upper_90 lower_95 upper_95
8935	4568	4568	3978	5199	3481	5803	3199	6180	2965	6517
8927	1133	1133	849	1458	629	1785	512	1997	421	2190
8926	1678	1678	1328	2069	1048	2455	896	2703	774	2927
8936	3309	3309	2810	3849	2395	4371	2162	4699	1970	4993
8500	10705	10706	9790	11660	9002	12556	8546	13107	8159	13596
8406	263	263	137	430	58	615	27	742	9	862
8320	8669	8669	7848	9531	7144	10342	6738	10843	6395	11288
8925	2328	2328	1912	2784	1573	3230	1386	3513	1233	3768
8937	7161	7161	6417	7946	5781	8688	5417	9148	5110	9557
8405	836	836	595	1118	413	1406	320	1595	249	1768
8310	9772	9772	8899	10686	8148	11544	7714	12073	7347	12542
8910	2793	2793	2336	3291	1959	3774	1749	4080	1577	4354
7905	4670	4670	4073	5308	3570	5918	3285	6298	3047	6638
7606	792	792	558	1067	382	1349	293	1534	225	1704
7805	2848	2848	2386	3351	2005	3838	1793	4146	1618	4423
8220	11603	11604	10650	12597	9827	13527	9350	14099	8945	14606
8000	38372	38373	36622	40163	35081	41810	34175	42812	33397	43692
8906	1234	1234	937	1572	704	1911	581	2130	484	2330
8210	20271	20272	19005	21578	17899	22790	17254	23531	16702	24185
9020	3711	3711	3181	4282	2738	4831	2490	5175	2283	5484
8125	5546	5546	4893	6239	4341	6899	4026	7309	3762	7676
8126	7596	7596	6829	8404	6173	9167	5796	9639	5478	10059
8905	1002	1002	736	1308	532	1619	426	1821	343	2006
7806	1500	1500	1170	1870	909	2239	768	2475	655	2690
7700	5541	5541	4889	6234	4336	6893	4021	7304	3758	7670
7526	8745	8745	7920	9611	7213	10425	6805	10928	6460	11375
7340	3660	3660	3134	4227	2695	4773	2448	5115	2243	5422
7605	964	964	704	1265	504	1571	401	1770	321	1952
7537	15320	15321	14222	16459	13268	17520	12713	18170	12240	18745
8115	10037	10037	9152	10963	8390	11832	7950	12367	7577	12842
7335	10927	10928	10003	11892	9205	12796	8744	13353	8353	13846
8600	10751	10752	9834	11708	9044	12606	8587	13158	8199	13648
7425	3596	3596	3074	4158	2640	4700	2395	5040	2193	5344
7535	5865	5865	5193	6578	4623	7254	4298	7675	4025	8050
7525	2166	2166	1766	2607	1440	3039	1261	3314	1116	3562
7436	2231	2231	1825	2678	1493	3116	1311	3394	1162	3645
9019	4565	4565	3975	5196	3478	5799	3197	6176	2962	6513
7026	1684	1684	1334	2075	1053	2463	901	2710	778	2935
7205	7821	7821	7042	8641	6376	9414	5993	9892	5670	10317
7515	7352	7352	6598	8147	5953	8899	5583	9364	5272	9778
7320	7954	7954	7168	8780	6496	9560	6109	10042	5783	10470
7206	17197	17198	16032	18403	15018	19523	14427	20210	13924	20816
7315	4747	4747	4145	5390	3637	6004	3350	6387	3109	6730
7435	4174	4174	3611	4778	3138	5357	2871	5720	2649	6044
7316	4165	4165	3602	4769	3130	5347	2864	5709	2642	6033
7025	11119	11120	10186	12092	9382	13004	8916	13565	8521	14062
7415	13299	13300	12277	14362	11392	15354	10878	15963	10441	16502
7100	9482	9482	8622	10382	7883	11228	7457	11750	7096	12213
7015	5763	5763	5097	6469	4533	7141	4211	7558	3941	7930
9908	4148	4148	3586	4750	3116	5328	2850	5689	2628	6013
6410	14950	14951	13865	16075	12924	17124	12376	17767	11910	18336
6420	8874	8874	8043	9746	7330	10566	6919	11072	6571	11522
5535	5810	5810	5142	6519	4575	7193	4251	7612	3980	7986
5600	14487	14488	13420	15595	12493	16628	11955	17262	11497	17822
5546	13307	13308	12285	14370	11399	15362	10885	15972	10448	16511
4706	2188	2188	1786	2631	1458	3065	1278	3341	1131	3590
6605	2554	2554	2118	3031	1760	3496	1561	3790	1399	4055
6910	817	817	579	1096	400	1382	308	1569	239	1741
6606	1172	1172	883	1502	658	1834	539	2048	445	2244
9909	1110	1110	829	1432	612	1756	497	1966	407	2158
9011	6365	6365	5664	7106	5068	7809	4728	8245	4441	8634
5525	6382	6382	5680	7124	5084	7828	4742	8265	4455	8654
5515	5275	5275	4639	5952	4101	6596	3795	6998	3539	7356
6326	11433	11434	10487	12420	9670	13343	9197	13912	8796	14415
9914	3641	3641	3116	4207	2678	4751	2432	5093	2228	5399
5545	4409	4409	3829	5029	3342	5623	3067	5994	2837	6326
6223	8027	8027	7238	8857	6562	9640	6173	10124	5845	10554
5306	18402	18403	17196	19648	16146	20806	15533	21514	15010	22139
6325	7390	7390	6634	8187	5987	8940	5616	9407	5304	9822
9009	2415	2415	1991	2880	1645	3333	1453	3620	1296	3879
9006	1676	1676	1326	2066	1047	2453	895	2700	773	2924
6225	15624	15625	14515	16774	13551	17845	12990	18501	12512	19081
9018	11186	11187	10251	12162	9443	13076	8976	13639	8579	14138
5425	30298	30299	28745	31891	27382	33361	26582	34257	25897	35045
5305	21968	21969	20649	23328	19496	24588	18822	25357	18246	26035
5426	15750	15751	14636	16905	13668	17979	13105	18638	12625	19220
6226	6899	6899	6169	7670	5546	8399	5189	8852	4889	9254
6126	2869	2869	2405	3373	2023	3863	1810	4171	1634	4449
6224	7501	7501	6739	8304	6087	9062	5713	9532	5398	9949
6216	8771	8771	7945	9638	7236	10453	6828	10957	6483	11405
6316	19256	19257	18022	20530	16946	21713	16318	22437	15782	23075
6215	15591	15592	14483	16740	13520	17809	12960	18465	12483	19045
5100	1668	1668	1319	2058	1040	2443	889	2690	767	2914
6213	15352	15353	14253	16492	13298	17554	12742	18205	12269	18780
9005	504	504	322	727	192	963	131	1120	87	1267
6124	12804	12805	11802	13847	10934	14821	10431	15420	10003	15950
6125	10472	10473	9568	11417	8788	12303	8337	12850	7956	13334
6214	29386	29387	27857	30956	26515	32404	25728	33287	25054	34063
5415	59938	59939	57746	62171	55807	64217	54662	65457	53677	66544
5205	34948	34949	33279	36658	31811	38233	30948	39191	30208	40033
9916	2333	2333	1917	2790	1577	3236	1390	3519	1236	3775
9913	5670	5670	5010	6371	4450	7037	4131	7452	3864	7821
9915	3288	3288	2790	3827	2377	4347	2145	4674	1954	4967
4606	3345	3345	2843	3888	2425	4412	2191	4742	1998	5037
6115	9140	9140	8296	10024	7572	10856	7154	11369	6800	11825
4820	5967	5967	5289	6686	4714	7368	4386	7791	4110	8169
9017	238	238	119	398	47	577	19	700	5	816
6123	55392	55393	53285	57539	51423	59508	50325	60702	49380	61749
6114	20548	20549	19273	21864	18160	23084	17509	23830	16954	24487
4607	6052	6052	5369	6775	4790	7462	4458	7889	4180	8269
6505	2737	2737	2285	3230	1912	3709	1705	4012	1535	4284
5020	8336	8336	7531	9182	6842	9978	6445	10470	6109	10908
6113	39835	39836	38052	41659	36481	43337	35556	44357	34763	45252
5010	17024	17025	15865	18224	14857	19339	14269	20022	13768	20625
6020	54681	54682	52588	56815	50738	58771	49647	59958	48709	60998
4900	52200	52201	50156	54285	48349	56198	47285	57358	46369	58376
6010	115345	115347	112296	118435	109585	121252	107979	122954	106593	124442
4400	9268	9268	8418	10158	7688	10995	7267	11512	6911	11970
9900	1898	1898	1525	2312	1223	2720	1059	2980	926	3215
9904	7112	7112	6370	7895	5737	8634	5374	9093	5069	9501
9902	23256	23257	21898	24655	20710	25949	20016	26739	19421	27436
4810	7604	7604	6836	8412	6180	9176	5803	9648	5485	10068
5720	11442	11443	10496	12429	9678	13353	9205	13922	8804	14425
9901	4296	4296	3724	4909	3244	5496	2973	5862	2746	6191
5826	8083	8083	7291	8916	6613	9701	6222	10187	5893	10618
5825	48279	48280	46314	50285	44579	52127	43556	53245	42678	54225
5925	19102	19103	17873	20371	16802	21550	16177	22270	15643	22906
9015	1770	1770	1410	2171	1121	2566	964	2819	837	3048
4506	31522	31523	29938	33147	28546	34645	27729	35558	27029	36360
4605	18403	18404	17197	19649	16147	20807	15534	21515	15011	22140
9002	9573	9573	8709	10478	7966	11327	7538	11852	7175	12317
4226	3269	3269	2773	3806	2361	4325	2130	4651	1939	4944
4505	1442	1442	1119	1806	864	2168	726	2401	617	2612
4225	3188	3188	2698	3719	2292	4232	2065	4554	1877	4844
5716	8063	8063	7272	8895	6594	9679	6205	10164	5876	10595
5916	8177	8177	7380	9015	6698	9804	6305	10292	5973	10726
4300	16747	16748	15598	17937	14598	19044	14016	19721	13519	20320
5815	27348	27349	25874	28863	24581	30262	23824	31115	23175	31866
9004	4919	4919	4306	5573	3788	6197	3494	6587	3249	6935
5715	2171	2171	1770	2612	1444	3045	1265	3320	1119	3568
3330	2358	2358	1940	2817	1598	3266	1409	3550	1255	3807
6506	6154	6154	5465	6883	4880	7575	4546	8005	4265	8388
5915	5118	5118	4492	5785	3963	6421	3662	6817	3411	7171
3905	19798	19799	18547	21090	17455	22289	16818	23021	16273	23668
4130	23767	23768	22394	25181	21193	26489	20490	27287	19889	27991
6930	3645	3645	3120	4211	2682	4756	2436	5097	2231	5404
3825	7716	7716	6943	8530	6281	9299	5901	9774	5580	10197
4120	3852	3852	3312	4433	2860	4992	2605	5342	2394	5656
3816	4211	4211	3645	4818	3170	5399	2902	5763	2678	6089
4210	5286	5286	4649	5963	4111	6609	3805	7010	3548	7369
9016	1869	1869	1499	2280	1200	2685	1037	2944	906	3178
4005	2077	2077	1686	2509	1368	2934	1194	3203	1052	3447
4230	1973	1973	1592	2395	1284	2810	1115	3074	978	3313
3815	10076	10076	9189	11004	8426	11874	7985	12410	7611	12886
3705	35891	35892	34199	37624	32711	39219	31836	40189	31085	41042
3900	26138	26139	24697	27619	23435	28989	22695	29824	22062	30559
4110	36104	36105	34407	37842	32914	39441	32037	40414	31284	41270
3416	3257	3257	2762	3793	2351	4311	2120	4637	1930	4929
3413	1450	1450	1126	1815	870	2178	732	2411	622	2623
3706	4041	4041	3487	4636	3023	5207	2761	5564	2543	5884
3600	53604	53605	51532	55717	49701	57654	48621	58830	47693	59860
3415	4751	4751	4149	5394	3641	6009	3353	6392	3112	6735
3320	5183	5183	4553	5854	4020	6493	3717	6892	3464	7247
3505	20295	20296	19028	21603	17922	22816	17276	23557	16724	24211
3414	3013	3013	2537	3529	2144	4030	1924	4345	1743	4628
6900	1874	1874	1503	2286	1204	2691	1041	2950	909	3184
2940	3126	3126	2641	3652	2239	4160	2015	4480	1829	4768
2216	4095	4095	3537	4694	3070	5268	2806	5627	2586	5949
3046	8356	8356	7550	9203	6860	10000	6462	10493	6127	10931
2225	7398	7398	6641	8196	5994	8949	5623	9416	5310	9831
3426	2767	2767	2312	3263	1937	3744	1729	4048	1557	4322
3427	6100	6100	5415	6826	4832	7515	4500	7943	4220	8325
3045	4199	4199	3634	4805	3160	5386	2892	5749	2669	6074
3310	3532	3532	3015	4090	2585	4627	2343	4964	2143	5266
3030	9622	9622	8756	10529	8011	11381	7581	11906	7217	12372
3130	24122	24123	22739	25546	21528	26863	20820	27667	20213	28376
3010	11144	11145	10210	12118	9405	13031	8938	13593	8543	14091
3020	22164	22165	20839	23530	19681	24795	19003	25568	18425	26249
3425	3166	3166	2678	3695	2273	4206	2047	4528	1860	4817
2100	2307	2307	1893	2761	1556	3206	1370	3487	1217	3742
1606	3298	3298	2799	3837	2385	4358	2153	4686	1962	4980
2215	6908	6908	6177	7680	5554	8409	5197	8862	4897	9265
1720	6889	6889	6159	7660	5537	8388	5181	8840	4881	9243
3120	16633	16634	15488	17819	14492	18922	13911	19598	13417	20195
1900	14536	14537	13467	15646	12539	16681	12000	17315	11540	17877
3110	3211	3211	2719	3744	2311	4258	2083	4582	1895	4873
3200	7671	7671	6900	8483	6240	9249	5862	9723	5542	10145
1605	7640	7640	6870	8450	6212	9215	5835	9688	5516	10109
2000	15540	15541	14434	16687	13473	17755	12913	18410	12437	18988
1820	23663	23664	22293	25074	21095	26379	20393	27176	19793	27878
1200	5933	5933	5257	6650	4684	7330	4356	7753	4082	8130
1710	13139	13140	12124	14195	11244	15182	10733	15788	10300	16324
1810	13804	13805	12763	14886	11860	15896	11335	16516	10889	17064
900	11753	11754	10794	12753	9965	13689	9484	14265	9077	14774
806	4016	4016	3464	4609	3001	5178	2740	5535	2523	5854
1506	4347	4347	3772	4963	3288	5553	3015	5922	2787	6252
1410	15357	15358	14257	16497	13302	17559	12747	18210	12273	18786
1505	6218	6218	5526	6951	4937	7646	4601	8078	4319	8463
1330	5947	5947	5270	6664	4696	7345	4368	7769	4093	8146
1000	1980	1980	1598	2403	1289	2818	1121	3082	983	3322
1320	4990	4990	4372	5649	3850	6277	3554	6669	3306	7019
1420	14280	14281	13220	15380	12301	16406	11767	17036	11313	17593
1130	2904	2904	2437	3411	2052	3903	1837	4214	1661	4493
1116	8407	8407	7599	9256	6906	10056	6507	10550	6170	10989
1310	6116	6116	5430	6843	4846	7533	4513	7962	4234	8344
805	5181	5181	4551	5852	4018	6491	3716	6889	3462	7245
1115	4664	4664	4067	5302	3565	5911	3280	6291	3042	6631
205	14173	14174	13118	15269	12202	16292	11670	16919	11217	17474
136	4474	4474	3890	5099	3399	5697	3121	6070	2889	6404
1120	12872	12873	11867	13918	10997	14894	10492	15495	10063	16026
705	3013	3013	2537	3529	2144	4030	1924	4345	1743	4628
120	1535	1535	1201	1909	936	2282	793	2520	678	2737
325	6783	6783	6059	7548	5442	8271	5089	8720	4791	9120
135	3095	3095	2613	3618	2213	4124	1990	4443	1806	4729
706	3665	3665	3138	4233	2699	4779	2452	5121	2247	5428
206	8214	8214	7415	9053	6731	9844	6337	10334	6005	10768
2910	1011	1011	744	1319	539	1631	432	1833	348	2019
315	7074	7074	6334	7855	5703	8592	5341	9050	5037	9457
2935	20530	20531	19256	21845	18143	23065	17493	23810	16938	24468
605	4829	4829	4221	5477	3709	6096	3419	6482	3176	6828
606	4429	4429	3848	5051	3360	5646	3083	6018	2853	6350
506	4947	4947	4332	5603	3813	6229	3518	6619	3271	6968
110	1277	1277	974	1620	737	1965	611	2186	511	2389
505	10939	10940	10014	11905	9216	12809	8755	13366	8363	13860
2936	3422	3422	2914	3971	2491	4501	2254	4833	2057	5132
405	4792	4792	4187	5438	3677	6055	3387	6440	3146	6784
2926	2729	2729	2277	3222	1905	3700	1699	4002	1529	4274
2925	1988	1988	1605	2411	1296	2828	1127	3092	989	3332
2927	1667	1667	1318	2056	1039	2442	888	2689	767	2912
