faz_id mean median lower_50 upper_50 lower_80 upper_80 lower_90 upper_90 lower_95 upper_95
8935	4933	4933	4584	5295	4281	5631	4104	5838	3954	6020
8927	2089	2089	1864	2327	1673	2552	1563	2691	1471	2815
8926	5753	5753	5376	6143	5047	6505	4855	6727	4691	6923
8936	6994	6994	6577	7424	6213	7821	6000	8064	5818	8278
8500	7695	7695	7258	8145	6875	8562	6650	8816	6459	9040
8406	683	683	557	822	455	957	399	1044	353	1122
8320	4699	4699	4359	5052	4063	5381	3891	5583	3745	5761
8925	5825	5825	5445	6218	5114	6582	4921	6805	4756	7002
8937	5672	5672	5297	6059	4971	6419	4781	6640	4618	6834
8405	5883	5883	5501	6277	5169	6644	4974	6868	4809	7065
8310	13010	13010	12439	13593	11936	14130	11640	14456	11386	14742
8910	6288	6288	5893	6696	5549	7074	5347	7305	5176	7509
7905	9373	9373	8890	9869	8465	10327	8216	10606	8003	10851
7606	1675	1675	1474	1888	1305	2092	1208	2218	1127	2331
7805	8160	8160	7709	8623	7315	9052	7083	9313	6885	9543
8220	8611	8611	8148	9087	7742	9526	7504	9794	7300	10030
8000	5984	5984	5599	6382	5263	6751	5067	6977	4900	7176
8906	3279	3279	2996	3575	2752	3853	2610	4024	2491	4175
8210	5683	5683	5308	6071	4981	6431	4791	6651	4628	6846
9020	7782	7782	7342	8235	6957	8653	6731	8909	6538	9134
8125	8015	8015	7568	8474	7177	8899	6948	9158	6752	9386
8126	6308	6308	5913	6716	5567	7095	5366	7326	5194	7530
8905	3660	3660	3360	3972	3101	4265	2951	4445	2824	4604
7806	2472	2472	2227	2730	2017	2973	1896	3124	1795	3257
7700	3628	3628	3330	3939	3072	4230	2923	4409	2796	4568
7526	6312	6312	5916	6720	5571	7099	5370	7331	5197	7535
7340	10500	10500	9988	11025	9538	11508	9273	11803	9047	12061
7605	749	749	617	894	509	1035	449	1125	401	1206
7537	12339	12339	11783	12907	11294	13430	11006	13748	10759	14027
8115	14465	14465	13863	15080	13332	15645	13019	15987	12750	16288
7335	15256	15256	14638	15887	14091	16467	13770	16818	13493	17127
8600	7076	7076	6657	7508	6290	7908	6076	8152	5893	8368
7425	10485	10485	9973	11009	9524	11493	9259	11787	9033	12045
7535	13446	13446	12866	14039	12354	14584	12053	14915	11794	15206
7525	6366	6366	5969	6776	5622	7156	5419	7389	5246	7594
7436	2204	2204	1973	2448	1776	2679	1663	2821	1567	2949
9019	6850	6850	6438	7275	6077	7669	5867	7910	5687	8122
7026	4255	4255	3931	4591	3651	4905	3488	5098	3350	5269
7205	5991	5991	5606	6389	5270	6758	5074	6984	4906	7184
7515	2265	2265	2031	2512	1830	2746	1716	2890	1619	3019
7320	11837	11837	11293	12394	10814	12906	10532	13218	10291	13492
7206	8024	8024	7577	8484	7186	8908	6957	9168	6760	9396
7315	7038	7038	6620	7469	6254	7868	6041	8111	5858	8326
7435	3145	3145	2868	3435	2629	3707	2491	3875	2374	4024
7316	8226	8226	7774	8691	7377	9121	7145	9383	6946	9614
7025	10292	10292	9785	10812	9340	11291	9078	11582	8854	11838
7415	4781	4781	4438	5137	4139	5469	3966	5672	3818	5852
7100	13006	13006	12435	13589	11933	14126	11637	14452	11382	14738
7015	7956	7956	7511	8414	7121	8837	6893	9095	6698	9322
9908	1185	1185	1017	1366	877	1539	798	1648	733	1745
6410	18548	18548	17865	19243	17262	19881	16905	20267	16599	20606
6420	16325	16325	15685	16978	15120	17577	14786	17940	14500	18259
5535	12255	12255	11701	12821	11214	13343	10927	13659	10681	13938
5600	7010	7010	6593	7440	6228	7838	6015	8081	5832	8296
5546	7433	7433	7003	7876	6627	8285	6407	8535	6219	8755
4706	5256	5256	4896	5629	4582	5976	4399	6189	4244	6377
6605	4528	4528	4194	4875	3904	5198	3736	5397	3592	5572
6910	1950	1950	1733	2180	1549	2398	1443	2533	1355	2654
6606	2231	2231	1998	2476	1800	2708	1686	2852	1590	2980
9909	2220	2220	1988	2465	1790	2696	1677	2840	1581	2967
9011	4744	4744	4402	5099	4105	5429	3932	5632	3785	5811
5525	6757	6757	6348	7179	5990	7571	5781	7810	5602	8020
5515	11983	11983	11436	12543	10954	13059	10670	13372	10427	13647
6326	12046	12046	11497	12608	11014	13124	10730	13439	10486	13715
9914	7632	7632	7196	8080	6815	8495	6592	8748	6401	8971
5545	6171	6171	5780	6575	5439	6949	5240	7179	5070	7381
6223	13789	13789	13201	14389	12683	14941	12378	15276	12116	15571
5306	11157	11157	10629	11698	10164	12196	9891	12499	9657	12765
6325	16854	16854	16204	17517	15629	18125	15290	18494	14998	18818
9009	2117	2117	1891	2356	1698	2583	1587	2723	1494	2848
9006	4662	4662	4323	5014	4029	5342	3857	5543	3712	5721
6225	11002	11002	10478	11539	10017	12034	9746	12335	9513	12599
9018	8858	8858	8388	9341	7976	9786	7735	10058	7528	10297
5425	18132	18132	17457	18820	16860	19450	16508	19832	16205	20167
5305	13133	13133	12560	13719	12054	14258	11757	14585	11501	14873
5426	8612	8612	8149	9088	7743	9527	7505	9795	7301	10031
6226	14805	14805	14196	15427	13658	15998	13341	16345	13069	16649
6126	6042	6042	5655	6442	5318	6813	5121	7039	4953	7240
6224	11402	11402	10868	11949	10398	12452	10122	12758	9885	13027
6216	6922	6922	6507	7349	6145	7745	5933	7987	5752	8200
6316	15758	15758	15129	16399	14574	16988	14247	17345	13965	17659
6215	12167	12167	11615	12731	11129	13251	10844	13566	10598	13844
5100	3087	3087	2812	3374	2576	3644	2439	3811	2324	3958
6213	10197	10197	9693	10714	9249	11191	8989	11481	8766	11737
9005	2294	2294	2058	2543	1857	2778	1741	2923	1644	3053
6124	14861	14861	14251	15484	13712	16056	13395	16404	13122	16708
6125	5601	5601	5229	5986	4904	6344	4715	6563	4554	6756
6214	235	235	164	319	111	406	84	462	64	515
5415	6253	6253	5859	6659	5516	7036	5315	7267	5144	7470
5205	5983	5983	5598	6381	5262	6750	5066	6976	4899	7175
9916	6604	6604	6199	7022	5846	7409	5639	7645	5463	7854
9913	3454	3454	3163	3758	2912	4042	2767	4217	2644	4373
9915	8986	8986	8513	9472	8098	9921	7854	10194	7646	10435
4606	9760	9760	9267	10266	8833	10733	8579	11017	8361	11267
6115	11813	11813	11270	12369	10791	12881	10510	13192	10268	13466
4820	3757	3757	3453	4074	3191	4369	3039	4552	2909	4713
9017	1508	1508	1318	1711	1158	1905	1067	2025	991	2133
6123	12662	12662	12099	13238	11603	13767	11311	14089	11061	14371
6114	17910	17910	17239	18593	16646	19220	16296	19600	15995	19933
4607	10230	10230	9725	10748	9281	11226	9020	11516	8796	11772
6505	4865	4865	4519	5224	4217	5559	4042	5764	3893	5945
5020	10576	10576	10062	11103	9610	11588	9345	11883	9117	12143
6113	27444	27444	26612	28289	25874	29060	25438	29527	25061	29935
5010	8905	8905	8434	9389	8021	9836	7778	10108	7571	10347
6020	15064	15064	14449	15691	13907	16267	13587	16617	13313	16924
4900	8012	8012	7566	8471	7174	8896	6945	9155	6749	9383
6010	9797	9797	9303	10304	8868	10772	8614	11057	8395	11307
4400	9694	9694	9202	10199	8770	10664	8517	10947	8300	11196
9900	4582	4582	4246	4931	3954	5256	3785	5455	3640	5632
9904	6083	6083	5695	6484	5356	6856	5159	7084	4990	7284
9902	13866	13866	13277	14468	12757	15021	12451	15357	12188	15652
4810	4733	4733	4391	5087	4095	5418	3922	5620	3775	5799
5720	19498	19498	18798	20211	18178	20864	17813	21259	17498	21606
9901	3420	3420	3131	3722	2881	4005	2736	4180	2614	4334
5826	3259	3259	2977	3554	2733	3831	2593	4002	2473	4153
5825	1926	1926	1710	2154	1527	2371	1422	2506	1335	2626
5925	11436	11436	10901	11983	10431	12487	10154	12794	9917	13063
9015	5891	5891	5509	6286	5176	6652	4982	6876	4816	7074
4506	7570	7570	7136	8017	6757	8430	6534	8682	6344	8904
4605	10513	10513	10001	11038	9550	11522	9286	11817	9059	12075
9002	15618	15618	14992	16257	14439	16843	14114	17198	13834	17511
4226	7178	7178	6756	7613	6386	8016	6170	8262	5986	8478
4505	5998	5998	5613	6396	5276	6766	5080	6992	4913	7191
4225	6996	6996	6579	7426	6215	7823	6002	8066	5820	8281
5716	10976	10976	10452	11512	9992	12007	9721	12307	9489	12571
5916	14605	14605	14000	15223	13466	15790	13152	16135	12881	16437
4300	5222	5222	4863	5594	4550	5940	4368	6152	4213	6339
5815	2168	2168	1939	2410	1743	2639	1631	2781	1537	2907
9004	7242	7242	6818	7679	6447	8083	6230	8330	6044	8548
5715	8089	8089	7640	8550	7247	8977	7017	9237	6820	9466
3330	5432	5432	5066	5811	4746	6164	4560	6380	4402	6570
6506	6133	6133	5743	6536	5403	6909	5205	7138	5035	7339
5915	8002	8002	7556	8461	7165	8885	6936	9144	6740	9372
3905	4500	4500	4167	4846	3878	5168	3710	5366	3567	5541
4130	8726	8726	8260	9205	7851	9647	7611	9917	7406	10154
6930	4536	4536	4202	4883	3912	5207	3743	5405	3599	5581
3825	8558	8558	8096	9032	7692	9471	7454	9738	7251	9973
4120	8919	8919	8448	9403	8034	9850	7792	10123	7584	10362
3816	10140	10140	9637	10656	9195	11131	8935	11421	8713	11675
4210	10184	10184	9680	10701	9237	11177	8977	11468	8754	11723
9016	5012	5012	4660	5377	4354	5716	4176	5924	4025	6108
4005	6137	6137	5747	6540	5407	6913	5208	7142	5039	7344
4230	4394	4394	4065	4736	3780	5055	3614	5250	3473	5423
3815	8841	8841	8372	9323	7960	9768	7719	10040	7512	10278
3705	13615	13615	13031	14212	12516	14760	12213	15093	11953	15386
3900	3034	3034	2762	3319	2527	3587	2392	3752	2278	3898
4110	8683	8683	8218	9161	7810	9602	7571	9871	7366	10108
3416	9496	9496	9009	9995	8582	10456	8331	10737	8117	10984
3413	3813	3813	3507	4132	3242	4430	3089	4613	2959	4775
3706	7311	7311	6885	7750	6512	8156	6294	8404	6107	8623
3600	9546	9546	9058	10047	8630	10509	8378	10790	8163	11037
3415	11010	11010	10486	11547	10024	12042	9753	12343	9521	12608
3320	10896	10896	10374	11431	9915	11923	9646	12222	9415	12486
3505	18056	18056	17383	18742	16787	19371	16436	19752	16133	20087
3414	10506	10506	9994	11031	9544	11515	9279	11809	9052	12068
6900	3390	3390	3102	3691	2853	3973	2710	4147	2588	4301
2940	7197	7197	6774	7633	6404	8036	6188	8282	6003	8499
2216	7526	7526	7093	7971	6715	8383	6493	8635	6304	8856
3046	10354	10354	9846	10875	9399	11356	9136	11648	8911	11905
2225	6805	6805	6394	7229	6035	7621	5825	7861	5646	8073
3426	7880	7880	7437	8336	7050	8757	6823	9014	6628	9240
3427	8963	8963	8490	9448	8076	9896	7833	10170	7624	10410
3045	11793	11793	11250	12349	10772	12860	10491	13171	10250	13445
3310	7353	7353	6926	7793	6552	8201	6333	8449	6146	8669
3030	16020	16020	15386	16667	14826	17260	14496	17620	14212	17936
3130	7526	7526	7093	7971	6715	8383	6493	8635	6304	8856
3010	16824	16824	16174	17487	15600	18094	15261	18463	14970	18786
3020	10712	10712	10195	11242	9740	11730	9473	12027	9244	12289
3425	7803	7803	7362	8256	6977	8676	6751	8931	6558	9157
2100	7843	7843	7401	8297	7015	8718	6788	8974	6594	9200
1606	5864	5864	5483	6258	5151	6623	4957	6847	4792	7045
2215	7478	7478	7047	7922	6670	8333	6449	8583	6260	8804
1720	11554	11554	11017	12104	10544	12611	10265	12919	10027	13189
3120	9948	9948	9450	10459	9012	10930	8755	11217	8535	11469
1900	553	553	440	678	350	802	301	881	261	953
3110	3597	3597	3300	3907	3043	4197	2895	4375	2769	4533
3200	8352	8352	7896	8821	7496	9254	7262	9518	7062	9750
1605	8188	8188	7737	8652	7341	9081	7109	9343	6911	9573
2000	5236	5236	4876	5608	4563	5955	4381	6167	4226	6355
1820	4741	4741	4399	5096	4102	5426	3929	5629	3782	5808
1200	7377	7377	6949	7818	6574	8226	6355	8475	6168	8695
1710	9536	9536	9048	10036	8620	10498	8369	10779	8154	11027
1810	1903	1903	1689	2130	1507	2346	1403	2479	1315	2599
900	4598	4598	4261	4947	3969	5273	3799	5473	3655	5650
806	12424	12424	11866	12994	11375	13519	11086	13838	10838	14118
1506	9696	9696	9204	10201	8772	10666	8519	10949	8302	11199
1410	4943	4943	4594	5305	4290	5642	4113	5849	3963	6031
1505	9141	9141	8664	9631	8245	10083	7999	10359	7789	10602
1330	8418	8418	7960	8889	7559	9323	7324	9588	7122	9822
1000	3910	3910	3600	4233	3332	4534	3176	4720	3044	4884
1320	7362	7362	6934	7802	6560	8210	6341	8459	6154	8678
1420	5661	5661	5287	6048	4961	6408	4770	6628	4608	6822
1130	2615	2615	2363	2880	2146	3130	2022	3284	1917	3421
1116	7612	7612	7177	8060	6796	8474	6573	8727	6383	8950
1310	10561	10561	10047	11087	9596	11572	9331	11867	9103	12127
805	8500	8500	8040	8973	7637	9410	7400	9676	7198	9910
1115	5616	5616	5243	6002	4919	6360	4729	6579	4568	6773
205	5843	5843	5463	6236	5131	6601	4938	6824	4773	7022
136	5088	5088	4734	5455	4425	5797	4246	6006	4093	6191
1120	14325	14325	13726	14937	13197	15499	12886	15840	12618	16140
705	7572	7572	7138	8019	6758	8432	6536	8684	6346	8906
120	4937	4937	4588	5299	4284	5636	4108	5842	3957	6025
325	9824	9824	9329	10332	8894	10800	8639	11085	8420	11336
135	6954	6954	6539	7382	6175	7779	5963	8021	5781	8235
706	4941	4941	4592	5303	4288	5640	4112	5847	3961	6029
206	6005	6005	5619	6403	5283	6773	5087	6999	4919	7199
2910	1392	1392	1210	1587	1056	1774	970	1891	897	1995
315	6158	6158	5767	6561	5427	6936	5228	7165	5058	7366
2935	2219	2219	1987	2464	1789	2695	1676	2838	1580	2966
605	9106	9106	8630	9595	8212	10047	7966	10322	7756	10564
606	9316	9316	8834	9811	8411	10267	8163	10545	7950	10790
506	9864	9864	9368	10373	8932	10842	8676	11128	8457	11379
110	2177	2177	1947	2419	1751	2649	1639	2791	1545	2917
505	17495	17495	16832	18171	16246	18790	15901	19165	15603	19495
2936	2696	2696	2440	2965	2220	3218	2093	3375	1986	3514
405	9822	9822	9327	10330	8892	10798	8637	11083	8418	11334
2926	9048	9048	8573	9536	8156	9986	7912	10260	7703	10501
2925	5896	5896	5514	6291	5181	6657	4986	6882	4821	7080
2927	2974	2974	2704	3256	2473	3521	2339	3685	2226	3830
