faz_id mean median lower_50 upper_50 lower_80 upper_80 lower_90 upper_90 lower_95 upper_95
8935	4748	4748	4406	5103	4109	5434	3936	5636	3788	5816
8927	2031	2031	1809	2265	1621	2487	1513	2625	1422	2748
8926	5461	5461	5094	5841	4774	6195	4587	6411	4428	6602
8936	6737	6737	6328	7159	5971	7549	5762	7788	5584	7999
8500	7378	7378	6950	7819	6575	8227	6356	8476	6169	8696
8406	622	622	502	755	405	885	352	968	309	1043
8320	4501	4501	4168	4847	3879	5169	3711	5367	3568	5542
8925	5528	5528	5158	5911	4836	6266	4648	6484	4488	6676
8937	4985	4985	4634	5349	4329	5687	4152	5894	4000	6078
8405	5507	5507	5138	5889	4817	6244	4629	6461	4469	6653
8310	12511	12511	11952	13083	11459	13610	11169	13930	10920	14211
8910	5842	5842	5462	6235	5130	6600	4937	6823	4772	7020
7905	8555	8555	8093	9029	7689	9467	7452	9735	7248	9970
7606	1518	1518	1327	1722	1166	1916	1075	2037	999	2145
7805	7549	7549	7116	7995	6737	8408	6515	8659	6325	8881
8220	8236	8236	7783	8702	7386	9132	7154	9394	6955	9625
8000	5796	5796	5417	6188	5087	6551	4894	6774	4730	6970
8906	3142	3142	2865	3432	2626	3704	2488	3872	2372	4021
8210	5069	5069	4715	5436	4408	5777	4228	5986	4076	6170
9020	7239	7239	6815	7676	6444	8080	6227	8327	6041	8545
8125	7766	7766	7327	8218	6942	8636	6716	8892	6524	9116
8126	5889	5889	5507	6284	5174	6650	4980	6874	4814	7072
8905	3569	3569	3273	3878	3018	4167	2870	4344	2744	4502
7806	2124	2124	1897	2364	1704	2590	1593	2731	1500	2856
7700	3612	3612	3314	3922	3057	4213	2908	4392	2782	4550
7526	6235	6235	5842	6641	5499	7017	5299	7248	5128	7451
7340	10188	10188	9684	10705	9241	11182	8980	11472	8757	11727
7605	748	748	616	893	508	1034	449	1124	400	1204
7537	11811	11811	11268	12367	10789	12879	10508	13190	10266	13464
8115	13828	13828	13239	14429	12720	14982	12415	15317	12152	15612
7335	14704	14704	14097	15324	13561	15893	13246	16239	12974	16542
8600	6610	6610	6205	7028	5851	7415	5645	7651	5468	7860
7425	10069	10069	9568	10583	9127	11057	8869	11345	8647	11599
7535	12721	12721	12157	13298	11660	13829	11367	14151	11116	14434
7525	6112	6112	5723	6514	5383	6887	5185	7115	5016	7316
7436	2167	2167	1938	2409	1742	2638	1631	2780	1536	2906
9019	6494	6494	6093	6908	5742	7292	5538	7527	5363	7734
7026	4200	4200	3879	4534	3600	4846	3438	5038	3301	5207
7205	5802	5802	5423	6194	5093	6558	4900	6780	4736	6977
7515	2175	2175	1945	2417	1750	2647	1638	2789	1543	2915
7320	11454	11454	10919	12002	10448	12506	10171	12813	9934	13082
7206	7882	7882	7439	8338	7051	8759	6824	9016	6630	9242
7315	6673	6673	6266	7093	5911	7482	5703	7719	5525	7929
7435	3005	3005	2734	3289	2501	3555	2367	3720	2253	3866
7316	7961	7961	7516	8419	7126	8842	6898	9100	6703	9328
7025	10041	10041	9540	10554	9101	11028	8842	11316	8621	11569
7415	4465	4465	4133	4809	3846	5131	3678	5328	3536	5502
7100	11992	11992	11444	12552	10962	13068	10679	13382	10435	13657
7015	7824	7824	7383	8278	6997	8698	6770	8954	6577	9179
9908	1184	1184	1016	1364	876	1538	797	1647	732	1744
6410	17272	17272	16613	17943	16031	18559	15688	18932	15393	19259
6420	15279	15279	14660	15911	14114	16491	13792	16843	13515	17151
5535	11428	11428	10894	11975	10423	12479	10147	12785	9910	13055
5600	6755	6755	6346	7177	5988	7568	5779	7807	5600	8018
5546	6970	6970	6554	7399	6190	7796	5978	8038	5796	8252
4706	5175	5175	4817	5545	4506	5890	4325	6101	4171	6287
6605	4360	4360	4032	4700	3748	5018	3583	5213	3443	5385
6910	1776	1776	1569	1996	1394	2204	1294	2334	1210	2450
6606	2097	2097	1872	2335	1680	2560	1570	2700	1477	2825
9909	2030	2030	1808	2264	1620	2486	1512	2624	1421	2747
9011	4490	4490	4157	4835	3869	5157	3701	5355	3558	5530
5525	6439	6439	6039	6851	5691	7234	5487	7467	5313	7674
5515	11546	11546	11009	12096	10536	12602	10258	12910	10019	13181
6326	12138	12138	11587	12702	11102	13220	10816	13536	10571	13813
9914	7090	7090	6670	7522	6303	7923	6089	8167	5905	8383
5545	5839	5839	5459	6232	5127	6597	4934	6820	4769	7017
6223	13525	13525	12943	14120	12430	14666	12128	14998	11868	15290
5306	11016	11016	10491	11553	10030	12048	9759	12349	9526	12614
6325	16757	16757	16108	17418	15535	18025	15197	18393	14907	18715
9009	2037	2037	1815	2272	1626	2494	1518	2632	1427	2755
9006	4228	4228	3905	4563	3626	4876	3464	5069	3326	5239
6225	10515	10515	10003	11040	9552	11524	9288	11819	9061	12078
9018	8202	8202	7750	8667	7354	9096	7122	9358	6924	9588
5425	17496	17496	16833	18172	16247	18791	15902	19167	15604	19496
5305	12871	12871	12303	13451	11803	13985	11509	14309	11256	14594
5426	8337	8337	7881	8805	7482	9238	7248	9502	7048	9734
6226	14598	14598	13993	15216	13459	15783	13145	16127	12875	16429
6126	6035	6035	5648	6434	5311	6805	5114	7032	4946	7232
6224	11300	11300	10769	11844	10301	12345	10026	12650	9790	12918
6216	6890	6890	6476	7316	6115	7711	5904	7953	5723	8165
6316	15597	15597	14972	16235	14419	16821	14094	17176	13814	17488
6215	11891	11891	11346	12449	10866	12963	10583	13275	10341	13549
5100	3081	3081	2807	3368	2570	3638	2434	3804	2319	3952
6213	10060	10060	9559	10574	9119	11048	8860	11336	8639	11590
9005	2197	2197	1966	2441	1769	2671	1657	2814	1562	2941
6124	14782	14782	14173	15404	13636	15974	13320	16321	13048	16625
6125	5568	5568	5197	5952	4874	6309	4685	6527	4524	6720
6214	237	237	166	321	112	408	85	465	65	518
5415	6472	6472	6071	6885	5722	7269	5517	7503	5343	7710
5205	5762	5762	5384	6152	5055	6515	4863	6737	4699	6933
9916	5830	5830	5450	6223	5119	6587	4926	6810	4761	7007
9913	3409	3409	3120	3711	2871	3994	2726	4168	2604	4322
9915	8024	8024	7577	8484	7186	8908	6957	9168	6760	9396
4606	9127	9127	8650	9617	8231	10069	7986	10344	7776	10586
6115	11689	11689	11148	12242	10673	12752	10393	13061	10153	13334
4820	3710	3710	3408	4025	3147	4319	2996	4500	2868	4660
9017	1433	1433	1248	1631	1092	1820	1004	1938	930	2044
6123	11826	11826	11282	12383	10803	12895	10522	13206	10280	13480
6114	17535	17535	16871	18211	16285	18831	15939	19207	15641	19537
4607	9542	9542	9054	10043	8626	10504	8375	10786	8159	11033
6505	4779	4779	4436	5135	4137	5467	3964	5670	3816	5850
5020	10382	10382	9873	10904	9425	11385	9163	11678	8937	11935
6113	26006	26006	25197	26828	24478	27580	24054	28034	23688	28432
5010	8786	8786	8318	9267	7908	9710	7667	9981	7461	10219
6020	13659	13659	13074	14257	12558	14806	12255	15139	11994	15432
4900	5995	5995	5610	6393	5274	6763	5077	6989	4910	7188
6010	8819	8819	8350	9301	7939	9745	7698	10016	7492	10255
4400	9661	9661	9170	10165	8739	10629	8486	10912	8269	11161
9900	4267	4267	3943	4604	3662	4918	3499	5111	3360	5282
9904	5771	5771	5393	6162	5064	6525	4872	6747	4708	6943
9902	13407	13407	12828	13999	12317	14543	12016	14874	11758	15164
4810	4661	4661	4322	5013	4028	5341	3856	5542	3711	5719
5720	19228	19228	18533	19936	17918	20584	17555	20977	17242	21322
9901	3109	3109	2833	3397	2596	3668	2459	3835	2343	3983
5826	3121	3121	2845	3410	2607	3681	2470	3849	2353	3997
5825	1783	1783	1576	2003	1400	2212	1300	2342	1216	2458
5925	11200	11200	10671	11742	10205	12241	9932	12544	9697	12811
9015	5702	5702	5326	6090	4999	6451	4808	6672	4645	6867
4506	7421	7421	6992	7863	6616	8272	6396	8522	6208	8742
4605	10161	10161	9657	10677	9215	11153	8955	11443	8732	11698
9002	14240	14240	13643	14850	13116	15411	12805	15751	12539	16050
4226	6828	6828	6416	7252	6057	7646	5846	7886	5667	8098
4505	5957	5957	5573	6354	5238	6722	5043	6948	4876	7146
4225	6681	6681	6274	7101	5918	7490	5710	7728	5533	7938
5716	10795	10795	10276	11327	9819	11817	9551	12115	9321	12378
5916	14356	14356	13756	14969	13227	15531	12915	15873	12648	16173
4300	5027	5027	4675	5392	4368	5732	4190	5940	4038	6124
5815	2115	2115	1889	2354	1696	2580	1585	2721	1493	2846
9004	6918	6918	6504	7345	6141	7741	5930	7983	5749	8196
5715	8067	8067	7619	8528	7226	8954	6997	9214	6800	9442
3330	5133	5133	4777	5502	4467	5845	4287	6055	4133	6241
6506	5809	5809	5430	6201	5099	6565	4906	6788	4742	6984
5915	7860	7860	7418	8315	7031	8736	6804	8992	6610	9218
3905	4232	4232	3909	4568	3630	4881	3467	5073	3329	5243
4130	8526	8526	8065	9000	7661	9437	7424	9704	7222	9938
6930	4544	4544	4209	4891	3919	5215	3750	5414	3606	5590
3825	8205	8205	7753	8670	7357	9099	7125	9361	6927	9592
4120	8719	8719	8253	9198	7844	9640	7605	9909	7399	10147
3816	9729	9729	9236	10234	8804	10701	8550	10984	8332	11234
4210	9587	9587	9098	10089	8669	10552	8417	10833	8201	11081
9016	4661	4661	4322	5013	4028	5341	3856	5542	3711	5719
4005	5897	5897	5515	6292	5182	6659	4987	6883	4821	7081
4230	4107	4107	3789	4438	3514	4746	3354	4936	3218	5104
3815	8759	8759	8292	9239	7882	9682	7642	9952	7436	10190
3705	13240	13240	12664	13829	12157	14370	11858	14698	11601	14987
3900	2908	2908	2642	3187	2413	3450	2281	3612	2169	3755
4110	8417	8417	7959	8888	7558	9322	7323	9587	7121	9821
3416	9337	9337	8855	9832	8431	10289	8183	10568	7970	10813
3413	3511	3511	3218	3817	2964	4104	2818	4280	2693	4437
3706	7092	7092	6672	7524	6305	7925	6091	8169	5907	8385
3600	9241	9241	8761	9734	8340	10188	8093	10465	7881	10709
3415	10382	10382	9873	10904	9425	11385	9163	11678	8937	11935
3320	10543	10543	10030	11069	9579	11553	9314	11848	9087	12108
3505	17230	17230	16572	17900	15991	18515	15648	18888	15353	19215
3414	10053	10053	9552	10567	9112	11040	8854	11329	8632	11582
6900	3210	3210	2930	3503	2688	3778	2549	3947	2431	4098
2940	6434	6434	6035	6846	5686	7228	5482	7462	5308	7668
2216	7187	7187	6764	7622	6395	8025	6179	8271	5994	8488
3046	10196	10196	9692	10713	9248	11190	8988	11480	8765	11736
2225	6393	6393	5995	6804	5647	7185	5444	7418	5271	7623
3426	7106	7106	6686	7539	6319	7940	6104	8184	5920	8400
3427	8584	8584	8122	9059	7716	9498	7479	9766	7275	10001
3045	11365	11365	10832	11911	10363	12413	10087	12719	9851	12987
3310	7114	7114	6694	7547	6326	7948	6111	8193	5927	8409
3030	14577	14577	13973	15194	13439	15761	13125	16105	12855	16407
3130	7371	7371	6943	7812	6569	8220	6349	8469	6162	8688
3010	16253	16253	15614	16904	15050	17502	14718	17864	14432	18183
3020	10444	10444	9933	10967	9484	11450	9221	11743	8995	12001
3425	7167	7167	6745	7602	6376	8004	6160	8250	5976	8466
2100	7641	7641	7205	8090	6824	8505	6600	8758	6409	8981
1606	5785	5785	5407	6176	5077	6539	4884	6762	4720	6958
2215	7228	7228	6804	7665	6434	8069	6217	8315	6031	8533
1720	11373	11373	10840	11919	10371	12422	10095	12727	9858	12996
3120	9765	9765	9271	10271	8838	10738	8583	11023	8365	11273
1900	554	554	441	679	351	803	302	883	262	954
3110	3458	3458	3167	3762	2916	4047	2770	4222	2647	4377
3200	8017	8017	7570	8476	7179	8901	6950	9160	6754	9388
1605	8164	8164	7713	8628	7318	9056	7087	9317	6889	9547
2000	4774	4774	4431	5130	4133	5461	3959	5665	3812	5845
1820	4700	4700	4360	5053	4064	5382	3892	5584	3746	5763
1200	7057	7057	6638	7488	6272	7888	6058	8132	5875	8347
1710	9212	9212	8733	9704	8312	10158	8066	10435	7854	10678
1810	1851	1851	1640	2075	1460	2288	1358	2420	1272	2538
900	4383	4383	4054	4724	3770	5043	3604	5238	3463	5411
806	11421	11421	10887	11968	10417	12472	10140	12778	9903	13047
1506	9514	9514	9027	10014	8599	10475	8348	10756	8133	11003
1410	4859	4859	4513	5218	4212	5552	4037	5757	3888	5939
1505	8939	8939	8467	9424	8053	9871	7810	10144	7602	10384
1330	8095	8095	7646	8557	7253	8983	7023	9243	6826	9473
1000	3823	3823	3517	4142	3252	4441	3098	4624	2968	4787
1320	7329	7329	6902	7769	6529	8175	6311	8424	6124	8642
1420	5365	5365	5001	5742	4684	6092	4499	6307	4342	6497
1130	2446	2446	2202	2703	1994	2945	1874	3094	1773	3228
1116	7304	7304	6878	7743	6505	8149	6287	8397	6101	8615
1310	10377	10377	9868	10899	9421	11380	9158	11672	8933	11930
805	7821	7821	7380	8275	6994	8694	6768	8951	6574	9176
1115	5072	5072	4718	5439	4410	5780	4231	5989	4078	6174
205	5789	5789	5410	6180	5081	6544	4888	6766	4724	6962
136	5037	5037	4684	5402	4378	5743	4199	5951	4047	6135
1120	13395	13395	12816	13987	12305	14531	12005	14861	11747	15152
705	6896	6896	6482	7323	6121	7718	5909	7959	5729	8172
120	4811	4811	4466	5168	4167	5501	3993	5705	3845	5885
325	9492	9492	9005	9991	8578	10452	8328	10732	8113	10979
135	6766	6766	6356	7189	5998	7580	5789	7819	5610	8030
706	4780	4780	4437	5136	4138	5468	3965	5671	3817	5851
206	5941	5941	5557	6337	5223	6705	5028	6930	4861	7129
2910	1294	1294	1118	1482	971	1663	888	1776	819	1877
315	6052	6052	5665	6452	5327	6823	5130	7050	4962	7251
2935	2201	2201	1970	2445	1773	2675	1660	2818	1565	2945
605	8433	8433	7975	8904	7573	9339	7338	9604	7136	9838
606	8168	8168	7717	8632	7322	9060	7091	9321	6893	9552
506	8998	8998	8524	9484	8109	9933	7865	10207	7657	10448
110	2149	2149	1921	2390	1726	2618	1615	2759	1521	2885
505	15806	15806	15176	16448	14620	17038	14292	17396	14011	17710
2936	2569	2569	2319	2832	2105	3079	1982	3233	1877	3369
405	8981	8981	8508	9467	8093	9915	7849	10189	7641	10429
2926	8884	8884	8414	9367	8001	9813	7759	10085	7552	10325
2925	5729	5729	5352	6118	5024	6480	4833	6701	4670	6897
2927	2719	2719	2462	2989	2241	3244	2114	3401	2006	3540
