faz_id mean median lower_50 upper_50 lower_80 upper_80 lower_90 upper_90 lower_95 upper_95
8935	4958	4959	4532	5404	4164	5822	3951	6080	3771	6308
8927	2106	2106	1831	2399	1600	2681	1469	2856	1360	3013
8926	5780	5781	5319	6261	4920	6710	4688	6987	4492	7231
8936	7024	7025	6515	7553	6072	8046	5815	8348	5595	8615
8500	7727	7727	7192	8281	6726	8797	6455	9112	6224	9392
8406	692	693	539	865	417	1037	352	1147	300	1248
8320	4724	4724	4308	5159	3949	5568	3742	5820	3567	6043
8925	5853	5853	5388	6336	4986	6788	4753	7066	4555	7312
8937	5699	5699	5241	6177	4845	6623	4615	6897	4420	7141
8405	5911	5911	5444	6397	5040	6851	4806	7130	4607	7377
8310	13051	13052	12353	13769	11740	14431	11382	14835	11074	15191
8910	6317	6317	5834	6819	5415	7287	5172	7575	4966	7830
7905	9408	9408	8817	10019	8300	10585	7999	10931	7742	11237
7606	1690	1690	1445	1954	1240	2209	1126	2368	1030	2512
7805	8193	8193	7641	8763	7161	9293	6882	9618	6643	9905
8220	8645	8645	8078	9230	7584	9774	7296	10107	7051	10401
8000	6012	6012	5541	6502	5134	6960	4897	7241	4696	7490
8906	3300	3300	2953	3665	2658	4011	2489	4225	2346	4416
8210	5710	5711	5252	6188	4855	6635	4625	6910	4430	7153
9020	7814	7814	7276	8371	6808	8890	6535	9207	6302	9488
8125	8047	8048	7501	8613	7026	9138	6749	9460	6512	9745
8126	6337	6337	5853	6840	5434	7309	5191	7597	4984	7852
8905	3682	3682	3315	4067	3002	4431	2822	4656	2670	4856
7806	2490	2490	2190	2809	1937	3112	1793	3301	1672	3470
7700	3650	3650	3285	4034	2973	4396	2794	4620	2642	4819
7526	6341	6341	5857	6844	5438	7313	5194	7601	4987	7857
7340	10537	10537	9911	11183	9363	11781	9043	12146	8769	12468
7605	759	759	598	939	469	1118	400	1232	344	1336
7537	12379	12380	11699	13078	11104	13724	10754	14118	10456	14465
8115	14508	14509	13772	15264	13125	15962	12745	16386	12419	16760
7335	15301	15301	14544	16077	13879	16792	13488	17227	13153	17610
8600	7106	7107	6594	7638	6148	8134	5889	8438	5669	8706
7425	10522	10522	9896	11167	9349	11765	9029	12130	8755	12451
7535	13488	13488	12778	14217	12155	14890	11790	15300	11477	15661
7525	6395	6395	5909	6900	5488	7371	5243	7661	5035	7917
7436	2221	2221	1939	2523	1701	2811	1566	2990	1453	3151
9019	6880	6880	6376	7403	5938	7891	5683	8191	5467	8455
7026	4279	4279	3883	4693	3543	5084	3347	5324	3181	5538
7205	6019	6019	5548	6509	5140	6967	4903	7249	4702	7498
7515	2282	2282	1996	2588	1754	2879	1617	3061	1503	3224
7320	11876	11877	11211	12561	10628	13194	10286	13581	9994	13921
7206	8056	8057	7510	8622	7034	9148	6757	9470	6520	9755
7315	7068	7069	6557	7599	6113	8093	5855	8396	5635	8664
7435	3165	3165	2826	3523	2537	3863	2372	4073	2233	4260
7316	8259	8259	7705	8831	7223	9364	6942	9690	6703	9977
7025	10329	10329	9709	10968	9166	11560	8850	11922	8579	12241
7415	4806	4806	4386	5245	4024	5657	3815	5911	3638	6136
7100	13047	13048	12349	13765	11737	14427	11378	14831	11070	15186
7015	7988	7989	7444	8552	6970	9075	6694	9396	6459	9680
9908	1197	1198	993	1421	825	1640	732	1778	655	1902
6410	18597	18598	17762	19452	17026	20238	16593	20716	16221	21135
6420	16371	16372	15588	17174	14899	17913	14494	18362	14147	18758
5535	12295	12295	11618	12992	11024	13635	10676	14028	10378	14374
5600	7040	7041	6530	7570	6087	8063	5829	8366	5610	8633
5546	7464	7464	6938	8009	6481	8516	6215	8827	5989	9102
4706	5282	5282	4841	5742	4461	6173	4241	6438	4054	6673
6605	4552	4553	4144	4980	3792	5382	3590	5629	3418	5849
6910	1966	1966	1701	2250	1478	2523	1353	2693	1248	2846
6606	2248	2248	1964	2551	1724	2841	1589	3022	1475	3183
9909	2237	2237	1954	2540	1715	2829	1579	3009	1466	3170
9011	4769	4769	4351	5206	3990	5617	3782	5870	3606	6094
5525	6787	6787	6286	7307	5851	7792	5599	8089	5384	8352
5515	12023	12023	11353	12712	10766	13349	10422	13737	10128	14079
6326	12086	12086	11414	12776	10826	13415	10481	13804	10186	14147
9914	7664	7664	7131	8216	6667	8729	6397	9044	6168	9322
5545	6199	6200	5721	6697	5307	7161	5066	7447	4862	7699
6223	13831	13832	13112	14570	12481	15251	12111	15666	11794	16031
5306	11195	11196	10549	11860	9984	12476	9653	12852	9370	13183
6325	16901	16901	16105	17716	15405	18467	14993	18923	14640	19324
9009	2134	2134	1857	2429	1624	2712	1493	2889	1383	3047
9006	4687	4687	4272	5120	3915	5528	3709	5779	3534	6001
6225	11040	11040	10398	11701	9837	12312	9509	12685	9228	13014
9018	8892	8892	8317	9486	7816	10037	7524	10374	7274	10672
5425	18181	18181	17355	19026	16627	19803	16200	20276	15833	20691
5305	13174	13175	12473	13895	11857	14561	11497	14966	11188	15324
5426	8646	8646	8079	9231	7585	9775	7297	10108	7051	10402
6226	14849	14849	14104	15614	13449	16319	13064	16748	12735	17126
6126	6070	6070	5597	6562	5187	7022	4950	7305	4748	7555
6224	11441	11441	10787	12113	10216	12735	9881	13114	9595	13449
6216	6952	6952	6445	7478	6005	7969	5749	8269	5531	8535
6316	15803	15804	15034	16592	14358	17318	13960	17761	13620	18149
6215	12207	12207	11532	12901	10940	13543	10594	13934	10297	14279
5100	3107	3107	2771	3462	2485	3798	2322	4007	2184	4193
6213	10233	10234	9616	10870	9077	11459	8762	11820	8492	12137
9005	2311	2311	2023	2619	1780	2912	1642	3095	1526	3259
6124	14905	14905	14158	15671	13502	16377	13117	16808	12787	17186
6125	5628	5628	5173	6102	4779	6546	4551	6819	4358	7061
6214	241	241	154	346	93	458	63	532	42	601
5415	6282	6282	5800	6782	5383	7250	5141	7537	4935	7791
5205	6011	6011	5540	6501	5133	6959	4896	7240	4695	7489
9916	6633	6634	6138	7148	5709	7627	5459	7922	5247	8182
9913	3475	3475	3120	3850	2816	4204	2641	4423	2494	4619
9915	9020	9021	8441	9618	7936	10173	7642	10513	7390	10813
4606	9796	9796	9192	10419	8665	10996	8357	11349	8094	11660
6115	11852	11853	11187	12536	10605	13169	10264	13555	9972	13895
4820	3779	3779	3408	4170	3090	4538	2907	4765	2753	4968
9017	1522	1522	1290	1773	1097	2016	989	2169	900	2306
6123	12703	12703	12014	13411	11410	14065	11056	14463	10753	14814
6114	17958	17959	17138	18798	16415	19571	15990	20041	15625	20454
4607	10267	10267	9648	10904	9108	11494	8792	11855	8522	12173
6505	4890	4890	4467	5333	4101	5748	3890	6004	3711	6231
5020	10613	10614	9984	11261	9435	11861	9113	12227	8838	12550
6113	27504	27504	26486	28541	25585	29492	25054	30068	24597	30573
5010	8939	8939	8363	9535	7860	10087	7567	10425	7317	10724
6020	15108	15109	14356	15880	13695	16591	13308	17023	12975	17404
4900	8044	8045	7498	8610	7023	9135	6746	9457	6510	9741
6010	9833	9833	9228	10457	8700	11035	8391	11389	8127	11700
4400	9730	9730	9128	10350	8603	10926	8296	11278	8034	11588
9900	4606	4607	4196	5037	3842	5440	3638	5689	3465	5910
9904	6111	6111	5636	6605	5225	7066	4987	7350	4784	7601
9902	13909	13909	13187	14649	12554	15332	12183	15748	11865	16114
4810	4758	4758	4340	5195	3980	5605	3772	5858	3596	6082
5720	19548	19549	18692	20424	17937	21230	17492	21719	17111	22149
9901	3441	3441	3087	3814	2785	4167	2612	4385	2465	4579
5826	3280	3280	2934	3644	2640	3989	2471	4202	2329	4393
5825	1942	1942	1678	2225	1458	2496	1333	2665	1229	2817
5925	11475	11475	10820	12148	10248	12771	9913	13151	9626	13486
9015	5919	5919	5452	6405	5047	6859	4813	7139	4614	7386
4506	7601	7602	7071	8151	6609	8663	6341	8976	6112	9253
4605	10550	10550	9923	11196	9375	11794	9055	12160	8781	12482
9002	15663	15664	14897	16448	14224	17172	13829	17612	13489	17999
4226	7209	7209	6692	7744	6243	8243	5982	8549	5760	8819
4505	6026	6026	5555	6517	5146	6975	4910	7256	4709	7506
4225	7026	7027	6516	7555	6074	8048	5816	8350	5597	8618
5716	11014	11014	10373	11674	9813	12284	9485	12657	9204	12986
5916	14649	14649	13908	15408	13258	16109	12876	16535	12549	16910
4300	5248	5248	4809	5707	4430	6136	4210	6400	4024	6634
5815	2185	2185	1905	2484	1669	2770	1535	2948	1424	3108
9004	7273	7273	6754	7811	6303	8312	6041	8619	5817	8890
5715	8122	8122	7573	8690	7095	9217	6816	9541	6579	9826
3330	5459	5459	5010	5926	4623	6363	4399	6633	4209	6871
6506	6161	6162	5685	6657	5272	7120	5032	7405	4828	7657
5915	8034	8035	7489	8599	7013	9125	6737	9446	6501	9730
3905	4524	4524	4117	4951	3767	5351	3565	5598	3394	5817
4130	8760	8760	8189	9349	7692	9897	7402	10232	7155	10527
6930	4560	4561	4152	4988	3800	5390	3597	5638	3425	5858
3825	8591	8592	8027	9175	7535	9718	7248	10050	7003	10343
4120	8953	8953	8376	9549	7873	10102	7580	10440	7330	10739
3816	10176	10177	9561	10811	9023	11399	8709	11758	8440	12075
4210	10220	10221	9604	10856	9065	11446	8749	11806	8480	12123
9016	5038	5038	4607	5487	4236	5908	4022	6168	3840	6397
4005	6165	6166	5688	6661	5275	7125	5036	7409	4832	7661
4230	4418	4418	4016	4839	3670	5235	3470	5480	3302	5697
3815	8875	8875	8301	9468	7800	10019	7508	10356	7259	10653
3705	13657	13658	12943	14391	12316	15068	11948	15481	11633	15844
3900	3054	3054	2721	3406	2438	3739	2276	3946	2139	4131
4110	8717	8717	8148	9305	7652	9851	7363	10185	7116	10480
3416	9531	9532	8936	10146	8416	10716	8113	11064	7853	11371
3413	3835	3836	3461	4229	3141	4599	2956	4829	2801	5032
3706	7342	7342	6821	7882	6367	8386	6104	8694	5879	8967
3600	9581	9582	8984	10197	8463	10769	8159	11118	7899	11426
3415	11048	11048	10406	11709	9845	12320	9516	12694	9235	13023
3320	10934	10934	10295	11591	9737	12200	9410	12571	9131	12899
3505	18105	18105	17280	18948	16555	19724	16128	20195	15761	20610
3414	10543	10543	9916	11189	9368	11787	9048	12152	8774	12474
6900	3411	3411	3059	3783	2758	4134	2585	4351	2440	4544
2940	7228	7228	6710	7764	6261	8264	6000	8570	5777	8841
2216	7557	7558	7028	8106	6568	8616	6300	8929	6072	9205
3046	10391	10391	9769	11032	9225	11626	8907	11989	8635	12308
2225	6835	6835	6332	7357	5896	7843	5642	8142	5426	8405
3426	7912	7912	7371	8473	6899	8994	6625	9314	6391	9596
3427	8997	8998	8419	9595	7915	10149	7621	10488	7369	10787
3045	11832	11833	11168	12516	10586	13148	10245	13534	9954	13873
3310	7384	7384	6861	7926	6407	8431	6142	8740	5917	9013
3030	16066	16066	15290	16861	14608	17593	14207	18039	13863	18431
3130	7557	7558	7028	8106	6568	8616	6300	8929	6072	9205
3010	16871	16871	16076	17685	15376	18435	14965	18891	14612	19292
3020	10749	10750	10117	11401	9563	12005	9239	12374	8963	12699
3425	7835	7835	7296	8393	6827	8912	6554	9230	6321	9511
2100	7875	7875	7335	8434	6865	8955	6591	9273	6357	9555
1606	5892	5892	5426	6377	5022	6830	4789	7109	4590	7356
2215	7509	7510	6982	8056	6523	8564	6257	8876	6029	9152
1720	11593	11593	10935	12270	10360	12896	10022	13277	9734	13614
3120	9984	9984	9375	10613	8842	11195	8531	11551	8265	11865
1900	562	562	424	718	317	875	260	977	216	1070
3110	3619	3619	3256	4001	2945	4362	2767	4585	2616	4784
3200	8385	8385	7827	8962	7341	9498	7058	9826	6816	10116
1605	8221	8221	7668	8792	7188	9323	6907	9648	6668	9935
2000	5262	5262	4822	5721	4443	6151	4223	6416	4036	6650
1820	4766	4766	4348	5203	3988	5614	3780	5867	3603	6091
1200	7408	7408	6884	7951	6429	8456	6164	8766	5938	9040
1710	9571	9572	8975	10187	8454	10758	8150	11107	7890	11415
1810	1919	1919	1657	2200	1438	2469	1314	2638	1211	2789
900	4623	4623	4211	5053	3857	5458	3652	5707	3479	5929
806	12464	12465	11782	13166	11184	13814	10834	14209	10534	14557
1506	9732	9732	9130	10352	8605	10928	8298	11280	8035	11590
1410	4968	4969	4541	5415	4173	5833	3960	6091	3780	6320
1505	9176	9176	8592	9779	8082	10338	7785	10681	7531	10982
1330	8451	8451	7891	9030	7403	9568	7119	9898	6876	10189
1000	3933	3933	3554	4331	3229	4706	3042	4938	2884	5144
1320	7393	7393	6870	7935	6415	8440	6150	8750	5925	9023
1420	5688	5688	5230	6165	4835	6611	4605	6885	4411	7128
1130	2633	2634	2325	2961	2064	3273	1915	3466	1790	3639
1116	7644	7644	7111	8195	6649	8708	6379	9022	6150	9300
1310	10598	10598	9970	11246	9420	11845	9099	12211	8825	12534
805	8533	8534	7971	9115	7480	9656	7194	9987	6950	10279
1115	5643	5643	5187	6118	4793	6562	4565	6836	4371	7078
205	5871	5871	5405	6355	5003	6808	4770	7086	4571	7332
136	5114	5114	4680	5566	4306	5991	4090	6252	3907	6483
1120	14368	14369	13635	15121	12991	15815	12614	16237	12290	16609
705	7603	7604	7073	8153	6611	8665	6343	8979	6114	9256
120	4962	4963	4536	5408	4167	5827	3955	6084	3774	6313
325	9860	9860	9254	10485	8725	11064	8416	11418	8152	11730
135	6984	6984	6476	7512	6035	8003	5778	8304	5560	8571
706	4966	4967	4539	5413	4171	5831	3958	6089	3778	6317
206	6033	6033	5561	6524	5153	6982	4916	7264	4715	7514
2910	1406	1406	1183	1647	999	1882	896	2029	811	2162
315	6186	6187	5709	6683	5295	7147	5055	7432	4850	7685
2935	2236	2236	1953	2539	1714	2828	1578	3008	1465	3169
605	9140	9141	8558	9742	8049	10301	7752	10643	7499	10944
606	9351	9351	8761	9960	8247	10524	7946	10870	7690	11174
506	9900	9900	9293	10526	8763	11106	8453	11461	8188	11774
110	2194	2194	1913	2494	1677	2780	1543	2959	1431	3119
505	17543	17543	16732	18373	16018	19137	15598	19602	15238	20010
2936	2715	2715	2402	3047	2136	3363	1984	3559	1857	3735
405	9858	9858	9252	10483	8723	11062	8414	11416	8150	11728
2926	9082	9083	8501	9682	7995	10239	7699	10580	7447	10881
2925	5924	5924	5456	6410	5052	6865	4818	7144	4618	7392
2927	2994	2994	2664	3342	2384	3673	2224	3878	2089	4061
