faz_id mean median lower_50 upper_50 lower_80 upper_80 lower_90 upper_90 lower_95 upper_95
8935	5195	5195	4837	5566	4525	5911	4344	6123	4189	6309
8927	2223	2223	1991	2468	1793	2699	1679	2843	1584	2971
8926	6215	6216	5823	6621	5480	6997	5281	7227	5110	7429
8936	7358	7358	6930	7798	6556	8206	6337	8455	6150	8674
8500	8164	8164	7713	8627	7318	9055	7087	9317	6889	9547
8406	839	840	699	992	584	1141	520	1235	467	1320
8320	4962	4963	4612	5325	4308	5663	4131	5870	3980	6053
8925	6372	6372	5974	6782	5627	7162	5425	7395	5252	7600
8937	6567	6567	6164	6984	5811	7370	5605	7605	5429	7813
8405	6532	6532	6130	6947	5778	7332	5573	7568	5397	7775
8310	13466	13466	12885	14059	12373	14605	12072	14936	11813	15227
8910	6902	6902	6488	7329	6126	7724	5915	7965	5734	8178
7905	10111	10112	9609	10626	9167	11101	8908	11390	8686	11645
7606	1863	1863	1651	2087	1471	2301	1368	2433	1282	2552
7805	8896	8896	8425	9380	8012	9826	7770	10098	7563	10338
8220	9225	9225	8745	9717	8324	10171	8077	10448	7866	10692
8000	6193	6194	5802	6598	5460	6973	5260	7203	5090	7405
8906	3437	3437	3147	3740	2897	4024	2752	4199	2629	4354
8210	6588	6588	6184	7005	5831	7392	5625	7628	5448	7836
9020	8408	8408	7951	8878	7549	9313	7314	9578	7113	9811
8125	8302	8302	7847	8769	7449	9201	7215	9464	7016	9696
8126	6911	6911	6497	7338	6135	7733	5923	7975	5742	8188
8905	3858	3859	3551	4179	3284	4479	3130	4663	2999	4826
7806	2842	2842	2579	3118	2353	3378	2222	3538	2112	3681
7700	3664	3664	3364	3976	3105	4269	2955	4449	2827	4608
7526	6438	6438	6038	6850	5690	7233	5486	7466	5312	7672
7340	10863	10863	10342	11396	9884	11888	9614	12187	9384	12450
7605	785	785	650	933	539	1078	477	1169	427	1251
7537	12716	12716	12152	13293	11655	13823	11362	14145	11111	14429
8115	15120	15121	14505	15749	13961	16326	13641	16676	13366	16983
7335	15880	15881	15249	16524	14692	17115	14363	17474	14081	17788
8600	7547	7548	7114	7993	6735	8406	6513	8658	6323	8879
7425	11064	11064	10538	11602	10076	12098	9804	12400	9571	12665
7535	14015	14015	13422	14620	12899	15176	12592	15514	12327	15810
7525	6798	6798	6387	7221	6028	7614	5818	7853	5639	8065
7436	2276	2276	2041	2524	1841	2758	1725	2903	1628	3032
9019	7430	7430	7000	7873	6624	8282	6404	8532	6216	8752
7026	4325	4325	3998	4664	3715	4980	3551	5174	3411	5346
7205	6238	6239	5845	6644	5502	7021	5302	7251	5131	7454
7515	2360	2360	2120	2612	1916	2850	1798	2997	1699	3128
7320	12214	12214	11661	12779	11174	13300	10888	13616	10642	13894
7206	8256	8256	7802	8722	7405	9153	7172	9415	6973	9646
7315	7470	7470	7039	7914	6662	8324	6442	8575	6253	8796
7435	3301	3301	3016	3598	2771	3876	2630	4048	2510	4200
7316	8555	8556	8094	9030	7689	9468	7452	9735	7249	9970
7025	10532	10532	10019	11058	9568	11542	9304	11837	9076	12096
7415	5165	5165	4808	5535	4497	5879	4316	6090	4162	6276
7100	13984	13984	13392	14588	12870	15144	12562	15481	12298	15777
7015	8119	8120	7670	8582	7276	9009	7045	9270	6848	9499
9908	1197	1198	1029	1379	888	1553	808	1663	743	1761
6410	20899	20900	20174	21637	19532	22312	19153	22721	18827	23080
6420	18071	18071	17397	18757	16801	19386	16450	19768	16147	20102
5535	13197	13198	12623	13785	12116	14325	11818	14653	11562	14941
5600	7339	7339	6912	7779	6538	8186	6320	8434	6133	8653
5546	7848	7848	7406	8303	7019	8723	6793	8979	6599	9205
4706	5405	5405	5039	5783	4721	6135	4535	6350	4377	6540
6605	4844	4844	4498	5203	4198	5536	4023	5741	3874	5922
6910	2172	2172	1942	2414	1747	2643	1635	2785	1540	2911
6606	2461	2461	2216	2718	2007	2961	1887	3111	1785	3245
9909	2483	2483	2237	2741	2027	2985	1906	3136	1804	3270
9011	5120	5120	4764	5488	4455	5831	4275	6041	4121	6226
5525	7082	7083	6663	7515	6296	7915	6082	8159	5898	8374
5515	12324	12324	11769	12892	11280	13415	10992	13732	10745	14011
6326	12223	12223	11670	12789	11183	13309	10896	13625	10651	13903
9914	8101	8102	7652	8563	7259	8990	7029	9250	6831	9480
5545	6480	6480	6079	6894	5729	7277	5525	7512	5350	7718
6223	14208	14208	13611	14817	13085	15377	12775	15717	12509	16016
5306	11387	11388	10854	11934	10385	12437	10109	12743	9872	13011
6325	17092	17093	16437	17760	15858	18372	15517	18744	15223	19069
9009	2247	2247	2014	2493	1814	2726	1700	2870	1604	2999
9006	5217	5217	4858	5589	4546	5935	4364	6147	4209	6334
6225	11542	11542	11005	12092	10532	12598	10254	12906	10015	13176
9018	9450	9450	8965	9948	8538	10408	8288	10688	8074	10934
5425	18739	18740	18053	19438	17446	20079	17088	20467	16780	20807
5305	13367	13367	12788	13958	12278	14502	11978	14832	11720	15122
5426	8927	8927	8455	9411	8042	9859	7799	10131	7591	10371
6226	15085	15086	14470	15713	13927	16289	13608	16639	13333	16946
6126	6121	6121	5732	6523	5392	6897	5194	7125	5024	7326
6224	11499	11499	10963	12048	10491	12553	10213	12860	9975	13130
6216	6990	6990	6574	7420	6209	7817	5996	8060	5814	8274
6316	15895	15896	15264	16540	14706	17131	14378	17490	14095	17804
6215	12550	12551	11990	13124	11496	13651	11206	13971	10957	14253
5100	3114	3114	2838	3403	2601	3674	2463	3841	2347	3989
6213	10411	10411	9901	10933	9453	11415	9190	11708	8964	11966
9005	2533	2533	2285	2794	2072	3040	1950	3192	1847	3328
6124	15017	15018	14404	15644	13862	16219	13543	16568	13269	16874
6125	5677	5677	5302	6065	4976	6425	4785	6645	4623	6840
6214	244	244	171	329	117	417	89	474	68	527
5415	6498	6498	6097	6912	5746	7296	5541	7531	5366	7738
5205	6320	6320	5924	6728	5578	7107	5377	7339	5204	7543
9916	7171	7171	6749	7605	6379	8008	6164	8254	5979	8470
9913	3503	3503	3210	3809	2957	4096	2811	4272	2687	4428
9915	9894	9894	9397	10404	8961	10873	8704	11160	8485	11411
4606	10352	10352	9843	10873	9396	11353	9134	11645	8909	11902
6115	11971	11972	11424	12531	10943	13047	10659	13360	10416	13635
4820	3814	3814	3508	4133	3244	4431	3090	4615	2960	4777
9017	1611	1612	1415	1821	1249	2021	1154	2145	1075	2256
6123	13526	13526	12944	14121	12431	14667	12129	14999	11869	15291
6114	18315	18315	17637	19006	17037	19639	16683	20023	16378	20360
4607	10921	10921	10398	11456	9939	11949	9669	12249	9438	12512
6505	4984	4985	4634	5348	4329	5686	4151	5894	4000	6077
5020	10946	10946	10423	11481	9963	11975	9693	12275	9461	12539
6113	27802	27803	26965	28652	26222	29429	25782	29898	25403	30309
5010	9048	9049	8573	9536	8157	9986	7912	10260	7703	10502
6020	16091	16091	15455	16739	14894	17334	14563	17694	14279	18011
4900	9909	9909	9412	10419	8975	10889	8718	11176	8499	11427
6010	10182	10183	9678	10699	9235	11176	8975	11466	8752	11721
4400	9783	9783	9289	10289	8855	10757	8600	11041	8382	11292
9900	4843	4843	4497	5202	4197	5535	4022	5740	3873	5921
9904	6351	6351	5954	6760	5608	7140	5405	7372	5233	7577
9902	14206	14206	13609	14815	13083	15375	12773	15715	12507	16013
4810	4816	4816	4471	5174	4172	5506	3998	5711	3849	5891
5720	19727	19727	19022	20444	18399	21100	18031	21498	17715	21847
9901	3748	3748	3445	4064	3183	4360	3031	4542	2902	4703
5826	3307	3307	3022	3604	2777	3883	2635	4055	2515	4207
5825	2025	2025	1804	2259	1616	2481	1508	2619	1417	2741
5925	11846	11847	11302	12403	10823	12916	10541	13228	10299	13501
9015	6206	6207	5814	6611	5472	6987	5272	7217	5102	7419
4506	7790	7790	7350	8243	6964	8662	6739	8917	6546	9142
4605	10908	10908	10386	11442	9927	11935	9657	12235	9425	12498
9002	16836	16836	16186	17499	15611	18107	15273	18475	14981	18799
4226	7534	7535	7102	7980	6723	8392	6501	8644	6312	8865
4505	6105	6105	5716	6507	5377	6880	5179	7108	5010	7309
4225	7335	7335	6908	7775	6534	8182	6316	8430	6129	8649
5716	11214	11214	10685	11756	10219	12256	9945	12559	9710	12826
5916	15004	15005	14391	15630	13849	16205	13531	16554	13256	16860
4300	5418	5418	5052	5796	4733	6148	4547	6364	4389	6554
5815	2261	2261	2027	2508	1827	2741	1712	2886	1616	3015
9004	7868	7868	7426	8323	7038	8744	6811	9001	6617	9227
5715	8157	8157	7706	8620	7311	9048	7080	9309	6882	9539
3330	5838	5838	5457	6230	5126	6595	4933	6819	4768	7016
6506	6477	6477	6076	6891	5726	7274	5522	7508	5347	7715
5915	8212	8212	7760	8677	7363	9106	7131	9368	6933	9599
3905	4707	4707	4366	5060	4070	5390	3898	5592	3752	5770
4130	8843	8843	8374	9325	7962	9770	7720	10042	7514	10280
6930	4561	4562	4226	4909	3935	5234	3766	5433	3622	5609
3825	8870	8870	8400	9353	7987	9799	7746	10070	7539	10310
4120	9102	9103	8626	9591	8208	10043	7963	10318	7753	10560
3816	10469	10469	9958	10993	9508	11476	9244	11770	9018	12028
4210	10781	10782	10263	11313	9806	11803	9538	12101	9308	12363
9016	5536	5536	5166	5919	4844	6274	4656	6492	4495	6684
4005	6526	6526	6124	6941	5772	7326	5567	7561	5392	7769
4230	4646	4646	4307	4997	4013	5324	3842	5525	3697	5702
3815	8931	8931	8459	9416	8045	9863	7803	10136	7595	10375
3705	14002	14002	13409	14607	12887	15163	12579	15500	12315	15796
3900	3417	3417	3128	3719	2878	4002	2734	4177	2611	4331
4110	9286	9286	8805	9780	8382	10235	8135	10513	7922	10757
3416	9759	9759	9265	10265	8832	10732	8578	11016	8360	11266
3413	4096	4096	3779	4426	3504	4735	3344	4924	3209	5092
3706	7449	7449	7019	7892	6642	8302	6422	8552	6234	8773
3600	10031	10031	9531	10544	9091	11017	8833	11305	8612	11559
3415	11617	11617	11078	12169	10604	12676	10325	12985	10085	13257
3320	11283	11284	10752	11827	10285	12328	10010	12632	9775	12900
3505	18705	18706	18020	19404	17413	20044	17055	20431	16748	20771
3414	10826	10826	10306	11358	9848	11849	9580	12148	9349	12410
6900	3675	3675	3375	3988	3115	4281	2965	4461	2837	4621
2940	8192	8192	7740	8656	7344	9085	7113	9347	6914	9577
2216	7960	7960	7515	8418	7125	8841	6897	9099	6702	9327
3046	10605	10605	10091	11133	9638	11618	9372	11914	9144	12174
2225	7409	7409	6980	7851	6604	8260	6385	8509	6197	8729
3426	8397	8397	7940	8867	7539	9301	7304	9566	7103	9799
3427	9333	9333	8850	9828	8427	10285	8179	10563	7966	10808
3045	12231	12231	11678	12797	11191	13317	10904	13634	10658	13912
3310	8673	8673	8208	9150	7800	9591	7561	9860	7357	10097
3030	17576	17576	16912	18253	16324	18874	15978	19250	15680	19580
3130	7762	7762	7322	8214	6938	8632	6713	8887	6520	9112
3010	17544	17544	16880	18220	16293	18841	15947	19217	15649	19546
3020	11072	11072	10546	11611	10083	12107	9811	12409	9578	12674
3425	8403	8403	7946	8873	7545	9308	7310	9572	7109	9806
2100	8039	8040	7592	8499	7200	8925	6971	9184	6774	9412
1606	5974	5974	5589	6371	5254	6740	5058	6966	4891	7165
2215	7776	7776	7336	8228	6951	8647	6726	8902	6533	9127
1720	11974	11975	11427	12534	10945	13050	10662	13363	10419	13638
3120	10255	10255	9749	10773	9304	11251	9043	11542	8819	11798
1900	563	563	449	689	358	814	308	893	268	966
3110	3676	3676	3376	3989	3116	4282	2966	4462	2838	4622
3200	8797	8797	8329	9278	7918	9722	7677	9992	7471	10231
1605	8274	8274	7820	8740	7422	9172	7189	9434	6990	9666
2000	5678	5678	5303	6066	4977	6426	4786	6646	4624	6841
1820	4923	4923	4575	5285	4272	5621	4095	5827	3945	6010
1200	7699	7699	7261	8149	6878	8565	6654	8820	6462	9043
1710	9994	9994	9495	10506	9056	10978	8798	11266	8578	11519
1810	2164	2164	1935	2405	1740	2634	1628	2776	1534	2902
900	4796	4796	4452	5153	4153	5485	3979	5689	3831	5869
806	13416	13416	12836	14008	12325	14553	12024	14883	11766	15174
1506	9942	9942	9444	10453	9006	10924	8749	11211	8529	11463
1410	5161	5161	4804	5531	4493	5875	4312	6086	4158	6272
1505	9401	9401	8917	9898	8492	10356	8242	10636	8029	10881
1330	8758	8758	8291	9238	7881	9681	7641	9951	7435	10189
1000	4011	4011	3697	4338	3425	4643	3267	4831	3133	4997
1320	7394	7394	6965	7835	6590	8244	6371	8493	6183	8713
1420	6354	6354	5957	6763	5610	7143	5408	7376	5235	7580
1130	2853	2853	2589	3130	2363	3390	2232	3551	2122	3693
1116	7891	7891	7448	8347	7060	8768	6833	9025	6638	9252
1310	10752	10753	10234	11283	9778	11773	9511	12070	9281	12332
805	9082	9083	8607	9571	8189	10022	7944	10297	7735	10538
1115	6329	6329	5933	6738	5587	7117	5385	7349	5213	7553
205	5961	5961	5577	6358	5242	6726	5046	6952	4879	7151
136	5160	5160	4803	5530	4492	5874	4311	6085	4157	6271
1120	15199	15200	14582	15830	14037	16408	13716	16759	13440	17067
705	8093	8094	7645	8555	7252	8982	7021	9242	6824	9471
120	5117	5117	4761	5485	4452	5828	4272	6038	4119	6223
325	10401	10401	9891	10923	9443	11405	9180	11698	8955	11955
135	7136	7137	6715	7570	6347	7972	6132	8217	5948	8433
706	5253	5253	4893	5626	4579	5973	4397	6186	4241	6373
206	6082	6082	5694	6483	5355	6855	5158	7083	4989	7283
2910	1516	1516	1325	1719	1165	1914	1074	2035	997	2143
315	6374	6374	5976	6784	5629	7165	5427	7397	5253	7602
2935	2251	2251	2017	2498	1818	2730	1704	2875	1607	3003
605	9978	9978	9479	10490	9041	10962	8783	11249	8563	11502
606	10613	10613	10098	11141	9646	11627	9380	11923	9152	12183
506	10645	10646	10130	11174	9676	11660	9410	11957	9182	12217
110	2239	2239	2006	2485	1807	2717	1693	2861	1597	2989
505	19508	19509	18808	20221	18188	20875	17823	21270	17508	21617
2936	2834	2834	2571	3110	2345	3369	2215	3529	2105	3671
405	10920	10920	10397	11455	9938	11948	9668	12247	9437	12511
2926	9434	9434	8949	9932	8523	10391	8273	10671	8059	10917
2925	6266	6266	5871	6672	5528	7050	5327	7281	5155	7484
2927	3478	3478	3186	3783	2934	4068	2788	4244	2665	4400
