faz_id mean median lower_50 upper_50 lower_80 upper_80 lower_90 upper_90 lower_95 upper_95
8935	14625	14625	13608	15678	12723	16659	12208	17260	11769	17790
8927	6541	6542	5867	7252	5292	7924	4961	8340	4683	8710
8926	18156	18156	17020	19328	16029	20414	15451	21079	14956	21665
8936	20354	20355	19151	21594	18099	22742	17483	23443	16957	24060
8500	22644	22645	21374	23951	20262	25159	19611	25896	19053	26545
8406	2761	2761	2329	3229	1972	3682	1773	3967	1608	4224
8320	14352	14353	13345	15396	12469	16368	11959	16964	11525	17490
8925	18978	18979	17817	20176	16803	21286	16210	21964	15703	22562
8937	21023	21023	19800	22282	18730	23448	18104	24160	17568	24787
8405	21708	21709	20465	22988	19377	24172	18740	24894	18195	25531
8310	35503	35504	33908	37135	32503	38635	31677	39547	30968	40349
8910	20269	20270	19069	21506	18019	22652	17405	23352	16880	23968
7905	30088	30089	28621	31591	27332	32977	26574	33820	25925	34561
7606	5627	5627	5003	6287	4472	6914	4169	7302	3914	7649
7805	27114	27115	25723	28542	24501	29860	23784	30662	23170	31368
8220	21434	21435	20199	22706	19118	23882	18485	24600	17944	25233
8000	16126	16127	15057	17232	14126	18259	13583	18887	13120	19442
8906	10078	10078	9237	10956	8511	11778	8090	12284	7734	12732
8210	15542	15542	14493	16627	13579	17636	13047	18254	12593	18800
9020	22655	22656	21385	23962	20272	25171	19621	25908	19063	26557
8125	21401	21402	20167	22672	19087	23847	18455	24565	17914	25198
8126	17835	17836	16710	18997	15728	20075	15155	20734	14666	21315
8905	11266	11266	10375	12193	9605	13059	9158	13591	8778	14063
7806	9019	9020	8224	9850	7540	10631	7145	11112	6810	11538
7700	8759	8759	7976	9578	7302	10348	6913	10823	6584	11244
7526	16753	16753	15663	17879	14713	18925	14159	19565	13686	20130
7340	31493	31493	29992	33030	28671	34446	27895	35308	27230	36065
7605	2081	2081	1709	2490	1405	2890	1237	3143	1100	3372
7537	29161	29161	27717	30641	26448	32005	25703	32836	25064	33566
8115	35893	35893	34289	37533	32876	39041	32045	39958	31331	40764
7335	41403	41404	39680	43164	38159	44780	37263	45762	36493	46623
8600	21666	21667	20424	22945	19337	24128	18701	24850	18157	25485
7425	34294	34295	32727	35898	31347	37374	30535	38271	29839	39059
7535	32956	32957	31420	34529	30068	35976	29274	36857	28592	37630
7525	19524	19524	18346	20738	17316	21864	16715	22551	16200	23157
7436	6501	6501	5829	7209	5255	7879	4926	8293	4648	8662
9019	20798	20799	19582	22051	18518	23211	17895	23919	17363	24543
7026	11488	11488	10589	12424	9810	13298	9358	13835	8975	14311
7205	15908	15908	14846	17006	13922	18026	13383	18651	12923	19202
7515	6185	6185	5530	6876	4971	7531	4651	7936	4382	8297
7320	33571	33572	32021	35158	30656	36619	29854	37507	29165	38287
7206	19188	19189	18021	20393	17001	21509	16404	22191	15895	22792
7315	21892	21893	20644	23177	19551	24366	18911	25091	18364	25730
7435	9513	9513	8696	10366	7992	11166	7585	11659	7240	12095
7316	23515	23515	22220	24846	21086	26076	20421	26826	19852	27487
7025	24113	24113	22802	25460	21652	26706	20979	27465	20402	28133
7415	14792	14793	13769	15852	12880	16838	12361	17442	11920	17975
7100	32829	32830	31296	34399	29947	35844	29154	36723	28474	37495
7015	19551	19551	18372	20766	17342	21892	16740	22580	16225	23186
9908	3845	3845	3333	4395	2903	4921	2659	5250	2457	5544
6410	55542	55543	53543	57578	51774	59443	50729	60573	49830	61564
6420	48389	48390	46524	50290	44875	52034	43903	53092	43068	54019
5535	36665	36666	35044	38323	33616	39847	32775	40773	32054	41587
5600	18785	18786	17630	19977	16621	21082	16032	21757	15528	22352
5546	21584	21584	20344	22860	19259	24040	18624	24761	18081	25396
4706	15511	15511	14463	16595	13550	17603	13019	18221	12565	18766
6605	14571	14571	13556	15623	12673	16601	12159	17201	11721	17731
6910	6395	6395	5729	7098	5160	7762	4834	8174	4559	8541
6606	7402	7403	6684	8157	6069	8868	5714	9308	5415	9699
9909	7420	7421	6701	8176	6085	8888	5730	9328	5431	9720
9011	13096	13096	12134	14094	11300	15024	10815	15595	10402	16099
5525	17049	17050	15950	18185	14991	19240	14431	19885	13954	20454
5515	31845	31846	30336	33391	29007	34815	28227	35681	27558	36442
6326	25678	25678	24324	27068	23136	28351	22440	29133	21844	29822
9914	22397	22398	21134	23697	20028	24898	19380	25632	18826	26277
5545	18896	18897	17738	20091	16726	21199	16134	21876	15629	22473
6223	30543	30544	29065	32058	27766	33453	27002	34302	26348	35049
5306	26125	26126	24759	27527	23561	28821	22858	29610	22256	30303
6325	37668	37669	36025	39348	34576	40892	33723	41830	32991	42654
9009	6003	6004	5358	6685	4809	7330	4494	7731	4229	8087
9006	15384	15385	14340	16464	13432	17468	12903	18083	12451	18627
6225	22974	22974	21694	24290	20574	25506	19917	26248	19356	26902
9018	23544	23544	22248	24876	21113	26107	20448	26857	19879	27518
5425	46192	46193	44370	48050	42761	49755	41812	50789	40996	51697
5305	30792	30793	29308	32312	28003	33713	27236	34566	26578	35315
5426	24319	24320	23002	25673	21848	26923	21171	27685	20592	28356
6226	33935	33935	32376	35530	31003	36998	30196	37891	29504	38675
6126	14064	14065	13067	15098	12201	16060	11696	16650	11267	17171
6224	23938	23939	22632	25281	21487	26522	20816	27278	20241	27944
6216	16617	16618	15532	17739	14586	18781	14034	19418	13563	19981
6316	30954	30955	29467	32479	28158	33883	27389	34738	26730	35489
6215	24456	24457	23135	25813	21978	27067	21299	27831	20718	28504
5100	8610	8611	7834	9423	7167	10186	6781	10657	6455	11075
6213	19868	19869	18680	21093	17641	22228	17033	22921	16514	23532
9005	7329	7329	6614	8080	6002	8788	5650	9226	5352	9615
6124	27887	27887	26475	29335	25236	30670	24508	31483	23885	32199
6125	10688	10689	9821	11592	9072	12437	8638	12956	8269	13417
6214	385	385	236	572	132	771	84	904	52	1029
5415	17066	17067	15966	18203	15007	19258	14447	19903	13969	20473
5205	14415	14416	13406	15462	12528	16435	12017	17032	11581	17559
9916	19350	19351	18178	20559	17153	21680	16554	22364	16042	22968
9913	7536	7536	6811	8297	6190	9015	5832	9458	5530	9852
9915	27028	27029	25639	28454	24419	29770	23704	30571	23091	31276
4606	30765	30766	29281	32285	27977	33685	27211	34537	26553	35286
6115	24408	24409	23089	25764	21932	27016	21254	27780	20674	28452
4820	8547	8547	7773	9356	7108	10117	6725	10586	6400	11003
9017	4340	4340	3794	4923	3334	5478	3073	5825	2855	6135
6123	22476	22476	21211	23778	20103	24981	19454	25716	18899	26363
6114	37418	37419	35780	39093	34337	40632	33487	41567	32758	42388
4607	33539	33540	31990	35125	30625	36585	29823	37473	29135	38253
6505	14987	14987	13957	16053	13061	17045	12539	17653	12094	18189
5020	27926	27926	26513	29375	25273	30711	24545	31525	23921	32241
6113	45443	45444	43636	47286	42040	48977	41100	50004	40291	50904
5010	20786	20787	19570	22039	18506	23198	17884	23906	17352	24530
6020	26207	26207	24839	27611	23639	28907	22935	29697	22332	30392
4900	23458	23459	22165	24787	21032	26016	20368	26766	19800	27425
6010	17168	17168	16064	18308	15102	19366	14540	20013	14061	20585
4400	24502	24503	23180	25860	22021	27115	21342	27880	20760	28553
9900	11652	11653	10747	12595	9962	13475	9507	14016	9120	14495
9904	15063	15063	14030	16132	13132	17126	12609	17735	12162	18273
9902	32594	32595	31066	34158	29722	35598	28932	36473	28254	37243
4810	11219	11219	10330	12144	9561	13008	9116	13540	8737	14010
5720	40501	40502	38796	42242	37292	43841	36407	44813	35646	45665
9901	11121	11121	10236	12042	9471	12903	9028	13432	8651	13901
5826	6933	6933	6238	7664	5644	8354	5303	8781	5015	9161
5825	3585	3584	3090	4116	2677	4625	2443	4944	2249	5230
5925	27708	27709	26301	29151	25066	30483	24341	31294	23719	32007
9015	17034	17035	15935	18170	14977	19224	14417	19869	13940	20438
4506	19391	19392	18217	20602	17191	21723	16592	22408	16079	23012
4605	28774	28775	27340	30245	26080	31601	25341	32426	24706	33152
9002	43910	43911	42134	45722	40566	47386	39642	48395	38848	49281
4226	20116	20116	18920	21348	17874	22490	17262	23187	16740	23801
4505	17474	17475	16361	18624	15389	19691	14822	20344	14338	20920
4225	20238	20239	19039	21475	17990	22619	17376	23318	16852	23935
5716	27164	27165	25771	28593	24548	29912	23831	30715	23216	31422
5916	38715	38716	37049	40418	35580	41983	34715	42934	33972	43768
4300	12904	12905	11950	13895	11122	14819	10641	15386	10231	15887
5815	5363	5363	4754	6008	4237	6621	3942	7001	3695	7341
9004	22927	22928	21649	24242	20529	25457	19874	26198	19313	26851
5715	18394	18395	17251	19574	16254	20667	15671	21336	15173	21925
3330	16919	16920	15824	18051	14869	19102	14312	19745	13836	20312
6506	18272	18273	17133	19448	16139	20538	15558	21205	15062	21792
5915	21319	21320	20087	22587	19009	23761	18379	24478	17839	25109
3905	11889	11889	10974	12841	10181	13729	9721	14275	9329	14758
4130	19819	19820	18632	21043	17595	22176	16988	22868	16470	23479
6930	10919	10920	10043	11832	9285	12686	8846	13211	8473	13676
3825	22995	22995	21715	24311	20593	25528	19937	26271	19375	26925
4120	22123	22124	20868	23415	19769	24610	19126	25339	18576	25981
3816	26761	26761	25379	28180	24165	29489	23453	30286	22843	30988
4210	30306	30306	28833	31814	27539	33204	26779	34050	26127	34794
9016	16636	16637	15550	17759	14604	18801	14051	19439	13580	20002
4005	17667	17667	16547	18823	15570	19896	15000	20552	14513	21130
4230	13569	13570	12590	14585	11740	15531	11246	16111	10825	16624
3815	21238	21239	20009	22504	18933	23676	18304	24391	17765	25021
3705	34433	34434	32862	36040	31480	37518	30666	38417	29968	39207
3900	7815	7815	7076	8590	6443	9320	6078	9770	5769	10171
4110	23796	23797	22494	25135	21352	26372	20684	27127	20111	27791
3416	26352	26353	24981	27761	23777	29060	23071	29852	22466	30548
3413	12072	12073	11150	13031	10351	13926	9887	14476	9492	14962
3706	19169	19169	18002	20372	16982	21488	16386	22169	15877	22770
3600	24161	24161	22848	25510	21697	26756	21023	27516	20446	28185
3415	32615	32616	31087	34179	29742	35620	28952	36495	28274	37265
3320	32907	32908	31373	34479	30022	35925	29228	36805	28546	37578
3505	46536	46537	44708	48401	43092	50112	42140	51150	41321	52061
3414	29748	29749	28290	31243	27008	32621	26255	33460	25610	34197
6900	10500	10500	9641	11395	8899	12233	8469	12749	8104	13205
2940	24139	24139	22827	25487	21677	26733	21003	27492	20426	28161
2216	22557	22557	21289	23861	20179	25067	19529	25802	18973	26450
3046	25322	25323	23978	26703	22799	27978	22108	28755	21516	29439
2225	20644	20645	19433	21893	18373	23049	17753	23754	17223	24376
3426	25720	25720	24365	27111	23176	28395	22479	29178	21882	29867
3427	26501	26502	25126	27913	23918	29216	23210	30010	22604	30709
3045	31517	31517	30015	33055	28694	34471	27918	35333	27252	36091
3310	28554	28554	27125	30019	25870	31369	25134	32192	24502	32915
3030	52673	52674	50726	54656	49005	56474	47989	57575	47115	58541
3130	17799	17800	16676	18960	15695	20037	15122	20695	14633	21276
3010	47290	47291	45447	49170	43818	50895	42857	51941	42032	52858
3020	25663	25663	24310	27053	23122	28336	22426	29117	21830	29805
3425	24379	24380	23061	25734	21905	26986	21227	27749	20647	28421
2100	22177	22178	20921	23471	19820	24667	19176	25397	18625	26039
1606	13772	13772	12786	14795	11929	15748	11430	16332	11005	16848
2215	20187	20188	18989	21422	17942	22565	17329	23264	16805	23879
1720	29692	29692	28235	31185	26954	32562	26202	33399	25557	34136
3120	26589	26590	25211	28003	24002	29309	23293	30104	22685	30803
1900	950	950	704	1232	515	1517	415	1702	338	1872
3110	9954	9955	9118	10827	8397	11644	7980	12147	7626	12593
3200	23974	23975	22667	25318	21521	26559	20849	27317	20274	27983
1605	18003	18004	16873	19170	15886	20252	15310	20914	14818	21498
2000	14880	14881	13854	15943	12961	16931	12442	17537	11998	18072
1820	8570	8571	7796	9381	7130	10143	6746	10613	6421	11030
1200	20359	20360	19156	21599	18103	22747	17488	23448	16962	24066
1710	25755	25755	24399	27147	23209	28432	22512	29215	21914	29904
1810	5264	5265	4661	5904	4150	6511	3858	6889	3613	7225
900	12030	12031	11110	12988	10312	13881	9849	14430	9455	14916
806	40293	40294	38593	42030	37093	43625	36210	44594	35451	45445
1506	25180	25180	23839	26556	22664	27828	21975	28603	21384	29285
1410	12640	12640	11696	13621	10877	14535	10401	15097	9996	15593
1505	23023	23023	21742	24340	20620	25558	19963	26301	19400	26955
1330	23910	23911	22604	25252	21460	26492	20790	27248	20216	27914
1000	10317	10318	9466	11205	8731	12036	8305	12548	7944	13001
1320	18382	18383	17240	19561	16242	20655	15660	21323	15162	21912
1420	17800	17801	16677	18961	15696	20038	15123	20696	14634	21277
1130	6943	6943	6248	7675	5653	8365	5312	8792	5024	9172
1116	20255	20256	19055	21492	18006	22637	17392	23337	16867	23953
1310	28012	28012	26597	29463	25354	30801	24625	31616	24000	32333
805	26489	26490	25114	27901	23907	29204	23199	29997	22593	30696
1115	18022	18023	16891	19190	15904	20273	15327	20935	14835	21519
205	13599	13600	12619	14616	11768	15563	11273	16144	10851	16657
136	11635	11636	10730	12577	9946	13457	9492	13997	9105	14476
1120	41131	41132	39413	42885	37897	44497	37004	45475	36237	46334
705	26731	26732	25349	28149	24137	29457	23425	30254	22816	30956
120	12879	12880	11926	13869	11099	14792	10618	15358	10209	15859
325	26679	26680	25299	28096	24087	29403	23377	30199	22768	30900
135	17871	17872	16745	19034	15762	20113	15188	20772	14698	21354
706	14759	14760	13738	15818	12849	16803	12331	17406	11890	17939
206	13874	13874	12884	14900	12023	15856	11523	16443	11096	16961
2910	4400	4400	3850	4986	3387	5545	3124	5894	2904	6206
315	15798	15799	14740	16892	13819	17909	13282	18532	12824	19082
2935	7920	7920	7176	8700	6538	9434	6170	9887	5859	10290
605	28071	28072	26655	29524	25411	30864	24681	31680	24056	32397
606	31671	31672	30166	33213	28842	34633	28064	35497	27396	36256
506	33514	33515	31965	35100	30602	36559	29800	37447	29112	38226
110	5133	5133	4538	5764	4033	6365	3746	6738	3504	7071
505	61218	61220	59118	63355	57259	65311	56160	66495	55214	67533
2936	7393	7394	6676	8148	6060	8859	5707	9298	5408	9689
405	32196	32197	30679	33751	29343	35182	28558	36053	27885	36818
2926	27353	27353	25955	28787	24728	30110	24008	30916	23391	31625
2925	18618	18618	17468	19804	16464	20904	15877	21576	15376	22169
2927	10837	10837	9964	11746	9209	12597	8772	13120	8400	13583
