faz_id mean median lower_50 upper_50 lower_80 upper_80 lower_90 upper_90 lower_95 upper_95
8935	6767	6767	6044	7531	5428	8254	5075	8702	4778	9101
8927	1315	1315	1008	1663	766	2012	637	2236	535	2441
8926	4057	4057	3502	4653	3037	5225	2774	5583	2556	5903
8936	4254	4254	3685	4864	3207	5448	2938	5813	2713	6140
8500	16010	16011	14887	17174	13910	18257	13342	18921	12858	19508
8406	311	311	172	491	82	688	44	821	20	947
8320	14573	14574	13502	15684	12573	16720	12033	17356	11573	17918
8925	3499	3499	2985	4054	2557	4589	2316	4925	2117	5226
8937	8080	8080	7288	8913	6610	9698	6220	10183	5891	10615
8405	1154	1154	867	1481	644	1811	527	2024	434	2219
8310	11771	11772	10811	12772	9981	13708	9501	14284	9093	14795
8910	3451	3451	2941	4002	2516	4534	2277	4868	2080	5167
7905	6218	6218	5526	6951	4937	7646	4601	8078	4319	8463
7606	877	877	630	1165	442	1459	346	1651	271	1828
7805	3817	3817	3279	4396	2830	4952	2576	5301	2366	5613
8220	17120	17121	15958	18323	14946	19441	14357	20126	13854	20731
8000	39906	39907	38121	41732	36549	43411	35624	44431	34829	45328
8906	1393	1393	1076	1751	826	2108	692	2337	585	2546
8210	44328	44329	42446	46251	40785	48018	39808	49091	38968	50033
9020	4793	4793	4188	5439	3678	6056	3388	6441	3146	6785
8125	7896	7896	7113	8719	6443	9496	6059	9976	5734	10404
8126	9852	9852	8975	10769	8221	11631	7785	12162	7416	12633
8905	1170	1170	881	1500	656	1831	537	2046	444	2241
7806	2037	2037	1650	2465	1336	2886	1164	3154	1024	3396
7700	6408	6408	5705	7152	5107	7857	4765	8294	4477	8684
7526	10765	10766	9848	11723	9057	12621	8599	13174	8211	13664
7340	3974	3974	3425	4564	2965	5131	2706	5485	2490	5803
7605	2049	2049	1660	2478	1345	2900	1173	3168	1032	3411
7537	17983	17984	16792	19215	15753	20360	15148	21061	14632	21679
8115	13876	13877	12832	14961	11926	15973	11401	16594	10953	17144
7335	12727	12728	11728	13767	10863	14738	10361	15336	9935	15864
8600	13434	13435	12407	14502	11517	15499	11000	16111	10561	16652
7425	4825	4825	4218	5473	3706	6092	3415	6478	3172	6823
7535	8799	8799	7972	9667	7262	10484	6853	10988	6507	11437
7525	2720	2720	2269	3212	1898	3690	1692	3991	1522	4263
7436	2494	2494	2063	2966	1710	3426	1515	3716	1354	3979
9019	5399	5399	4755	6083	4211	6735	3901	7140	3641	7502
7026	1810	1810	1446	2215	1153	2615	994	2869	865	3101
7205	9981	9981	9099	10904	8339	11771	7900	12305	7528	12779
7515	8962	8962	8127	9838	7410	10662	6996	11171	6647	11622
7320	11407	11408	10462	12393	9646	13315	9174	13883	8773	14386
7206	28483	28484	26978	30029	25658	31456	24884	32325	24221	33090
7315	5158	5158	4529	5827	3998	6465	3696	6863	3443	7218
7435	5229	5229	4596	5903	4061	6545	3756	6945	3501	7302
7316	5269	5269	4633	5945	4096	6590	3790	6991	3534	7349
7025	13574	13575	12542	14647	11647	15649	11127	16264	10685	16808
7415	14726	14727	13650	15843	12715	16884	12172	17523	11710	18087
7100	15671	15672	14560	16823	13595	17895	13033	18552	12554	19133
7015	7601	7601	6834	8409	6177	9172	5800	9645	5483	10065
9908	4660	4660	4063	5297	3561	5906	3277	6286	3039	6626
6410	19411	19412	18172	20691	17092	21878	16461	22604	15923	23245
6420	8481	8481	7669	9334	6973	10137	6572	10633	6234	11074
5535	5307	5307	4669	5986	4129	6632	3822	7035	3565	7394
5600	16718	16719	15570	17907	14571	19013	13989	19690	13493	20288
5546	14966	14967	13881	16092	12938	17141	12391	17784	11924	18353
4706	2379	2379	1959	2840	1615	3291	1425	3576	1270	3833
6605	2882	2882	2417	3388	2034	3878	1820	4187	1644	4465
6910	1304	1304	998	1651	758	1998	629	2222	528	2426
6606	1513	1513	1182	1885	919	2255	777	2492	664	2708
9909	1389	1389	1073	1746	823	2103	689	2332	582	2541
9011	6761	6761	6038	7525	5422	8247	5070	8695	4773	9094
5525	6469	6469	5763	7216	5161	7924	4817	8364	4528	8755
5515	5677	5677	5016	6378	4457	7045	4137	7460	3870	7830
6326	15274	15275	14178	16411	13225	17471	12671	18120	12199	18694
9914	4435	4435	3854	5057	3365	5653	3088	6025	2858	6358
5545	4680	4680	4082	5319	3579	5929	3293	6310	3055	6650
6223	12302	12303	11320	13325	10471	14281	9978	14869	9560	15389
5306	25482	25483	24060	26945	22814	28298	22084	29123	21460	29849
6325	8541	8541	7726	9397	7027	10202	6625	10700	6285	11142
9009	2628	2628	2185	3112	1821	3582	1619	3880	1454	4148
9006	3341	3341	2839	3884	2422	4408	2188	4737	1995	5032
6225	20533	20534	19258	21848	18146	23068	17495	23814	16940	24471
9018	12631	12632	11636	13667	10774	14635	10275	15230	9850	15757
5425	63735	63736	61474	66037	59472	68145	58291	69422	57274	70542
5305	30744	30745	29180	32349	27806	33829	27000	34731	26309	35524
5426	19203	19204	17971	20476	16897	21657	16270	22379	15734	23017
6226	7830	7830	7051	8650	6384	9424	6001	9902	5677	10328
6126	3558	3558	3039	4117	2607	4656	2364	4995	2163	5298
6224	8255	8255	7454	9097	6768	9889	6373	10380	6040	10815
6216	10887	10888	9964	11850	9169	12753	8708	13309	8318	13801
6316	25098	25099	23687	26550	22451	27893	21727	28712	21108	29434
6215	20968	20969	19680	22297	18555	23529	17897	24282	17336	24946
5100	1814	1814	1450	2219	1156	2619	997	2874	867	3106
6213	15938	15939	14818	17099	13843	18180	13276	18843	12793	19428
9005	640	640	432	889	279	1148	204	1319	148	1477
6124	13802	13803	12761	14884	11858	15894	11334	16513	10888	17062
6125	12240	12241	11261	13260	10413	14214	9922	14801	9505	15320
6214	31399	31400	29818	33021	28429	34516	27614	35427	26915	36228
5415	62913	62914	60667	65200	58679	67295	57505	68564	56495	69677
5205	45483	45484	43576	47431	41894	49220	40903	50306	40052	51260
9916	2573	2573	2135	3052	1775	3518	1576	3813	1413	4079
9913	6298	6298	5601	7036	5009	7735	4670	8169	4385	8556
9915	3504	3504	2989	4059	2561	4594	2321	4930	2121	5232
4606	3614	3614	3091	4178	2655	4720	2410	5061	2207	5366
6115	9479	9479	8620	10379	7880	11225	7454	11747	7093	12210
4820	6365	6365	5664	7106	5068	7809	4728	8245	4441	8634
9017	363	363	211	556	110	764	64	905	35	1036
6123	72894	72895	70474	75354	68330	77605	67063	78968	65972	80161
6114	23845	23846	22470	25261	21266	26571	20562	27371	19960	28075
4607	8145	8145	7350	8981	6669	9769	6277	10256	5946	10689
6505	3554	3554	3036	4113	2604	4652	2361	4990	2160	5293
5020	9022	9022	8184	9901	7464	10727	7050	11238	6699	11691
6113	44405	44406	42521	46330	40859	48098	39881	49172	39040	50115
5010	17003	17004	15845	18202	14837	19316	14250	19999	13749	20602
6020	74712	74713	72262	77203	70091	79481	68808	80859	67702	82067
4900	91085	91086	88378	93833	85975	96343	84553	97860	83327	99188
6010	139039	139041	135690	142429	132708	145517	130940	147381	129413	149010
4400	11143	11144	10209	12117	9404	13030	8937	13592	8542	14089
9900	2081	2081	1689	2514	1371	2938	1197	3208	1055	3452
9904	7325	7325	6572	8119	5929	8869	5560	9333	5249	9747
9902	31674	31675	30086	33303	28691	34805	27872	35719	27170	36523
4810	8329	8329	7525	9174	6835	9970	6439	10462	6103	10900
5720	15128	15129	14037	16260	13089	17314	12538	17961	12069	18533
9901	6706	6706	5986	7466	5373	8186	5022	8633	4727	9030
5826	9990	9990	9107	10914	8347	11781	7908	12315	7536	12789
5825	57306	57307	55163	59490	53268	61492	52150	62705	51188	63769
5925	23790	23791	22417	25204	21214	26513	20511	27312	19910	28016
9015	2059	2059	1669	2489	1353	2912	1180	3181	1039	3424
4506	31990	31991	30394	33627	28992	35136	28168	36055	27463	36863
4605	38487	38488	36734	40280	35191	41930	34284	42933	33505	43815
9002	10520	10521	9613	11467	8832	12355	8380	12903	7997	13388
4226	3889	3889	3346	4473	2892	5034	2636	5385	2423	5700
4505	1587	1587	1247	1967	977	2345	830	2587	713	2806
4225	3287	3287	2789	3826	2376	4346	2145	4672	1953	4966
5716	10925	10926	10001	11890	9203	12794	8742	13351	8351	13844
5916	9653	9653	8786	10561	8039	11414	7609	11940	7244	12407
4300	32138	32139	30538	33779	29133	35291	28307	36212	27600	37021
5815	30643	30644	29081	32245	27710	33723	26905	34624	26216	35415
9004	6961	6961	6227	7735	5602	8468	5243	8922	4941	9326
5715	2310	2310	1896	2765	1558	3209	1372	3491	1220	3746
3330	2706	2706	2256	3197	1886	3673	1681	3974	1512	4246
6506	12791	12792	11789	13834	10922	14807	10419	15406	9992	15936
5915	6739	6739	6018	7501	5403	8223	5051	8670	4754	9069
3905	23417	23418	22054	24820	20862	26119	20165	26912	19569	27611
4130	30404	30405	28849	32000	27483	33473	26681	34370	25995	35159
6930	4085	4085	3528	4683	3061	5257	2797	5616	2578	5937
3825	9150	9150	8306	10035	7581	10867	7163	11380	6809	11836
4120	5062	5062	4439	5725	3914	6358	3615	6752	3365	7104
3816	4790	4790	4185	5436	3675	6053	3386	6437	3144	6781
4210	7484	7484	6723	8286	6072	9044	5698	9513	5383	9930
9016	2223	2223	1817	2670	1487	3107	1305	3384	1157	3635
4005	2483	2483	2053	2954	1701	3413	1506	3703	1346	3965
4230	2250	2250	1842	2699	1509	3138	1326	3417	1176	3669
3815	14281	14282	13221	15381	12302	16407	11768	17037	11313	17594
3705	45194	45195	43293	47136	41616	48919	40629	50002	39780	50953
3900	44383	44384	42500	46307	40838	48075	39860	49149	39020	50092
4110	38088	38089	36345	39872	34810	41514	33907	42512	33132	43389
3416	3220	3220	2728	3753	2319	4268	2091	4592	1902	4884
3413	1780	1780	1419	2182	1129	2578	971	2832	844	3061
3706	4476	4476	3892	5101	3401	5699	3123	6072	2891	6407
3600	79903	79904	77369	82478	75122	84832	73793	86256	72648	87503
3415	5171	5171	4542	5841	4010	6480	3707	6878	3454	7233
3320	7509	7509	6746	8313	6094	9071	5720	9541	5405	9959
3505	33755	33756	32115	35436	30673	36984	29826	37927	29100	38755
3414	3266	3266	2770	3803	2358	4321	2128	4647	1937	4940
6900	2190	2190	1787	2633	1460	3068	1280	3343	1133	3592
2940	4698	4698	4099	5338	3594	5949	3308	6331	3070	6672
2216	4988	4988	4370	5647	3849	6275	3553	6667	3305	7016
3046	11941	11942	10974	12949	10138	13892	9653	14472	9242	14985
2225	7915	7915	7131	8739	6461	9517	6075	9998	5750	10425
3426	3272	3272	2775	3809	2363	4328	2132	4655	1942	4948
3427	7062	7062	6323	7842	5692	8579	5331	9036	5026	9443
3045	4683	4683	4085	5322	3581	5932	3296	6313	3057	6654
3310	6823	6823	6097	7590	5478	8316	5123	8766	4825	9166
3030	11863	11864	10899	12868	10066	13808	9583	14386	9174	14898
3130	30947	30948	29378	32557	27999	34042	27190	34947	26497	35742
3010	12886	12887	11881	13932	11010	14910	10505	15510	10076	16042
3020	24295	24296	22907	25724	21692	27046	20980	27853	20372	28563
3425	3660	3660	3134	4227	2695	4773	2448	5115	2243	5422
2100	2786	2786	2329	3283	1953	3766	1744	4071	1572	4346
1606	3912	3912	3367	4498	2911	5060	2655	5412	2441	5728
2215	8310	8310	7507	9154	6818	9950	6422	10441	6087	10878
1720	7562	7562	6797	8368	6142	9129	5766	9601	5450	10020
3120	20447	20448	19175	21760	18065	22977	17416	23721	16862	24377
1900	20015	20016	18757	21314	17659	22519	17018	23255	16470	23905
3110	3819	3819	3281	4398	2831	4954	2578	5303	2368	5616
3200	8973	8973	8137	9849	7420	10674	7006	11183	6656	11635
1605	9484	9484	8624	10385	7885	11230	7459	11752	7098	12216
2000	16465	16466	15326	17645	14335	18743	13758	19415	13266	20009
1820	44511	44512	42625	46438	40961	48209	39981	49284	39140	50228
1200	8129	8129	7335	8964	6654	9751	6263	10238	5932	10671
1710	15138	15139	14047	16270	13098	17325	12547	17972	12078	18544
1810	21177	21178	19882	22513	18751	23750	18090	24507	17526	25174
900	13374	13375	12349	14440	11461	15434	10946	16045	10508	16585
806	5345	5345	4705	6026	4163	6674	3855	7078	3597	7439
1506	5641	5641	4983	6340	4425	7005	4107	7418	3840	7787
1410	18323	18324	17120	19567	16072	20722	15460	21429	14939	22053
1505	7985	7985	7198	8813	6524	9594	6137	10076	5810	10506
1330	6556	6556	5845	7308	5239	8020	4892	8463	4601	8856
1000	2146	2146	1748	2585	1424	3015	1246	3289	1101	3536
1320	6110	6110	5424	6837	4841	7526	4508	7955	4229	8337
1420	23921	23922	22544	25339	21338	26651	20633	27452	20029	28158
1130	4481	4481	3896	5106	3405	5705	3127	6078	2895	6413
1116	11168	11169	10233	12143	9427	13057	8960	13619	8564	14118
1310	7022	7022	6285	7800	5656	8535	5296	8991	4993	9397
805	5976	5976	5298	6695	4722	7378	4393	7802	4117	8180
1115	5391	5391	4748	6075	4204	6726	3894	7131	3634	7493
205	15025	15026	13938	16153	12993	17204	12444	17849	11977	18419
136	4585	4585	3993	5217	3496	5822	3214	6199	2978	6537
1120	18061	18062	16867	19296	15826	20443	15220	21145	14702	21765
705	5890	5890	5217	6604	4646	7282	4320	7703	4046	8079
120	1789	1789	1427	2192	1136	2589	978	2843	850	3073
325	7400	7400	6643	8198	5996	8951	5625	9418	5312	9833
135	3468	3468	2956	4021	2530	4553	2291	4888	2093	5188
706	4224	4224	3657	4832	3181	5414	2913	5778	2689	6104
206	10438	10439	9535	11382	8757	12267	8307	12812	7926	13295
2910	1282	1282	979	1626	741	1971	614	2193	514	2395
315	8026	8026	7237	8856	6561	9639	6172	10123	5844	10553
2935	22784	22785	21440	24169	20265	25450	19578	26233	18990	26923
605	5480	5480	4831	6169	4282	6825	3970	7233	3707	7598
606	5206	5206	4574	5878	4040	6519	3737	6918	3483	7275
506	10488	10489	9583	11434	8803	12321	8352	12867	7970	13352
110	1583	1583	1244	1963	973	2340	827	2582	710	2801
505	20868	20869	19583	22194	18461	23423	17805	24174	17245	24837
2936	4645	4645	4049	5281	3548	5889	3264	6269	3027	6609
405	5421	5421	4776	6107	4230	6759	3919	7166	3659	7528
2926	3457	3457	2946	4009	2521	4541	2282	4875	2085	5175
2925	2737	2737	2285	3230	1912	3709	1705	4012	1535	4284
2927	2545	2545	2110	3021	1752	3485	1554	3779	1392	4043
