faz_id mean median lower_50 upper_50 lower_80 upper_80 lower_90 upper_90 lower_95 upper_95
8935	5730	5731	5354	6120	5026	6481	4834	6703	4671	6898
8927	2464	2464	2219	2721	2010	2964	1889	3115	1788	3248
8926	6966	6966	6550	7395	6187	7792	5974	8034	5792	8248
8936	7750	7750	7311	8202	6926	8619	6701	8874	6509	9099
8500	9107	9108	8631	9597	8213	10048	7968	10323	7758	10565
8406	1063	1063	904	1234	772	1399	698	1503	637	1596
8320	5358	5359	4994	5735	4678	6085	4493	6300	4336	6489
8925	7109	7110	6689	7542	6322	7943	6107	8188	5923	8404
8937	7914	7914	7470	8371	7082	8793	6854	9050	6660	9277
8405	7582	7583	7148	8029	6768	8443	6546	8695	6356	8917
8310	14238	14238	13641	14848	13114	15409	12803	15749	12537	16047
8910	7732	7732	7293	8183	6909	8600	6685	8855	6492	9079
7905	10879	10879	10357	11413	9899	11905	9629	12204	9398	12467
7606	2016	2016	1795	2250	1608	2471	1500	2608	1410	2731
7805	9719	9719	9226	10224	8794	10690	8540	10973	8322	11223
8220	10338	10338	9830	10858	9383	11338	9121	11631	8896	11887
8000	6463	6463	6063	6876	5713	7259	5509	7493	5334	7700
8906	3659	3659	3359	3971	3100	4264	2950	4443	2823	4603
8210	7961	7961	7516	8419	7126	8842	6898	9100	6703	9328
9020	9096	9097	8620	9585	8202	10037	7957	10312	7747	10554
8125	8687	8687	8221	9165	7814	9606	7574	9875	7370	10112
8126	7894	7894	7451	8350	7063	8771	6836	9029	6641	9255
8905	4107	4107	3789	4438	3514	4746	3354	4936	3218	5104
7806	3367	3367	3080	3667	2832	3948	2689	4121	2567	4275
7700	3682	3682	3381	3995	3122	4288	2971	4469	2843	4629
7526	6589	6589	6185	7006	5832	7393	5626	7629	5449	7837
7340	11384	11385	10851	11931	10382	12434	10106	12739	9869	13008
7605	793	793	657	942	545	1087	484	1179	433	1262
7537	13083	13084	12511	13668	12007	14206	11710	14533	11455	14820
8115	16167	16167	15530	16817	14967	17413	14636	17774	14351	18091
7335	16667	16667	16020	17326	15448	17931	15111	18298	14822	18620
8600	8025	8026	7578	8485	7187	8910	6958	9169	6762	9397
7425	11682	11682	11142	12235	10666	12744	10386	13054	10146	13326
7535	14660	14660	14054	15279	13519	15847	13203	16192	12933	16495
7525	7721	7721	7283	8172	6899	8589	6674	8843	6482	9067
7436	2336	2337	2098	2587	1895	2824	1778	2971	1679	3102
9019	8159	8159	7708	8622	7313	9050	7082	9311	6884	9541
7026	4358	4358	4030	4698	3746	5016	3581	5211	3441	5383
7205	6648	6649	6242	7067	5887	7456	5680	7693	5503	7902
7515	2499	2499	2253	2758	2041	3003	1920	3154	1818	3288
7320	12847	12847	12280	13427	11780	13960	11486	14284	11234	14568
7206	8615	8616	8152	9091	7746	9531	7508	9799	7304	10035
7315	8265	8265	7811	8731	7414	9162	7181	9425	6982	9656
7435	3441	3441	3151	3744	2900	4028	2755	4203	2632	4358
7316	8776	8776	8308	9256	7898	9700	7658	9970	7452	10208
7025	10753	10754	10235	11284	9779	11774	9512	12071	9282	12333
7415	5519	5519	5149	5901	4828	6256	4640	6474	4480	6666
7100	14606	14606	14001	15223	13467	15791	13152	16135	12882	16438
7015	8338	8338	7882	8806	7483	9239	7249	9503	7049	9735
9908	1197	1198	1029	1379	888	1553	808	1663	743	1761
6410	24284	24285	23502	25079	22809	25806	22399	26246	22046	26631
6420	20876	20877	20152	21614	19510	22289	19131	22697	18805	23056
5535	14803	14803	14194	15425	13656	15996	13339	16343	13067	16647
5600	7822	7822	7381	8276	6995	8695	6768	8951	6575	9177
5546	8419	8419	7961	8890	7560	9324	7325	9590	7123	9823
4706	5553	5553	5182	5936	4859	6293	4671	6511	4511	6703
6605	5265	5265	4904	5639	4591	5986	4408	6199	4252	6387
6910	2494	2494	2248	2753	2037	2997	1916	3148	1813	3283
6606	2763	2763	2503	3035	2281	3291	2152	3450	2044	3590
9909	2865	2865	2601	3143	2374	3403	2243	3564	2132	3707
9011	5679	5679	5304	6067	4978	6427	4787	6647	4625	6842
5525	7239	7239	6815	7676	6444	8080	6227	8327	6041	8544
5515	12598	12599	12037	13173	11542	13701	11251	14022	11001	14304
6326	12601	12602	12040	13176	11545	13704	11254	14025	11004	14307
9914	8512	8513	8052	8985	7648	9423	7412	9689	7209	9924
5545	6712	6712	6303	7132	5947	7522	5739	7761	5560	7971
6223	14611	14611	14005	15229	13471	15796	13157	16140	12887	16443
5306	11685	11685	11145	12238	10669	12748	10389	13057	10149	13329
6325	17190	17191	16533	17860	15953	18474	15610	18847	15316	19173
9009	2360	2360	2120	2612	1916	2850	1798	2997	1699	3128
9006	5787	5788	5409	6179	5079	6542	4887	6764	4722	6961
6225	11980	11981	11433	12541	10951	13056	10668	13369	10424	13645
9018	9960	9960	9461	10471	9023	10943	8766	11230	8546	11482
5425	19669	19669	18965	20385	18343	21040	17976	21438	17660	21786
5305	13546	13546	12964	14141	12450	14688	12148	15020	11888	15312
5426	9257	9257	8776	9750	8355	10205	8107	10482	7895	10726
6226	15196	15197	14579	15827	14034	16405	13713	16756	13437	17064
6126	6179	6180	5788	6583	5447	6958	5247	7188	5077	7390
6224	11504	11504	10967	12053	10495	12558	10218	12865	9980	13136
6216	7013	7013	6596	7443	6231	7842	6018	8085	5835	8299
6316	15909	15909	15277	16553	14719	17144	14390	17503	14107	17818
6215	12589	12590	12028	13164	11534	13691	11243	14012	10993	14294
5100	3126	3126	2850	3415	2612	3687	2474	3854	2358	4003
6213	10462	10462	9951	10986	9501	11469	9238	11762	9011	12021
9005	2916	2917	2650	3196	2420	3459	2288	3621	2176	3765
6124	15056	15057	14442	15683	13900	16259	13580	16609	13305	16915
6125	5700	5700	5325	6089	4997	6449	4807	6670	4644	6865
6214	244	244	171	329	117	417	89	474	68	527
5415	7108	7109	6688	7541	6321	7942	6106	8187	5922	8403
5205	6619	6620	6214	7037	5860	7425	5653	7662	5477	7870
9916	7617	7618	7182	8065	6801	8480	6578	8733	6388	8955
9913	3561	3561	3265	3869	3010	4157	2862	4335	2737	4492
9915	10802	10803	10283	11335	9826	11825	9558	12123	9328	12386
4606	10895	10895	10373	11429	9914	11921	9645	12221	9413	12484
6115	12044	12044	11495	12605	11011	13122	10727	13436	10483	13712
4820	3846	3847	3539	4167	3273	4466	3119	4650	2988	4813
9017	1741	1741	1536	1959	1363	2165	1264	2294	1181	2409
6123	13511	13511	12929	14105	12416	14652	12114	14984	11855	15275
6114	18632	18633	17948	19329	17343	19968	16986	20355	16678	20694
4607	11777	11777	11235	12333	10757	12844	10476	13155	10235	13428
6505	5149	5149	4792	5518	4482	5862	4301	6073	4147	6259
5020	11540	11540	11003	12090	10530	12596	10252	12904	10014	13174
6113	28171	28171	27328	29026	26580	29808	26137	30280	25756	30694
5010	9197	9197	8718	9688	8298	10142	8051	10418	7840	10661
6020	16479	16480	15836	17135	15268	17737	14933	18102	14645	18422
4900	12909	12909	12341	13490	11840	14025	11545	14349	11292	14634
6010	10498	10498	9986	11023	9536	11506	9272	11801	9045	12059
4400	9623	9624	9133	10126	8703	10590	8451	10872	8234	11121
9900	5034	5034	4681	5399	4374	5739	4196	5947	4044	6131
9904	6596	6597	6192	7014	5838	7400	5632	7637	5456	7845
9902	14492	14493	13890	15108	13358	15673	13045	16016	12776	16317
4810	4907	4907	4559	5268	4257	5604	4081	5810	3931	5992
5720	19859	19859	19152	20578	18527	21237	18158	21636	17840	21986
9901	4238	4239	3915	4574	3636	4888	3473	5080	3335	5250
5826	3508	3509	3215	3814	2962	4101	2815	4277	2691	4434
5825	2023	2023	1802	2257	1614	2479	1506	2616	1416	2739
5925	12324	12324	11769	12892	11280	13415	10992	13732	10745	14011
9015	6513	6513	6111	6928	5760	7312	5555	7547	5380	7754
4506	8159	8159	7708	8622	7313	9050	7082	9311	6884	9541
4605	11302	11303	10771	11847	10303	12348	10028	12653	9793	12920
9002	17981	17982	17309	18666	16715	19294	16365	19674	16063	20008
4226	7711	7711	7273	8161	6889	8578	6665	8832	6473	9057
4505	6177	6178	5786	6581	5445	6956	5245	7185	5075	7388
4225	7689	7689	7251	8139	6869	8555	6645	8809	6453	9033
5716	11798	11798	11255	12354	10777	12866	10496	13177	10254	13450
5916	15634	15634	15008	16273	14455	16860	14129	17215	13849	17528
4300	5660	5660	5286	6047	4960	6407	4770	6627	4607	6821
5815	2423	2423	2180	2678	1973	2919	1853	3068	1753	3201
9004	8697	8697	8231	9175	7823	9616	7584	9886	7379	10123
5715	8198	8198	7746	8662	7350	9091	7118	9353	6920	9584
3330	6286	6286	5891	6693	5546	7071	5345	7302	5173	7506
6506	6940	6940	6525	7368	6162	7764	5950	8006	5769	8220
5915	8440	8440	7982	8911	7580	9347	7344	9612	7143	9846
3905	4836	4836	4491	5194	4191	5528	4016	5732	3867	5913
4130	9002	9002	8529	9489	8113	9938	7869	10211	7661	10452
6930	4603	4604	4267	4953	3974	5279	3804	5479	3659	5656
3825	9151	9151	8673	9641	8254	10093	8008	10369	7797	10612
4120	9472	9472	8986	9971	8559	10431	8309	10711	8095	10958
3816	10853	10853	10332	11386	9874	11877	9605	12176	9374	12439
4210	11310	11311	10779	11855	10311	12356	10036	12661	9800	12929
9016	6249	6249	5855	6655	5512	7032	5311	7262	5140	7465
4005	6863	6863	6450	7288	6089	7683	5879	7923	5698	8136
4230	4899	4899	4552	5260	4249	5595	4073	5801	3924	5983
3815	9031	9032	8557	9518	8141	9968	7896	10242	7687	10483
3705	14541	14541	13937	15157	13404	15723	13090	16067	12821	16368
3900	3639	3639	3340	3950	3082	4242	2932	4421	2805	4580
4110	10011	10011	9511	10524	9072	10996	8814	11284	8593	11537
3416	10171	10172	9668	10688	9225	11164	8965	11454	8742	11709
3413	4427	4427	4097	4770	3810	5090	3644	5286	3502	5460
3706	7509	7509	7077	7954	6699	8366	6478	8617	6289	8838
3600	10510	10510	9998	11035	9547	11519	9283	11813	9056	12072
3415	12239	12239	11686	12805	11198	13326	10912	13642	10666	13920
3320	11692	11692	11151	12245	10675	12755	10396	13065	10155	13337
3505	19417	19418	18719	20129	18101	20780	17736	21175	17422	21521
3414	11000	11000	10476	11537	10014	12031	9744	12332	9511	12597
6900	4068	4068	3752	4397	3478	4704	3319	4893	3184	5060
2940	9406	9406	8922	9903	8497	10362	8247	10641	8033	10887
2216	8365	8365	7909	8834	7509	9268	7274	9532	7074	9765
3046	10891	10891	10369	11425	9910	11917	9641	12217	9410	12480
2225	8230	8230	7777	8695	7381	9125	7148	9387	6949	9618
3426	8818	8818	8349	9299	7938	9744	7697	10015	7491	10253
3427	9613	9614	9124	10116	8694	10579	8441	10862	8225	11110
3045	12623	12623	12061	13197	11565	13726	11274	14047	11024	14329
3310	10365	10365	9856	10886	9409	11367	9146	11659	8921	11916
3030	18890	18890	18201	19591	17591	20234	17231	20624	16922	20965
3130	7989	7989	7543	8448	7153	8872	6924	9130	6728	9358
3010	18200	18200	17524	18889	16926	19520	16573	19903	16269	20238
3020	11553	11553	11015	12103	10542	12609	10264	12917	10026	13188
3425	8974	8974	8501	9460	8086	9908	7843	10181	7635	10422
2100	8291	8291	7837	8758	7438	9189	7205	9453	7005	9684
1606	6053	6053	5666	6453	5328	6824	5131	7051	4963	7252
2215	8013	8014	7567	8473	7176	8897	6947	9156	6751	9384
1720	12972	12972	12402	13555	11900	14090	11605	14416	11351	14702
3120	10974	10974	10450	11510	9990	12004	9719	12305	9487	12569
1900	562	562	448	688	357	812	307	892	267	964
3110	3705	3705	3403	4019	3143	4313	2992	4494	2864	4654
3200	9261	9261	8780	9754	8358	10209	8111	10486	7899	10730
1605	8326	8326	7871	8794	7472	9226	7238	9490	7038	9722
2000	5946	5946	5562	6342	5227	6710	5032	6936	4866	7134
1820	5194	5194	4836	5565	4524	5910	4343	6122	4188	6308
1200	7964	7964	7519	8422	7129	8845	6901	9104	6705	9331
1710	11373	11374	10840	11919	10371	12422	10095	12728	9859	12996
1810	2832	2832	2569	3108	2344	3367	2213	3527	2103	3669
900	5054	5054	4700	5420	4393	5760	4214	5969	4062	6153
806	14623	14623	14017	15241	13483	15808	13168	16153	12898	16456
1506	10220	10221	9715	10738	9271	11216	9011	11506	8787	11762
1410	5573	5573	5202	5957	4878	6314	4690	6532	4529	6725
1505	9643	9644	9153	10147	8722	10611	8470	10893	8253	11142
1330	8921	8921	8450	9405	8036	9852	7793	10125	7586	10365
1000	4063	4063	3747	4392	3473	4699	3314	4888	3179	5055
1320	7420	7420	6991	7862	6615	8271	6395	8521	6207	8741
1420	8158	8158	7707	8621	7312	9049	7081	9310	6883	9540
1130	3039	3039	2766	3324	2532	3592	2397	3757	2282	3904
1116	8345	8345	7889	8814	7490	9246	7256	9510	7055	9743
1310	10826	10826	10306	11358	9848	11849	9580	12148	9349	12410
805	9703	9703	9211	10207	8778	10673	8525	10956	8308	11206
1115	6828	6828	6416	7252	6056	7645	5846	7886	5666	8097
205	5993	5993	5608	6391	5272	6760	5076	6986	4908	7186
136	5222	5222	4863	5594	4550	5940	4368	6152	4213	6339
1120	16086	16086	15450	16734	14889	17328	14559	17689	14274	18006
705	9904	9904	9407	10414	8970	10884	8714	11170	8494	11422
120	5294	5294	4933	5669	4618	6017	4434	6230	4278	6419
325	10817	10817	10297	11349	9840	11840	9571	12138	9341	12401
135	7217	7217	6793	7653	6423	8057	6206	8303	6021	8520
706	5682	5682	5307	6070	4980	6430	4790	6651	4627	6845
206	6130	6130	5741	6533	5400	6906	5202	7135	5033	7336
2910	1652	1652	1452	1864	1284	2066	1188	2191	1108	2304
315	6576	6576	6172	6993	5820	7379	5613	7615	5437	7823
2935	2271	2271	2036	2519	1836	2753	1721	2897	1624	3026
605	10693	10694	10177	11223	9722	11711	9455	12008	9226	12269
606	11757	11757	11215	12312	10738	12823	10457	13133	10216	13406
506	11900	11901	11355	12459	10875	12972	10592	13285	10350	13559
110	2279	2279	2044	2527	1843	2761	1728	2906	1631	3036
505	21662	21663	20924	22413	20270	23100	19884	23517	19551	23881
2936	3002	3002	2731	3285	2498	3552	2364	3716	2250	3862
405	11970	11971	11423	12530	10942	13046	10658	13359	10415	13634
2926	9973	9973	9474	10485	9036	10956	8779	11244	8558	11496
2925	7056	7057	6638	7488	6272	7887	6058	8131	5875	8346
2927	4231	4232	3909	4567	3629	4880	3467	5072	3329	5242
