faz_id mean median lower_50 upper_50 lower_80 upper_80 lower_90 upper_90 lower_95 upper_95
8935	12849	12850	11897	13838	11071	14760	10591	15325	10182	15826
8927	5791	5791	5158	6461	4619	7095	4311	7489	4052	7840
8926	15373	15374	14330	16453	13422	17457	12893	18072	12441	18614
8936	18782	18783	17627	19974	16618	21078	16029	21753	15525	22349
8500	19904	19905	18714	21130	17675	22266	17067	22960	16547	23571
8406	1842	1842	1493	2228	1210	2607	1055	2847	929	3065
8320	13037	13038	12078	14033	11245	14961	10761	15531	10350	16034
8925	15955	15956	14892	17055	13966	18077	13426	18702	12966	19254
8937	15358	15359	14315	16437	13408	17441	12879	18055	12428	18598
8405	17581	17582	16464	18735	15490	19805	14921	20459	14435	21037
8310	33065	33066	31527	34640	30172	36090	29376	36972	28693	37747
8910	16856	16857	15763	17986	14810	19035	14254	19677	13779	20243
7905	26631	26632	25252	28046	24042	29353	23332	30148	22724	30848
7606	4772	4772	4199	5382	3714	5962	3438	6324	3207	6647
7805	23454	23455	22161	24783	21028	26012	20365	26762	19797	27421
8220	18773	18774	17618	19964	16610	21069	16021	21744	15517	22339
8000	15250	15251	14211	16326	13307	17326	12780	17938	12331	18479
8906	9261	9261	8455	10103	7761	10893	7360	11380	7020	11812
8210	11490	11490	10591	12426	9812	13300	9360	13838	8977	14313
9020	19578	19579	18398	20794	17367	21921	16765	22609	16250	23216
8125	20188	20189	18990	21423	17942	22566	17330	23264	16806	23880
8126	15014	15015	13983	16081	13086	17074	12564	17682	12119	18219
8905	10325	10325	9473	11213	8738	12045	8312	12556	7950	13009
7806	6737	6737	6053	7458	5468	8139	5132	8560	4849	8935
7700	8814	8814	8029	9636	7353	10408	6962	10884	6632	11306
7526	16264	16265	15190	17374	14255	18405	13710	19037	13244	19594
7340	29589	29590	28135	31080	26856	32454	26106	33291	25462	34026
7605	1999	1999	1635	2400	1338	2793	1174	3042	1041	3267
7537	27952	27953	26539	29402	25298	30739	24569	31553	23945	32269
8115	33046	33047	31508	34621	30154	36070	29358	36952	28676	37726
7335	38459	38460	36798	40156	35334	41716	34472	42664	33732	43496
8600	19513	19514	18335	20727	17306	21852	16705	22539	16191	23145
7425	31412	31413	29913	32948	28594	34362	27820	35223	27155	35979
7535	30494	30495	29017	32007	27719	33402	26956	34250	26302	34996
7525	16866	16867	15772	17996	14819	19045	14263	19687	13788	20254
7436	6243	6243	5585	6938	5024	7595	4702	8002	4431	8365
9019	17966	17967	16837	19132	15851	20213	15276	20874	14784	21458
7026	11350	11350	10456	12280	9683	13150	9234	13684	8853	14157
7205	14875	14876	13849	15937	12957	16926	12437	17531	11994	18066
7515	5797	5797	5163	6467	4624	7102	4316	7496	4057	7847
7320	31448	31449	29948	32985	28629	34400	27853	35261	27188	36017
7206	18151	18152	17016	19323	16025	20409	15446	21074	14952	21660
7315	19267	19268	18097	20474	17075	21592	16477	22275	15967	22877
7435	8938	8938	8147	9766	7466	10543	7073	11022	6739	11446
7316	22275	22276	21016	23571	19913	24770	19267	25501	18715	26145
7025	23293	23294	22005	24618	20876	25843	20215	26590	19649	27247
7415	13053	13054	12093	14049	11260	14978	10776	15548	10364	16052
7100	29747	29748	28289	31242	27007	32620	26254	33458	25608	34195
7015	18871	18872	17713	20065	16702	21172	16111	21849	15606	22446
9908	3882	3882	3367	4434	2934	4962	2690	5292	2486	5588
6410	44510	44511	42722	46335	41143	48009	40213	49025	39413	49917
6420	39948	39949	38255	41677	36762	43266	35883	44231	35127	45078
5535	31647	31648	30142	33188	28819	34608	28041	35471	27373	36230
5600	17238	17239	16132	18380	15168	19441	14605	20089	14125	20661
5546	19524	19525	18346	20739	17317	21864	16715	22551	16201	23157
4706	14923	14924	13895	15987	13001	16977	12481	17583	12037	18119
6605	12843	12844	11891	13832	11065	14753	10585	15319	10177	15819
6910	5065	5065	4474	5693	3973	6289	3688	6660	3448	6992
6606	6098	6098	5448	6785	4894	7435	4576	7838	4309	8197
9909	5952	5952	5310	6631	4763	7274	4450	7672	4186	8027
9011	10825	10825	9953	11734	9198	12584	8761	13107	8390	13570
5525	16111	16112	15043	17216	14112	18243	13569	18871	13106	19426
5515	30406	30407	28931	31917	27635	33310	26873	34157	26220	34902
6326	24836	24837	23505	26204	22338	27467	21654	28236	21068	28914
9914	20377	20378	19173	21617	18120	22766	17505	23467	16978	24085
5545	17593	17594	16476	18747	15501	19817	14932	20472	14446	21050
6223	29547	29548	28094	31037	26816	32410	26066	33246	25423	33981
5306	25112	25113	23774	26487	22600	27757	21911	28531	21322	29212
6325	37338	37339	35702	39011	34260	40548	33411	41483	32683	42303
9009	5513	5513	4896	6167	4371	6787	4071	7173	3820	7516
9006	12781	12782	11831	13767	11008	14687	10529	15251	10122	15750
6225	21530	21531	20292	22805	19209	23984	18575	24704	18032	25338
9018	20990	20991	19768	22249	18699	23414	18073	24125	17538	24751
5425	42921	42922	41166	44713	39616	46358	38703	47357	37919	48233
5305	30021	30022	28556	31523	27268	32907	26511	33749	25863	34489
5426	23122	23123	21838	24442	20714	25662	20055	26407	19492	27062
6226	33466	33467	31918	35051	30555	36509	29754	37396	29067	38175
6126	13966	13967	12973	14996	12109	15955	11607	16543	11179	17063
6224	23846	23847	22542	25186	21399	26425	20730	27180	20157	27845
6216	16666	16667	15579	17790	14632	18833	14079	19471	13607	20035
6316	30861	30862	29375	32383	28069	33786	27301	34639	26643	35389
6215	24174	24175	22861	25523	21710	26770	21036	27530	20458	28199
5100	8655	8655	7877	9470	7207	10235	6821	10707	6494	11126
6213	19500	19501	18323	20714	17294	21838	16693	22525	16179	23131
9005	5955	5955	5313	6634	4766	7277	4452	7676	4189	8031
6124	27617	27618	26213	29058	24979	30387	24255	31197	23635	31909
6125	10589	10589	9726	11488	8981	12330	8549	12847	8182	13306
6214	376	376	228	560	127	758	80	890	48	1014
5415	15515	15516	14467	16600	13554	17608	13023	18225	12569	18771
5205	13362	13363	12391	14370	11547	15309	11057	15885	10639	16394
9916	17126	17127	16024	18265	15063	19322	14502	19968	14023	20539
9913	7303	7303	6590	8053	5979	8760	5627	9197	5331	9585
9915	23022	23023	21741	24339	20619	25557	19962	26300	19400	26954
4606	28041	28042	26626	29493	25382	30832	24653	31647	24027	32364
6115	24093	24094	22782	25440	21634	26685	20960	27444	20384	28112
4820	8453	8453	7684	9258	7023	10015	6642	10482	6319	10897
9017	3848	3848	3335	4397	2905	4924	2662	5253	2459	5547
6123	21084	21085	19859	22345	18787	23513	18160	24226	17624	24854
6114	36512	36513	34894	38166	33469	39687	32630	40612	31910	41424
4607	29949	29950	28486	31449	27199	32831	26444	33672	25796	34412
6505	14540	14541	13526	15591	12644	16568	12131	17167	11693	17697
5020	26402	26403	25029	27811	23824	29112	23118	29905	22512	30602
6113	43876	43877	42101	45688	40534	47351	39610	48360	38817	49245
5010	20440	20441	19234	21682	18180	22833	17563	23535	17036	24154
6020	23651	23652	22353	24986	21215	26220	20548	26972	19978	27634
4900	14112	14113	13113	15147	12245	16111	11740	16702	11310	17224
6010	15905	15906	14844	17003	13919	18023	13380	18648	12920	19199
4400	24774	24775	23445	26140	22279	27401	21596	28170	21011	28847
9900	10635	10635	9770	11536	9023	12379	8590	12898	8223	13357
9904	13919	13920	12927	14947	12065	15905	11564	16492	11137	17011
9902	31280	31281	29784	32813	28468	34224	27695	35083	27032	35838
4810	10883	10883	10008	11794	9252	12647	8813	13171	8441	13635
5720	39909	39910	38217	41638	36725	43226	35846	44190	35091	45037
9901	9149	9149	8348	9986	7659	10772	7260	11256	6923	11685
5826	6594	6594	5917	7308	5339	7982	5007	8399	4727	8770
5825	3527	3527	3037	4054	2627	4560	2396	4876	2204	5160
5925	26691	26692	25311	28108	24099	29416	23388	30212	22779	30913
9015	15663	15664	14610	16753	13693	17766	13158	18386	12702	18933
4506	18453	18454	17308	19634	16309	20730	15725	21399	15226	21990
4605	27036	27037	25647	28462	24427	29778	23711	30579	23098	31284
9002	38204	38205	36549	39896	35090	41451	34231	42395	33493	43225
4226	18720	18721	17567	19910	16560	21013	15972	21687	15469	22281
4505	17147	17148	16044	18286	15082	19344	14521	19991	14042	20562
4225	18798	18799	17643	19990	16633	21095	16044	21770	15540	22366
5716	26286	26287	24916	27692	23714	28990	23009	29781	22405	30477
5916	37629	37630	35987	39308	34539	40852	33687	41789	32955	42613
4300	12091	12092	11168	13051	10368	13946	9904	14497	9509	14983
5815	5132	5132	4537	5764	4033	6364	3745	6737	3504	7070
9004	19538	19539	18360	20753	17330	21879	16728	22566	16213	23173
5715	18450	18451	17305	19631	16306	20726	15722	21396	15224	21986
3330	14776	14777	13754	15835	12864	16820	12346	17424	11905	17957
6506	16513	16514	15431	17631	14488	18670	13938	19306	13469	19867
5915	20900	20901	19681	22156	18614	23319	17990	24028	17456	24654
3905	11254	11254	10364	12181	9594	13046	9147	13579	8768	14050
4130	19290	19291	18119	20497	17096	21616	16498	22300	15987	22902
6930	10931	10931	10054	11844	9296	12698	8856	13224	8483	13689
3825	21889	21890	20641	23174	19548	24363	18908	25088	18361	25727
4120	21175	21176	19948	22439	18873	23609	18245	24323	17708	24952
3816	25797	25798	24440	27190	23250	28477	22552	29260	21954	29950
4210	27634	27635	26229	29076	24995	30405	24271	31215	23651	31927
9016	13753	13754	12767	14775	11911	15727	11413	16311	10989	16827
4005	15896	15897	14835	16994	13911	18014	13372	18638	12912	19189
4230	12331	12332	11399	13300	10590	14204	10121	14759	9722	15250
3815	20998	20999	19776	22257	18706	23422	18081	24133	17546	24760
3705	33018	33019	31481	34592	30127	36041	29332	36922	28650	37696
3900	6556	6556	5881	7268	5305	7940	4974	8356	4695	8727
4110	20859	20860	19641	22114	18575	23275	17952	23984	17419	24609
3416	24890	24891	23558	26259	22389	27523	21704	28294	21118	28972
3413	10504	10504	9645	11400	8903	12238	8473	12754	8108	13210
3706	18735	18736	17581	19925	16574	21028	15985	21703	15483	22297
3600	22281	22282	21021	23577	19918	24776	19273	25508	18720	26152
3415	29544	29545	28091	31034	26813	32407	26063	33243	25420	33978
3320	31222	31223	29728	32753	28413	34163	27641	35021	26978	35776
3505	43797	43798	42024	45607	40458	47268	39535	48277	38742	49162
3414	28900	28901	27463	30374	26200	31732	25459	32559	24823	33287
6900	8909	8909	8119	9735	7439	10511	7047	10989	6714	11414
2940	18822	18823	17666	20015	16656	21121	16066	21796	15562	22392
2216	20703	20704	19489	21953	18428	23110	17807	23817	17276	24440
3046	24412	24413	23093	25768	21936	27021	21258	27784	20677	28456
2225	17101	17102	16000	18239	15039	19295	14479	19941	14001	20511
3426	23459	23460	22166	24789	21033	26017	20369	26767	19801	27427
3427	25080	25081	23742	26454	22569	27723	21882	28497	21293	29177
3045	29793	29794	28334	31289	27051	32668	26297	33507	25651	34245
3310	21271	21272	20041	22538	18964	23710	18334	24426	17795	25057
3030	45209	45210	43407	47048	41815	48735	40877	49759	40071	50657
3130	16824	16825	15732	17953	14780	19001	14224	19642	13750	20208
3010	44255	44256	42472	46074	40898	47744	39971	48758	39173	49647
3020	24324	24325	23007	25678	21852	26928	21176	27690	20596	28361
3425	21619	21620	20379	22896	19293	24078	18657	24799	18114	25434
2100	21257	21258	20027	22524	18951	23696	18321	24411	17782	25041
1606	13372	13373	12400	14380	11557	15320	11066	15896	10648	16406
2215	19043	19044	17880	20243	16864	21355	16270	22034	15763	22633
1720	27377	27378	25979	28812	24751	30136	24030	30942	23413	31651
3120	24697	24698	23370	26061	22206	27320	21524	28088	20940	28764
1900	952	952	706	1234	516	1520	417	1705	339	1875
3110	9812	9812	8982	10678	8266	11490	7852	11990	7501	12433
3200	22014	22015	20762	23303	19666	24494	19024	25222	18475	25862
1605	17711	17712	16590	18869	15612	19943	15041	20599	14553	21179
2000	13190	13191	12225	14192	11387	15125	10900	15698	10486	16204
1820	7728	7728	6994	8499	6364	9225	6001	9673	5695	10071
1200	18971	18972	17810	20169	16796	21278	16203	21957	15697	22555
1710	22683	22684	21412	23991	20299	25200	19647	25937	19089	26587
1810	3733	3733	3228	4274	2805	4793	2566	5118	2367	5409
900	11088	11088	10205	12008	9441	12868	8998	13396	8622	13864
806	34855	34856	33275	36472	31883	37959	31065	38863	30362	39657
1506	23932	23933	22626	25275	21481	26515	20810	27272	20236	27938
1410	11720	11721	10811	12665	10025	13548	9568	14090	9180	14570
1505	22187	22188	20930	23481	19829	24677	19185	25407	18634	26050
1330	23063	23064	21781	24381	20658	25600	20000	26344	19437	26998
1000	10088	10088	9246	10966	8520	11789	8099	12295	7743	12743
1320	18521	18522	17374	19704	16373	20802	15788	21472	15288	22064
1420	13435	13436	12461	14446	11615	15387	11123	15965	10705	16475
1130	5945	5945	5303	6623	4757	7266	4444	7664	4181	8019
1116	18789	18790	17634	19981	16625	21086	16035	21761	15532	22356
1310	27704	27705	26297	29147	25062	30479	24337	31289	23716	32002
805	23964	23965	22657	25308	21511	26549	20840	27306	20265	27973
1115	14821	14822	13797	15882	12906	16868	12387	17473	11945	18007
205	13365	13366	12394	14373	11550	15312	11060	15888	10642	16398
136	11567	11568	10665	12506	9883	13383	9430	13922	9045	14399
1120	37146	37147	35514	38814	34076	40348	33230	41280	32503	42099
705	21134	21135	19908	22397	18835	23566	18207	24279	17670	24908
120	12192	12193	11265	13156	10462	14055	9995	14607	9598	15096
325	24386	24387	23067	25741	21911	26993	21234	27756	20654	28428
135	17389	17390	16278	18536	15309	19601	14744	20252	14261	20827
706	13214	13215	12248	14216	11410	15151	10922	15724	10507	16230
206	13709	13710	12725	14730	11870	15680	11373	16263	10949	16779
2910	3842	3842	3330	4391	2900	4917	2657	5246	2454	5540
315	14950	14951	13922	16015	13027	17006	12505	17613	12061	18149
2935	7895	7895	7153	8674	6515	9407	6148	9860	5838	10262
605	24224	24225	22910	25575	21758	26823	21083	27584	20504	28253
606	25471	25472	24123	26856	22940	28134	22247	28913	21653	29599
506	28664	28665	27233	30132	25975	31485	25237	32309	24604	33034
110	5064	5064	4473	5692	3972	6288	3687	6659	3447	6990
505	51341	51342	49419	53299	47720	55094	46718	56182	45855	57136
2936	6753	6753	6068	7475	5482	8156	5146	8578	4862	8954
405	26882	26883	25497	28304	24280	29616	23567	30415	22955	31118
2926	25552	25553	24202	26939	23017	28219	22323	29000	21728	29686
2925	16125	16126	15056	17230	14125	18257	13582	18886	13119	19441
2927	7887	7887	7145	8666	6508	9398	6141	9851	5831	10253
