faz_id mean median lower_50 upper_50 lower_80 upper_80 lower_90 upper_90 lower_95 upper_95
8935	6906	6906	6175	7677	5552	8407	5195	8860	4895	9262
8927	1377	1377	1062	1732	813	2088	680	2316	574	2524
8926	4165	4165	3602	4768	3130	5347	2864	5709	2642	6033
8936	4364	4365	3788	4982	3303	5573	3029	5942	2801	6273
8500	16223	16223	15093	17395	14109	18485	13537	19153	13049	19743
8406	341	341	195	529	98	732	56	870	28	999
8320	14777	14776	13699	15896	12763	16938	12218	17578	11755	18144
8925	3599	3599	3077	4162	2642	4703	2398	5043	2195	5348
8937	8232	8232	7432	9072	6747	9864	6353	10354	6020	10789
8405	1212	1212	918	1547	688	1884	566	2101	470	2299
8310	11954	11954	10986	12963	10150	13906	9665	14486	9254	15000
8910	3550	3551	3032	4109	2601	4648	2358	4986	2157	5289
7905	6351	6352	5652	7092	5056	7794	4716	8230	4430	8618
7606	928	928	673	1223	478	1524	378	1720	300	1900
7805	3922	3922	3376	4508	2920	5071	2663	5424	2449	5740
8220	17341	17341	16171	18551	15153	19676	14559	20365	14053	20974
8000	40243	40244	38450	42076	36871	43762	35942	44787	35144	45687
8906	1456	1457	1132	1822	875	2186	737	2419	626	2632
8210	44683	44684	42793	46614	41126	48387	40144	49464	39301	50410
9020	4910	4910	4297	5564	3780	6187	3487	6576	3241	6924
8125	8046	8047	7256	8877	6579	9661	6190	10145	5862	10576
8126	10020	10020	9135	10945	8374	11813	7934	12348	7562	12823
8905	1228	1228	932	1565	700	1904	577	2122	480	2322
7806	2114	2114	1719	2550	1398	2977	1222	3249	1078	3494
7700	6543	6544	5833	7295	5228	8006	4882	8448	4590	8842
7526	10940	10941	10015	11906	9217	12810	8756	13368	8364	13861
7340	4081	4081	3524	4678	3057	5252	2794	5611	2575	5932
7605	2126	2126	1730	2563	1408	2992	1231	3264	1087	3510
7537	18209	18210	17010	19449	15965	20601	15356	21306	14836	21928
8115	14075	14074	13023	15167	12111	16186	11581	16812	11130	17365
7335	12917	12917	11911	13965	11039	14943	10533	15545	10104	16077
8600	13630	13629	12595	14705	11698	15709	11177	16325	10734	16870
7425	4943	4943	4328	5598	3809	6224	3514	6614	3268	6963
7535	8957	8958	8123	9833	7406	10657	6992	11165	6643	11617
7525	2808	2809	2350	3308	1972	3792	1762	4098	1588	4374
7436	2579	2579	2140	3058	1780	3525	1581	3820	1417	4086
9019	5523	5524	4872	6215	4321	6874	4006	7283	3743	7649
7026	1882	1882	1511	2295	1211	2701	1047	2960	915	3195
7205	10150	10150	9260	11081	8493	11954	8050	12492	7675	12970
7515	9122	9122	8279	10005	7555	10836	7138	11349	6785	11804
7320	11587	11588	10635	12581	9812	13510	9336	14082	8931	14589
7206	28768	28768	27255	30321	25928	31755	25150	32628	24483	33397
7315	5279	5280	4643	5957	4105	6601	3799	7003	3543	7361
7435	5351	5352	4711	6033	4169	6682	3860	7086	3602	7446
7316	5392	5392	4749	6076	4204	6727	3894	7132	3635	7494
7025	13771	13770	12731	14852	11829	15860	11305	16479	10860	17027
7415	14931	14930	13847	16055	12906	17103	12358	17746	11893	18314
7100	15882	15882	14764	17042	13791	18121	13225	18782	12743	19366
7015	7748	7749	6973	8564	6310	9334	5929	9810	5608	10234
9908	4776	4776	4171	5420	3662	6036	3374	6420	3132	6764
6410	19646	19647	18400	20933	17312	22127	16677	22858	16135	23502
6420	8637	8637	7817	9497	7114	10307	6709	10807	6367	11251
5535	5430	5431	4785	6117	4238	6770	3927	7176	3666	7539
5600	16936	16937	15780	18133	14775	19245	14189	19927	13689	20528
5546	15172	15172	14080	16306	13130	17362	12578	18009	12108	18582
4706	2462	2462	2034	2931	1683	3388	1489	3677	1331	3938
6605	2973	2973	2501	3486	2110	3983	1892	4297	1713	4578
6910	1365	1366	1052	1720	804	2074	672	2302	567	2509
6606	1579	1579	1240	1959	970	2335	825	2577	708	2796
9909	1452	1453	1128	1817	872	2181	734	2414	624	2626
9011	6900	6900	6170	7671	5547	8400	5190	8853	4890	9255
5525	6605	6605	5891	7360	5283	8075	4935	8518	4642	8913
5515	5804	5805	5136	6513	4570	7187	4246	7606	3975	7979
6326	15483	15482	14378	16627	13419	17694	12861	18347	12386	18925
9914	4548	4548	3959	5178	3463	5780	3183	6156	2948	6492
5545	4796	4796	4190	5442	3680	6059	3391	6444	3149	6788
6223	12489	12489	11500	13520	10643	14483	10147	15074	9725	15598
5306	25751	25752	24321	27222	23069	28581	22335	29410	21707	30141
6325	8697	8698	7875	9560	7169	10373	6763	10875	6419	11320
9009	2715	2715	2264	3206	1894	3684	1688	3985	1518	4257
9006	3439	3439	2929	3989	2505	4520	2268	4853	2071	5152
6225	20775	20775	19493	22098	18373	23324	17719	24074	17160	24735
9018	12821	12820	11818	13864	10950	14839	10446	15438	10018	15969
5425	64160	64161	61892	66470	59883	68585	58698	69866	57677	70989
5305	31040	31040	29468	32652	28087	34139	27277	35045	26583	35842
5426	19437	19437	18197	20717	17116	21905	16485	22632	15946	23273
6226	7980	7980	7193	8807	6519	9588	6132	10070	5805	10499
6126	3659	3659	3133	4226	2694	4772	2447	5114	2242	5421
6224	8408	8409	7600	9258	6907	10057	6508	10552	6172	10991
6216	11063	11064	10133	12034	9330	12944	8866	13503	8472	14000
6316	25365	25366	23946	26825	22703	28174	21976	28998	21353	29723
6215	21212	21213	19916	22549	18784	23788	18123	24545	17558	25212
5100	1886	1887	1514	2299	1214	2706	1050	2965	918	3200
6213	16151	16150	15023	17320	14042	18408	13471	19074	12984	19663
9005	683	683	467	940	308	1206	228	1381	169	1543
6124	14000	14000	12951	15090	12042	16106	11513	16730	11064	17282
6125	12427	12426	11440	13455	10586	14415	10091	15006	9670	15529
6214	31698	31699	30109	33327	28713	34829	27894	35744	27192	36549
5415	63336	63337	61082	65630	59087	67732	57909	69005	56895	70121
5205	45842	45843	43928	47798	42239	49594	41244	50684	40389	51641
9916	2659	2659	2213	3145	1847	3618	1644	3917	1477	4187
9913	6432	6433	5728	7177	5128	7883	4786	8322	4497	8712
9915	3604	3605	3082	4167	2647	4709	2402	5049	2199	5354
4606	3716	3716	3185	4287	2743	4837	2493	5181	2287	5490
6115	9643	9644	8776	10551	8030	11404	7600	11930	7236	12397
4820	6500	6500	5792	7249	5189	7958	4844	8399	4554	8791
9017	396	396	236	596	128	811	79	956	46	1091
6123	73349	73350	70922	75817	68771	78074	67500	79441	66405	80638
6114	24105	24106	22723	25529	21512	26846	20804	27650	20198	28358
4607	8297	8298	7495	9141	6807	9936	6411	10427	6076	10864
6505	3655	3655	3129	4222	2690	4767	2444	5109	2239	5416
5020	9182	9183	8337	10069	7610	10902	7191	11416	6837	11873
6113	44760	44761	42869	46692	41200	48468	40217	49546	39373	50492
5010	17223	17224	16057	18429	15043	19551	14451	20238	13947	20844
6020	75172	75174	72715	77671	70537	79955	69249	81338	68140	82550
4900	91593	91595	88879	94349	86469	96865	85043	98387	83813	99719
6010	139667	139669	136310	143065	133321	146160	131549	148027	130019	149660
4400	11321	11322	10380	12303	9567	13223	9097	13788	8698	14290
9900	2158	2159	1759	2599	1434	3030	1256	3304	1110	3552
9904	7470	7470	6709	8271	6059	9028	5686	9496	5371	9913
9902	31974	31975	30378	33610	28976	35119	28153	36038	27448	36845
4810	8483	8484	7671	9336	6975	10139	6574	10635	6236	11076
5720	15336	15335	14237	16475	13282	17536	12727	18187	12254	18762
9901	6844	6845	6117	7612	5497	8339	5142	8790	4843	9191
5826	10159	10159	9268	11090	8501	11964	8058	12502	7683	12980
5825	57709	57710	55559	59901	53657	61909	52535	63127	51569	64194
5925	24050	24051	22669	25472	21460	26788	20753	27590	20148	28298
9015	2136	2136	1739	2574	1416	3004	1239	3276	1094	3523
4506	32291	32292	30688	33936	29279	35452	28451	36375	27742	37186
4605	38818	38819	37057	40619	35507	42275	34596	43283	33813	44167
9002	10693	10694	9779	11648	8991	12543	8535	13094	8149	13583
4226	3995	3995	3444	4586	2983	5154	2723	5509	2506	5828
4505	1655	1655	1307	2043	1030	2427	879	2673	758	2896
4225	3384	3384	2879	3930	2459	4457	2223	4788	2028	5085
5716	11101	11102	10170	12074	9365	12985	8900	13546	8505	14043
5916	9819	9819	8944	10735	8191	11595	7756	12125	7388	12595
4300	32440	32441	30833	34088	29420	35608	28591	36532	27880	37346
5815	30938	30939	29369	32548	27991	34033	27182	34937	26489	35733
9004	7102	7102	6361	7884	5728	8623	5366	9081	5060	9489
5715	2392	2392	1970	2854	1625	3305	1435	3591	1279	3849
3330	2794	2794	2337	3292	1960	3776	1750	4081	1578	4356
6506	12982	12981	11973	14032	11099	15013	10592	15615	10161	16149
5915	6878	6878	6149	7648	5527	8376	5171	8828	4871	9230
3905	23675	23676	22305	25086	21106	26392	20404	27189	19804	27891
4130	30698	30699	29135	32302	27762	33781	26957	34682	26267	35475
6930	4193	4194	3628	4799	3155	5379	2887	5742	2664	6067
3825	9312	9312	8460	10204	7728	11043	7306	11560	6949	12020
4120	5182	5183	4552	5853	4020	6493	3717	6891	3463	7247
3816	4907	4907	4294	5561	3778	6184	3484	6573	3239	6920
4210	7630	7631	6861	8440	6204	9204	5826	9677	5507	10098
9016	2303	2303	1890	2757	1552	3201	1367	3482	1215	3737
4005	2568	2568	2130	3046	1771	3512	1572	3806	1409	4072
4230	2330	2331	1915	2787	1575	3233	1388	3516	1235	3772
3815	14483	14482	13416	15591	12489	16623	11951	17257	11493	17818
3705	45552	45553	43644	47501	41960	49292	40968	50379	40116	51333
3900	44738	44739	42847	46670	41179	48445	40197	49522	39353	50469
4110	38417	38418	36666	40209	35124	41857	34217	42859	33439	43740
3416	3316	3316	2816	3857	2401	4379	2168	4707	1976	5002
3413	1852	1852	1483	2261	1186	2665	1025	2922	894	3155
3706	4589	4590	3997	5222	3499	5827	3217	6204	2982	6542
3600	80379	80380	77837	82962	75583	85322	74250	86751	73102	88002
3415	5293	5293	4656	5971	4117	6616	3810	7018	3554	7377
3320	7655	7656	6885	8467	6226	9232	5848	9706	5529	10127
3505	34065	34066	32417	35753	30968	37309	30117	38255	29387	39087
3414	3363	3363	2859	3907	2441	4433	2206	4763	2012	5059
6900	2269	2270	1859	2720	1525	3161	1341	3441	1190	3694
2940	4814	4814	4207	5461	3696	6079	3406	6465	3163	6810
2216	5107	5108	4482	5774	3954	6409	3653	6805	3402	7158
3046	12125	12125	11151	13141	10308	14091	9819	14675	9405	15192
2225	8065	8066	7274	8897	6597	9682	6207	10167	5878	10598
3426	3369	3369	2865	3914	2446	4440	2211	4770	2016	5067
3427	7204	7204	6457	7991	5820	8736	5454	9197	5146	9607
3045	4799	4799	4193	5445	3683	6062	3393	6447	3151	6792
3310	6963	6963	6229	7737	5603	8470	5245	8924	4943	9328
3030	12047	12046	11075	13059	10235	14006	9749	14588	9335	15104
3130	31244	31244	29667	32861	28281	34353	27468	35262	26771	36061
3010	13078	13077	12065	14131	11187	15116	10678	15720	10245	16255
3020	24558	24559	23162	25994	21940	27323	21225	28134	20613	28848
3425	3762	3763	3229	4337	2783	4890	2532	5236	2323	5547
2100	2875	2876	2411	3380	2028	3870	1815	4179	1639	4457
1606	4018	4018	3465	4611	3003	5180	2742	5537	2525	5856
2215	8464	8464	7653	9316	6958	10118	6557	10614	6219	11054
1720	7709	7709	6936	8523	6275	9291	5895	9766	5574	10189
3120	20688	20689	19409	22008	18291	23232	17639	23981	17081	24640
1900	20254	20254	18988	21560	17883	22772	17238	23513	16687	24166
3110	3924	3924	3378	4510	2921	5073	2664	5426	2450	5742
3200	9133	9133	8290	10017	7565	10848	7148	11361	6794	11817
1605	9648	9649	8781	10557	8035	11409	7604	11935	7240	12402
2000	16681	16682	15535	17869	14537	18974	13956	19650	13460	20248
1820	44866	44868	42973	46801	41302	48578	40318	49658	39473	50605
1200	8281	8282	7479	9124	6792	9918	6397	10409	6063	10845
1710	15346	15345	14247	16486	13292	17547	12736	18198	12263	18773
1810	21422	21423	20120	22766	18982	24010	18317	24771	17749	25441
900	13569	13569	12537	14642	11642	15644	11123	16259	10681	16803
806	5469	5469	4821	6157	4272	6813	3960	7220	3698	7584
1506	5768	5768	5102	6475	4537	7146	4215	7564	3945	7936
1410	18551	18552	17341	19803	16286	20965	15670	21676	15145	22303
1505	8136	8136	7341	8972	6660	9759	6269	10246	5938	10679
1330	6693	6693	5974	7453	5361	8172	5011	8618	4716	9015
1000	2225	2225	1819	2671	1488	3108	1306	3386	1158	3637
1320	6242	6243	5549	6977	4959	7673	4622	8105	4339	8491
1420	24182	24183	22797	25608	21585	26927	20875	27732	20268	28441
1130	4594	4595	4002	5227	3504	5832	3221	6210	2986	6548
1116	11346	11347	10404	12329	9591	13250	9120	13816	8720	14318
1310	7164	7164	6419	7949	5784	8691	5419	9151	5112	9560
805	6107	6107	5421	6833	4838	7523	4505	7951	4226	8333
1115	5515	5516	4864	6207	4313	6865	3999	7274	3736	7639
205	15232	15231	14137	16368	13186	17425	12633	18074	12161	18648
136	4700	4700	4100	5340	3596	5951	3310	6332	3071	6674
1120	18288	18288	17086	19530	16039	20684	15428	21391	14907	22014
705	6020	6020	5339	6741	4761	7426	4431	7852	4154	8231
120	1861	1861	1491	2271	1194	2676	1031	2933	900	3167
325	7545	7546	6781	8351	6127	9111	5752	9582	5435	10001
135	3568	3568	3048	4128	2616	4667	2372	5006	2171	5310
706	4334	4334	3759	4949	3277	5539	3004	5907	2777	6237
206	10611	10611	9700	11562	8915	12454	8461	13003	8076	13490
2910	1343	1343	1032	1695	787	2046	657	2272	553	2478
315	8177	8178	7381	9015	6698	9804	6305	10292	5974	10726
2935	23039	23039	21687	24431	20505	25719	19814	26506	19223	27200
605	5605	5606	4949	6302	4393	6965	4076	7377	3810	7745
606	5328	5328	4689	6008	4148	6656	3840	7059	3583	7419
506	10661	10661	9748	11614	8961	12508	8506	13059	8120	13547
110	1651	1651	1304	2038	1027	2422	876	2668	756	2891
505	21112	21112	19819	22445	18690	23681	18030	24436	17466	25102
2936	4760	4761	4157	5404	3649	6019	3361	6403	3120	6746
405	5546	5546	4893	6239	4340	6898	4025	7309	3761	7675
2926	3557	3557	3038	4116	2606	4655	2363	4993	2162	5296
2925	2826	2826	2366	3326	1986	3812	1775	4119	1601	4395
2927	2631	2631	2187	3114	1823	3585	1621	3883	1455	4151
