faz_id mean median lower_50 upper_50 lower_80 upper_80 lower_90 upper_90 lower_95 upper_95
8935	12849	12850	11688	14065	10689	15207	10113	15912	9625	16537
8927	5791	5791	5021	6616	4374	7407	4008	7901	3703	8343
8926	15373	15374	14100	16701	13001	17943	12365	18708	11825	19386
8936	18782	18783	17372	20246	16150	21612	15440	22451	14836	23193
8500	19904	19905	18452	21411	17192	22815	16459	23676	15835	24438
8406	1842	1842	1419	2320	1086	2797	908	3103	766	3383
8320	13037	13038	11867	14262	10861	15412	10280	16121	9788	16751
8925	15955	15956	14658	17307	13537	18572	12888	19349	12336	20038
8937	15358	15359	14086	16685	12988	17927	12352	18691	11812	19369
8405	17581	17582	16218	18999	15038	20323	14353	21136	13771	21856
8310	33065	33066	31186	34999	29540	36788	28577	37880	27753	38841
8910	16856	16857	15522	18245	14368	19543	13699	20340	13130	21047
7905	26631	26632	24947	28370	23478	29982	22620	30969	21888	31839
7606	4772	4772	4075	5524	3495	6248	3169	6703	2898	7111
7805	23454	23455	21876	25087	20501	26605	19700	27535	19017	28356
8220	18773	18774	17364	20237	16142	21603	15432	22441	14828	23183
8000	15250	15251	13983	16572	12888	17810	12255	18572	11717	19247
8906	9261	9262	8279	10298	7442	11278	6963	11886	6559	12427
8210	11490	11491	10394	12641	9453	13725	8912	14395	8454	14990
9020	19578	19579	18138	21073	16889	22466	16163	23321	15544	24076
8125	20188	20189	18726	21705	17456	23119	16717	23986	16088	24752
8126	15014	15015	13757	16326	12671	17555	12043	18312	11511	18982
8905	10325	10326	9287	11418	8399	12449	7889	13088	7459	13655
7806	6737	6737	5904	7625	5201	8472	4801	9000	4467	9472
7700	8814	8815	7857	9826	7042	10784	6576	11379	6184	11909
7526	16264	16265	14954	17629	13822	18905	13166	19690	12608	20385
7340	29589	29590	27813	31420	26260	33116	25353	34152	24577	35066
7605	1999	1999	1558	2495	1207	2989	1019	3306	868	3595
7537	27952	27953	26226	29733	24719	31383	23839	32392	23087	33282
8115	33046	33047	31167	34980	29523	36768	28560	37859	27736	38821
7335	38459	38460	36430	40543	34650	42467	33606	43639	32712	44670
8600	19513	19514	18076	21005	16828	22396	16104	23250	15487	24004
7425	31412	31413	29581	33298	27979	35043	27042	36109	26241	37048
7535	30494	30495	28690	32353	27113	34073	26191	35124	25402	36050
7525	16866	16867	15532	18255	14377	19553	13708	20351	13139	21058
7436	6243	6243	5442	7099	4768	7917	4386	8428	4066	8884
9019	17966	17967	16588	19399	15394	20736	14701	21558	14112	22285
7026	11350	11351	10260	12495	9326	13572	8789	14239	8334	14830
7205	14875	14876	13624	16181	12544	17405	11919	18158	11389	18826
7515	5797	5797	5026	6623	4379	7414	4013	7908	3708	8351
7320	31448	31449	29616	33335	28013	35081	27076	36148	26274	37087
7206	18151	18152	16766	19591	15565	20935	14868	21761	14276	22491
7315	19267	19268	17839	20750	16600	22133	15880	22981	15267	23731
7435	8938	8939	7974	9957	7153	10921	6683	11520	6288	12053
7316	22275	22276	20738	23867	19400	25349	18621	26256	17957	27058
7025	23293	23294	21720	24921	20351	26434	19553	27360	18872	28179
7415	13053	13054	11883	14278	10875	15429	10294	16139	9802	16769
7100	29747	29748	27966	31583	26409	33283	25499	34322	24721	35238
7015	18871	18872	17458	20339	16233	21708	15521	22548	14915	23292
9908	3882	3882	3256	4563	2740	5223	2452	5639	2215	6014
6410	44510	44511	42325	46750	40405	48814	39277	50070	38310	51175
6420	39948	39949	37880	42071	36064	44030	34999	45224	34087	46274
5535	31647	31648	29809	33540	28201	35292	27260	36361	26456	37303
5600	17238	17239	15889	18642	14721	19954	14043	20760	13467	21473
5546	19524	19525	18086	21017	16839	22408	16113	23262	15496	24016
4706	14923	14924	13670	16231	12588	17457	11962	18211	11431	18880
6605	12843	12844	11682	14059	10684	15201	10108	15905	9620	16531
6910	5065	5065	4346	5839	3746	6583	3408	7049	3128	7467
6606	6098	6098	5307	6944	4641	7754	4264	8259	3950	8711
9909	5952	5952	5171	6788	4514	7589	4142	8089	3832	8537
9011	10825	10826	9762	11943	8851	12998	8327	13650	7885	14229
5525	16111	16112	14808	17469	13681	18740	13028	19521	12474	20213
5515	30406	30407	28605	32262	27030	33980	26109	35030	25322	35955
6326	24836	24837	23211	26516	21795	28076	20969	29031	20264	29873
9914	20377	20378	18908	21901	17632	23321	16889	24192	16257	24962
5545	17593	17594	16230	19011	15049	20336	14364	21149	13781	21869
6223	29547	29548	27772	31377	26221	33072	25314	34107	24539	35020
5306	25112	25113	23478	26801	22053	28369	21222	29329	20513	30176
6325	37338	37339	35339	39392	33586	41288	32559	42444	31679	43462
9009	5513	5513	4762	6319	4133	7092	3777	7576	3482	8009
9006	12781	12782	11623	13994	10627	15133	10053	15836	9567	16460
6225	21530	21531	20019	23096	18705	24553	17940	25447	17289	26236
9018	20990	20991	19498	22537	18202	23977	17448	24859	16805	25640
5425	42921	42922	40776	45121	38892	47149	37785	48384	36837	49470
5305	30021	30022	28232	31865	26667	33573	25753	34616	24971	35536
5426	23122	23123	21555	24744	20191	26252	19396	27175	18718	27990
6226	33466	33467	31575	35412	29920	37211	28950	38309	28121	39276
6126	13966	13967	12754	15233	11710	16420	11107	17152	10595	17801
6224	23846	23847	22254	25493	20868	27023	20060	27959	19370	28786
6216	16666	16667	15340	18047	14193	19338	13527	20132	12962	20834
6316	30861	30862	29046	32731	27459	34461	26531	35518	25737	36449
6215	24174	24175	22571	25832	21175	27372	20361	28315	19666	29147
5100	8655	8656	7707	9658	6900	10608	6439	11198	6051	11724
6213	19500	19501	18063	20992	16816	22382	16092	23235	15475	23990
9005	5955	5955	5173	6792	4516	7592	4145	8092	3835	8540
6124	27617	27618	25902	29387	24404	31028	23530	32031	22783	32916
6125	10589	10590	9537	11695	8638	12739	8120	13385	7684	13959
6214	376	376	200	607	89	862	44	1036	17	1200
5415	15515	15516	14236	16849	13132	18097	12493	18865	11950	19545
5205	13362	13363	12177	14602	11158	15765	10569	16482	10070	17119
9916	17126	17127	15781	18526	14617	19833	13942	20637	13368	21348
9913	7303	7303	6434	8227	5699	9105	5281	9652	4930	10141
9915	23022	23023	21459	24640	20098	26145	19305	27067	18628	27880
4606	28041	28042	26313	29824	24803	31477	23921	32488	23168	33379
6115	24093	24094	22493	25748	21099	27286	20286	28227	19593	29058
4820	8453	8454	7516	9445	6720	10385	6265	10968	5882	11488
9017	3848	3848	3225	4526	2711	5184	2425	5598	2189	5972
6123	21084	21085	19589	22634	18290	24077	17533	24962	16889	25743
6114	36512	36513	34536	38543	32803	40419	31788	41563	30919	42570
4607	29949	29950	28162	31791	26599	33497	25686	34539	24905	35458
6505	14540	14541	13303	15832	12236	17042	11619	17788	11096	18449
5020	26402	26403	24726	28133	23263	29739	22409	30722	21680	31588
6113	43876	43877	41707	46100	39801	48150	38682	49397	37722	50495
5010	20440	20441	18968	21967	17690	23388	16947	24261	16314	25031
6020	23651	23652	22066	25291	20685	26815	19881	27748	19195	28572
4900	14112	14113	12894	15385	11844	16579	11237	17314	10723	17966
6010	15905	15906	14610	17255	13491	18518	12843	19294	12292	19982
4400	24774	24775	23151	26452	21737	28010	20912	28964	20208	29805
9900	10635	10636	9581	11744	8679	12789	8161	13436	7723	14012
9904	13919	13920	12709	15184	11667	16369	11065	17100	10554	17748
9902	31280	31281	29453	33162	27855	34904	26920	35967	26120	36905
4810	10883	10884	9817	12004	8903	13061	8378	13715	7935	14296
5720	39909	39910	37842	42031	36027	43989	34963	45182	34051	46232
9901	9149	9150	8174	10179	7342	11154	6866	11759	6465	12298
5826	6594	6594	5770	7473	5075	8312	4680	8835	4351	9302
5825	3527	3527	2932	4177	2443	4810	2171	5210	1949	5570
5925	26691	26692	25005	28432	23534	30046	22676	31033	21942	31904
9015	15663	15664	14378	17003	13268	18256	12625	19028	12080	19711
4506	18453	18454	17056	19905	15845	21259	15142	22091	14544	22827
4605	27036	27037	25339	28788	23858	30412	22994	31405	22255	32281
9002	38204	38205	36182	40281	34408	42199	33368	43367	32477	44396
4226	18720	18721	17313	20182	16093	21546	15384	22383	14781	23124
4505	17147	17148	15801	18548	14637	19856	13961	20660	13387	21372
4225	18798	18799	17388	20263	16165	21630	15455	22469	14850	23211
5716	26286	26287	24613	28013	23154	29616	22303	30597	21575	31461
5916	37629	37630	35622	39690	33862	41594	32831	42754	31947	43776
4300	12091	12092	10966	13271	9999	14382	9442	15067	8971	15676
5815	5132	5132	4408	5911	3804	6659	3463	7128	3180	7549
9004	19538	19539	18100	21031	16852	22423	16126	23277	15509	24032
5715	18450	18451	17053	19902	15842	21256	15139	22088	14541	22824
3330	14776	14777	13529	16078	12453	17298	11830	18049	11302	18714
6506	16513	16514	15193	17888	14051	19173	13390	19964	12828	20663
5915	20900	20901	19412	22443	18118	23880	17366	24761	16725	25540
3905	11254	11255	10169	12394	9239	13467	8704	14131	8252	14721
4130	19290	19291	17861	20774	16621	22157	15901	23006	15288	23757
6930	10931	10932	9862	12055	8947	13114	8420	13769	7976	14351
3825	21889	21890	20365	23468	19040	24937	18268	25837	17611	26632
4120	21175	21176	19677	22728	18374	24174	17616	25061	16971	25844
3816	25797	25798	24140	27509	22695	29097	21852	30069	21133	30926
4210	27634	27635	25918	29405	24420	31046	23545	32050	22798	32935
9016	13753	13754	12551	15010	11515	16189	10917	16916	10410	17561
4005	15896	15897	14601	17245	13483	18508	12835	19285	12284	19972
4230	12331	12332	11194	13523	10217	14643	9654	15335	9178	15949
3815	20998	20999	19506	22545	18209	23985	17455	24868	16812	25648
3705	33018	33019	31140	34951	29496	36739	28534	37829	27710	38790
3900	6556	6556	5734	7432	5042	8269	4648	8791	4320	9257
4110	20859	20860	19372	22401	18080	23837	17328	24717	16688	25495
3416	24890	24891	23263	26572	21845	28133	21018	29089	20312	29932
3413	10504	10505	9457	11606	8561	12646	8046	13289	7612	13861
3706	18735	18736	17327	20198	16107	21562	15397	22400	14794	23140
3600	22281	22282	20743	23874	19406	25355	18626	26263	17962	27064
3415	29544	29545	27769	31374	26218	33069	25311	34104	24536	35017
3320	31222	31223	29397	33102	27800	34843	26866	35905	26067	36842
3505	43797	43798	41630	46019	39726	48067	38608	49314	37649	50410
3414	28900	28901	27145	30710	25611	32387	24715	33412	23949	34315
6900	8909	8910	7947	9926	7127	10889	6658	11487	6264	12019
2940	18822	18823	17411	20288	16187	21655	15476	22495	14872	23237
2216	20703	20704	19222	22239	17935	23670	17186	24547	16549	25322
3046	24412	24413	22801	26078	21398	27625	20579	28572	19881	29408
2225	17101	17102	15757	18500	14594	19806	13920	20610	13346	21320
3426	23459	23460	21880	25092	20506	26611	19705	27540	19022	28361
3427	25080	25081	23447	26768	22023	28335	21193	29294	20484	30141
3045	29793	29794	28011	31630	26452	33332	25542	34372	24763	35288
3310	21271	21272	19769	22828	18464	24277	17704	25165	17057	25950
3030	45209	45210	43007	47466	41071	49546	39934	50811	38959	51924
3130	16824	16825	15491	18212	14338	19508	13670	20305	13102	21011
3010	44255	44256	42077	46488	40162	48547	39038	49800	38074	50901
3020	24324	24325	22716	25987	21315	27531	20498	28477	19801	29311
3425	21619	21620	20105	23188	18788	24648	18022	25544	17369	26334
2100	21257	21258	19756	22813	18451	24262	17691	25150	17044	25935
1606	13372	13373	12187	14612	11167	15776	10578	16493	10079	17130
2215	19043	19044	17624	20517	16392	21892	15677	22736	15068	23483
1720	27377	27378	25670	29139	24179	30774	23308	31773	22565	32654
3120	24697	24698	23077	26372	21664	27928	20841	28880	20138	29721
1900	952	952	656	1303	436	1666	326	1905	244	2125
3110	9812	9813	8801	10878	7937	11885	7442	12509	7024	13064
3200	22014	22015	20486	23597	19156	25070	18382	25973	17723	26770
1605	17711	17712	16343	19134	15158	20462	14470	21279	13886	22001
2000	13190	13191	12013	14422	11001	15578	10416	16291	9921	16924
1820	7728	7729	6834	8677	6075	9579	5643	10140	5280	10641
1200	18971	18972	17554	20443	16325	21815	15611	22658	15004	23403
1710	22683	22684	21131	24290	19781	25784	18994	26699	18324	27507
1810	3733	3733	3120	4401	2615	5050	2334	5459	2103	5828
900	11088	11089	10011	12220	9089	13286	8558	13945	8110	14531
806	34855	34856	32925	36840	31234	38675	30243	39794	29395	40779
1506	23932	23933	22337	25582	20948	27114	20139	28053	19448	28881
1410	11720	11721	10612	12883	9662	13977	9114	14653	8652	15253
1505	22187	22188	20653	23776	19318	25255	18541	26161	17878	26961
1330	23063	23064	21498	24683	20136	26189	19342	27111	18665	27925
1000	10088	10089	9062	11169	8186	12189	7682	12821	7258	13383
1320	18521	18522	17121	19975	15908	21332	15204	22166	14604	22903
1420	13435	13436	12247	14678	11224	15844	10634	16563	10134	17201
1130	5945	5945	5164	6781	4508	7581	4136	8081	3827	8528
1116	18789	18790	17379	20254	16157	21620	15446	22459	14842	23201
1310	27704	27705	25986	29477	24486	31120	23610	32125	22862	33011
805	23964	23965	22368	25615	20978	27148	20168	28087	19477	28916
1115	14821	14822	13572	16125	12494	17346	11871	18099	11342	18765
205	13365	13366	12180	14605	11160	15768	10571	16486	10073	17122
136	11567	11568	10467	12722	9523	13810	8980	14482	8520	15078
1120	37146	37147	35153	39194	33404	41086	32380	42239	31502	43254
705	21134	21135	19637	22686	18336	24130	17579	25016	16934	25799
120	12192	12193	11062	13377	10091	14492	9531	15180	9058	15791
325	24386	24387	22776	26051	21373	27597	20555	28544	19857	29379
135	17389	17390	16034	18799	14860	20116	14180	20926	13601	21642
706	13214	13215	12036	14447	11022	15604	10437	16318	9942	16951
206	13709	13710	12509	14964	11475	16142	10878	16867	10372	17511
2910	3842	3842	3220	4519	2706	5177	2420	5591	2185	5964
315	14950	14951	13695	16260	12613	17486	11986	18241	11455	18910
2935	7895	7896	6991	8854	6224	9765	5786	10331	5418	10836
605	24224	24225	22620	25883	21222	27425	20406	28369	19711	29202
606	25471	25472	23825	27172	22390	28751	21552	29717	20838	30569
506	28664	28665	26916	30467	25389	32137	24497	33158	23735	34058
110	5064	5064	4345	5838	3745	6581	3407	7048	3127	7466
505	51341	51342	48993	53744	46925	55956	45709	57300	44665	58482
2936	6753	6753	5919	7642	5215	8490	4815	9019	4480	9491
405	26882	26883	25190	28629	23714	30249	22852	31239	22116	32113
2926	25552	25553	23903	27256	22466	28837	21627	29804	20911	30658
2925	16125	16126	14821	17484	13694	18755	13040	19537	12486	20229
2927	7887	7888	6983	8846	6216	9756	5779	10322	5412	10827
