faz_id mean median lower_50 upper_50 lower_80 upper_80 lower_90 upper_90 lower_95 upper_95
8935	14696	14697	13111	16371	11762	17957	10989	18941	10339	19817
8927	6589	6590	5543	7725	4678	8826	4196	9520	3798	10144
8926	18235	18236	16465	20096	14948	21849	14075	22933	13338	23896
8936	20438	20439	18561	22405	16948	24254	16018	25396	15231	26409
8500	22733	22734	20751	24805	19044	26749	18057	27947	17221	29009
8406	2792	2792	2127	3548	1605	4305	1328	4794	1108	5240
8320	14423	14424	12854	16083	11518	17655	10753	18631	10110	19500
8925	19059	19060	17248	20960	15695	22750	14800	23856	14044	24838
8937	21108	21109	19200	23106	17559	24984	16612	26142	15811	27169
8405	21795	21796	19855	23825	18186	25731	17222	26906	16406	27948
8310	35614	35615	33122	38196	30955	40599	29694	42072	28619	43373
8910	20353	20354	18480	22316	16871	24162	15943	25301	15158	26312
7905	30190	30191	27899	32571	25913	34793	24760	36157	23780	37364
7606	5671	5672	4704	6729	3910	7758	3470	8410	3109	8997
7805	27211	27212	25038	29474	23159	31589	22070	32890	21145	34041
8220	21520	21521	19593	23537	17935	25432	16978	26600	16167	27637
8000	16201	16202	14535	17957	13112	19617	12295	20644	11607	21559
8906	10137	10138	8829	11536	7728	12873	7104	13708	6583	14455
8210	15615	15616	13980	17340	12585	18971	11786	19982	11112	20882
9020	22744	22745	20762	24817	19054	26761	18067	27959	17231	29021
8125	21487	21488	19561	23503	17905	25396	16948	26563	16139	27599
8126	17914	17915	16160	19759	14657	21497	13793	22573	13064	23528
8905	11328	11329	9942	12804	8772	14211	8106	15088	7549	15871
7806	9075	9076	7839	10401	6804	11672	6220	12468	5733	13181
7700	8814	8815	7597	10121	6578	11376	6004	12162	5526	12866
7526	16829	16830	15130	18618	13677	20307	12843	21352	12140	22282
7340	31597	31598	29252	34032	27218	36302	26036	37696	25030	38928
7605	2108	2108	1536	2770	1098	3444	871	3883	695	4285
7537	29261	29262	27006	31606	25053	33795	23920	35140	22956	36330
8115	36004	36005	33498	38600	31319	41016	30050	42496	28969	43804
7335	41523	41524	38829	44308	36479	46893	35109	48475	33939	49871
8600	21753	21754	19815	23781	18148	25685	17185	26859	16369	27901
7425	34403	34404	31955	36942	29827	39306	28589	40755	27534	42036
7535	33063	33064	30664	35553	28580	37872	27368	39295	26337	40553
7525	19606	19607	17769	21534	16191	23347	15283	24467	14514	25462
7436	6548	6549	5505	7681	4644	8779	4163	9471	3767	10093
9019	20883	20884	18985	22871	17354	24739	16412	25891	15616	26914
7026	11551	11552	10151	13041	8968	14460	8295	15345	7732	16134
7205	15982	15983	14328	17727	12915	19376	12105	20397	11422	21306
7515	6231	6232	5215	7337	4377	8411	3911	9089	3527	9699
7320	33679	33680	31257	36191	29153	38532	27929	39967	26887	41235
7206	19270	19271	17449	21181	15886	22980	14986	24092	14225	25079
7315	21979	21980	20031	24017	18354	25930	17386	27110	16566	28156
7435	9570	9571	8300	10930	7234	12233	6631	13047	6128	13776
7316	23605	23606	21585	25716	19842	27694	18835	28913	17981	29993
7025	24204	24205	22158	26341	20392	28343	19371	29575	18504	30668
7415	14864	14865	13270	16548	11912	18143	11134	19131	10480	20012
7100	32936	32937	30541	35421	28462	37737	27253	39157	26224	40412
7015	19633	19634	17794	21562	16216	23377	15307	24497	14538	25492
9908	3882	3882	3090	4765	2453	5637	2107	6194	1828	6700
6410	55681	55683	52554	58899	49815	61874	48211	63689	46839	65287
6420	48518	48520	45602	51525	43053	54310	41563	56011	40289	57511
5535	36778	36779	34245	39401	32041	41842	30757	43336	29663	44657
5600	18866	18867	17065	20758	15520	22539	14630	23640	13879	24617
5546	21670	21671	19736	23694	18072	25595	17111	26767	16297	27807
4706	15584	15585	13951	17308	12557	18937	11759	19947	11086	20846
6605	14642	14643	13060	16314	11713	17897	10942	18879	10294	19754
6910	6442	6443	5408	7566	4554	8656	4079	9343	3686	9962
6606	7453	7454	6338	8659	5410	9822	4891	10553	4460	11210
9909	7471	7472	6354	8678	5426	9843	4905	10575	4474	11232
9011	13163	13164	11666	14751	10395	16258	9669	17195	9060	18030
5525	17126	17127	15412	18931	13945	20633	13103	21687	12392	22624
5515	31950	31951	29592	34398	27546	36681	26357	38081	25345	39319
6326	25772	25773	23659	27975	21833	30037	20776	31306	19878	32430
9914	22485	22486	20514	24546	18817	26480	17836	27672	17005	28729
5545	18977	18978	17170	20874	15620	22660	14728	23764	13974	24744
6223	30646	30647	28338	33045	26336	35282	25174	36656	24185	37871
5306	26220	26221	24088	28442	22246	30521	21178	31800	20272	32932
6325	37782	37783	35214	40440	32978	42912	31676	44426	30566	45762
9009	6049	6050	5049	7140	4225	8200	3767	8869	3391	9471
9006	15457	15458	13831	17174	12443	18797	11648	19803	10979	20699
6225	23063	23064	21066	25150	19346	27107	18351	28313	17508	29382
9018	23634	23635	21612	25746	19869	27725	18861	28945	18006	30026
5425	46318	46320	43470	49257	40982	51980	39529	53645	38287	55113
5305	30895	30896	28577	33303	26567	35550	25399	36929	24406	38148
5426	24411	24412	22356	26557	20582	28567	19556	29804	18685	30901
6226	34043	34044	31608	36569	29492	38921	28261	40363	27212	41638
6126	14134	14135	12581	15778	11259	17335	10504	18302	9869	19163
6224	24029	24030	21990	26158	20231	28153	19214	29382	18351	30471
6216	16693	16694	15001	18475	13555	20158	12725	21199	12024	22126
6316	31058	31059	28734	33473	26718	35724	25547	37107	24551	38329
6215	24548	24549	22487	26700	20708	28715	19678	29955	18805	31055
5100	8665	8666	7459	9962	6450	11207	5881	11987	5408	12686
6213	19951	19952	18097	21895	16505	23723	15587	24852	14811	25855
9005	7379	7380	6269	8579	5347	9737	4831	10465	4403	11119
6124	27985	27986	25781	30279	23874	32423	22767	33740	21828	34907
6125	10749	10750	9400	12188	8263	13561	7618	14418	7078	15184
6214	397	397	174	710	51	1069	12	1319	0	1558
5415	17143	17144	15428	18948	13961	20652	13118	21706	12407	22643
5205	14486	14487	12913	16149	11574	17725	10808	18702	10163	19573
9916	19432	19433	17603	21351	16033	23157	15129	24273	14365	25263
9913	7587	7588	6461	8803	5525	9976	4999	10713	4564	11374
9915	27125	27126	24956	29384	23080	31497	21992	32795	21069	33945
4606	30868	30869	28551	33275	26542	35521	25375	36899	24382	38118
6115	24500	24501	22441	26650	20664	28663	19635	29902	18763	31001
4820	8601	8602	7399	9893	6394	11134	5828	11912	5358	12608
9017	4379	4379	3535	5314	2851	6233	2478	6818	2174	7348
6123	22564	22565	20590	24629	18889	26566	17906	27759	17074	28818
6114	37532	37533	34973	40182	32745	42646	31447	44155	30341	45487
4607	33647	33648	31226	36158	29123	38497	27900	39932	26858	41200
6505	15059	15060	13454	16754	12087	18358	11303	19353	10644	20238
5020	28024	28025	25819	30320	23910	32465	22803	33783	21862	34950
6113	45568	45570	42743	48483	40277	51186	38836	52838	37605	54295
5010	20871	20872	18974	22858	17343	24726	16402	25878	15606	26901
6020	26302	26303	24167	28528	22321	30609	21252	31890	20344	33024
4900	23548	23549	21530	25656	19790	27632	18784	28850	17931	29929
6010	17245	17246	15525	19056	14053	20764	13207	21821	12494	22761
4400	24594	24595	22531	26748	20750	28764	19720	30006	18846	31107
9900	11716	11717	10306	13216	9113	14645	8435	15535	7867	16329
9904	15135	15136	13526	16834	12155	18442	11369	19439	10708	20326
9902	32700	32701	30314	35176	28243	37484	27038	38900	26013	40151
4810	11281	11282	9898	12754	8730	14158	8067	15033	7511	15815
5720	40619	40620	37955	43374	35632	45932	34278	47498	33122	48880
9901	11183	11184	9806	12650	8644	14048	7984	14920	7431	15699
5826	6982	6983	5904	8151	5010	9280	4510	9991	4098	10630
5825	3620	3620	2856	4474	2246	5321	1916	5862	1650	6354
5925	27806	27807	25609	30093	23708	32230	22606	33544	21669	34707
9015	17111	17112	15398	18915	13932	20617	13090	21670	12380	22607
4506	19473	19474	17642	21394	16071	23202	15165	24319	14400	25310
4605	28874	28875	26635	31204	24695	33379	23570	34716	22613	35899
9002	44033	44035	41257	46899	38834	49558	37420	51184	36212	52618
4226	20199	20200	18333	22155	16731	23994	15807	25129	15025	26137
4505	17552	17553	15816	19378	14330	21100	13476	22166	12755	23113
4225	20322	20323	18451	22284	16843	24128	15916	25266	15131	26277
5716	27261	27262	25086	29526	23205	31643	22115	32945	21189	34097
5916	38831	38832	36227	41525	33959	44029	32637	45563	31510	46916
4300	12971	12972	11485	14547	10224	16044	9505	16975	8901	17805
5815	5406	5407	4463	6440	3690	7448	3264	8086	2914	8662
9004	23016	23017	21022	25101	19303	27056	18309	28260	17467	29329
5715	18474	18475	16692	20347	15164	22110	14285	23201	13543	24169
3330	16996	16997	15288	18794	13828	20490	12989	21541	12282	22474
6506	18352	18353	16576	20218	15054	21977	14178	23064	13438	24030
5915	21405	21406	19483	23417	17830	25307	16876	26472	16068	27506
3905	11953	11954	10528	13468	9323	14910	8636	15808	8061	16609
4130	19902	19903	18051	21844	16460	23670	15544	24798	14769	25799
6930	10981	10982	9617	12435	8467	13822	7813	14687	7267	15459
3825	23084	23085	21087	25172	19365	27129	18370	28336	17527	29405
4120	22211	22212	20253	24260	18566	26182	17592	27368	16767	28419
3816	26857	26858	24699	29105	22833	31208	21751	32501	20833	33645
4210	30408	30409	28109	32798	26115	35027	24958	36396	23973	37607
9016	16712	16713	15019	18495	13572	20178	12741	21221	12040	22148
4005	17745	17746	15999	19581	14504	21312	13645	22383	12920	23334
4230	13638	13639	12113	15253	10817	16785	10077	17737	9455	18585
3815	21324	21325	19406	23332	17756	25219	16804	26382	15998	27414
3705	34542	34543	32088	37086	29956	39454	28716	40906	27659	42189
3900	7867	7868	6720	9105	5764	10297	5227	11045	4782	11716
4110	23887	23888	21854	26010	20101	27999	19087	29225	18227	30311
3416	26448	26449	24307	28680	22456	30767	21383	32051	20473	33187
3413	12137	12138	10701	13663	9485	15115	8793	16019	8212	16826
3706	19250	19251	17430	21161	15868	22958	14969	24069	14208	25056
3600	24252	24253	22203	26391	20436	28394	19413	29628	18546	30722
3415	32721	32722	30334	35198	28262	37506	27057	38922	26032	40174
3320	33014	33015	30616	35502	28534	37820	27324	39242	26293	40499
3505	46663	46665	43804	49612	41307	52346	39847	54016	38601	55489
3414	29850	29851	27572	32218	25599	34428	24453	35785	23478	36986
6900	10560	10561	9224	11987	8097	13349	7459	14199	6925	14959
2940	24230	24231	22182	26368	20416	28371	19394	29604	18527	30697
2216	22645	22646	20667	24713	18963	26653	17979	27849	17144	28910
3046	25416	25417	23318	27605	21506	29653	20456	30913	19566	32030
2225	20729	20730	18839	22710	17213	24571	16276	25720	15483	26739
3426	25814	25815	23699	28019	21872	30083	20814	31352	19915	32477
3427	26597	26598	24450	28835	22593	30927	21517	32215	20604	33354
3045	31621	31622	29275	34057	27240	36328	26058	37722	25052	38954
3310	28653	28654	26422	30974	24491	33142	23370	34473	22418	35652
3030	52808	52810	49764	55943	47099	58843	45540	60614	44207	62173
3130	17878	17879	16126	19721	14625	21458	13762	22532	13033	23487
3010	47418	47420	44536	50391	42017	53145	40545	54829	39288	56312
3020	25757	25758	23645	27960	21819	30021	20762	31289	19865	32413
3425	24471	24472	22413	26619	20637	28631	19609	29870	18738	30968
2100	22265	22266	20304	24316	18615	26241	17640	27428	16814	28480
1606	13841	13842	12304	15468	10998	17010	10251	17968	9624	18822
2215	20271	20272	18402	22230	16796	24072	15870	25209	15087	26219
1720	29793	29794	27518	32159	25546	34367	24401	35723	23428	36922
3120	26685	26686	24534	28926	22674	31022	21596	32311	20681	33453
1900	968	968	595	1431	336	1926	217	2257	134	2566
3110	10013	10014	8713	11403	7619	12733	7000	13564	6483	14307
3200	24065	24066	22025	26196	20264	28192	19246	29422	18383	30511
1605	18082	18083	16319	19935	14809	21681	13941	22761	13207	23721
2000	14952	14953	13353	16641	11991	18240	11211	19231	10554	20114
1820	8625	8626	7422	9919	6415	11161	5848	11940	5377	12638
1200	20443	20444	18566	22410	16953	24260	16023	25401	15236	26414
1710	25849	25850	23733	28056	21904	30120	20845	31391	19946	32516
1810	5307	5308	4373	6332	3609	7332	3187	7965	2841	8537
900	12095	12096	10662	13619	9448	15068	8757	15971	8178	16776
806	40411	40412	37754	43159	35438	45711	34087	47273	32935	48651
1506	25273	25274	23181	27455	21374	29498	20328	30756	19440	31870
1410	12706	12707	11236	14267	9989	15750	9278	16672	8682	17494
1505	23112	23113	21113	25201	19391	27160	18395	28367	17551	29437
1330	24001	24002	21963	26129	20206	28123	19189	29351	18327	30439
1000	10377	10378	9053	11792	7937	13143	7305	13987	6777	14741
1320	18462	18463	16680	20334	15153	22097	14275	23187	13532	24156
1420	17879	17880	16127	19722	14626	21459	13763	22533	13034	23488
1130	6992	6993	5913	8161	5019	9292	4519	10003	4105	10643
1116	20339	20340	18467	22302	16858	24146	15931	25285	15146	26296
1310	28110	28111	25901	30409	23989	32557	22880	33878	21938	35046
805	26585	26586	24438	28822	22582	30915	21506	32201	20593	33341
1115	18101	18102	16337	19955	14826	21702	13957	22782	13224	23742
205	13668	13669	12141	15285	10844	16819	10103	17771	9480	18620
136	11699	11700	10290	13198	9098	14626	8421	15515	7853	16309
1120	41250	41251	38565	44026	36224	46603	34858	48180	33693	49572
705	26827	26828	24670	29074	22805	31175	21724	32468	20806	33612
120	12946	12947	11461	14521	10202	16017	9483	16947	8880	17776
325	26775	26776	24620	29020	22757	31119	21677	32410	20760	33554
135	17950	17951	16194	19796	14690	21537	13825	22613	13095	23569
706	14831	14832	13239	16513	11882	18106	11106	19094	10452	19974
206	13943	13944	12401	15576	11089	17123	10339	18085	9709	18941
2910	4439	4439	3588	5380	2900	6305	2523	6893	2217	7426
315	15872	15873	14223	17611	12816	19254	12009	20273	11329	21179
2935	7972	7973	6817	9218	5854	10417	5313	11169	4864	11844
605	28170	28171	25959	30472	24045	32622	22934	33943	21991	35113
606	31776	31777	29425	34218	27384	36494	26199	37891	25190	39126
506	33622	33623	31202	36132	29100	38471	27877	39905	26836	41172
110	5175	5176	4253	6187	3500	7176	3085	7803	2745	8369
505	61364	61366	58079	64740	55197	67857	53509	69757	52062	71430
2936	7444	7445	6329	8649	5403	9812	4883	10543	4453	11199
405	32302	32303	29931	34764	27873	37058	26676	38465	25658	39710
2926	27450	27451	25268	29723	23380	31847	22285	33153	21355	34309
2925	18698	18699	16905	20582	15367	22355	14482	23452	13735	24425
2927	10898	10899	9540	12347	8394	13729	7743	14591	7199	15361
