faz_id mean median lower_50 upper_50 lower_80 upper_80 lower_90 upper_90 lower_95 upper_95
8935	6047	6048	5157	7008	4416	7934	4000	8516	3655	9038
8927	1315	1316	919	1782	623	2264	473	2579	360	2870
8926	3158	3158	2524	3862	2015	4557	1737	5000	1512	5402
8936	4236	4236	3497	5046	2891	5836	2557	6336	2283	6788
8500	14305	14305	12917	15764	11728	17139	11043	17989	10465	18744
8406	321	321	143	570	44	855	12	1053	0	1241
8320	12862	12861	11548	14247	10424	15556	9780	16366	9236	17086
8925	3133	3134	2503	3835	1995	4528	1719	4970	1496	5370
8937	7984	7984	6955	9082	6090	10133	5600	10789	5191	11375
8405	1104	1104	744	1535	480	1984	350	2280	254	2554
8310	11122	11121	9902	12412	8864	13635	8270	14394	7771	15071
8910	3363	3363	2708	4088	2179	4803	1890	5257	1655	5669
7905	6016	6016	5128	6974	4389	7898	3974	8479	3631	8999
7606	883	883	565	1272	339	1684	231	1957	154	2211
7805	3702	3702	3013	4461	2453	5206	2146	5679	1895	6107
8220	14419	14418	13025	15884	11831	17264	11143	18117	10563	18874
8000	39498	39499	37167	41898	35130	44121	33938	45479	32919	46675
8906	1438	1438	1022	1925	708	2424	548	2750	425	3050
8210	33051	33052	30923	35250	29066	37292	27983	38540	27059	39642
9020	4561	4561	3792	5400	3161	6217	2811	6733	2523	7198
8125	7019	7020	6057	8052	5252	9042	4797	9663	4419	10218
8126	9257	9258	8147	10438	7208	11562	6674	12261	6227	12886
8905	1168	1168	796	1610	523	2069	386	2371	285	2650
7806	1915	1915	1429	2471	1053	3033	855	3396	700	3729
7700	6166	6167	5267	7136	4518	8071	4097	8657	3748	9183
7526	10582	10582	9393	11842	8383	13037	7806	13780	7322	14442
7340	4014	4014	3295	4803	2709	5575	2385	6064	2121	6506
7605	1708	1708	1251	2235	901	2771	719	3118	577	3437
7537	17724	17725	16175	19344	14840	20864	14069	21801	13416	22631
8115	12878	12877	11563	14264	10439	15573	9794	16384	9250	17105
7335	12293	12292	11008	13648	9913	14929	9284	15723	8755	16429
8600	12991	12990	11670	14383	10540	15697	9892	16511	9346	17235
7425	4212	4213	3475	5020	2872	5809	2539	6308	2266	6758
7535	7560	7560	6560	8630	5721	9654	5246	10295	4850	10868
7525	2596	2596	2025	3238	1571	3877	1327	4286	1132	4659
7436	2517	2517	1955	3149	1510	3779	1271	4184	1080	4552
9019	5333	5334	4499	6238	3809	7113	3423	7664	3105	8160
7026	1852	1852	1375	2399	1006	2953	813	3312	662	3640
7205	9741	9742	8602	10951	7636	12102	7086	12818	6625	13457
7515	8538	8538	7473	9673	6575	10756	6066	11431	5639	12035
7320	10517	10516	9332	11773	8325	12965	7750	13705	7267	14365
7206	22398	22399	20652	24215	19140	25912	18263	26954	17518	27877
7315	5092	5093	4278	5977	3606	6835	3231	7375	2922	7861
7435	5185	5186	4364	6078	3684	6942	3305	7487	2993	7977
7316	5000	5001	4194	5877	3528	6728	3158	7264	2852	7747
7025	12540	12539	11242	13908	10134	15201	9499	16002	8964	16715
7415	14863	14863	13448	16350	12233	17749	11534	18614	10943	19382
7100	12543	12542	11245	13911	10137	15204	9502	16005	8966	16718
7015	6460	6461	5539	7453	4770	8407	4337	9005	3978	9542
9908	4699	4699	3918	5550	3276	6377	2919	6900	2626	7370
6410	15736	15735	14279	17265	13026	18702	12305	19589	11694	20377
6420	8324	8324	7273	9445	6388	10516	5885	11184	5466	11781
5535	5545	5545	4694	6466	3988	7357	3593	7917	3267	8421
5600	16414	16415	14924	17974	13643	19440	12905	20344	12279	21147
5546	14112	14111	12734	15561	11553	16927	10874	17772	10300	18523
4706	2398	2398	1850	3016	1418	3633	1187	4030	1002	4392
6605	2895	2895	2290	3571	1806	4240	1543	4668	1332	5056
6910	1041	1041	692	1460	439	1898	315	2188	224	2456
6606	1410	1411	999	1893	689	2388	531	2712	410	3010
9909	1397	1397	988	1877	680	2371	523	2693	403	2990
9011	6777	6777	5832	7792	5042	8767	4597	9378	4227	9925
5525	6581	6581	5651	7582	4874	8544	4436	9147	4073	9688
5515	5736	5736	4870	6672	4150	7577	3747	8145	3414	8656
6326	13822	13821	12458	15257	11290	16610	10619	17446	10053	18190
9914	4403	4403	3649	5228	3030	6032	2687	6540	2406	6999
5545	4725	4725	3942	5578	3298	6408	2940	6931	2645	7403
6223	11174	11173	9951	12468	8911	13693	8316	14454	7815	15132
5306	21650	21651	19934	23436	18449	25106	17588	26133	16857	27041
6325	7880	7880	6858	8972	5999	10016	5513	10668	5107	11251
9009	2633	2633	2057	3279	1600	3921	1354	4333	1156	4708
9006	3045	3045	2424	3737	1925	4421	1654	4858	1435	5254
6225	18330	18331	16754	19977	15395	21521	14610	22472	13944	23315
9018	12542	12541	11244	13910	10136	15203	9501	16004	8965	16717
5425	47290	47291	44737	49914	42498	52337	41187	53815	40063	55116
5305	27550	27551	25610	29561	23923	31433	22942	32581	22105	33594
5426	18212	18213	16641	19854	15287	21393	14505	22341	13841	23182
6226	7517	7518	6521	8584	5684	9606	5210	10245	4816	10817
6126	3431	3431	2769	4163	2234	4884	1941	5342	1703	5757
6224	8041	8042	7009	9144	6140	10198	5648	10856	5237	11444
6216	10522	10521	9336	11778	8329	12970	7754	13711	7271	14371
6316	22720	22721	20961	24549	19438	26258	18554	27307	17803	28236
6215	19764	19765	18126	21472	16711	23072	15893	24056	15198	24929
5100	1845	1845	1369	2391	1001	2944	808	3302	658	3630
6213	15805	15804	14344	17336	13089	18777	12365	19666	11753	20455
9005	623	623	362	956	186	1316	109	1559	59	1787
6124	13726	13726	12367	15156	11204	16505	10535	17339	9971	18080
6125	12132	12131	10856	13478	9768	14751	9144	15540	8619	16243
6214	30893	30894	28836	33020	27045	34997	26000	36207	25109	37275
5415	63270	63272	60312	66300	57708	69088	56178	70785	54864	72275
5205	40455	40456	38096	42884	36032	45132	34825	46505	33793	47715
9916	2609	2610	2037	3253	1582	3893	1337	4303	1141	4676
9913	6299	6299	5390	7279	4631	8222	4205	8814	3851	9345
9915	3490	3490	2822	4228	2281	4954	1985	5416	1745	5834
4606	3598	3599	2920	4348	2369	5083	2067	5551	1822	5974
6115	9301	9302	8189	10485	7248	11611	6712	12313	6263	12939
4820	6198	6198	5296	7170	4545	8107	4123	8694	3773	9222
9017	355	355	166	615	57	909	19	1113	2	1306
6123	71294	71296	68152	74508	65382	77463	63752	79258	62353	80835
6114	23365	23366	21581	25220	20035	26951	19138	28014	18375	28955
4607	7251	7252	6273	8300	5453	9306	4990	9935	4604	10498
6505	3455	3456	2791	4190	2253	4913	1959	5373	1720	5789
5020	9063	9064	7966	10232	7038	11345	6510	12038	6068	12658
6113	43860	43862	41403	46389	39251	48726	37990	50152	36912	51408
5010	16885	16886	15374	18467	14073	19952	13323	20868	12687	21681
6020	75161	75163	71934	78460	69087	81491	67412	83332	65973	84949
4900	79928	79930	76598	83328	73660	86451	71930	88347	70443	90012
6010	138256	138258	133865	142717	129972	146795	127670	149263	125687	151423
4400	10515	10514	9330	11771	8323	12962	7748	13703	7265	14363
9900	2140	2140	1625	2726	1222	3315	1008	3694	838	4041
9904	7452	7453	6460	8515	5628	9533	5157	10170	4764	10740
9902	27605	27606	25663	29618	23974	31491	22991	32640	22154	33654
4810	8501	8502	7439	9634	6543	10715	6035	11389	5610	11992
5720	13226	13225	11892	14630	10752	15955	10097	16776	9545	17505
9901	6043	6044	5153	7004	4412	7930	3997	8511	3652	9033
5826	9370	9371	8253	10558	7308	11688	6770	12391	6319	13020
5825	55198	55200	52437	58030	50011	60641	48587	62231	47367	63629
5925	22167	22168	20430	23974	18927	25663	18054	26700	17313	27619
9015	2069	2069	1563	2646	1168	3226	959	3600	794	3942
4506	32333	32334	30228	34508	28393	36528	27322	37764	26409	38855
4605	28669	28670	26689	30720	24967	32627	23964	33796	23109	34828
9002	10367	10366	9190	11614	8191	12798	7621	13534	7142	14190
4226	3912	3913	3203	4692	2625	5455	2307	5939	2047	6377
4505	1611	1611	1168	2124	831	2647	656	2987	521	3299
4225	3434	3434	2772	4167	2236	4887	1943	5346	1705	5761
5716	9777	9777	8635	10989	7668	12141	7116	12858	6654	13498
5916	9134	9135	8032	10307	7100	11424	6570	12120	6126	12741
4300	25596	25597	23727	27536	22105	29344	21162	30452	20359	31433
5815	29696	29697	27680	31783	25926	33722	24903	34910	24032	35959
9004	6597	6597	5666	7599	4887	8562	4449	9166	4085	9707
5715	2357	2357	1815	2970	1387	3583	1158	3977	976	4337
3330	2685	2686	2104	3338	1641	3986	1392	4401	1191	4778
6506	10336	10336	9162	11582	8164	12764	7595	13499	7117	14154
5915	6136	6137	5239	7104	4492	8036	4072	8621	3724	9146
3905	22664	22665	20908	24492	19387	26198	18504	27246	17754	28174
4130	27454	27455	25517	29462	23834	31330	22854	32476	22019	33488
6930	4097	4097	3370	4894	2777	5673	2449	6166	2181	6612
3825	8938	8939	7848	10099	6927	11205	6404	11894	5966	12510
4120	4771	4772	3985	5629	3337	6462	2977	6988	2680	7462
3816	4688	4689	3909	5539	3267	6365	2911	6887	2618	7358
4210	6703	6704	5764	7713	4979	8683	4537	9291	4169	9836
9016	2232	2232	1705	2829	1291	3428	1071	3814	896	4166
4005	2505	2506	1945	3137	1501	3766	1263	4170	1073	4537
4230	2221	2221	1695	2817	1282	3414	1063	3800	889	4151
3815	12195	12194	10916	13545	9825	14821	9199	15612	8673	16316
3705	42807	42809	40380	45305	38255	47616	37011	49025	35946	50267
3900	36333	36334	34099	38637	32149	40773	31009	42078	30035	43229
4110	37868	37869	35587	40219	33593	42398	32428	43728	31432	44902
3416	3315	3315	2665	4036	2141	4746	1854	5198	1622	5607
3413	1736	1737	1276	2268	922	2807	737	3157	594	3478
3706	4649	4649	3873	5496	3234	6319	2880	6839	2589	7308
3600	77004	77006	73736	80342	70854	83409	69157	85272	67700	86907
3415	5201	5201	4378	6094	3697	6960	3317	7505	3004	7996
3320	6987	6987	6027	8017	5224	9006	4771	9625	4393	10179
3505	28167	28168	26204	30200	24498	32091	23504	33250	22658	34274
3414	3300	3300	2652	4019	2128	4727	1843	5179	1611	5587
6900	2205	2206	1682	2800	1271	3396	1053	3780	879	4130
2940	4411	4411	3656	5237	3036	6041	2693	6550	2412	7009
2216	4966	4966	4162	5840	3500	6688	3130	7223	2826	7704
3046	10397	10396	9219	11646	8218	12831	7647	13568	7167	14225
2225	7943	7944	6918	9039	6055	10087	5566	10742	5158	11327
3426	3261	3262	2617	3976	2097	4681	1814	5130	1584	5537
3427	6967	6967	6009	7996	5206	8983	4754	9601	4377	10155
3045	4710	4710	3928	5562	3285	6390	2928	6913	2634	7384
3310	5573	5573	4720	6497	4012	7390	3616	7951	3289	8456
3030	11782	11781	10525	13109	9454	14365	8841	15144	8325	15838
3130	29023	29024	27030	31086	25297	33005	24287	34180	23426	35218
3010	12623	12623	11321	13996	10210	15293	9572	16096	9034	16811
3020	23581	23582	21788	25444	20235	27182	19333	28250	18565	29194
3425	3644	3644	2961	4398	2406	5137	2102	5607	1854	6032
2100	2647	2647	2070	3295	1611	3939	1364	4351	1166	4727
1606	3972	3973	3258	4758	2674	5526	2353	6013	2090	6453
2215	8173	8174	7133	9285	6256	10346	5759	11009	5344	11602
1720	7343	7344	6359	8399	5533	9410	5066	10042	4677	10609
3120	19400	19400	17777	21093	16377	22678	15566	23654	14879	24519
1900	19084	19084	17475	20763	16086	22337	15283	23305	14602	24164
3110	3857	3857	3153	4631	2580	5390	2264	5871	2007	6305
3200	8807	8808	7726	9960	6812	11058	6293	11743	5859	12354
1605	9470	9471	8347	10664	7396	11799	6855	12506	6401	13137
2000	16585	16586	15087	18153	13799	19626	13056	20535	12427	21341
1820	32298	32299	30194	34472	28360	36491	27290	37726	26377	38817
1200	7483	7483	6489	8548	5654	9568	5182	10205	4788	10776
1710	14475	14474	13078	15942	11881	17324	11192	18179	10610	18938
1810	16422	16423	14932	17982	13651	19449	12912	20353	12286	21156
900	12914	12914	11597	14302	10472	15613	9826	16425	9281	17147
806	5280	5281	4451	6181	3765	7052	3381	7601	3065	8095
1506	5132	5132	4315	6020	3639	6880	3263	7423	2952	7910
1410	17465	17465	15927	19073	14603	20582	13838	21512	13190	22338
1505	7968	7969	6941	9066	6077	10116	5587	10771	5178	11357
1330	6497	6497	5573	7492	4801	8448	4367	9048	4007	9586
1000	2201	2201	1678	2795	1268	3390	1050	3774	877	4124
1320	5847	5847	4972	6792	4245	7705	3837	8278	3500	8793
1420	19580	19581	17950	21281	16542	22873	15728	23853	15036	24722
1130	3638	3638	2955	4391	2401	5130	2097	5600	1850	6025
1116	10247	10247	9077	11487	8085	12664	7518	13396	7043	14049
1310	6935	6936	5980	7962	5179	8947	4728	9564	4353	10117
805	5791	5792	4921	6732	4198	7641	3792	8212	3457	8724
1115	5328	5329	4495	6232	3805	7107	3419	7658	3101	8154
205	14865	14865	13450	16352	12235	17751	11536	18616	10945	19384
136	4661	4662	3884	5509	3245	6333	2890	6854	2598	7323
1120	15511	15510	14064	17029	12821	18456	12105	19338	11500	20120
705	5283	5283	4453	6183	3766	7055	3383	7604	3067	8097
120	1795	1795	1326	2334	964	2881	775	3235	628	3560
325	7191	7191	6217	8236	5401	9237	4939	9864	4556	10425
135	3461	3462	2796	4197	2258	4920	1964	5380	1725	5797
706	4171	4171	3438	4975	2838	5760	2506	6257	2235	6705
206	10373	10372	9196	11620	8197	12804	7626	13540	7147	14197
2910	1290	1290	898	1753	605	2230	458	2543	346	2832
315	7778	7778	6763	8863	5910	9901	5428	10549	5025	11129
2935	22550	22551	20798	24373	19281	26075	18400	27121	17652	28046
605	5116	5116	4300	6002	3626	6862	3250	7403	2940	7890
606	5019	5020	4212	5898	3545	6750	3173	7287	2867	7771
506	6993	6993	6033	8024	5229	9013	4776	9632	4398	10186
110	1580	1580	1142	2089	809	2607	637	2945	504	3255
505	17592	17593	16049	19206	14720	20721	13952	21654	13301	22482
2936	4569	4569	3800	5409	3168	6226	2817	6742	2529	7208
405	5169	5170	4349	6060	3671	6924	3292	7468	2980	7957
2926	3380	3380	2723	4107	2193	4823	1903	5279	1667	5692
2925	2534	2534	1970	3169	1523	3801	1283	4206	1091	4576
2927	2214	2215	1690	2810	1278	3407	1059	3792	885	4142
