faz_id mean median lower_50 upper_50 lower_80 upper_80 lower_90 upper_90 lower_95 upper_95
8935	5137	5138	4408	5922	3799	6677	3456	7150	3172	7575
8927	1443	1443	1070	1872	781	2307	630	2588	512	2846
8926	1955	1955	1516	2450	1168	2943	981	3260	833	3549
8936	3548	3548	2947	4205	2453	4845	2179	5249	1954	5614
8500	11286	11287	10192	12436	9254	13520	8714	14190	8259	14785
8406	311	311	152	525	58	765	22	931	5	1088
8320	9880	9880	8857	10957	7985	11976	7484	12607	7062	13168
8925	2686	2686	2166	3261	1746	3827	1516	4187	1330	4513
8937	7321	7321	6445	8253	5704	9140	5282	9692	4929	10185
8405	973	973	671	1330	447	1700	335	1942	251	2167
8310	10220	10220	9180	11315	8291	12350	7781	12991	7350	13561
8910	3012	3013	2460	3620	2011	4215	1764	4593	1562	4934
7905	5483	5483	4728	6293	4097	7070	3741	7557	3444	7993
7606	844	844	565	1178	361	1528	261	1758	187	1972
7805	2328	2328	1846	2866	1460	3398	1251	3738	1082	4046
8220	13362	13363	12169	14611	11142	15784	10550	16507	10048	17149
8000	38613	38614	36565	40716	34768	42659	33715	43843	32813	44884
8906	1382	1382	1017	1802	736	2229	590	2506	476	2759
8210	22072	22073	20531	23670	19190	25156	18410	26067	17745	26872
9020	3935	3935	3300	4625	2776	5295	2484	5717	2244	6098
8125	6363	6364	5549	7234	4862	8066	4474	8585	4149	9049
8126	7058	7059	6199	7974	5472	8846	5059	9389	4713	9875
8905	1093	1093	772	1470	530	1858	407	2111	313	2345
7806	1848	1849	1422	2331	1086	2812	907	3122	764	3405
7700	5659	5659	4892	6482	4249	7270	3886	7764	3584	8205
7526	9278	9278	8288	10323	7445	11313	6962	11926	6555	12472
7340	3892	3893	3261	4579	2740	5246	2451	5666	2212	6044
7605	1147	1147	817	1532	568	1927	440	2185	342	2423
7537	16121	16122	14808	17491	13673	18771	13015	19559	12457	20257
8115	10598	10599	9538	11713	8632	12766	8111	13417	7672	13996
7335	11125	11125	10038	12267	9108	13343	8573	14009	8121	14600
8600	11530	11531	10424	12692	9475	13787	8929	14463	8468	15064
7425	3780	3780	3158	4457	2646	5115	2361	5530	2127	5904
7535	6353	6354	5539	7223	4854	8054	4465	8573	4141	9037
7525	2340	2341	1857	2879	1470	3412	1260	3753	1090	4062
7436	2529	2529	2026	3088	1620	3639	1399	3991	1220	4309
9019	5340	5340	4596	6140	3974	6908	3623	7389	3331	7820
7026	1822	1822	1399	2301	1066	2780	888	3088	747	3369
7205	7670	7670	6772	8623	6012	9529	5579	10093	5216	10596
7515	7878	7878	6968	8843	6197	9761	5757	10331	5387	10840
7320	8535	8535	7587	9538	6781	10490	6320	11081	5933	11608
7206	17923	17924	16537	19365	15336	20712	14639	21539	14047	22271
7315	4941	4941	4226	5711	3630	6453	3295	6918	3018	7336
7435	4384	4385	3713	5112	3156	5815	2844	6257	2586	6654
7316	4386	4387	3715	5114	3157	5817	2846	6259	2588	6657
7025	12020	12021	10890	13207	9920	14322	9361	15012	8889	15624
7415	13967	13968	12747	15244	11695	16441	11088	17179	10573	17833
7100	12118	12119	10983	13309	10009	14429	9447	15121	8973	15735
7015	6059	6059	5264	6909	4597	7722	4219	8231	3904	8686
9908	4320	4321	3654	5043	3101	5741	2793	6180	2537	6575
6410	15732	15732	14434	17084	13314	18351	12665	19130	12115	19820
6420	9077	9077	8098	10111	7265	11091	6788	11698	6386	12239
5535	6460	6461	5639	7337	4947	8175	4555	8698	4227	9165
5600	14947	14947	13683	16266	12593	17502	11962	18263	11427	18938
5546	13454	13455	12257	14707	11226	15884	10631	16609	10127	17253
4706	2358	2358	1873	2899	1484	3433	1272	3775	1102	4085
6605	2720	2721	2197	3299	1774	3868	1542	4230	1354	4558
6910	2517	2517	2015	3075	1610	3625	1390	3976	1212	4294
6606	1243	1243	899	1644	636	2052	501	2318	396	2562
9909	1262	1262	914	1665	649	2076	512	2343	407	2589
9011	6148	6148	5347	7004	4674	7823	4293	8334	3975	8792
5525	7353	7354	6475	8287	5732	9176	5310	9729	4955	10223
5515	5156	5156	4425	5942	3815	6698	3471	7172	3186	7597
6326	12022	12023	10892	13209	9922	14325	9363	15014	8890	15626
9914	3990	3990	3350	4685	2822	5359	2528	5783	2285	6166
5545	4550	4550	3865	5290	3296	6005	2977	6454	2714	6857
6223	8375	8375	7436	9370	6638	10313	6183	10899	5800	11422
5306	20007	20008	18541	21529	17268	22948	16528	23818	15898	24588
6325	7511	7512	6623	8454	5872	9352	5444	9910	5085	10409
9009	2456	2456	1960	3007	1561	3551	1345	3899	1169	4214
9006	1935	1936	1498	2428	1153	2919	968	3235	820	3522
6225	16217	16218	14900	17590	13761	18875	13101	19665	12541	20365
9018	11465	11465	10361	12624	9416	13715	8871	14390	8412	14989
5425	33260	33261	31361	35214	29699	37022	28726	38125	27894	39097
5305	23513	23514	21921	25161	20535	26693	19727	27631	19039	28459
5426	15455	15456	14170	16797	13060	18052	12418	18825	11873	19510
6226	7360	7361	6482	8295	5739	9184	5316	9737	4961	10232
6126	2843	2843	2307	3434	1873	4014	1635	4382	1441	4716
6224	7050	7051	6191	7965	5465	8837	5052	9380	4707	9865
6216	9399	9400	8403	10451	7553	11446	7067	12063	6657	12613
6316	20556	20556	19069	22098	17778	23535	17027	24416	16388	25195
6215	16406	16407	15081	17787	13936	19079	13272	19873	12708	20577
5100	1949	1949	1510	2443	1163	2936	977	3252	829	3540
6213	15610	15610	14318	16957	13202	18219	12556	18995	12008	19683
9005	558	558	336	835	184	1133	115	1332	68	1519
6124	13231	13232	12044	14474	11023	15642	10433	16362	9934	17000
6125	11780	11781	10662	12955	9702	14060	9149	14743	8682	15350
6214	30245	30246	28436	32110	26854	33837	25929	34893	25139	35823
5415	62624	62625	60008	65295	57700	67749	56341	69239	55173	70546
5205	37317	37318	35304	39385	33539	41296	32504	42461	31619	43486
9916	2458	2458	1962	3009	1563	3554	1346	3901	1171	4216
9913	5899	5899	5115	6738	4458	7542	4086	8044	3776	8494
9915	3536	3536	2936	4192	2443	4831	2170	5234	1945	5598
4606	3534	3534	2934	4190	2441	4828	2168	5232	1944	5596
6115	10033	10034	9003	11119	8123	12145	7618	12780	7192	13345
4820	5620	5621	4856	6440	4216	7226	3855	7718	3554	8159
9017	565	565	342	844	189	1143	118	1344	71	1531
6123	58276	58278	55754	60855	53530	63224	52221	64664	51097	65927
6114	21471	21472	19951	23047	18630	24514	17861	25414	17206	26208
4607	6749	6749	5909	7644	5200	8499	4798	9032	4461	9508
6505	2987	2987	2438	3592	1990	4185	1745	4561	1544	4902
5020	9128	9129	8147	10166	7311	11147	6832	11757	6430	12299
6113	41221	41222	39104	43393	37245	45398	36155	46619	35220	47693
5010	16908	16909	15562	18310	14398	19620	13723	20425	13150	21138
6020	69327	69328	66573	72136	64141	74714	62708	76278	61475	77650
4900	53825	53826	51402	56304	49268	58584	48012	59970	46935	61187
6010	123246	123248	119565	126982	116298	130395	114365	132459	112698	134265
4400	9699	9699	8686	10767	7822	11777	7327	12403	6910	12960
9900	2110	2110	1653	2623	1288	3133	1092	3460	935	3757
9904	7354	7355	6476	8288	5733	9177	5310	9730	4956	10224
9902	24473	24474	22848	26153	21433	27714	20607	28670	19903	29514
4810	10084	10085	9051	11173	8169	12201	7663	12838	7236	13405
5720	11965	11966	10837	13148	9870	14262	9312	14950	8841	15561
9901	4365	4365	3695	5091	3139	5792	2828	6234	2572	6630
5826	8403	8404	7463	9400	6664	10345	6207	10932	5823	11455
5825	50514	50515	48167	52916	46102	55127	44888	56472	43846	57653
5925	19907	19908	18445	21426	17175	22841	16437	23709	15809	24477
9015	1989	1990	1546	2489	1195	2986	1006	3305	855	3595
4506	32401	32402	30528	34331	28888	36116	27929	37206	27108	38166
4605	21641	21641	20114	23222	18788	24695	18016	25598	17358	26395
9002	10118	10118	9083	11208	8199	12238	7692	12876	7264	13443
4226	3797	3797	3174	4476	2660	5135	2375	5551	2140	5925
4505	1560	1560	1171	2005	868	2454	708	2744	583	3009
4225	3351	3351	2767	3990	2289	4614	2025	5009	1809	5365
5716	8547	8547	7598	9551	6791	10504	6330	11095	5943	11622
5916	8673	8673	7717	9685	6904	10644	6439	11239	6048	11769
4300	18576	18576	17164	20043	15940	21413	15229	22254	14625	22998
5815	27937	27938	26200	29731	24682	31394	23796	32411	23039	33307
9004	5385	5385	4637	6188	4012	6959	3660	7442	3366	7874
5715	2375	2375	1888	2918	1497	3454	1285	3797	1114	4108
3330	1842	1843	1417	2324	1081	2805	902	3114	760	3397
6506	5309	5309	4567	6106	3946	6872	3597	7352	3306	7782
5915	5633	5633	4868	6453	4227	7240	3865	7733	3563	8174
3905	21147	21148	19639	22712	18328	24168	17566	25061	16916	25850
4130	24739	24740	23106	26429	21682	27998	20852	28959	20144	29806
6930	3784	3784	3162	4461	2649	5119	2365	5535	2130	5909
3825	8062	8062	7141	9038	6360	9965	5914	10542	5540	11056
4120	4293	4293	3629	5013	3078	5709	2771	6148	2516	6541
3816	4589	4590	3901	5333	3330	6050	3009	6501	2744	6906
4210	6022	6023	5230	6870	4565	7681	4188	8188	3874	8642
9016	1970	1970	1529	2467	1180	2962	992	3280	843	3569
4005	2589	2589	2079	3154	1668	3711	1444	4066	1262	4388
4230	2074	2074	1621	2583	1261	3089	1067	3414	911	3709
3815	10681	10681	9617	11800	8707	12857	8184	13510	7742	14091
3705	37682	37683	35659	39761	33886	41681	32846	42851	31955	43881
3900	25538	25539	23878	27254	22430	28847	21586	29822	20865	30682
4110	39416	39418	37347	41542	35531	43503	34466	44699	33554	45751
3416	3448	3449	2856	4097	2370	4728	2101	5128	1881	5488
3413	1629	1629	1230	2083	919	2540	755	2835	625	3104
3706	4269	4269	3606	4987	3058	5681	2751	6118	2498	6511
3600	60394	60396	57826	63019	55561	65429	54227	66894	53082	68179
3415	5132	5133	4403	5917	3795	6671	3452	7144	3168	7569
3320	6033	6034	5241	6882	4575	7694	4198	8201	3883	8655
3505	21961	21961	20423	23554	19086	25037	18308	25945	17645	26748
3414	3218	3218	2646	3845	2180	4457	1922	4846	1711	5196
6900	2008	2008	1562	2509	1209	3008	1019	3329	867	3620
2940	3701	3702	3087	4372	2581	5024	2300	5435	2069	5806
2216	4540	4541	3857	5280	3288	5994	2970	6443	2707	6846
3046	9057	9057	8079	10090	7247	11068	6770	11675	6369	12216
2225	7718	7719	6818	8674	6055	9583	5620	10148	5256	10653
3426	3062	3063	2506	3675	2052	4274	1802	4654	1598	4998
3427	6552	6553	5725	7435	5028	8278	4632	8805	4302	9275
3045	4694	4694	3998	5445	3419	6170	3094	6625	2825	7034
3310	4248	4249	3588	4965	3041	5658	2735	6094	2482	6486
3030	11403	11404	10303	12559	9360	13648	8817	14321	8359	14919
3130	25339	25340	23685	27048	22244	28636	21403	29607	20685	30464
3010	11726	11727	10610	12898	9653	14001	9101	14682	8636	15288
3020	22954	22955	21381	24582	20013	26096	19215	27024	18536	27843
3425	3419	3419	2829	4065	2346	4694	2078	5092	1859	5451
2100	2046	2046	1596	2551	1238	3054	1046	3377	892	3671
1606	3479	3479	2884	4130	2395	4764	2125	5165	1903	5527
2215	7383	7383	6503	8318	5758	9209	5334	9763	4979	10258
1720	7171	7172	6305	8094	5572	8972	5155	9520	4806	10008
3120	17740	17741	16361	19175	15166	20515	14474	21338	13885	22067
1900	15711	15712	14415	17063	13296	18329	12647	19108	12097	19797
3110	2972	2972	2424	3575	1978	4167	1733	4543	1533	4882
3200	8073	8073	7152	9050	6370	9978	5924	10554	5549	11069
1605	8053	8053	7133	9029	6352	9955	5906	10531	5532	11045
2000	15971	15972	14664	17334	13535	18609	12881	19394	12325	20089
1820	24412	24413	22790	26091	21376	27650	20552	28605	19849	29448
1200	6489	6489	5666	7368	4972	8207	4579	8731	4250	9199
1710	13802	13803	12589	15071	11544	16261	10940	16995	10429	17646
1810	15587	15588	14296	16934	13182	18195	12536	18971	11988	19658
900	11634	11635	10523	12801	9569	13901	9021	14580	8557	15183
806	4678	4679	3984	5429	3406	6152	3082	6607	2813	7015
1506	4744	4745	4044	5500	3462	6228	3135	6685	2864	7096
1410	15694	15695	14399	17046	13280	18310	12632	19089	12082	19778
1505	6450	6451	5630	7327	4939	8164	4547	8686	4219	9153
1330	5976	5976	5187	6820	4524	7629	4150	8134	3837	8586
1000	3233	3233	2660	3862	2192	4475	1934	4864	1722	5215
1320	5047	5048	4325	5826	3722	6574	3382	7044	3101	7465
1420	16448	16448	15121	17830	13974	19123	13309	19919	12744	20623
1130	3066	3067	2509	3679	2055	4279	1805	4659	1601	5003
1116	8896	8897	7928	9920	7103	10891	6632	11493	6235	12029
1310	6929	6929	6077	7836	5358	8701	4950	9240	4608	9721
805	5528	5529	4771	6342	4136	7122	3778	7610	3480	8048
1115	4985	4986	4267	5759	3669	6504	3332	6971	3052	7390
205	14085	14086	12859	15367	11803	16569	11193	17310	10676	17966
136	4616	4617	3927	5362	3353	6081	3032	6533	2765	6939
1120	13870	13871	12654	15142	11607	16336	11001	17071	10489	17724
705	3292	3292	2714	3926	2241	4545	1979	4937	1765	5290
120	1672	1672	1268	2131	951	2593	784	2891	652	3163
325	5774	5775	4999	6605	4349	7401	3982	7899	3676	8344
135	3179	3179	2611	3803	2148	4412	1892	4798	1683	5147
706	3940	3940	3305	4631	2780	5301	2488	5724	2248	6104
206	8460	8460	7516	9459	6714	10407	6256	10996	5870	11521
2910	1162	1162	830	1550	578	1947	450	2207	351	2445
315	6698	6699	5861	7591	5156	8442	4755	8973	4420	9448
2935	22338	22339	20787	23945	19438	25439	18652	26355	17983	27165
605	4971	4972	4254	5744	3656	6488	3320	6954	3041	7373
606	3960	3961	3323	4653	2798	5325	2505	5748	2263	6129
506	5257	5257	4519	6051	3902	6813	3554	7291	3266	7720
110	1313	1313	958	1724	686	2141	545	2413	436	2662
505	12999	13000	11823	14232	10811	15389	10227	16104	9733	16737
2936	4087	4087	3440	4790	2904	5471	2606	5901	2359	6287
405	4604	4605	3915	5349	3343	6067	3022	6519	2756	6924
2926	3036	3036	2482	3646	2030	4243	1782	4622	1579	4964
2925	2515	2515	2013	3072	1609	3622	1388	3973	1210	4291
2927	1875	1875	1445	2360	1106	2845	925	3157	781	3441
