faz_id mean median lower_50 upper_50 lower_80 upper_80 lower_90 upper_90 lower_95 upper_95
8935	4986	4987	4613	5374	4289	5736	4101	5958	3941	6155
8927	2156	2156	1913	2413	1706	2658	1588	2809	1489	2945
8926	5860	5860	5454	6279	5102	6670	4896	6909	4721	7121
8936	7028	7028	6584	7487	6196	7913	5969	8174	5776	8403
8500	7787	7787	7318	8270	6909	8717	6670	8990	6465	9231
8406	684	684	551	833	443	979	384	1072	336	1156
8320	4485	4485	4131	4853	3825	5197	3648	5409	3497	5596
8925	5927	5927	5519	6349	5164	6742	4958	6982	4782	7195
8937	5976	5976	5566	6400	5210	6794	5003	7035	4826	7249
8405	6258	6258	5838	6691	5473	7094	5261	7341	5079	7559
8310	13435	13435	12817	14067	12274	14648	11954	15002	11680	15313
8910	6413	6413	5989	6852	5619	7259	5403	7509	5219	7729
7905	9572	9573	9052	10107	8596	10601	8329	10902	8100	11167
7606	1818	1818	1596	2055	1408	2281	1301	2422	1211	2548
7805	7986	7986	7512	8475	7097	8928	6854	9204	6647	9448
8220	9311	9311	8798	9838	8349	10326	8085	10623	7860	10884
8000	6026	6026	5615	6452	5257	6847	5049	7090	4871	7304
8906	3296	3296	2994	3612	2734	3910	2584	4094	2457	4257
8210	5201	5201	4820	5597	4488	5966	4296	6192	4132	6393
9020	7958	7958	7485	8446	7071	8898	6828	9174	6622	9418
8125	8038	8039	7562	8529	7146	8983	6903	9260	6695	9505
8126	5779	5780	5377	6196	5027	6584	4823	6822	4649	7032
8905	3720	3720	3399	4056	3121	4371	2961	4565	2826	4737
7806	2785	2785	2508	3077	2271	3352	2134	3522	2019	3673
7700	3714	3714	3393	4050	3116	4364	2956	4558	2820	4730
7526	6293	6293	5872	6727	5506	7131	5293	7379	5111	7597
7340	10611	10611	10063	11174	9582	11693	9300	12009	9058	12287
7605	754	754	613	909	499	1061	436	1158	385	1246
7537	12169	12169	11581	12771	11065	13325	10762	13662	10501	13959
8115	14230	14230	13594	14880	13034	15478	12705	15842	12422	16161
7335	15078	15079	14424	15747	13847	16362	13507	16736	13215	17064
8600	7199	7199	6749	7663	6356	8094	6126	8357	5930	8590
7425	10625	10625	10077	11188	9595	11707	9313	12024	9071	12302
7535	13232	13233	12620	13860	12080	14437	11763	14788	11491	15097
7525	6425	6425	6000	6864	5630	7272	5414	7522	5230	7742
7436	2243	2243	1995	2506	1784	2754	1664	2909	1562	3047
9019	7255	7255	6803	7721	6408	8153	6178	8418	5981	8651
7026	4392	4392	4042	4756	3739	5097	3564	5306	3415	5492
7205	5604	5604	5208	6015	4863	6397	4663	6631	4492	6839
7515	2235	2235	1987	2497	1777	2746	1657	2900	1556	3037
7320	11951	11952	11369	12548	10858	13098	10557	13432	10300	13726
7206	7937	7937	7464	8425	7051	8876	6809	9152	6602	9395
7315	6955	6955	6513	7412	6127	7836	5902	8095	5709	8323
7435	3105	3105	2812	3413	2560	3702	2416	3881	2293	4040
7316	8326	8326	7841	8825	7417	9287	7169	9569	6957	9817
7025	10444	10444	9900	11002	9423	11517	9143	11831	8904	12107
7415	4841	4841	4473	5223	4155	5580	3969	5799	3812	5993
7100	12954	12954	12348	13575	11814	14146	11501	14494	11232	14799
7015	8023	8024	7548	8513	7132	8967	6889	9244	6681	9488
9908	1127	1127	953	1315	809	1497	729	1612	662	1715
6410	18746	18747	18016	19492	17370	20175	16989	20590	16662	20954
6420	16106	16106	15429	16797	14832	17432	14480	17818	14178	18156
5535	12878	12878	12274	13497	11742	14067	11429	14413	11161	14718
5600	7015	7015	6571	7474	6183	7899	5957	8160	5764	8389
5546	7398	7398	6942	7869	6543	8305	6310	8572	6111	8807
4706	5296	5296	4911	5696	4577	6068	4383	6296	4217	6498
6605	4602	4603	4244	4975	3934	5324	3754	5538	3601	5727
6910	3208	3209	2910	3521	2654	3815	2507	3996	2382	4158
6606	2283	2283	2033	2548	1820	2799	1698	2955	1596	3093
9909	2347	2348	2094	2616	1877	2870	1754	3028	1650	3168
9011	4445	4445	4093	4812	3788	5154	3612	5365	3462	5551
5525	6382	6382	5958	6820	5590	7226	5375	7475	5191	7695
5515	11173	11173	10611	11750	10117	12282	9827	12606	9578	12891
6326	12501	12502	11906	13111	11382	13673	11074	14015	10810	14315
9914	7770	7770	7302	8252	6893	8699	6654	8972	6450	9213
5545	6156	6157	5741	6586	5379	6986	5168	7231	4988	7447
6223	13591	13591	12970	14227	12423	14812	12101	15167	11825	15479
5306	11392	11392	10824	11974	10324	12511	10031	12838	9780	13126
6325	16815	16815	16123	17521	15513	18169	15153	18563	14844	18908
9009	2216	2216	1970	2477	1760	2724	1640	2878	1540	3015
9006	4834	4834	4467	5216	4148	5573	3963	5791	3806	5985
6225	10683	10684	10133	11248	9651	11768	9368	12085	9125	12365
9018	8571	8572	8080	9078	7649	9546	7397	9832	7182	10084
5425	18052	18053	17336	18784	16702	19455	16329	19862	16008	20220
5305	13155	13156	12544	13781	12007	14357	11691	14707	11419	15014
5426	8590	8591	8098	9097	7667	9566	7415	9852	7199	10104
6226	14571	14571	13927	15228	13360	15833	13027	16201	12740	16524
6126	5783	5784	5381	6201	5031	6589	4827	6827	4653	7037
6224	10344	10344	9803	10899	9328	11412	9050	11724	8811	11999
6216	6881	6881	6441	7335	6057	7757	5833	8015	5642	8242
6316	16857	16857	16164	17564	15553	18213	15193	18607	14884	18953
6215	12367	12367	11775	12974	11254	13533	10948	13873	10686	14171
5100	3547	3548	3234	3876	2964	4184	2808	4374	2675	4542
6213	10055	10055	9522	10603	9054	11109	8780	11417	8545	11688
9005	2385	2385	2129	2655	1911	2911	1786	3070	1681	3211
6124	15426	15426	14764	16102	14180	16724	13836	17102	13541	17434
6125	5435	5435	5045	5839	4706	6216	4509	6447	4341	6651
6214	244	244	167	335	110	430	82	492	60	550
5415	6087	6087	5674	6515	5314	6913	5105	7156	4926	7371
5205	6041	6041	5629	6467	5271	6863	5062	7106	4884	7321
9916	6748	6748	6312	7198	5932	7615	5711	7871	5522	8096
9913	3435	3435	3126	3758	2861	4062	2708	4249	2578	4415
9915	9340	9340	8826	9868	8376	10356	8112	10654	7887	10916
4606	9666	9667	9144	10204	8686	10700	8417	11002	8187	11269
6115	11922	11923	11341	12518	10830	13067	10530	13401	10273	13695
4820	3279	3279	2977	3595	2718	3891	2569	4075	2443	4237
9017	1930	1930	1700	2174	1506	2406	1395	2551	1303	2680
6123	12366	12366	11774	12973	11253	13532	10947	13871	10685	14170
6114	17669	17669	16960	18393	16334	19057	15964	19460	15647	19814
4607	10313	10313	9773	10867	9299	11379	9021	11691	8783	11966
6505	4918	4918	4548	5304	4226	5663	4039	5884	3881	6079
5020	11266	11267	10701	11846	10205	12380	9914	12705	9664	12991
6113	27719	27720	26829	28624	26040	29451	25573	29951	25171	30390
5010	8862	8862	8362	9377	7924	9853	7667	10143	7448	10399
6020	14664	14664	14018	15324	13449	15930	13115	16299	12827	16623
4900	6477	6477	6051	6918	5679	7328	5462	7578	5277	7800
6010	9643	9644	9121	10180	8664	10676	8395	10978	8166	11244
4400	9731	9731	9206	10270	8746	10767	8477	11071	8246	11338
9900	4551	4552	4195	4922	3886	5269	3708	5482	3555	5670
9904	6110	6110	5696	6539	5336	6937	5126	7181	4947	7397
9902	13950	13950	13320	14593	12766	15186	12440	15546	12160	15862
4810	5107	5107	4729	5499	4401	5865	4210	6090	4048	6288
5720	19399	19400	18656	20157	17999	20852	17611	21274	17278	21643
9901	3273	3273	2972	3588	2713	3885	2564	4068	2437	4231
5826	2911	2912	2628	3210	2385	3490	2245	3664	2127	3818
5825	2476	2476	2215	2751	1992	3012	1865	3173	1758	3317
5925	10838	10838	10284	11406	9797	11930	9512	12250	9267	12530
9015	6282	6282	5862	6716	5496	7120	5283	7367	5101	7585
4506	7472	7472	7014	7945	6613	8384	6379	8652	6179	8888
4605	10699	10700	10149	11264	9666	11785	9383	12103	9140	12382
9002	15717	15718	15049	16400	14459	17028	14112	17409	13814	17743
4226	7490	7490	7031	7964	6630	8403	6396	8671	6195	8908
4505	6049	6049	5637	6476	5279	6872	5070	7115	4892	7329
4225	7073	7074	6627	7534	6238	7961	6011	8222	5817	8453
5716	11034	11034	10475	11607	9984	12136	9696	12458	9449	12741
5916	14605	14605	13961	15263	13393	15869	13059	16237	12772	16560
4300	5271	5271	4887	5670	4554	6041	4360	6269	4195	6470
5815	2216	2216	1970	2477	1760	2724	1640	2878	1540	3015
9004	7343	7343	6888	7812	6491	8247	6259	8513	6061	8747
5715	8218	8218	7736	8714	7315	9173	7069	9453	6858	9700
3330	5278	5278	4894	5677	4560	6049	4366	6277	4201	6478
6506	5043	5043	4667	5433	4341	5796	4152	6019	3991	6217
5915	8068	8069	7592	8560	7174	9015	6931	9293	6722	9538
3905	4578	4579	4221	4950	3911	5298	3732	5511	3579	5700
4130	8475	8475	7986	8979	7558	9445	7308	9729	7094	9979
6930	4556	4557	4200	4927	3891	5274	3712	5487	3560	5676
3825	8391	8391	7905	8892	7479	9356	7230	9639	7017	9888
4120	8889	8889	8388	9404	7949	9881	7693	10172	7473	10428
3816	10572	10572	10025	11134	9545	11652	9263	11967	9022	12245
4210	10234	10235	9696	10787	9224	11297	8948	11608	8710	11881
9016	4795	4795	4429	5175	4112	5531	3928	5749	3771	5942
4005	6330	6330	5908	6766	5541	7171	5327	7419	5144	7638
4230	4414	4414	4063	4779	3760	5121	3584	5331	3434	5517
3815	8479	8479	7990	8983	7562	9449	7312	9733	7098	9984
3705	13463	13463	12845	14096	12300	14678	11980	15032	11706	15343
3900	3030	3030	2740	3334	2492	3620	2349	3797	2229	3954
4110	8769	8769	8271	9281	7836	9754	7581	10043	7363	10298
3416	9610	9611	9089	10146	8632	10641	8365	10943	8135	11208
3413	3748	3748	3425	4085	3147	4401	2986	4596	2850	4769
3706	7385	7385	6929	7855	6531	8292	6298	8558	6100	8793
3600	9171	9171	8662	9694	8216	10178	7955	10473	7731	10733
3415	11274	11275	10709	11854	10213	12388	9921	12714	9672	13000
3320	10839	10839	10285	11407	9798	11931	9513	12251	9268	12532
3505	18133	18133	17414	18866	16779	19538	16405	19946	16084	20304
3414	10491	10491	9946	11050	9468	11566	9187	11881	8947	12158
6900	3500	3501	3189	3826	2920	4133	2766	4321	2635	4489
2940	7410	7410	6953	7881	6554	8318	6321	8585	6122	8821
2216	7625	7626	7162	8103	6757	8546	6521	8817	6318	9055
3046	10353	10353	9812	10908	9337	11421	9058	11734	8820	12009
2225	6972	6972	6529	7429	6143	7854	5917	8113	5725	8342
3426	8008	8009	7533	8498	7118	8951	6875	9228	6667	9472
3427	9031	9032	8526	9551	8084	10031	7825	10324	7603	10582
3045	11697	11697	11121	12287	10615	12831	10318	13162	10063	13453
3310	7865	7865	7394	8350	6983	8800	6742	9074	6537	9316
3030	16883	16883	16190	17590	15578	18240	15218	18634	14908	18981
3130	7562	7563	7101	8038	6698	8479	6462	8749	6261	8987
3010	17097	17098	16400	17809	15784	18463	15421	18860	15109	19208
3020	10673	10674	10124	11237	9641	11758	9358	12075	9116	12354
3425	7907	7907	7435	8394	7022	8844	6781	9119	6575	9362
2100	7739	7739	7272	8220	6864	8666	6625	8939	6421	9179
1606	5657	5657	5259	6070	4913	6454	4711	6689	4540	6897
2215	7566	7567	7105	8042	6702	8484	6466	8753	6265	8991
1720	11853	11854	11274	12447	10764	12995	10465	13328	10208	13621
3120	9934	9934	9404	10478	8939	10981	8667	11288	8433	11557
1900	535	535	418	667	325	799	274	883	234	959
3110	3641	3641	3323	3973	3049	4285	2891	4477	2757	4648
3200	8388	8388	7902	8889	7476	9352	7227	9635	7014	9885
1605	7907	7907	7435	8394	7022	8844	6781	9119	6575	9362
2000	5268	5268	4884	5667	4551	6038	4357	6266	4192	6467
1820	4378	4378	4028	4742	3726	5082	3551	5291	3402	5476
1200	7211	7211	6760	7676	6367	8107	6137	8370	5941	8603
1710	9528	9528	9009	10062	8555	10554	8288	10855	8060	11119
1810	2256	2256	2007	2519	1796	2769	1675	2924	1573	3062
900	4577	4578	4220	4949	3911	5297	3731	5510	3578	5699
806	12887	12887	12282	13506	11750	14076	11438	14423	11169	14727
1506	9778	9778	9252	10318	8791	10817	8521	11121	8289	11389
1410	6141	6141	5726	6571	5365	6970	5154	7215	4975	7431
1505	8190	8190	7709	8685	7289	9143	7043	9423	6833	9669
1330	8455	8455	7967	8958	7539	9423	7289	9707	7076	9958
1000	4324	4324	3977	4685	3676	5024	3502	5231	3355	5416
1320	7370	7370	6915	7840	6517	8276	6284	8542	6086	8777
1420	5921	5921	5513	6343	5159	6735	4952	6976	4776	7188
1130	2834	2834	2555	3128	2315	3406	2177	3577	2061	3730
1116	7718	7718	7251	8198	6844	8644	6606	8916	6402	9156
1310	10716	10717	10166	11282	9682	11803	9398	12121	9155	12400
805	8725	8725	8229	9235	7794	9708	7540	9996	7322	10250
1115	5804	5805	5401	6222	5050	6611	4846	6849	4672	7060
205	5094	5094	4716	5486	4389	5851	4199	6075	4037	6274
136	5085	5085	4708	5476	4380	5841	4190	6065	4029	6264
1120	14365	14366	13727	15019	13164	15619	12833	15984	12548	16305
705	7415	7415	6958	7886	6559	8323	6326	8590	6127	8826
120	4944	4945	4573	5331	4250	5691	4063	5912	3904	6108
325	9475	9475	8958	10007	8504	10498	8238	10798	8011	11062
135	7022	7022	6578	7481	6190	7907	5964	8167	5770	8397
706	5051	5051	4675	5441	4349	5805	4159	6028	3998	6226
206	6041	6041	5629	6467	5271	6863	5062	7106	4884	7321
2910	1421	1421	1225	1631	1061	1833	968	1959	891	2073
315	6053	6053	5641	6480	5282	6876	5073	7119	4895	7334
2935	1322	1322	1133	1525	976	1721	887	1843	814	1953
605	9169	9169	8660	9692	8214	10176	7953	10471	7729	10731
606	9516	9516	8998	10049	8543	10542	8277	10842	8049	11106
506	9596	9597	9076	10132	8619	10626	8352	10928	8123	11193
110	2195	2195	1950	2455	1741	2701	1622	2854	1522	2991
505	18530	18531	17804	19271	17162	19951	16784	20363	16458	20725
2936	4653	4653	4292	5027	3980	5378	3799	5593	3645	5783
405	9154	9154	8645	9676	8200	10160	7939	10455	7716	10714
2926	9050	9051	8545	9570	8102	10051	7843	10344	7621	10603
2925	6320	6320	5898	6755	5532	7160	5318	7408	5135	7627
2927	2557	2557	2292	2837	2065	3101	1936	3265	1826	3411
