faz_id mean median lower_50 upper_50 lower_80 upper_80 lower_90 upper_90 lower_95 upper_95
8935	4696	4696	4097	5335	3592	5946	3306	6328	3068	6669
8927	1386	1386	1070	1743	820	2099	687	2328	580	2537
8926	1764	1764	1405	2164	1116	2559	960	2811	833	3040
8936	3432	3432	2923	3982	2499	4512	2262	4845	2065	5144
8500	10482	10483	9578	11428	8798	12315	8347	12861	7965	13345
8406	308	308	170	487	80	683	43	816	19	941
8320	8635	8635	7815	9495	7112	10304	6708	10805	6365	11249
8925	2494	2495	2063	2966	1710	3426	1515	3717	1355	3979
8937	7147	7148	6404	7932	5769	8673	5405	9133	5099	9542
8405	912	912	660	1205	467	1505	368	1699	291	1878
8310	9989	9990	9107	10913	8346	11780	7907	12314	7536	12788
8910	2870	2871	2407	3375	2024	3864	1811	4173	1635	4451
7905	5237	5237	4603	5911	4068	6554	3763	6954	3508	7311
7606	815	815	578	1094	399	1380	307	1566	238	1738
7805	2189	2189	1787	2632	1459	3066	1279	3342	1132	3591
8220	13033	13033	12022	14085	11146	15068	10638	15672	10206	16206
8000	38501	38502	36748	40295	35205	41945	34297	42949	33518	43830
8906	1372	1372	1057	1727	809	2081	677	2310	571	2517
8210	20085	20085	18824	21386	17724	22593	17082	23330	16533	23981
9020	3722	3722	3191	4294	2748	4844	2498	5188	2291	5498
8125	5931	5931	5255	6647	4682	7327	4355	7750	4080	8127
8126	6936	6937	6204	7709	5580	8441	5222	8894	4920	9297
8905	1068	1068	793	1384	581	1703	469	1910	382	2100
7806	1826	1826	1460	2233	1166	2634	1006	2890	876	3122
7700	5598	5598	4942	6295	4387	6957	4070	7369	3805	7737
7526	8984	8984	8148	9861	7429	10685	7016	11195	6666	11647
7340	3682	3683	3154	4251	2714	4798	2466	5142	2260	5450
7605	1024	1024	755	1334	548	1648	440	1851	356	2038
7537	15432	15432	14330	16575	13372	17640	12815	18292	12340	18869
8115	10098	10099	9211	11027	8446	11898	8004	12435	7630	12912
7335	10852	10853	9931	11814	9137	12716	8677	13271	8288	13763
8600	10867	10867	9945	11829	9150	12731	8690	13286	8300	13778
7425	3673	3674	3146	4241	2706	4788	2459	5131	2253	5438
7535	6039	6039	5357	6762	4778	7448	4447	7874	4170	8254
7525	2292	2292	1880	2745	1543	3188	1358	3469	1206	3722
7436	2420	2420	1996	2885	1649	3339	1457	3626	1300	3885
9019	5088	5089	4464	5753	3937	6387	3637	6782	3386	7135
7026	1779	1779	1418	2181	1128	2577	971	2831	843	3060
7205	7514	7514	6751	8318	6099	9077	5725	9547	5409	9964
7515	7390	7390	6633	8187	5987	8940	5616	9407	5304	9821
7320	8060	8061	7269	8892	6592	9676	6203	10161	5874	10592
7206	16616	16617	15472	17801	14476	18904	13896	19579	13401	20176
7315	4784	4784	4179	5429	3669	6045	3380	6430	3139	6774
7435	4271	4272	3701	4882	3222	5467	2952	5833	2726	6161
7316	4264	4264	3694	4875	3216	5459	2946	5825	2721	6153
7025	11681	11681	10725	12678	9898	13611	9420	14185	9014	14694
7415	13474	13474	12446	14544	11554	15542	11037	16155	10597	16697
7100	10489	10489	9583	11434	8803	12321	8352	12868	7970	13352
7015	5890	5891	5217	6604	4646	7282	4320	7704	4046	8080
9908	4209	4210	3643	4816	3169	5398	2901	5761	2677	6087
6410	15271	15270	14175	16408	13222	17467	12668	18117	12196	18691
6420	9084	9084	8243	9965	7520	10794	7104	11306	6752	11761
5535	6348	6349	5649	7089	5054	7791	4713	8226	4427	8615
5600	14299	14299	13239	15400	12319	16427	11785	17057	11330	17614
5546	13225	13224	12206	14284	11323	15274	10811	15881	10375	16419
4706	2318	2318	1904	2774	1565	3219	1378	3501	1226	3756
6605	2673	2673	2226	3161	1859	3635	1655	3935	1487	4204
6910	2352	2352	1934	2811	1593	3259	1404	3542	1250	3799
6606	1210	1210	916	1545	686	1881	564	2098	468	2296
9909	1245	1245	946	1584	712	1924	588	2144	490	2344
9011	6068	6069	5385	6793	4804	7480	4472	7907	4194	8288
5525	7083	7083	6343	7864	5711	8602	5349	9060	5044	9467
5515	5047	5047	4425	5709	3900	6341	3602	6734	3353	7086
6326	11912	11911	10946	12919	10111	13860	9627	14439	9217	14952
9914	3779	3779	3244	4355	2797	4908	2545	5255	2336	5567
5545	4466	4466	3882	5090	3392	5687	3114	6060	2882	6394
6223	8143	8143	7348	8979	6667	9767	6275	10254	5944	10687
5306	19318	19319	18082	20595	17004	21779	16375	22504	15838	23143
6325	7454	7455	6695	8255	6045	9011	5673	9479	5358	9896
9009	2423	2423	1999	2888	1651	3342	1459	3630	1302	3889
9006	1685	1686	1335	2077	1054	2464	902	2712	779	2937
6225	16036	16036	14912	17201	13935	18285	13366	18950	12881	19536
9018	11099	11100	10168	12072	9364	12983	8898	13544	8504	14040
5425	31664	31664	30076	33292	28681	34794	27862	35708	27160	36512
5305	22380	22381	21048	23752	19884	25023	19203	25799	18621	26484
5426	14756	14755	13678	15874	12743	16916	12199	17555	11736	18120
6226	7069	7069	6329	7849	5698	8587	5337	9044	5032	9451
6126	2809	2810	2351	3309	1973	3794	1762	4099	1589	4375
6224	6978	6978	6243	7753	5617	8486	5258	8941	4955	9345
6216	8820	8821	7992	9689	7281	10507	6871	11012	6525	11461
6316	20162	20163	18899	21466	17797	22675	17153	23414	16604	24066
6215	15711	15710	14599	16864	13632	17938	13069	18596	12590	19177
5100	1912	1912	1537	2327	1235	2737	1069	2997	935	3233
6213	15659	15658	14548	16810	13583	17882	13022	18539	12543	19120
9005	546	546	355	777	218	1021	152	1182	104	1332
6124	13286	13286	12265	14348	11380	15340	10867	15949	10430	16488
6125	11427	11428	10481	12414	9665	13337	9192	13905	8791	14409
6214	29848	29849	28307	31430	26954	32889	26161	33778	25481	34560
5415	60066	60068	57872	62302	55931	64350	54785	65591	53799	66679
5205	35750	35751	34062	37479	32576	39072	31703	40040	30954	40891
9916	2398	2398	1976	2861	1630	3312	1440	3599	1284	3857
9913	5755	5755	5090	6461	4526	7132	4204	7549	3934	7921
9915	3393	3394	2887	3940	2466	4468	2231	4799	2035	5097
4606	3439	3439	2929	3989	2505	4520	2268	4853	2071	5152
6115	10092	10093	9205	11021	8440	11892	7999	12428	7625	12905
4820	5502	5502	4852	6193	4302	6850	3988	7259	3726	7624
9017	549	549	357	781	220	1025	154	1187	106	1337
6123	54439	54440	52350	56568	50505	58520	49416	59704	48480	60742
6114	20843	20844	19559	22168	18437	23397	17782	24147	17222	24809
4607	6286	6286	5590	7023	4998	7721	4659	8155	4375	8542
6505	2884	2884	2419	3389	2035	3880	1821	4189	1645	4467
5020	8652	8652	7832	9513	7128	10323	6723	10824	6380	11269
6113	40149	40150	38359	41980	36781	43665	35853	44688	35057	45587
5010	16818	16819	15667	18011	14665	19120	14081	19799	13583	20399
6020	56844	56845	54710	59019	52823	61013	51710	62222	50752	63282
4900	51124	51125	49101	53187	47314	55081	46260	56230	45355	57238
6010	114454	114456	111417	117532	108717	120339	107117	122034	105737	123517
4400	9514	9515	8653	10416	7913	11263	7485	11786	7124	12250
9900	2018	2018	1632	2444	1320	2863	1149	3130	1010	3371
9904	7248	7249	6499	8038	5860	8785	5493	9247	5184	9658
9902	23490	23491	22125	24896	20931	26196	20233	26990	19635	27690
4810	9826	9826	8951	10742	8197	11602	7762	12133	7394	12603
5720	11722	11722	10764	12721	9936	13656	9457	14231	9050	14740
9901	4103	4103	3545	4702	3077	5277	2812	5637	2592	5959
5826	8080	8081	7289	8913	6610	9698	6220	10184	5891	10615
5825	48346	48347	46379	50354	44643	52196	43620	53315	42741	54296
5925	19404	19404	18165	20683	17085	21870	16454	22596	15916	23236
9015	1908	1908	1533	2323	1231	2732	1066	2992	933	3228
4506	31886	31886	30292	33520	28892	35026	28070	35944	27366	36750
4605	18758	18758	17540	20016	16479	21184	15860	21898	15331	22529
9002	9780	9780	8906	10694	8155	11552	7721	12081	7354	12551
4226	3332	3333	2831	3874	2415	4398	2181	4727	1988	5022
4505	1520	1520	1188	1893	924	2263	782	2501	668	2717
4225	3277	3277	2780	3814	2367	4333	2136	4660	1945	4953
5716	8298	8299	7496	9142	6808	9937	6412	10428	6077	10865
5916	8556	8556	7740	9412	7041	10218	6638	10717	6298	11159
4300	17124	17125	15962	18327	14950	19446	14361	20131	13858	20736
5815	27408	27409	25932	28924	24638	30325	23879	31179	23230	31931
9004	4875	4875	4264	5526	3749	6148	3457	6535	3213	6882
5715	2328	2329	1913	2785	1573	3231	1386	3514	1233	3769
3330	1815	1815	1450	2220	1157	2620	997	2876	868	3107
6506	4777	4777	4172	5422	3663	6037	3374	6422	3133	6765
5915	5491	5491	4842	6181	4292	6837	3979	7246	3716	7611
3905	20248	20248	18982	21554	17877	22765	17232	23506	16681	24159
4130	23843	23844	22468	25259	21265	26569	20560	27369	19958	28073
6930	3732	3732	3200	4305	2756	4855	2507	5200	2299	5510
3825	7822	7822	7043	8642	6377	9415	5994	9893	5671	10319
4120	3946	3946	3399	4534	2941	5099	2683	5452	2468	5769
3816	4509	4510	3923	5136	3430	5736	3150	6111	2917	6446
4210	5336	5336	4696	6017	4155	6665	3847	7068	3589	7428
9016	1841	1842	1474	2250	1178	2652	1017	2909	886	3142
4005	2502	2503	2071	2975	1717	3435	1521	3727	1361	3990
4230	2023	2023	1637	2450	1324	2869	1153	3136	1014	3377
3815	10213	10214	9320	11147	8551	12023	8107	12563	7730	13041
3705	36034	36034	34338	37769	32847	39368	31970	40340	31218	41194
3900	23818	23819	22444	25233	21241	26542	20537	27342	19935	28046
4110	38834	38835	37073	40635	35523	42292	34611	43300	33828	44185
3416	3361	3361	2857	3905	2439	4430	2204	4760	2010	5057
3413	1514	1514	1183	1886	919	2256	777	2493	664	2709
3706	4105	4105	3546	4704	3078	5279	2814	5639	2594	5961
3600	54503	54504	52413	56633	50567	58587	49478	59771	48541	60810
3415	4875	4875	4264	5526	3749	6148	3457	6535	3213	6882
3320	5817	5817	5148	6526	4580	7200	4257	7619	3985	7993
3505	20693	20694	19414	22014	18296	23238	17643	23986	17086	24646
3414	3114	3114	2630	3639	2229	4146	2005	4466	1820	4753
6900	1877	1877	1506	2289	1207	2695	1043	2954	911	3188
2940	3265	3266	2769	3802	2358	4321	2127	4647	1936	4940
2216	4243	4243	3675	4852	3198	5435	2928	5800	2704	6127
3046	8623	8624	7805	9483	7102	10292	6698	10792	6356	11236
2225	7572	7572	6806	8378	6151	9140	5775	9611	5458	10031
3426	2829	2829	2368	3330	1989	3816	1778	4123	1604	4399
3427	6241	6242	5548	6976	4958	7672	4621	8104	4338	8490
3045	4503	4503	3917	5130	3424	5730	3145	6104	2912	6439
3310	3723	3723	3192	4295	2749	4845	2499	5190	2292	5499
3030	10770	10770	9852	11728	9061	12626	8603	13179	8215	13669
3130	23971	23971	22592	25390	21385	26704	20679	27505	20075	28212
3010	11442	11443	10496	12429	9679	13353	9205	13922	8804	14426
3020	22451	22452	21118	23826	19951	25099	19269	25876	18687	26561
3425	3278	3278	2781	3815	2368	4335	2137	4661	1946	4955
2100	1971	1971	1590	2393	1282	2807	1114	3071	977	3310
1606	3106	3106	2623	3630	2223	4137	1999	4456	1814	4743
2215	7059	7059	6320	7838	5689	8575	5328	9032	5024	9439
1720	7057	7057	6318	7836	5687	8573	5326	9030	5022	9437
3120	17109	17110	15948	18312	14936	19430	14347	20114	13845	20719
1900	14683	14682	13608	15799	12676	16838	12133	17476	11672	18040
3110	2906	2906	2439	3414	2054	3906	1839	4216	1662	4495
3200	7850	7851	7070	8671	6402	9446	6018	9925	5695	10351
1605	7913	7913	7129	8737	6459	9515	6073	9995	5748	10423
2000	15390	15389	14289	16531	13333	17594	12777	18246	12303	18822
1820	23023	23024	21673	24415	20491	25703	19800	26490	19209	27183
1200	5988	5989	5309	6708	4733	7391	4404	7816	4128	8195
1710	13243	13242	12223	14303	11340	15293	10827	15901	10392	16439
1810	14560	14560	13490	15671	12561	16707	12022	17342	11562	17904
900	11572	11573	10620	12565	9798	13494	9322	14065	8918	14572
806	4149	4149	3587	4751	3116	5329	2850	5690	2629	6014
1506	4435	4436	3854	5058	3365	5653	3089	6025	2858	6358
1410	15271	15270	14175	16408	13222	17467	12668	18117	12196	18691
1505	5781	5782	5114	6489	4549	7161	4226	7579	3956	7952
1330	5870	5871	5198	6583	4628	7260	4303	7681	4029	8056
1000	3216	3216	2724	3749	2315	4263	2087	4587	1898	4878
1320	4981	4981	4364	5639	3843	6267	3547	6658	3299	7008
1420	15805	15804	14689	16961	13719	18038	13155	18698	12674	19281
1130	3024	3024	2547	3541	2153	4042	1933	4358	1751	4641
1116	8454	8454	7643	9305	6948	10107	6548	10602	6210	11043
1310	6713	6713	5993	7474	5380	8194	5028	8641	4733	9039
805	5268	5269	4633	5945	4095	6589	3790	6990	3534	7348
1115	4730	4730	4129	5372	3622	5985	3335	6368	3095	6710
205	13976	13976	12928	15065	12019	16080	11491	16704	11042	17255
136	4561	4561	3971	5192	3475	5795	3194	6171	2959	6508
1120	13189	13189	12172	14248	11291	15236	10779	15843	10344	16380
705	2875	2876	2411	3380	2028	3870	1815	4179	1639	4457
120	1592	1593	1252	1973	981	2352	834	2594	716	2814
325	5651	5651	4992	6350	4433	7016	4115	7429	3848	7799
135	3111	3111	2627	3636	2227	4143	2003	4462	1818	4749
706	3819	3820	3281	4398	2831	4954	2578	5303	2368	5616
206	8355	8355	7549	9201	6859	9999	6461	10492	6126	10930
2910	1082	1082	805	1399	590	1720	478	1928	390	2118
315	6603	6603	5889	7358	5281	8072	4933	8516	4640	8911
2935	21203	21204	19908	22540	18776	23778	18115	24535	17549	25202
605	4658	4658	4062	5295	3560	5904	3275	6284	3037	6624
606	3828	3829	3290	4408	2839	4965	2586	5314	2375	5627
506	4913	4914	4300	5567	3783	6191	3489	6580	3244	6928
110	1273	1273	971	1616	734	1960	608	2181	508	2384
505	11916	11915	10950	12923	10115	13865	9631	14444	9220	14957
2936	3786	3786	3250	4362	2803	4916	2551	5264	2342	5575
405	4287	4288	3716	4900	3236	5486	2965	5852	2739	6181
2926	2855	2855	2393	3358	2011	3847	1799	4155	1624	4432
2925	2307	2307	1893	2762	1556	3206	1370	3487	1218	3742
2927	1662	1662	1314	2051	1035	2436	885	2682	763	2906
