faz_id mean median lower_50 upper_50 lower_80 upper_80 lower_90 upper_90 lower_95 upper_95
8935	6232	6233	5269	7276	4470	8286	4024	8921	3655	9492
8927	1538	1538	1080	2077	736	2632	562	2995	430	3330
8926	3695	3694	2962	4508	2372	5309	2050	5820	1789	6283
8936	4417	4418	3612	5303	2957	6169	2596	6719	2302	7216
8500	16541	16541	14946	18216	13579	19795	12792	20770	12127	21637
8406	358	358	158	639	47	961	12	1186	0	1399
8320	15031	15032	13513	16631	12215	18140	11469	19075	10840	19906
8925	3709	3708	2975	4523	2383	5326	2060	5838	1799	6302
8937	8471	8472	7341	9682	6393	10841	5857	11566	5410	12216
8405	1289	1288	873	1786	567	2302	416	2643	303	2958
8310	12071	12072	10714	13508	9562	14872	8904	15719	8351	16475
8910	3568	3567	2849	4368	2270	5157	1956	5661	1701	6118
7905	6911	6912	5894	8009	5048	9066	4573	9730	4179	10326
7606	948	948	597	1380	350	1838	234	2144	151	2428
7805	3173	3173	2497	3930	1958	4680	1666	5161	1432	5597
8220	19925	19926	18170	21760	16660	23482	15787	24543	15048	25485
8000	40434	40436	37918	43032	35721	45440	34438	46912	33342	48210
8906	1515	1514	1060	2050	720	2601	548	2962	418	3295
8210	40690	40691	38165	43295	35961	45710	34673	47187	33574	48489
9020	4880	4880	4032	5808	3338	6714	2954	7287	2639	7804
8125	8021	8022	6923	9200	6003	10331	5484	11039	5052	11674
8126	8989	8989	7824	10235	6844	11426	6289	12170	5825	12836
8905	1256	1256	846	1747	545	2258	397	2596	287	2908
7806	2544	2544	1943	3226	1471	3909	1220	4349	1021	4751
7700	6525	6526	5538	7593	4719	8623	4260	9271	3880	9853
7526	10912	10913	9624	12281	8534	13582	7912	14393	7392	15116
7340	4340	4341	3543	5218	2894	6078	2537	6624	2246	7117
7605	1799	1798	1300	2378	920	2969	724	3355	572	3708
7537	19146	19147	17427	20946	15948	22636	15095	23678	14372	24603
8115	13679	13680	12232	15206	10999	16651	10292	17547	9697	18345
7335	12735	12736	11341	14210	10154	15608	9475	16476	8905	17249
8600	14521	14522	13029	16094	11755	17579	11024	18499	10408	19318
7425	4882	4882	4034	5811	3339	6716	2955	7289	2640	7807
7535	8898	8899	7739	10138	6764	11323	6213	12064	5752	12727
7525	2873	2873	2232	3595	1724	4315	1451	4777	1233	5197
7436	2768	2767	2139	3477	1642	4185	1376	4640	1164	5054
9019	6117	6117	5163	7152	4373	8153	3931	8783	3567	9350
7026	1929	1929	1411	2528	1014	3137	807	3532	647	3895
7205	9347	9348	8158	10617	7157	11829	6589	12586	6114	13263
7515	8825	8826	7671	10060	6701	11242	6152	11980	5694	12640
7320	11898	11898	10551	13325	9408	14680	8755	15522	8207	16272
7206	31214	31216	29008	33501	27091	35630	25975	36935	25024	38088
7315	5197	5197	4320	6154	3600	7085	3201	7673	2873	8203
7435	5374	5374	4482	6346	3748	7291	3340	7888	3005	8425
7316	4781	4781	3942	5700	3256	6597	2876	7166	2566	7678
7025	14621	14621	13124	16198	11845	17689	11111	18612	10492	19433
7415	14917	14918	13404	16510	12111	18014	11369	18945	10743	19774
7100	21133	21134	19325	23022	17766	24792	16864	25882	16100	26849
7015	6481	6481	5497	7545	4681	8572	4224	9218	3846	9799
9908	4679	4680	3850	5590	3172	6478	2798	7042	2492	7550
6410	18946	18947	17236	20736	15765	22418	14917	23456	14199	24376
6420	8571	8572	7434	9789	6480	10954	5940	11683	5490	12335
5535	5648	5648	4733	6644	3978	7610	3557	8219	3211	8768
5600	16501	16502	14908	18175	13543	19752	12757	20726	12094	21592
5546	14785	14786	13279	16371	11992	17869	11254	18797	10631	19622
4706	2511	2510	1914	3188	1446	3867	1197	4305	1000	4705
6605	2977	2977	2324	3711	1804	4442	1525	4910	1302	5336
6910	4705	4705	3873	5617	3193	6508	2818	7073	2511	7582
6606	1602	1601	1133	2151	780	2715	601	3083	464	3423
9909	1612	1612	1142	2163	788	2728	607	3098	469	3438
9011	6492	6492	5508	7557	4691	8585	4233	9231	3855	9812
5525	7209	7210	6170	8329	5303	9407	4816	10083	4412	10690
5515	5530	5531	4625	6516	3879	7473	3464	8078	3123	8621
6326	15573	15574	14027	17200	12703	18735	11943	19684	11301	20529
9914	4614	4614	3790	5518	3118	6401	2747	6961	2444	7466
5545	4747	4748	3912	5664	3228	6558	2851	7125	2542	7636
6223	11339	11340	10026	12734	8912	14059	8277	14883	7744	15618
5306	29558	29560	27413	31785	25550	33859	24466	35132	23544	36256
6325	8795	8796	7643	10028	6675	11207	6127	11944	5670	12604
9009	2634	2633	2021	3327	1539	4020	1282	4466	1078	4873
9006	3413	3412	2710	4196	2147	4970	1841	5465	1595	5914
6225	19540	19541	17803	21358	16308	23064	15445	24117	14714	25050
9018	12554	12554	11169	14019	9992	15407	9319	16270	8753	17038
5425	58808	58810	55765	61932	53094	64814	51527	66570	50184	68115
5305	29763	29765	27610	31997	25740	34079	24653	35355	23727	36483
5426	17811	17812	16154	19548	14732	21182	13912	22191	13218	23086
6226	8261	8262	7146	9457	6211	10604	5682	11321	5243	11963
6126	3379	3379	2680	4159	2120	4930	1817	5423	1572	5870
6224	7527	7528	6464	8671	5577	9770	5077	10459	4661	11076
6216	10508	10508	9245	11851	8176	13131	7569	13928	7060	14639
6316	25351	25352	23367	27416	21649	29345	20653	30530	19806	31579
6215	21005	21006	19203	22888	17649	24653	16750	25741	15989	26705
5100	2095	2095	1554	2718	1135	3347	916	3756	745	4129
6213	16179	16180	14602	17837	13251	19399	12474	20365	11818	21223
9005	681	681	390	1053	196	1458	112	1731	58	1988
6124	13961	13962	12499	15504	11252	16962	10537	17866	9934	18671
6125	13194	13195	11774	14695	10565	16116	9872	16998	9289	17783
6214	31833	31835	29605	34142	27668	36291	26540	37608	25579	38771
5415	63813	63815	60642	67065	57854	70064	56218	71889	54816	73494
5205	45721	45722	43043	48480	40700	51034	39329	52594	38157	53968
9916	2629	2628	2017	3321	1536	4013	1279	4459	1075	4866
9913	6807	6808	5798	7897	4959	8947	4488	9607	4098	10199
9915	3677	3677	2947	4489	2358	5289	2037	5799	1777	6261
4606	3692	3692	2960	4506	2370	5307	2048	5818	1788	6281
6115	10214	10215	8970	11540	7918	12803	7320	13590	6819	14292
4820	5448	5449	4550	6427	3811	7378	3399	7978	3061	8519
9017	765	765	454	1157	242	1579	148	1863	84	2129
6123	67795	67797	64525	71146	61649	74233	59960	76112	58511	77763
6114	24052	24053	22121	26064	20450	27946	19482	29103	18660	30128
4607	8923	8924	7762	10165	6786	11352	6234	12094	5773	12757
6505	3604	3604	2881	4408	2299	5201	1983	5707	1726	6166
5020	9868	9869	8646	11172	7614	12415	7028	13190	6537	13883
6113	44359	44361	41722	47078	39416	49595	38067	51133	36915	52488
5010	16895	16896	15283	18588	13900	20182	13104	21167	12431	22042
6020	74972	74974	71531	78494	68501	81735	66719	83705	65190	85436
4900	92404	92407	88580	96310	85204	99897	83216	102074	81508	103985
6010	139260	139262	134555	144045	130388	148424	127925	151075	125805	153398
4400	10527	10528	9263	11872	8193	13152	7585	13950	7075	14662
9900	2203	2203	1647	2840	1215	3484	988	3900	810	4280
9904	7461	7461	6403	8599	5519	9694	5022	10380	4609	10996
9902	30361	30363	28186	32617	26297	34718	25197	36006	24261	37145
4810	11819	11820	10477	13242	9338	14592	8688	15432	8142	16180
5720	14218	14219	12742	15774	11482	17245	10760	18157	10151	18968
9901	6438	6439	5458	7499	4645	8523	4190	9168	3813	9746
5826	10746	10746	9468	12104	8387	13397	7771	14201	7255	14920
5825	57011	57012	54015	60087	51387	62927	49845	64657	48525	66180
5925	24277	24278	22337	26299	20658	28189	19685	29351	18859	30380
9015	2202	2202	1646	2839	1214	3482	987	3898	809	4279
4506	32775	32776	30513	35117	28546	37296	27400	38631	26423	39810
4605	35129	35131	32787	37553	30746	39805	29556	41184	28542	42401
9002	10911	10912	9623	12280	8533	13581	7912	14391	7391	15114
4226	3997	3996	3233	4841	2615	5670	2276	6198	2001	6676
4505	1661	1661	1183	2219	822	2792	637	3165	496	3509
4225	3425	3424	2721	4209	2156	4985	1850	5480	1603	5930
5716	10984	10984	9691	12357	8597	13662	7973	14475	7451	15200
5916	9822	9823	8602	11122	7573	12363	6988	13136	6500	13828
4300	29234	29235	27100	31448	25248	33512	24171	34778	23254	35897
5815	30165	30167	27997	32414	26114	34509	25019	35793	24086	36928
9004	7123	7124	6091	8237	5230	9309	4746	9982	4345	10585
5715	2523	2522	1925	3202	1455	3883	1205	4321	1008	4721
3330	2046	2046	1512	2662	1099	3286	884	3690	716	4061
6506	9665	9665	8455	10955	7435	12186	6856	12954	6372	13641
5915	6776	6776	5770	7863	4932	8911	4463	9569	4074	10161
3905	24057	24058	22125	26070	20455	27951	19487	29109	18665	30133
4130	34156	34157	31847	36546	29836	38768	28664	40129	27665	41331
6930	4369	4370	3569	5250	2918	6113	2560	6660	2267	7155
3825	9151	9152	7975	10408	6985	11609	6425	12359	5956	13030
4120	5080	5081	4214	6027	3504	6949	3110	7531	2787	8057
3816	5140	5140	4269	6092	3553	7018	3157	7604	2831	8132
4210	7410	7411	6356	8545	5476	9636	4981	10321	4569	10934
9016	2325	2325	1753	2979	1306	3637	1070	4062	884	4450
4005	2823	2822	2188	3539	1685	4253	1415	4711	1200	5129
4230	2284	2283	1716	2932	1275	3584	1042	4006	859	4392
3815	13309	13310	11883	14817	10667	16243	9971	17128	9386	17916
3705	46101	46103	43412	48872	41059	51436	39682	53002	38505	54381
3900	41371	41373	38826	43998	36602	46433	35303	47921	34193	49233
4110	44045	44047	41417	46754	39120	49263	37776	50795	36628	52146
3416	3403	3403	2702	4186	2140	4959	1834	5453	1588	5902
3413	1875	1875	1365	2466	975	3068	773	3459	616	3818
3706	4599	4600	3777	5502	3106	6384	2736	6943	2434	7448
3600	81727	81729	78133	85402	74964	88782	73100	90835	71500	92638
3415	5385	5385	4492	6358	3757	7304	3349	7901	3013	8439
3320	8026	8027	6927	9205	6007	10337	5488	11045	5056	11680
3505	36640	36642	34247	39114	32160	41412	30943	42818	29905	44059
3414	3445	3445	2739	4232	2173	5009	1865	5506	1617	5957
6900	2249	2249	1686	2892	1249	3541	1019	3961	837	4344
2940	4959	4959	4104	5894	3403	6806	3015	7383	2697	7904
2216	5256	5257	4375	6218	3650	7154	3248	7745	2918	8278
3046	12138	12138	10777	13579	9621	14946	8961	15795	8406	16552
2225	8076	8077	6974	9260	6051	10394	5529	11104	5096	11741
3426	3530	3530	2815	4326	2240	5112	1928	5614	1675	6069
3427	7330	7331	6282	8459	5407	9545	4915	10226	4507	10837
3045	4991	4992	4133	5930	3430	6844	3040	7423	2721	7945
3310	7075	7075	6046	8185	5188	9253	4706	9924	4307	10526
3030	13705	13706	12257	15234	11022	16680	10315	17577	9719	18375
3130	31318	31319	29108	33608	27187	35741	26069	37048	25117	38202
3010	12545	12545	11161	14009	9984	15397	9311	16259	8746	17027
3020	26220	26221	24201	28319	22453	30279	21438	31483	20575	32548
3425	3786	3785	3044	4609	2445	5419	2118	5935	1853	6402
2100	2537	2537	1937	3218	1466	3900	1215	4340	1017	4741
1606	3826	3826	3080	4653	2477	5467	2148	5985	1881	6455
2215	8455	8456	7326	9664	6379	10823	5843	11548	5397	12196
1720	7967	7968	6873	9143	5956	10270	5439	10977	5009	11609
3120	21260	21262	19447	23155	17883	24930	16978	26024	16211	26993
1900	20103	20104	18340	21946	16822	23675	15945	24741	15203	25686
3110	3247	3247	2563	4012	2016	4770	1720	5255	1482	5696
3200	9118	9119	7944	10372	6956	11571	6397	12320	5929	12990
1605	8969	8969	7805	10213	6826	11403	6272	12146	5809	12811
2000	16872	16873	15261	18564	13879	20157	13083	21141	12411	22016
1820	44378	44379	41739	47097	39433	49614	38084	51152	36931	52508
1200	8334	8334	7213	9535	6274	10686	5743	11406	5300	12051
1710	16029	16030	14460	17679	13116	19235	12343	20197	11690	21052
1810	24366	24367	22421	26391	20740	28284	19765	29448	18937	30478
900	13268	13269	11844	14773	10630	16198	9936	17081	9351	17868
806	5532	5533	4627	6519	3881	7476	3466	8080	3124	8624
1506	5767	5768	4842	6773	4078	7748	3652	8363	3301	8916
1410	18710	18711	17012	20490	15551	22162	14708	23194	13995	24109
1505	6764	6764	5758	7850	4922	8897	4453	9555	4065	10146
1330	6434	6435	5455	7495	4642	8519	4187	9163	3810	9741
1000	3501	3500	2789	4294	2217	5077	1906	5577	1655	6030
1320	5899	5900	4963	6916	4189	7902	3758	8522	3402	9081
1420	23288	23289	21388	25269	19746	27122	18795	28262	17988	29272
1130	4840	4841	3996	5765	3305	6668	2923	7239	2610	7754
1116	10648	10649	9376	12000	8300	13287	7688	14089	7175	14804
1310	8098	8098	6994	9282	6069	10418	5547	11129	5112	11766
805	5918	5918	4980	6936	4205	7923	3772	8544	3415	9103
1115	5717	5718	4796	6719	4036	7691	3613	8303	3264	8855
205	14934	14935	13420	16528	12127	18033	11384	18965	10758	19793
136	4694	4694	3863	5605	3184	6495	2809	7059	2502	7568
1120	18383	18384	16700	20148	15253	21806	14418	22829	13712	23738
705	5781	5782	4855	6788	4090	7765	3663	8380	3312	8934
120	1819	1819	1317	2402	934	2996	737	3382	584	3738
325	6597	6597	5605	7670	4780	8706	4318	9357	3936	9941
135	3434	3433	2729	4219	2164	4996	1857	5492	1609	5942
706	4378	4378	3577	5259	2925	6122	2566	6670	2273	7165
206	9482	9483	8284	10761	7275	11981	6702	12743	6224	13424
2910	1397	1397	962	1913	640	2446	478	2797	357	3121
315	7589	7589	6522	8737	5630	9840	5127	10531	4710	11151
2935	23557	23558	21646	25549	19994	27413	19037	28559	18225	29574
605	6098	6098	5145	7131	4357	8131	3916	8760	3552	9326
606	4668	4669	3840	5577	3163	6465	2789	7028	2484	7536
506	10608	10609	9339	11959	8265	13244	7654	14044	7142	14758
110	1637	1637	1163	2192	805	2761	623	3133	483	3475
505	23225	23226	21327	25203	19688	27053	18738	28192	17932	29200
2936	4913	4914	4062	5845	3365	6753	2980	7328	2663	7846
405	5887	5888	4952	6903	4179	7888	3748	8508	3392	9066
2926	3572	3571	2852	4372	2274	5162	1959	5666	1704	6123
2925	3033	3033	2373	3774	1848	4510	1565	4982	1339	5411
2927	3009	3008	2352	3746	1829	4480	1548	4950	1322	5378
