faz_id mean median lower_50 upper_50 lower_80 upper_80 lower_90 upper_90 lower_95 upper_95
8935	16843	16844	14987	18807	13408	20668	12506	21824	11747	22854
8927	7577	7577	6350	8912	5338	10207	4774	11024	4310	11759
8926	21300	21301	19206	23502	17414	25578	16383	26862	15513	28003
8936	21380	21381	19282	23586	17486	25665	16453	26951	15581	28094
8500	25613	25614	23312	28022	21332	30285	20190	31680	19222	32919
8406	3460	3461	2649	4380	2011	5301	1671	5894	1401	6435
8320	15130	15129	13374	16994	11885	18765	11036	19867	10324	20851
8925	22750	22751	20585	25024	18727	27165	17658	28487	16754	29662
8937	27794	27795	25395	30301	23327	32652	22131	34101	21118	35385
8405	24687	24688	22428	27053	20488	29277	19368	30649	18421	31867
8310	41832	41833	38876	44896	36307	47748	34811	49496	33538	51041
8910	23816	23817	21599	26141	19695	28328	18598	29679	17670	30877
7905	34131	34133	31467	36904	29160	39494	27821	41086	26684	42494
7606	6124	6125	5026	7330	4131	8508	3637	9255	3233	9930
7805	28617	28619	26182	31161	24081	33545	22867	35013	21837	36314
8220	25623	25624	23321	28033	21341	30295	20199	31691	19231	32930
8000	16326	16325	14500	18260	12948	20095	12061	21235	11316	22251
8906	10548	10547	9090	12113	7871	13616	7183	14557	6611	15400
8210	12878	12877	11262	14602	9900	16248	9126	17274	8480	18192
9020	24731	24733	22471	27100	20528	29326	19408	30699	18460	31918
8125	22073	22074	19940	24313	18113	26424	17061	27728	16173	28888
8126	17317	17318	15434	19307	13832	21193	12915	22363	12143	23405
8905	12075	12074	10512	13747	9197	15344	8453	16342	7831	17235
7806	11987	11986	10430	13652	9120	15244	8378	16239	7760	17129
7700	9059	9060	7712	10514	6592	11917	5964	12798	5444	13589
7526	16805	16806	14951	18767	13374	20626	12473	21781	11715	22809
7340	33104	33105	30481	35836	28211	38388	26894	39958	25776	41347
7605	2105	2105	1484	2834	1017	3584	780	4074	599	4526
7537	30415	30417	27903	33036	25733	35489	24477	36998	23411	38336
8115	37675	37676	34873	40585	32441	43299	31029	44965	29827	46438
7335	42724	42726	39737	45820	37139	48701	35626	50467	34338	52027
8600	23508	23509	21306	25818	19415	27992	18326	29334	17405	30526
7425	35838	35839	33106	38678	30738	41328	29364	42956	28195	44396
7535	34887	34889	32193	37690	29858	40307	28504	41915	27353	43337
7525	21317	21318	19223	23520	17429	25596	16398	26881	15527	28022
7436	6552	6553	5415	7798	4484	9012	3969	9780	3546	10474
9019	23833	23834	21615	26159	19711	28347	18613	29697	17685	30897
7026	11978	11977	10421	13642	9112	15234	8371	16229	7752	17118
7205	15459	15458	13683	17343	12177	19132	11318	20244	10596	21237
7515	6228	6228	5120	7443	4216	8630	3717	9383	3309	10062
7320	36197	36199	33451	39051	31071	41714	29689	43349	28514	44796
7206	19320	19321	17329	21420	15628	23403	14652	24632	13830	25726
7315	22364	22365	20217	24619	18377	26742	17318	28055	16423	29221
7435	9821	9820	8416	11333	7244	12788	6585	13700	6038	14519
7316	24365	24366	22122	26716	20195	28927	19084	30291	18144	31502
7025	24908	24909	22640	27285	20689	29518	19565	30896	18613	32119
7415	14980	14979	13233	16835	11752	18599	10908	19696	10201	20675
7100	36798	36800	34029	39675	31628	42359	30234	44007	29048	45464
7015	20243	20244	18204	22391	16459	24418	15458	25673	14613	26789
9908	3475	3476	2662	4397	2022	5320	1681	5914	1410	6456
6410	59613	59615	56074	63261	52980	66638	51170	68701	49624	70519
6420	52029	52031	48726	55440	45845	58604	44162	60540	42726	62247
5535	42606	42607	39622	45697	37028	48574	35518	50338	34231	51896
5600	19375	19376	17381	21478	15677	23464	14700	24694	13877	25789
5546	22088	22089	19955	24329	18126	26440	17074	27745	16186	28905
4706	15977	15976	14171	17891	12637	19707	11761	20836	11026	21843
6605	16311	16310	14485	18244	12934	20079	12048	21218	11304	22233
6910	11441	11440	9921	13069	8645	14628	7923	15603	7322	16476
6606	9162	9161	7807	10624	6680	12034	6048	12920	5524	13715
9909	9304	9303	7939	10778	6802	12198	6164	13089	5635	13889
9011	14805	14804	13069	16650	11598	18404	10759	19496	10057	20470
5525	17501	17502	15608	19502	13997	21397	13074	22572	12298	23620
5515	30753	30754	28226	33388	26043	35853	24780	37370	23707	38714
6326	26856	26857	24498	29321	22468	31635	21295	33061	20301	34326
9914	23110	23111	20927	25401	19053	27557	17974	28889	17062	30072
5545	19708	19709	17697	21828	15977	23831	14991	25070	14159	26173
6223	29828	29830	27341	32424	25193	34855	23950	36351	22896	37676
5306	27095	27096	24727	29572	22687	31895	21508	33327	20509	34596
6325	37619	37620	34819	40527	32390	43239	30978	44904	29777	46376
9009	6693	6693	5543	7951	4600	9177	4078	9952	3650	10651
9006	16581	16582	14740	18530	13175	20378	12281	21526	11529	22549
6225	22410	22411	20261	24667	18418	26793	17358	28106	16462	29273
9018	24633	24634	22377	26996	20438	29218	19320	30589	18375	31806
5425	47171	47173	44029	50422	41292	53441	39696	55290	38335	56922
5305	30957	30959	28422	33601	26232	36074	24963	37596	23886	38944
5426	25972	25973	23655	28398	21660	30675	20509	32080	19534	33326
6226	33809	33810	31157	36569	28862	39147	27530	40732	26399	42134
6126	13699	13698	12031	15476	10621	17168	9820	18223	9149	19165
6224	21666	21668	19554	23887	17745	25979	16704	27273	15826	28423
6216	16293	16292	14469	18225	12918	20059	12033	21197	11289	22212
6316	32870	32872	30256	35593	27995	38137	26684	39701	25570	41086
6215	24958	24959	22687	27337	20735	29572	19609	30952	18656	32176
5100	9625	9624	8236	11123	7077	12565	6425	13469	5885	14281
6213	19482	19483	17482	21590	15773	23581	14793	24815	13967	25912
9005	8933	8934	7597	10378	6485	11773	5862	12649	5347	13435
6124	28880	28881	26433	31435	24322	33829	23101	35303	22066	36609
6125	10438	10437	8988	11995	7776	13491	7092	14428	6524	15267
6214	410	410	166	762	39	1172	5	1459	0	1734
5415	17950	17951	16033	19976	14398	21893	13463	23082	12675	24141
5205	14806	14805	13070	16651	11599	18405	10760	19497	10057	20471
9916	20535	20536	18480	22698	16722	24738	15713	26001	14861	27124
9913	7851	7852	6601	9209	5568	10525	4992	11354	4517	12100
9915	29903	29905	27413	32502	25262	34935	24018	36433	22962	37760
4606	31664	31666	29100	34337	26883	36837	25598	38375	24508	39736
6115	24511	24512	22261	26869	20328	29085	19213	30453	18269	31668
4820	7468	7469	6250	8794	5247	10081	4688	10893	4228	11624
9017	6337	6338	5220	7563	4306	8759	3801	9517	3389	10201
6123	23818	23819	21601	26143	19697	28330	18600	29681	17672	30880
6114	36655	36657	33892	39527	31496	42206	30104	43851	28921	45305
4607	37414	37416	34622	40315	32200	43020	30792	44680	29595	46149
6505	15914	15913	14111	17824	12581	19638	11707	20765	10974	21769
5020	29488	29489	27015	32069	24881	34486	23645	35975	22598	37294
6113	46523	46525	43403	49751	40686	52751	39102	54588	37751	56210
5010	21424	21425	19324	23632	17526	25713	16491	27001	15618	28145
6020	26382	26384	24046	28827	22035	31121	20874	32536	19890	33790
4900	20562	20563	18506	22726	16747	24768	15736	26032	14884	27155
6010	18046	18047	16123	20077	14484	21999	13546	23191	12755	24252
4400	24907	24908	22639	27284	20689	29517	19564	30895	18612	32118
9900	12040	12040	10480	13709	9167	15305	8423	16302	7803	17193
9904	15813	15812	14017	17718	12491	19526	11621	20649	10890	21652
9902	33245	33246	30616	35982	28341	38540	27021	40112	25901	41504
4810	12211	12210	10639	13891	9316	15497	8566	16500	7940	17397
5720	40124	40126	37230	43126	34717	45922	33255	47637	32011	49153
9901	13266	13265	11625	15015	10240	16683	9454	17723	8795	18652
5826	6285	6286	5173	7506	4263	8698	3761	9454	3351	10135
5825	4989	4990	4004	6083	3209	7161	2776	7847	2425	8470
5925	25885	25887	23572	28307	21581	30581	20432	31983	19459	33227
9015	19448	19449	17450	21554	15743	23544	14764	24776	13938	25873
4506	20082	20083	18050	22221	16314	24241	15317	25491	14476	26603
4605	29996	29997	27501	32599	25347	35036	24101	36536	23043	37865
9002	48585	48587	45396	51883	42616	54946	40995	56820	39611	58475
4226	21295	21296	19202	23497	17409	25572	16379	26856	15509	27997
4505	17581	17582	15684	19586	14068	21485	13143	22663	12365	23712
4225	21495	21496	19391	23706	17590	25791	16554	27080	15679	28226
5716	27114	27115	24745	29591	22704	31915	21525	33348	20526	34618
5916	38323	38324	35496	41258	33043	43994	31617	45673	30404	47157
4300	13648	13647	11983	15422	10576	17111	9776	18164	9107	19105
5815	5283	5284	4268	6407	3446	7512	2996	8215	2631	8851
9004	25581	25582	23281	27989	21303	30250	20161	31645	19195	32882
5715	18730	18732	16771	20799	15098	22754	14139	23966	13332	25044
3330	17484	17485	15592	19484	13981	21378	13059	22553	12284	23600
6506	15986	15985	14179	17900	12645	19717	11769	20847	11033	21853
5915	21130	21132	19045	23324	17260	25392	16234	26671	15368	27808
3905	12404	12404	10820	14098	9485	15715	8728	16725	8096	17628
4130	19006	19007	17031	21089	15345	23057	14379	24277	13565	25363
6930	11106	11105	9609	12711	8354	14249	7645	15211	7054	16073
3825	23275	23276	21084	25574	19204	27738	18121	29074	17205	30261
4120	22973	22974	20796	25257	18929	27408	17854	28736	16945	29916
3816	28167	28169	25752	30691	23669	33057	22464	34514	21444	35806
4210	31467	31468	28910	34131	26701	36624	25421	38157	24334	39515
9016	16949	16950	15088	18919	13504	20786	12598	21945	11836	22978
4005	19181	19183	17197	21274	15503	23251	14532	24476	13713	25565
4230	13860	13859	12181	15646	10762	17348	9956	18408	9280	19355
3815	20358	20359	18312	22512	16563	24544	15558	25802	14710	26921
3705	36690	36692	33926	39563	31528	42243	30136	43889	28952	45344
3900	7757	7758	6515	9107	5489	10416	4918	11241	4446	11984
4110	28089	28091	25677	30610	23597	32973	22395	34428	21376	35719
3416	28115	28117	25702	30637	23621	33001	22418	34457	21398	35748
3413	12637	12636	11037	14345	9688	15977	8923	16995	8284	17905
3706	19520	19521	17518	21630	15808	23623	14826	24858	13999	25956
3600	24915	24916	22646	27292	20696	29526	19571	30904	18619	32127
3415	34858	34860	32165	37660	29832	40276	28478	41883	27327	43305
3320	34189	34191	31522	36964	29213	39556	27873	41149	26735	42559
3505	48009	48011	44839	51288	42076	54333	40465	56197	39091	57842
3414	30059	30060	27562	32665	25405	35104	24157	36605	23098	37935
6900	12206	12205	10634	13886	9311	15492	8562	16494	7936	17391
2940	28032	28034	25623	30551	23545	32911	22344	34365	21326	35654
2216	23514	23515	21311	25825	19420	27998	18331	29341	17410	30533
3046	25435	25436	23142	27836	21170	30091	20032	31483	19069	32717
2225	24233	24235	21997	26578	20075	28783	18967	30144	18030	31352
3426	26806	26807	24450	29269	22422	31581	21250	33005	20258	34269
3427	27378	27379	24997	29867	22945	32201	21760	33640	20755	34915
3045	31889	31890	29315	34571	27090	37079	25800	38622	24705	39988
3310	34768	34770	32078	37566	29749	40179	28397	41784	27247	43205
3030	56062	56064	52631	59600	49635	62880	47884	64884	46388	66651
3130	18454	18455	16509	20507	14850	22449	13899	23653	13099	24725
3010	49246	49248	46035	52566	43235	55649	41602	57535	40208	59200
3020	29300	29302	26835	31873	24708	34283	23477	35767	22434	37082
3425	25369	25371	23079	27767	21110	30020	19974	31409	19012	32642
2100	22082	22083	19949	24322	18121	26433	17069	27738	16181	28898
1606	13397	13396	11748	15154	10355	16830	9564	17874	8902	18807
2215	20877	20878	18805	23057	17031	25114	16012	26386	15152	27517
1720	30625	30626	28104	33254	25926	35715	24665	37230	23595	38571
3120	31301	31302	28751	33959	26548	36445	25272	37974	24188	39329
1900	877	876	495	1366	244	1900	136	2262	67	2601
3110	9736	9735	8338	11242	7172	12691	6516	13600	5972	14416
3200	25834	25836	23523	28254	21534	30526	20386	31927	19415	33170
1605	17602	17603	15704	19608	14087	21508	13161	22687	12383	23737
2000	15703	15702	13913	17601	12394	19404	11527	20524	10799	21523
1820	7776	7777	6532	9128	5505	10438	4933	11264	4461	12007
1200	20400	20401	18352	22556	16601	24590	15595	25850	14746	26969
1710	27500	27502	25114	29995	23058	32334	21869	33776	20862	35054
1810	7309	7309	6105	8621	5113	9895	4562	10700	4108	11425
900	12163	12162	10594	13840	9274	15443	8526	16444	7902	17340
806	43926	43927	40896	47064	38259	49983	36724	51772	35415	53351
1506	25105	25106	22827	27491	20869	29732	19739	31115	18783	32342
1410	16703	16704	14855	18659	13284	20513	12385	21665	11631	22691
1505	21134	21136	19049	23328	17264	25396	16238	26676	15372	27813
1330	23665	23667	21456	25983	19558	28164	18465	29510	17541	30706
1000	11577	11576	10047	13214	8763	14782	8036	15761	7430	16638
1320	17989	17990	16069	20017	14433	21936	13496	23126	12708	24186
1420	20736	20737	18671	22910	16904	24959	15889	26228	15032	27356
1130	7671	7672	6437	9014	5417	10317	4849	11138	4381	11877
1116	20610	20611	18551	22776	16790	24820	15778	26085	14924	27210
1310	27881	27882	25478	30392	23406	32747	22209	34197	21194	35483
805	27595	27597	25205	30094	23145	32437	21954	33881	20945	35161
1115	18385	18386	16444	20435	14788	22373	13840	23575	13041	24645
205	11769	11768	10227	13420	8930	14999	8197	15986	7585	16869
136	11752	11751	10211	13402	8916	14980	8183	15966	7571	16849
1120	43768	43770	40743	46901	38112	49815	36580	51601	35274	53178
705	31397	31398	28843	34058	26636	36548	25358	38080	24272	39436
120	13240	13239	11601	14988	10217	16654	9432	17693	8774	18622
325	25965	25966	23648	28391	21654	30668	20503	32072	19528	33318
135	17858	17859	15946	19879	14316	21792	13383	22978	12598	24034
706	17150	17151	15277	19131	13683	21008	12771	22173	12004	23211
206	13710	13709	12041	15487	10631	17181	9829	18236	9158	19178
2910	5272	5273	4258	6395	3437	7499	2988	8201	2623	8837
315	15473	15472	13696	17357	12189	19147	11329	20260	10608	21253
2935	4080	4081	3194	5075	2489	6063	2109	6696	1805	7271
605	28919	28920	26470	31476	24358	33871	23136	35346	22100	36653
606	33965	33966	31307	36731	29005	39315	27671	40903	26536	42308
506	37732	37733	34927	40644	32494	43360	31081	45027	29878	46501
110	5426	5426	4396	6564	3561	7681	3103	8392	2732	9035
505	70182	70184	66338	74135	62968	77787	60994	80015	59304	81976
2936	14404	14403	12692	16225	11243	17957	10418	19035	9727	19998
405	30435	30437	27922	33057	25751	35510	24495	37020	23428	38358
2926	29785	29787	27300	32379	25154	34808	23912	36303	22858	37628
2925	25697	25698	23392	28110	21409	30376	20264	31774	19295	33014
2927	15789	15788	13994	17692	12470	19499	11600	20622	10870	21623
