faz_id mean median lower_50 upper_50 lower_80 upper_80 lower_90 upper_90 lower_95 upper_95
8935	5682	5683	4820	6615	4105	7515	3704	8082	3373	8590
8927	1481	1481	1058	1974	738	2480	574	2809	449	3112
8926	3002	3003	2386	3690	1891	4370	1622	4804	1406	5198
8936	4307	4307	3561	5123	2950	5919	2612	6423	2335	6877
8500	14127	14126	12748	15577	11566	16944	10887	17789	10313	18540
8406	338	338	155	593	50	882	15	1083	1	1274
8320	13106	13105	11779	14504	10644	15824	9993	16641	9443	17367
8925	3359	3359	2704	4084	2176	4798	1887	5252	1652	5664
8937	7976	7977	6949	9075	6084	10125	5594	10780	5185	11367
8405	1173	1173	801	1616	526	2076	389	2378	287	2658
8310	11393	11392	10158	12699	9106	13935	8504	14703	7998	15386
8910	3386	3387	2729	4114	2198	4830	1907	5287	1672	5699
7905	6257	6258	5351	7234	4596	8175	4171	8765	3819	9294
7606	911	911	587	1306	356	1722	245	1998	166	2255
7805	2840	2840	2241	3510	1762	4173	1503	4598	1295	4984
8220	16210	16210	14730	17761	13458	19219	12724	20118	12103	20916
8000	39771	39772	37432	42180	35387	44410	34191	45772	33168	46972
8906	1469	1469	1048	1960	730	2464	567	2792	442	3095
8210	31166	31167	29100	33303	27300	35288	26251	36503	25356	37575
9020	4484	4484	3722	5316	3097	6127	2750	6639	2466	7101
8125	7084	7084	6117	8121	5308	9116	4851	9738	4470	10296
8126	8363	8364	7310	9487	6422	10560	5919	11229	5498	11827
8905	1192	1193	817	1639	539	2101	401	2406	297	2687
7806	2417	2417	1867	3038	1433	3657	1200	4055	1015	4418
7700	5898	5899	5020	6848	4289	7764	3879	8339	3540	8856
7526	10525	10524	9339	11781	8332	12974	7757	13714	7274	14375
7340	4192	4193	3457	4998	2855	5785	2523	6283	2251	6732
7605	1518	1518	1090	2017	764	2527	597	2860	469	3166
7537	18034	18035	16471	19668	15124	21200	14346	22144	13686	22981
8115	11771	11770	10515	13098	9444	14353	8831	15132	8315	15825
7335	11936	11935	10671	13272	9592	14535	8975	15319	8454	16017
8600	13506	13505	12158	14924	11005	16263	10342	17091	9783	17827
7425	4253	4253	3512	5065	2906	5856	2570	6357	2295	6809
7535	7584	7584	6583	8656	5742	9682	5266	10323	4869	10897
7525	2657	2657	2079	3306	1619	3951	1371	4364	1172	4740
7436	2696	2696	2113	3349	1649	3998	1399	4414	1198	4792
9019	5878	5879	5001	6826	4272	7741	3863	8315	3524	8831
7026	1899	1899	1415	2453	1041	3012	844	3374	690	3706
7205	8620	8621	7551	9761	6648	10849	6135	11527	5707	12133
7515	8727	8728	7651	9875	6742	10969	6226	11651	5794	12260
7320	10723	10723	9526	11991	8509	13194	7927	13941	7439	14607
7206	25402	25403	23541	27335	21925	29136	20985	30241	20186	31218
7315	5076	5077	4264	5960	3592	6816	3218	7356	2910	7841
7435	5201	5201	4378	6094	3697	6960	3317	7505	3004	7996
7316	4538	4538	3771	5375	3142	6189	2792	6704	2506	7168
7025	13330	13330	11992	14740	10847	16070	10189	16894	9634	17626
7415	14932	14931	13513	16422	12295	17824	11595	18691	11002	19460
7100	16671	16672	15170	18244	13878	19720	13133	20631	12502	21439
7015	6472	6472	5549	7465	4780	8419	4347	9018	3987	9555
9908	4616	4616	3842	5460	3207	6280	2854	6799	2564	7266
6410	16287	16286	14803	17841	13528	19302	12792	20203	12170	21003
6420	8405	8406	7350	9532	6459	10607	5954	11278	5532	11878
5535	6160	6161	5261	7130	4513	8064	4092	8650	3743	9176
5600	15513	15512	14066	17031	12823	18458	12107	19340	11502	20123
5546	13979	13978	12607	15422	11432	16782	10757	17623	10187	18370
4706	2462	2462	1907	3088	1467	3712	1232	4113	1044	4478
6605	2851	2851	2251	3522	1771	4187	1511	4612	1303	4998
6910	3470	3471	2805	4207	2266	4931	1971	5392	1731	5809
6606	1401	1401	991	1882	682	2376	525	2699	405	2996
9909	1469	1469	1048	1960	730	2464	567	2792	442	3095
9011	6297	6297	5388	7277	4630	8220	4203	8812	3850	9342
5525	7311	7312	6329	8364	5505	9373	5039	10005	4651	10570
5515	5377	5377	4539	6285	3846	7163	3458	7716	3138	8214
6326	13512	13511	12164	14931	11010	16269	10347	17098	9788	17834
9914	4513	4514	3749	5348	3121	6161	2773	6675	2488	7138
5545	4632	4632	3857	5477	3220	6299	2866	6819	2576	7287
6223	9631	9632	8499	10835	7539	11979	6993	12692	6534	13327
5306	23185	23186	21408	25033	19869	26758	18975	27817	18215	28755
6325	8141	8142	7103	9250	6228	10310	5732	10972	5318	11563
9009	2557	2558	1991	3195	1541	3829	1300	4236	1107	4607
9006	2918	2918	2311	3597	1824	4268	1560	4697	1348	5087
6225	17361	17362	15828	18965	14508	20469	13746	21397	13100	22220
9018	12242	12242	10961	13595	9867	14873	9240	15666	8713	16371
5425	42722	42723	40297	45217	38174	47526	36931	48934	35868	50175
5305	26463	26464	24562	28435	22911	30271	21950	31397	21132	32392
5426	16676	16677	15175	18249	13883	19726	13138	20637	12507	21445
6226	7665	7665	6658	8742	5812	9773	5333	10417	4934	10994
6126	3125	3126	2495	3826	1989	4518	1713	4959	1490	5360
6224	7260	7260	6281	8309	5460	9315	4996	9944	4610	10508
6216	10209	10210	9042	11447	8051	12623	7486	13354	7012	14006
6316	23574	23575	21782	25437	20229	27176	19327	28243	18560	29188
6215	19652	19653	18019	21356	16609	22951	15792	23933	15100	24803
5100	2026	2026	1526	2597	1136	3172	930	3544	768	3883
6213	16051	16051	14579	17595	13313	19045	12583	19941	11966	20735
9005	636	636	371	971	193	1334	114	1579	63	1808
6124	13669	13668	12313	15096	11152	16442	10485	17274	9922	18015
6125	12339	12338	11052	13697	9954	14980	9325	15775	8794	16483
6214	31020	31022	28960	33152	27164	35133	26117	36345	25224	37415
5415	62780	62781	59833	65797	57239	68576	55715	70266	54408	71751
5205	42752	42753	40326	45248	38202	47557	36959	48966	35896	50207
9916	2585	2585	2015	3225	1563	3863	1319	4272	1125	4644
9913	6370	6370	5455	7355	4692	8303	4263	8898	3907	9431
9915	3604	3605	2925	4354	2374	5090	2072	5558	1826	5981
4606	3579	3579	2902	4326	2353	5060	2053	5527	1808	5949
6115	10044	10044	8886	11272	7905	12439	7345	13165	6875	13812
4820	5634	5634	4776	6562	4064	7459	3665	8024	3335	8531
9017	708	708	427	1060	234	1438	146	1691	87	1928
6123	66724	66725	63685	69834	61008	72695	59434	74435	58083	75963
6114	22344	22345	20600	24158	19090	25853	18214	26895	17470	27816
4607	7856	7857	6837	8947	5979	9989	5494	10641	5088	11223
6505	3346	3346	2693	4069	2165	4782	1877	5236	1643	5647
5020	9646	9647	8513	10851	7553	11996	7005	12709	6547	13345
6113	43538	43540	41090	46057	38946	48386	37690	49807	36616	51059
5010	17166	17166	15642	18760	14330	20257	13572	21181	12931	21999
6020	74837	74839	71617	78129	68777	81154	67105	82991	65669	84604
4900	76282	76284	73030	79605	70162	82658	68473	84512	67023	86140
6010	137324	137327	132949	141771	129069	145836	126775	148295	124799	150449
4400	10300	10301	9127	11543	8132	12724	7564	13458	7087	14112
9900	2170	2170	1651	2759	1244	3351	1028	3733	857	4081
9904	7413	7414	6424	8473	5593	9489	5124	10124	4733	10692
9902	27096	27097	25172	29091	23500	30948	22527	32086	21699	33092
4810	11086	11086	9869	12375	8832	13596	8240	14354	7742	15030
5720	13506	13505	12158	14924	11005	16263	10342	17091	9783	17827
9901	5485	5485	4639	6402	3937	7288	3545	7846	3221	8347
5826	9194	9194	8088	10370	7152	11491	6620	12188	6175	12811
5825	54923	54925	52169	57748	49750	60353	48329	61939	47112	63334
5925	21982	21983	20252	23782	18756	25464	17888	26497	17150	27412
9015	2125	2125	1612	2709	1210	3296	997	3674	829	4020
4506	32282	32284	30179	34456	28346	36475	27276	37710	26364	38800
4605	30113	30114	28083	32214	26315	34167	25285	35362	24407	36418
9002	10660	10659	9466	11924	8452	13124	7873	13869	7386	14533
4226	3916	3916	3206	4696	2628	5459	2309	5943	2049	6381
4505	1628	1628	1183	2144	843	2669	667	3011	531	3324
4225	3455	3456	2791	4190	2253	4913	1959	5373	1720	5789
5716	9779	9779	8637	10991	7670	12144	7118	12861	6656	13500
5916	9108	9108	8007	10279	7077	11395	6548	12090	6104	12710
4300	23820	23821	22018	25692	20456	27439	19549	28512	18778	29461
5815	29926	29927	27903	32021	26141	33968	25114	35160	24239	36213
9004	6246	6247	5341	7222	4586	8162	4162	8752	3810	9281
5715	2462	2462	1907	3088	1467	3712	1232	4113	1044	4478
3330	1954	1954	1463	2515	1082	3081	881	3448	723	3783
6506	7950	7951	6924	9047	6061	10095	5572	10750	5164	11336
5915	6261	6262	5355	7239	4599	8179	4175	8770	3822	9299
3905	23234	23235	21455	25083	19913	26810	19019	27870	18258	28808
4130	28427	28428	26455	30469	24741	32369	23742	33533	22891	34561
6930	4152	4152	3420	4954	2822	5737	2492	6233	2221	6681
3825	8697	8698	7623	9843	6715	10935	6200	11616	5769	12224
4120	4741	4742	3957	5596	3311	6427	2953	6951	2658	7424
3816	4981	4981	4176	5856	3512	6705	3143	7241	2838	7723
4210	6694	6694	5755	7703	4971	8673	4529	9280	4162	9825
9016	2137	2137	1622	2723	1219	3311	1006	3690	837	4036
4005	2675	2676	2095	3326	1633	3973	1384	4388	1185	4765
4230	2189	2189	1668	2781	1259	3375	1041	3758	869	4108
3815	11965	11965	10699	13303	9619	14568	9000	15352	8479	16050
3705	42506	42507	40087	44995	37970	47298	36731	48703	35670	49941
3900	30719	30720	28668	32841	26882	34812	25841	36019	24953	37084
4110	41673	41674	39278	44138	37182	46419	35956	47811	34907	49037
3416	3297	3297	2649	4016	2126	4724	1840	5175	1609	5583
3413	1763	1763	1299	2298	941	2841	755	3193	609	3515
3706	4473	4473	3712	5304	3088	6114	2742	6625	2458	7087
3600	78376	78378	75079	81744	72171	84837	70458	86716	68987	88364
3415	5320	5320	4487	6224	3798	7098	3413	7649	3095	8144
3320	7396	7396	6408	8455	5578	9469	5110	10104	4719	10672
3505	28806	28807	26821	30861	25094	32773	24088	33944	23231	34979
3414	3376	3376	2720	4103	2190	4818	1900	5274	1665	5686
6900	2158	2159	1641	2747	1235	3337	1020	3718	850	4066
2940	4530	4531	3765	5367	3136	6181	2787	6696	2500	7159
2216	4899	4899	4101	5768	3444	6610	3077	7142	2776	7621
3046	10970	10970	9759	12253	8729	13468	8140	14222	7645	14895
2225	7896	7896	6874	8989	6014	10034	5526	10687	5120	11270
3426	3309	3309	2660	4029	2136	4738	1850	5190	1618	5599
3427	6931	6932	5976	7958	5176	8943	4725	9559	4349	10112
3045	4842	4843	4049	5706	3396	6544	3033	7074	2733	7550
3310	6043	6044	5153	7004	4412	7930	3997	8511	3652	9033
3030	13164	13163	11834	14565	10697	15888	10044	16706	9493	17435
3130	28795	28796	26810	30850	25084	32761	24078	33932	23221	34967
3010	12156	12155	10879	13503	9789	14778	9165	15568	8639	16271
3020	24797	24798	22958	26707	21363	28487	20436	29580	19647	30546
3425	3662	3662	2977	4418	2421	5159	2116	5630	1867	6056
2100	2232	2232	1705	2829	1291	3428	1071	3814	896	4166
1606	3791	3791	3093	4559	2526	5312	2214	5789	1959	6221
2215	8097	8097	7061	9203	6189	10260	5695	10920	5282	11510
1720	7653	7654	6648	8730	5802	9760	5324	10404	4925	10981
3120	19959	19960	18313	21676	16891	23283	16068	24272	15369	25148
1900	19162	19163	17550	20845	16159	22422	15354	23392	14671	24252
3110	3158	3158	2524	3862	2015	4557	1737	5000	1512	5402
3200	8598	8599	7530	9737	6629	10824	6117	11501	5689	12107
1605	8504	8505	7442	9637	6546	10718	6038	11393	5612	11995
2000	16316	16315	14831	17872	13554	19334	12818	20236	12195	21036
1820	33216	33217	31082	35420	29221	37467	28135	38718	27208	39823
1200	7877	7877	6856	8968	5997	10012	5510	10664	5104	11247
1710	14752	14751	13341	16233	12132	17627	11436	18489	10848	19254
1810	19953	19954	18307	21670	16885	23276	16062	24265	15364	25141
900	12641	12641	11339	14015	10226	15313	9588	16117	9050	16832
806	5339	5340	4505	6244	3814	7120	3428	7672	3110	8167
1506	5269	5270	4441	6169	3755	7039	3372	7588	3057	8081
1410	17735	17736	16186	19356	14851	20876	14079	21813	13426	22644
1505	6746	6747	5804	7759	5016	8732	4572	9342	4203	9888
1330	6269	6270	5362	7247	4606	8189	4181	8779	3829	9309
1000	3386	3387	2729	4114	2198	4830	1907	5287	1672	5699
1320	5593	5594	4738	6519	4029	7413	3632	7975	3304	8481
1420	20104	20105	18452	21827	17024	23439	16198	24431	15496	25310
1130	3854	3854	3150	4628	2577	5386	2262	5867	2005	6302
1116	9897	9897	8748	11116	7774	12275	7219	12996	6753	13639
1310	7783	7783	6768	8868	5915	9906	5432	10555	5029	11135
805	5822	5822	4949	6765	4223	7676	3817	8248	3480	8762
1115	5568	5568	4715	6491	4008	7384	3612	7945	3285	8450
205	14608	14607	13204	16082	12001	17470	11309	18328	10724	19090
136	4661	4662	3884	5509	3245	6333	2890	6854	2598	7323
1120	16437	16438	14946	17998	13665	19465	12925	20370	12299	21173
705	5009	5010	4202	5887	3536	6738	3165	7275	2859	7758
120	1768	1768	1303	2304	945	2847	758	3200	612	3523
325	6247	6248	5342	7223	4587	8163	4163	8753	3811	9282
135	3330	3331	2679	4053	2153	4764	1865	5217	1633	5627
706	4203	4204	3467	5010	2865	5798	2532	6297	2259	6747
206	8972	8972	7880	10134	6957	11242	6432	11933	5993	12549
2910	1313	1313	917	1780	621	2261	472	2576	359	2867
315	7183	7183	6209	8227	5394	9228	4933	9854	4549	10415
2935	22993	22994	21224	24834	19691	26552	18801	27607	18045	28541
605	5673	5673	4812	6605	4097	7505	3697	8071	3366	8579
606	4434	4435	3677	5262	3056	6069	2712	6579	2429	7038
506	7064	7064	6099	8099	5290	9093	4834	9715	4454	10272
110	1573	1573	1136	2080	804	2598	632	2935	500	3245
505	18778	18779	17182	20444	15806	22006	15010	22967	14335	23820
2936	4587	4588	3816	5429	3183	6247	2831	6764	2543	7231
405	5184	5185	4363	6077	3683	6941	3305	7486	2992	7976
2926	3448	3448	2785	4182	2248	4904	1954	5364	1715	5780
2925	2793	2794	2200	3458	1726	4117	1469	4538	1264	4922
2927	2303	2303	1767	2910	1345	3517	1120	3907	942	4263
