faz_id mean median lower_50 upper_50 lower_80 upper_80 lower_90 upper_90 lower_95 upper_95
8935	4824	4824	4479	5182	4179	5515	4005	5719	3856	5900
8927	2091	2092	1867	2329	1675	2554	1565	2694	1473	2818
8926	5541	5541	5171	5924	4848	6280	4660	6498	4500	6690
8936	6802	6802	6391	7225	6032	7618	5822	7858	5643	8069
8500	7451	7451	7021	7894	6644	8304	6424	8555	6235	8775
8406	611	611	492	742	396	872	344	954	301	1029
8320	4314	4314	3988	4652	3705	4968	3541	5162	3402	5334
8925	5568	5568	5197	5952	4874	6309	4685	6527	4524	6720
8937	5226	5226	4867	5598	4554	5944	4372	6156	4217	6344
8405	5668	5668	5294	6055	4967	6415	4777	6635	4615	6830
8310	12983	12983	12413	13566	11911	14102	11615	14427	11361	14713
8910	6006	6006	5620	6404	5284	6774	5088	7000	4920	7200
7905	8812	8812	8343	9293	7932	9738	7691	10008	7485	10247
7606	1601	1602	1405	1810	1240	2009	1146	2133	1067	2244
7805	7435	7435	7005	7878	6629	8287	6409	8537	6221	8758
8220	8856	8856	8386	9338	7974	9784	7733	10055	7526	10294
8000	5867	5867	5486	6261	5153	6626	4959	6850	4794	7047
8906	3186	3187	2907	3478	2667	3752	2528	3921	2410	4071
8210	4741	4741	4399	5096	4102	5426	3929	5629	3782	5808
9020	7354	7354	6926	7794	6552	8202	6334	8450	6147	8670
8125	7803	7803	7362	8256	6977	8675	6751	8931	6558	9156
8126	5400	5401	5035	5779	4717	6130	4532	6346	4374	6536
8905	3614	3614	3316	3924	3059	4215	2910	4394	2783	4552
7806	2419	2419	2176	2674	1969	2915	1850	3064	1749	3196
7700	3704	3704	3402	4018	3142	4312	2991	4493	2863	4653
7526	6211	6212	5819	6617	5477	6992	5277	7222	5106	7425
7340	10211	10212	9707	10729	9263	11206	9002	11497	8779	11752
7605	751	751	619	896	510	1037	451	1127	402	1208
7537	11692	11692	11151	12245	10675	12755	10396	13065	10155	13337
8115	13621	13621	13037	14218	12522	14766	12219	15100	11958	15392
7335	14661	14661	14055	15280	13520	15848	13204	16193	12934	16496
8600	6686	6687	6279	7107	5923	7496	5715	7734	5538	7943
7425	10163	10164	9660	10680	9217	11156	8957	11446	8734	11700
7535	12615	12615	12053	13189	11558	13718	11266	14039	11016	14321
7525	6216	6217	5824	6622	5481	6998	5281	7228	5111	7430
7436	2203	2203	1972	2447	1775	2677	1662	2820	1567	2947
9019	6846	6846	6434	7271	6073	7665	5863	7905	5683	8117
7026	4375	4375	4047	4716	3762	5034	3597	5229	3456	5402
7205	5464	5464	5096	5844	4776	6198	4589	6414	4430	6605
7515	2157	2157	1928	2398	1733	2626	1622	2768	1528	2894
7320	11568	11568	11030	12118	10557	12625	10278	12933	10040	13204
7206	7870	7870	7428	8325	7040	8746	6813	9003	6619	9229
7315	6596	6597	6192	7014	5838	7400	5632	7637	5456	7845
7435	3000	3000	2729	3283	2496	3549	2362	3714	2248	3860
7316	8069	8070	7621	8530	7229	8956	6999	9216	6802	9445
7025	10216	10217	9711	10734	9268	11211	9007	11502	8784	11757
7415	4436	4436	4105	4779	3819	5100	3652	5296	3510	5470
7100	12021	12021	11472	12582	10989	13098	10706	13412	10462	13687
7015	7945	7945	7501	8403	7111	8825	6883	9083	6688	9310
9908	1130	1130	966	1307	830	1476	753	1583	690	1679
6410	17434	17434	16772	18108	16187	18726	15842	19101	15545	19430
6420	15258	15258	14639	15889	14093	16468	13771	16820	13495	17129
5535	12203	12203	11650	12768	11164	13288	10878	13604	10632	13882
5600	6730	6730	6321	7151	5964	7542	5755	7780	5577	7990
5546	7044	7044	6626	7475	6260	7874	6047	8118	5864	8333
4706	5214	5214	4855	5586	4543	5931	4361	6143	4206	6330
6605	4419	4419	4089	4762	3803	5081	3637	5277	3495	5451
6910	2964	2964	2695	3245	2463	3510	2330	3674	2217	3819
6606	2135	2135	1907	2375	1714	2602	1603	2743	1509	2868
9909	2135	2135	1907	2375	1714	2602	1603	2743	1509	2868
9011	4180	4180	3860	4514	3582	4825	3420	5016	3283	5186
5525	6123	6123	5734	6526	5394	6899	5196	7127	5026	7328
5515	10832	10832	10311	11364	9854	11855	9585	12154	9355	12417
6326	12441	12442	11883	13012	11392	13537	11103	13856	10855	14136
9914	7255	7255	6830	7692	6459	8097	6242	8344	6056	8562
5545	5810	5811	5431	6203	5101	6567	4908	6789	4743	6986
6223	13289	13289	12712	13878	12203	14420	11904	14749	11647	15038
5306	11202	11202	10673	11744	10208	12243	9934	12547	9699	12813
6325	16732	16732	16084	17392	15511	17999	15173	18366	14883	18689
9009	2139	2139	1911	2379	1717	2606	1606	2747	1512	2873
9006	4317	4317	3991	4655	3708	4972	3544	5166	3404	5337
6225	10378	10378	9869	10900	9421	11380	9159	11673	8933	11930
9018	7930	7930	7486	8387	7097	8810	6869	9067	6674	9294
5425	17497	17497	16834	18172	16248	18792	15902	19167	15605	19497
5305	12914	12914	12345	13495	11844	14030	11550	14355	11296	14640
5426	8270	8270	7816	8736	7418	9167	7186	9430	6986	9662
6226	14462	14463	13860	15077	13329	15642	13016	15985	12747	16286
6126	5719	5719	5343	6108	5015	6470	4824	6691	4661	6886
6224	10287	10287	9780	10806	9334	11285	9073	11576	8849	11833
6216	6850	6850	6438	7275	6077	7669	5866	7909	5686	8121
6316	16658	16658	16011	17317	15440	17922	15103	18289	14813	18610
6215	11954	11955	11408	12514	10926	13029	10643	13342	10400	13617
5100	3535	3536	3241	3843	2987	4130	2840	4307	2715	4464
6213	9864	9864	9368	10373	8932	10842	8676	11128	8457	11379
9005	2251	2251	2017	2498	1818	2730	1704	2875	1607	3003
6124	15262	15262	14643	15893	14097	16473	13775	16824	13498	17133
6125	5363	5364	4999	5740	4682	6091	4498	6305	4340	6495
6214	242	242	169	327	115	414	88	471	67	524
5415	5962	5962	5578	6359	5243	6727	5047	6953	4880	7152
5205	5892	5892	5510	6286	5177	6653	4982	6877	4817	7075
9916	5990	5990	5605	6388	5269	6757	5073	6983	4905	7183
9913	3418	3418	3129	3720	2879	4003	2735	4178	2612	4332
9915	8389	8389	7932	8859	7531	9293	7297	9558	7096	9790
4606	9111	9112	8635	9601	8217	10052	7971	10328	7761	10570
6115	11771	11771	11229	12326	10751	12837	10470	13148	10229	13421
4820	3250	3250	2968	3544	2725	3821	2584	3991	2465	4142
9017	1831	1832	1621	2054	1443	2266	1341	2398	1256	2515
6123	11575	11575	11037	12126	10563	12632	10285	12941	10046	13212
6114	17333	17334	16674	18006	16091	18623	15747	18996	15451	19324
4607	9609	9610	9120	10112	8690	10575	8438	10857	8221	11105
6505	4838	4838	4493	5196	4192	5530	4018	5735	3869	5915
5020	11041	11041	10516	11579	10054	12074	9782	12376	9549	12641
6113	26098	26099	25287	26922	24568	27675	24143	28130	23776	28529
5010	8723	8723	8257	9202	7848	9644	7608	9913	7403	10151
6020	12853	12853	12286	13433	11786	13966	11492	14290	11239	14575
4900	5208	5208	4849	5580	4537	5925	4355	6137	4201	6324
6010	8641	8641	8177	9117	7770	9557	7531	9826	7327	10062
4400	9691	9691	9199	10195	8767	10660	8514	10944	8296	11193
9900	4214	4215	3892	4549	3613	4862	3451	5054	3314	5223
9904	5824	5824	5444	6216	5113	6580	4920	6803	4755	7000
9902	13483	13483	12902	14077	12389	14623	12088	14954	11829	15245
4810	5028	5028	4675	5393	4369	5732	4191	5941	4039	6125
5720	19097	19097	18404	19802	17791	20449	17429	20840	17118	21184
9901	2897	2898	2631	3176	2403	3438	2271	3600	2160	3743
5826	2777	2777	2517	3050	2293	3307	2165	3465	2056	3606
5825	2331	2332	2094	2582	1890	2819	1774	2965	1675	3096
5925	10575	10575	10061	11102	9609	11587	9344	11882	9116	12142
9015	5979	5979	5594	6376	5258	6746	5063	6971	4896	7170
4506	7318	7318	6891	7757	6518	8164	6300	8412	6114	8630
4605	10339	10339	9831	10859	9384	11339	9122	11632	8897	11889
9002	14340	14341	13741	14952	13212	15515	12900	15856	12633	16156
4226	7159	7159	6737	7593	6368	7995	6152	8241	5968	8457
4505	5991	5991	5606	6389	5270	6758	5074	6984	4906	7184
4225	6872	6872	6459	7298	6098	7692	5887	7933	5707	8145
5716	10973	10973	10449	11509	9989	12003	9718	12304	9486	12568
5916	14368	14369	13768	14981	13239	15544	12927	15886	12659	16186
4300	5072	5072	4718	5438	4410	5780	4231	5989	4078	6173
5815	2182	2182	1952	2425	1756	2654	1643	2796	1549	2923
9004	6929	6929	6514	7357	6152	7753	5940	7994	5759	8208
5715	8201	8201	7749	8665	7353	9095	7121	9356	6923	9587
3330	4964	4965	4614	5327	4310	5665	4133	5872	3982	6055
6506	4795	4795	4451	5152	4152	5484	3978	5688	3830	5868
5915	7969	7969	7524	8427	7134	8851	6906	9109	6710	9337
3905	4340	4340	4013	4679	3729	4996	3565	5191	3425	5363
4130	8291	8291	7837	8758	7438	9189	7205	9453	7005	9684
6930	4580	4581	4244	4929	3953	5254	3783	5454	3639	5630
3825	8138	8138	7688	8600	7293	9028	7062	9289	6865	9519
4120	8716	8716	8250	9194	7841	9636	7602	9906	7396	10143
3816	10233	10234	9728	10752	9284	11229	9023	11520	8799	11776
4210	9647	9648	9157	10151	8726	10615	8473	10898	8257	11146
9016	4493	4493	4160	4839	3872	5161	3704	5359	3561	5533
4005	6069	6069	5681	6470	5343	6841	5146	7069	4977	7269
4230	4131	4131	3812	4463	3536	4772	3376	4963	3240	5131
3815	8438	8438	7980	8909	7578	9345	7343	9610	7141	9844
3705	13082	13083	12510	13667	12006	14205	11709	14532	11454	14819
3900	2908	2909	2642	3188	2413	3450	2281	3612	2169	3756
4110	8424	8424	7966	8895	7565	9330	7329	9595	7128	9828
3416	9440	9440	8955	9938	8529	10397	8279	10677	8065	10923
3413	3426	3426	3136	3729	2886	4012	2742	4187	2619	4341
3706	7210	7210	6786	7646	6416	8049	6200	8296	6015	8513
3600	8940	8940	8468	9425	8054	9872	7811	10145	7603	10385
3415	10538	10538	10025	11064	9574	11548	9309	11843	9082	12102
3320	10564	10564	10050	11090	9599	11575	9334	11871	9106	12130
3505	17254	17255	16596	17925	16014	18541	15671	18914	15376	19241
3414	10148	10149	9645	10664	9203	11140	8943	11430	8721	11684
6900	3254	3254	2971	3549	2728	3825	2588	3996	2469	4147
2940	6607	6608	6202	7025	5849	7412	5642	7649	5466	7857
2216	7264	7264	6839	7701	6467	8106	6250	8354	6064	8572
3046	10179	10180	9675	10696	9232	11173	8972	11463	8749	11718
2225	6440	6440	6040	6852	5691	7235	5488	7468	5314	7675
3426	7286	7286	6860	7724	6488	8130	6270	8377	6084	8596
3427	8635	8635	8171	9111	7764	9551	7526	9819	7322	10056
3045	11394	11394	10860	11940	10390	12443	10114	12749	9877	13018
3310	7553	7554	7120	7999	6741	8412	6519	8664	6329	8886
3030	15135	15136	14519	15764	13976	16341	13655	16692	13380	16999
3130	7410	7410	6981	7852	6605	8261	6386	8511	6198	8730
3010	16417	16418	15775	17072	15208	17672	14874	18037	14586	18356
3020	10448	10448	9937	10971	9488	11454	9224	11747	8998	12006
3425	7271	7271	6846	7709	6474	8114	6256	8361	6071	8579
2100	7513	7513	7081	7958	6703	8370	6482	8621	6292	8842
1606	5560	5560	5189	5944	4866	6300	4678	6518	4517	6711
2215	7292	7292	6866	7730	6494	8136	6276	8384	6090	8602
1720	11666	11666	11126	12219	10651	12728	10371	13037	10131	13309
3120	9795	9795	9300	10302	8866	10769	8611	11054	8393	11305
1900	539	539	428	663	339	786	291	864	252	935
3110	3534	3535	3240	3842	2986	4129	2839	4306	2714	4463
3200	8044	8045	7597	8505	7205	8930	6975	9189	6779	9418
1605	7919	7919	7475	8376	7087	8798	6859	9055	6664	9282
2000	4857	4857	4511	5216	4210	5550	4035	5755	3886	5936
1820	4371	4371	4043	4712	3758	5030	3593	5225	3452	5397
1200	6863	6863	6450	7288	6089	7683	5879	7923	5698	8136
1710	9324	9324	8842	9819	8418	10275	8170	10554	7957	10798
1810	2193	2193	1962	2436	1766	2666	1653	2809	1558	2936
900	4382	4382	4053	4723	3768	5041	3603	5237	3462	5410
806	11769	11769	11227	12324	10749	12835	10468	13146	10227	13419
1506	9537	9537	9050	10038	8621	10499	8370	10781	8155	11028
1410	5985	5985	5600	6383	5264	6752	5068	6978	4901	7177
1505	8046	8047	7599	8507	7207	8932	6977	9191	6781	9420
1330	8132	8132	7682	8594	7288	9022	7057	9283	6859	9512
1000	4235	4236	3913	4571	3633	4884	3470	5077	3332	5247
1320	7338	7338	6911	7778	6537	8185	6319	8433	6132	8652
1420	5757	5758	5380	6148	5051	6510	4859	6732	4695	6928
1130	2621	2622	2369	2887	2152	3137	2028	3291	1922	3429
1116	7374	7374	6946	7815	6571	8223	6352	8472	6165	8691
1310	10544	10544	10031	11070	9580	11555	9315	11849	9088	12109
805	7966	7966	7521	8424	7131	8848	6903	9106	6707	9333
1115	5194	5194	4836	5565	4524	5910	4343	6122	4188	6308
205	5051	5051	4697	5417	4390	5757	4212	5966	4059	6150
136	5028	5028	4675	5393	4369	5732	4191	5941	4039	6125
1120	13504	13504	12922	14098	12410	14644	12108	14976	11849	15267
705	6739	6739	6330	7160	5972	7551	5764	7790	5585	8000
120	4835	4835	4490	5193	4190	5527	4015	5731	3866	5912
325	9055	9056	8580	9543	8163	9993	7919	10268	7710	10509
135	6831	6831	6419	7255	6059	7649	5849	7889	5669	8101
706	4811	4811	4466	5168	4167	5501	3993	5705	3845	5885
206	5966	5966	5581	6363	5246	6732	5051	6957	4884	7156
2910	1325	1325	1147	1516	998	1698	914	1812	844	1915
315	5986	5986	5601	6384	5265	6753	5069	6979	4902	7178
2935	1258	1258	1085	1444	940	1622	858	1734	790	1834
605	8511	8512	8051	8984	7647	9421	7411	9688	7208	9923
606	8253	8253	7800	8719	7402	9149	7170	9412	6970	9643
506	8842	8842	8373	9324	7961	9769	7719	10041	7513	10279
110	2170	2170	1941	2412	1745	2641	1633	2783	1539	2909
505	16657	16657	16010	17316	15439	17921	15102	18287	14812	18609
2936	4550	4551	4215	4898	3925	5222	3756	5421	3612	5597
405	8341	8341	7885	8809	7486	9242	7252	9506	7052	9739
2926	8820	8820	8351	9301	7940	9746	7699	10017	7492	10256
2925	6081	6081	5693	6482	5354	6854	5157	7082	4988	7282
2927	2331	2332	2094	2582	1890	2819	1774	2965	1675	3096
