faz_id mean median lower_50 upper_50 lower_80 upper_80 lower_90 upper_90 lower_95 upper_95
8935	12415	12415	11480	13386	10670	14293	10199	14849	9799	15341
8927	5589	5590	4968	6247	4440	6871	4138	7258	3885	7603
8926	14702	14702	13683	15758	12797	16739	12281	17341	11841	17872
8936	18015	18016	16885	19182	15899	20263	15323	20925	14832	21508
8500	19086	19087	17922	20286	16906	21398	16312	22077	15805	22676
8406	1623	1624	1297	1986	1034	2344	892	2573	776	2780
8320	11799	11799	10888	12746	10099	13631	9641	14174	9252	14655
8925	15066	15066	14035	16134	13137	17128	12614	17736	12168	18274
8937	13866	13866	12877	14892	12018	15847	11518	16432	11092	16950
8405	16628	16629	15544	17750	14598	18791	14047	19428	13576	19990
8310	32666	32667	31138	34230	29794	35670	29004	36546	28325	37316
8910	15898	15898	14838	16995	13914	18014	13376	18638	12917	19189
7905	24383	24384	23066	25737	21910	26988	21234	27750	20654	28421
7606	4390	4390	3841	4975	3379	5533	3116	5881	2896	6192
7805	21296	21297	20066	22563	18990	23735	18360	24450	17821	25080
8220	19166	19166	18000	20368	16981	21482	16386	22163	15877	22763
8000	14731	14731	13711	15788	12824	16770	12307	17372	11867	17904
8906	8912	8913	8123	9738	7444	10513	7051	10991	6719	11415
8210	9345	9346	8537	10190	7840	10983	7437	11471	7095	11904
9020	18227	18227	17090	19400	16098	20488	15519	21153	15024	21739
8125	19377	19378	18205	20586	17180	21706	16581	22391	16070	22994
8126	13020	13020	12063	14015	11232	14942	10748	15510	10337	16013
8905	10083	10083	9242	10960	8516	11781	8096	12287	7740	12735
7806	6518	6518	5846	7227	5271	7896	4942	8311	4665	8680
7700	8919	8920	8130	9746	7450	10521	7058	10999	6725	11423
7526	15945	15945	14883	17043	13958	18064	13419	18689	12959	19240
7340	28690	28691	27259	30157	26002	31510	25264	32333	24632	33057
7605	1979	1979	1617	2378	1322	2768	1159	3016	1027	3240
7537	26274	26275	24906	27679	23705	28976	23001	29765	22397	30460
8115	30837	30838	29353	32357	28048	33758	27282	34610	26624	35359
7335	36671	36672	35052	38328	33624	39851	32784	40776	32063	41589
8600	18317	18317	17177	19493	16182	20583	15601	21249	15105	21837
7425	30406	30407	28933	31916	27637	33307	26876	34153	26224	34897
7535	28303	28303	26882	29760	25634	31104	24901	31922	24273	32641
7525	16465	16465	15386	17581	14445	18617	13896	19251	13428	19811
7436	6091	6092	5442	6777	4889	7426	4572	7829	4305	8187
9019	17460	17460	16348	18608	15377	19674	14811	20325	14328	20900
7026	11578	11579	10676	12517	9895	13394	9442	13933	9057	14409
7205	13434	13434	12461	14444	11616	15385	11125	15962	10706	16472
7515	5404	5405	4794	6051	4275	6665	3979	7047	3730	7387
7320	30413	30414	28939	31923	27644	33314	26883	34161	26230	34905
7206	17713	17714	16593	18870	15615	19943	15045	20599	14557	21178
7315	17998	17999	16869	19164	15883	20245	15308	20906	14816	21490
7435	8548	8548	7775	9357	7111	10117	6727	10586	6403	11002
7316	21701	21702	20460	22980	19372	24162	18736	24884	18192	25520
7025	23397	23398	22107	24724	20976	25950	20314	26697	19747	27356
7415	12016	12016	11097	12972	10300	13864	9838	14412	9445	14897
7100	27772	27772	26364	29215	25128	30547	24403	31358	23781	32071
7015	18817	18818	17662	20009	16653	21114	16064	21789	15560	22384
9908	3594	3595	3100	4126	2686	4635	2452	4954	2258	5240
6410	42096	42097	40359	43869	38827	45498	37924	46486	37148	47354
6420	37543	37544	35904	39219	34459	40759	33609	41695	32879	42517
5535	31270	31271	29776	32801	28462	34211	27689	35069	27027	35823
5600	16495	16495	15415	17612	14473	18649	13924	19283	13455	19844
5546	18273	18273	17135	19447	16141	20536	15561	21202	15065	21789
4706	14685	14685	13667	15740	12781	16721	12265	17323	11826	17854
6605	12366	12366	11433	13336	10624	14240	10155	14795	9755	15287
6910	7535	7536	6811	8296	6190	9012	5833	9455	5531	9849
6606	5757	5757	5126	6424	4589	7056	4282	7449	4024	7798
9909	5607	5608	4985	6266	4456	6891	4154	7279	3900	7624
9011	9516	9516	8699	10368	7996	11167	7589	11660	7244	12096
5525	14592	14592	13577	15644	12695	16622	12181	17222	11743	17751
5515	27415	27416	26017	28850	24789	30173	24069	30979	23452	31688
6326	25852	25853	24495	27246	23304	28532	22606	29316	22008	30006
9914	19205	19205	18038	20408	17018	21524	16422	22205	15913	22806
5545	16471	16471	15391	17587	14450	18623	13902	19258	13434	19817
6223	28551	28552	27124	30015	25870	31364	25134	32186	24503	32908
5306	25279	25280	23937	26657	22760	27930	22070	28706	21479	29388
6325	37309	37310	35675	38980	34235	40516	33388	41449	32660	42268
9009	5486	5486	4871	6138	4348	6756	4049	7140	3798	7483
9006	11699	11700	10792	12643	10007	13524	9551	14065	9164	14544
6225	20443	20444	19238	21684	18185	22833	17568	23535	17042	24154
9018	18715	18715	17563	19903	16557	21005	15969	21678	15467	22272
5425	41258	41259	39539	43014	38022	44627	37129	45606	36361	46465
5305	29194	29195	27751	30674	26482	32038	25738	32868	25099	33598
5426	22178	22179	20923	23470	19823	24665	19180	25395	18629	26037
6226	33091	33092	31554	34666	30200	36115	29404	36996	28722	37770
6126	13067	13067	12108	14063	11275	14992	10791	15561	10379	16065
6224	21497	21497	20261	22769	19179	23946	18546	24665	18005	25298
6216	16495	16495	15415	17612	14473	18649	13924	19283	13455	19844
6316	32503	32504	30979	34064	29638	35500	28850	36374	28174	37142
6215	24005	24005	22698	25348	21552	26589	20881	27346	20306	28013
5100	9552	9553	8735	10407	8030	11207	7622	11701	7276	12138
6213	18810	18811	17656	20002	16647	21106	16058	21781	15554	22376
9005	5788	5788	5155	6457	4617	7090	4309	7484	4050	7834
6124	28200	28201	26782	29654	25536	30996	24805	31813	24178	32531
6125	10242	10243	9395	11126	8663	11954	8239	12463	7880	12914
6214	358	358	215	539	117	732	72	862	42	984
5415	14560	14559	13546	15610	12664	16587	12151	17186	11713	17715
5205	13092	13092	12132	14089	11298	15019	10814	15589	10401	16093
9916	15219	15218	14182	16292	13279	17290	12754	17902	12305	18442
9913	7264	7264	6553	8011	5945	8716	5595	9151	5299	9538
9915	20965	20965	19745	22222	18677	23385	18052	24095	17518	24721
4606	26015	26016	24653	27413	23459	28703	22758	29489	22158	30181
6115	23896	23897	22592	25236	21449	26475	20779	27230	20206	27895
4820	7264	7264	6553	8011	5945	8716	5595	9151	5299	9538
9017	4515	4515	3959	5108	3489	5673	3222	6026	2998	6341
6123	19199	19199	18032	20402	17012	21517	16416	22199	15907	22799
6114	35343	35343	33753	36969	32352	38465	31529	39374	30822	40173
4607	28101	28102	26685	29553	25442	30892	24712	31708	24086	32425
6505	14271	14271	13268	15311	12395	16279	11887	16873	11455	17397
5020	27510	27511	26110	28947	24880	30272	24158	31080	23539	31790
6113	41263	41264	39544	43019	38027	44632	37134	45611	36366	46470
5010	19879	19880	18691	21103	17653	22237	17046	22930	16527	23540
6020	19537	19538	18360	20751	17331	21875	16729	22562	16215	23168
4900	8271	8271	7511	9067	6858	9815	6482	10277	6163	10687
6010	13695	13694	12712	14714	11858	15663	11362	16245	10939	16760
4400	24853	24854	23523	26220	22356	27482	21672	28251	21087	28929
9900	9599	9600	8780	10456	8073	11258	7664	11753	7317	12191
9904	13023	13023	12066	14018	11234	14945	10751	15514	10340	16016
9902	30187	30188	28719	31692	27429	33078	26671	33921	26021	34663
4810	11225	11226	10337	12150	9569	13014	9124	13545	8745	14015
5720	39427	39428	37747	41144	36265	42721	35393	43679	34643	44520
9901	7536	7536	6812	8297	6191	9013	5834	9456	5532	9850
5826	5569	5569	4949	6225	4421	6848	4120	7234	3867	7579
5825	4725	4725	4155	5331	3674	5909	3400	6268	3170	6589
5925	24515	24515	23194	25872	22035	27126	21356	27891	20775	28563
9015	15791	15791	14735	16885	13815	17900	13278	18522	12821	19072
4506	17907	17907	16780	19069	15797	20148	15223	20808	14733	21389
4605	26570	26571	25194	27982	23986	29286	23277	30080	22670	30778
9002	34519	34520	32948	36126	31565	37605	30751	38504	30053	39294
4226	18448	18449	17305	19628	16306	20722	15723	21391	15225	21981
4505	17176	17177	16073	18315	15112	19373	14550	20020	14071	20590
4225	18172	18173	17037	19343	16046	20429	15468	21094	14974	21679
5716	26144	26144	24779	27545	23581	28838	22879	29626	22277	30320
5916	37037	37038	35409	38701	33974	40232	33130	41161	32405	41978
4300	11580	11581	10678	12519	9897	13396	9444	13935	9059	14412
5815	5119	5120	4526	5750	4022	6349	3735	6721	3494	7054
9004	18297	18297	17158	19472	16164	20562	15583	21228	15087	21815
5715	18659	18659	17509	19846	16504	20946	15917	21618	15416	22211
3330	13149	13149	12187	14148	11351	15079	10865	15651	10452	16156
6506	12804	12804	11854	13790	11031	14710	10552	15274	10144	15773
5915	20676	20677	19465	21925	18405	23080	17785	23786	17255	24407
3905	10696	10696	9830	11599	9081	12443	8647	12963	8278	13423
4130	18077	18078	16945	19245	15957	20329	15380	20991	14888	21576
6930	10929	10930	10053	11842	9296	12695	8857	13220	8484	13684
3825	20732	20733	19519	21982	18458	23139	17837	23846	17306	24468
4120	20677	20678	19466	21926	18406	23081	17786	23787	17256	24408
3816	25734	25735	24380	27125	23192	28408	22496	29190	21899	29879
4210	25886	25887	24528	27281	23336	28568	22638	29352	22039	30042
9016	12194	12193	11267	13157	10465	14055	9998	14607	9602	15095
4005	15517	15517	14470	16601	13558	17608	13027	18225	12574	18770
4230	11494	11494	10595	12429	9817	13303	9366	13840	8982	14315
3815	19954	19955	18764	21181	17724	22316	17115	23010	16595	23622
3705	31438	31439	29940	32973	28622	34387	27847	35247	27183	36003
3900	6182	6182	5528	6873	4970	7526	4650	7932	4381	8292
4110	19980	19981	18789	21207	17748	22344	17139	23038	16619	23650
3416	24495	24495	23174	25852	22016	27105	21338	27869	20757	28542
3413	9386	9386	8576	10233	7877	11027	7473	11516	7131	11950
3706	18216	18216	17080	19389	16088	20476	15508	21141	15014	21727
3600	20378	20379	19175	21617	18123	22765	17508	23466	16982	24083
3415	27934	27935	26523	29382	25283	30717	24556	31531	23932	32246
3320	29986	29986	28523	31485	27237	32867	26481	33708	25833	34447
3505	41561	41562	39835	43323	38313	44941	37416	45924	36645	46786
3414	27973	27974	26561	29422	25320	30758	24592	31572	23968	32288
6900	8476	8476	7707	9282	7045	10039	6664	10506	6341	10920
2940	16808	16809	15717	17935	14766	18982	14212	19622	13738	20187
2216	19515	19516	18338	20728	17310	21852	16709	22539	16195	23144
3046	23774	23775	22474	25111	21334	26347	20666	27100	20094	27764
2225	15939	15939	14877	17037	13953	18058	13414	18682	12954	19234
3426	21375	21376	20143	22644	19064	23818	18433	24534	17893	25166
3427	23830	23831	22528	25169	21386	26406	20718	27160	20145	27824
3045	28544	28545	27117	30008	25864	31357	25128	32178	24497	32901
3310	21573	21573	20335	22847	19251	24026	18617	24746	18074	25380
3030	41868	41869	40136	43637	38608	45261	37708	46247	36934	47112
3130	16407	16408	15330	17521	14391	18555	13843	19189	13376	19747
3010	43067	43068	41310	44860	39759	46506	38845	47506	38060	48383
3020	23637	23638	22341	24971	21204	26203	20538	26954	19968	27616
3425	19803	19804	18618	21025	17582	22157	16976	22849	16458	23458
2100	20152	20152	18956	21384	17910	22525	17298	23222	16776	23837
1606	12463	12462	11526	13436	10714	14344	10242	14901	9841	15394
2215	18244	18244	17107	19417	16114	20506	15534	21171	15039	21758
1720	27516	27517	26115	28953	24885	30279	24164	31086	23545	31796
3120	24162	24163	22851	25510	21701	26755	21028	27515	20451	28183
1900	881	881	645	1153	464	1429	370	1609	297	1774
3110	9432	9432	8619	10281	7919	11077	7514	11567	7171	12002
3200	20877	20878	19659	22131	18594	23292	17971	24001	17438	24625
1605	16959	16959	15863	18091	14908	19142	14350	19785	13874	20352
2000	11928	11928	11013	12881	10219	13770	9758	14316	9367	14799
1820	6975	6975	6279	7708	5683	8399	5341	8827	5053	9207
1200	17377	17377	16267	18523	15300	19586	14735	20236	14253	20810
1710	22070	22070	20817	23359	19720	24551	19079	25278	18529	25919
1810	4257	4258	3717	4834	3263	5384	3005	5728	2789	6035
900	10231	10232	9384	11115	8653	11942	8230	12451	7870	12902
806	32671	32672	31143	34235	29799	35675	29008	36551	28330	37321
1506	23312	23313	22024	24636	20896	25860	20235	26607	19669	27264
1410	13959	13958	12967	14988	12104	15946	11603	16533	11175	17052
1505	19429	19430	18255	20640	17229	21761	16629	22446	16117	23050
1330	22137	22138	20883	23428	19785	24622	19142	25351	18592	25993
1000	10791	10791	9920	11698	9168	12546	8732	13067	8362	13529
1320	18237	18237	17100	19410	16107	20498	15528	21163	15033	21750
1420	13687	13686	12704	14706	11851	15655	11354	16237	10932	16751
1130	5837	5838	5202	6509	4661	7146	4352	7541	4092	7892
1116	17844	17844	16719	19005	15738	20081	15165	20740	14676	21321
1310	27318	27319	25923	28750	24697	30071	23978	30876	23362	31584
805	22128	22129	20874	23419	19776	24613	19133	25341	18583	25983
1115	13399	13399	12428	14408	11584	15347	11093	15924	10675	16433
205	11553	11553	10651	12490	9871	13366	9419	13904	9034	14380
136	11391	11391	10496	12322	9722	13192	9273	13727	8891	14200
1120	34487	34488	32917	36094	31534	37572	30721	38471	30023	39260
705	18524	18525	17378	19707	16378	20803	15793	21473	15294	22064
120	11791	11791	10880	12738	10092	13622	9634	14165	9245	14646
325	22213	22214	20957	23506	19856	24702	19212	25432	18661	26075
135	16876	16876	15783	18005	14830	19054	14274	19695	13800	20261
706	12783	12783	11834	13769	11011	14687	10533	15251	10126	15750
206	13499	13499	12524	14511	11676	15454	11184	16032	10764	16544
2910	3560	3560	3068	4088	2656	4596	2424	4913	2230	5198
315	14470	14469	13459	15517	12580	16491	12069	17089	11633	17616
2935	10173	10173	9328	11054	8599	11878	8177	12386	7819	12836
605	22279	22280	21021	23574	19919	24772	19273	25502	18721	26146
606	22062	22062	20809	23350	19713	24542	19071	25270	18522	25910
506	25464	25465	24117	26847	22936	28124	22243	28902	21650	29587
110	5000	5000	4413	5623	3916	6215	3633	6584	3396	6913
505	48163	48164	46304	50059	44662	51797	43693	52852	42860	53776
2936	6505	6505	5833	7213	5260	7882	4931	8297	4654	8665
405	22624	22625	21356	23929	20245	25136	19595	25872	19038	26520
2926	24581	24581	23258	25940	22098	27195	21418	27961	20836	28635
2925	16436	16437	15358	17551	14418	18586	13870	19220	13402	19779
2927	5990	5990	5346	6670	4798	7314	4484	7714	4220	8069
