faz_id mean median lower_50 upper_50 lower_80 upper_80 lower_90 upper_90 lower_95 upper_95
8935	5253	5253	4848	5674	4497	6068	4293	6309	4120	6523
8927	2301	2301	2036	2583	1811	2851	1682	3017	1575	3165
8926	6351	6351	5905	6814	5517	7244	5291	7508	5099	7741
8936	7351	7352	6870	7848	6451	8310	6207	8592	5998	8842
8500	8197	8197	7689	8721	7245	9207	6986	9505	6765	9767
8406	840	840	683	1013	555	1183	485	1291	428	1389
8320	4638	4638	4258	5035	3930	5406	3739	5634	3578	5836
8925	6462	6463	6012	6929	5621	7363	5393	7629	5198	7864
8937	7006	7006	6536	7491	6128	7942	5890	8218	5687	8462
8405	6844	6844	6381	7324	5977	7770	5742	8043	5541	8285
8310	13919	13919	13255	14600	12670	15227	12327	15609	12032	15944
8910	7041	7041	6570	7527	6161	7979	5922	8256	5718	8501
7905	10297	10297	9726	10883	9226	11426	8934	11756	8683	12048
7606	2000	2000	1753	2263	1545	2514	1427	2671	1327	2810
7805	8754	8754	8229	9296	7769	9797	7501	10104	7271	10374
8220	10444	10444	9869	11035	9366	11581	9071	11914	8818	12207
8000	6226	6226	5784	6684	5400	7110	5177	7372	4986	7603
8906	3447	3447	3120	3790	2840	4113	2679	4312	2542	4489
8210	6138	6138	5699	6593	5318	7016	5096	7276	4908	7505
9020	8494	8495	7977	9028	7525	9523	7261	9825	7035	10091
8125	8267	8267	7757	8794	7311	9282	7051	9580	6828	9843
8126	6184	6184	5744	6640	5361	7065	5138	7326	4949	7556
8905	3897	3897	3549	4261	3250	4603	3077	4814	2931	5001
7806	3236	3237	2920	3569	2649	3882	2493	4076	2362	4248
7700	3747	3747	3406	4104	3113	4440	2944	4647	2801	4830
7526	6354	6354	5908	6817	5520	7247	5294	7511	5101	7745
7340	11025	11025	10434	11632	9916	12192	9613	12534	9353	12834
7605	768	769	618	935	497	1098	431	1202	378	1297
7537	12634	12635	12002	13283	11446	13882	11119	14246	10839	14567
8115	14697	14697	14014	15397	13413	16041	13059	16432	12756	16776
7335	15561	15560	14857	16280	14238	16942	13874	17344	13561	17698
8600	7676	7676	7184	8184	6756	8655	6506	8943	6292	9197
7425	11110	11110	10517	11719	9997	12282	9692	12625	9431	12926
7535	13772	13772	13111	14449	12530	15073	12188	15453	11895	15786
7525	6746	6746	6286	7222	5885	7666	5652	7937	5453	8177
7436	2308	2309	2043	2590	1817	2858	1688	3025	1581	3174
9019	7950	7951	7450	8467	7013	8946	6758	9239	6541	9497
7026	4426	4426	4054	4813	3734	5176	3549	5399	3391	5597
7205	5760	5760	5335	6201	4967	6612	4753	6864	4570	7087
7515	2319	2320	2053	2602	1827	2871	1698	3038	1590	3187
7320	12317	12317	11692	12958	11143	13549	10821	13909	10546	14226
7206	8061	8061	7557	8581	7117	9063	6860	9358	6641	9618
7315	7276	7276	6798	7771	6381	8230	6138	8511	5931	8759
7435	3281	3281	2962	3615	2689	3931	2532	4126	2400	4299
7316	8591	8591	8070	9127	7615	9624	7350	9928	7123	10196
7025	10690	10691	10109	11288	9599	11840	9300	12177	9045	12473
7415	5080	5081	4682	5495	4337	5882	4137	6120	3967	6331
7100	13844	13844	13181	14523	12598	15149	12256	15529	11962	15864
7015	8148	8148	7641	8671	7199	9155	6941	9452	6720	9713
9908	1121	1122	939	1320	788	1514	704	1636	635	1745
6410	20766	20767	19953	21596	19234	22357	18810	22819	18446	23224
6420	17634	17635	16885	18400	16225	19103	15836	19530	15501	19905
5535	13707	13707	13047	14383	12467	15005	12127	15384	11835	15717
5600	7250	7250	6773	7744	6357	8202	6114	8483	5907	8731
5546	7703	7703	7211	8212	6781	8683	6530	8972	6317	9227
4706	5433	5433	5021	5862	4664	6261	4456	6507	4280	6724
6605	4894	4894	4503	5301	4165	5681	3969	5915	3803	6122
6910	3502	3502	3173	3848	2890	4173	2727	4374	2590	4552
6606	2487	2487	2211	2779	1976	3057	1842	3229	1729	3383
9909	2615	2616	2332	2915	2091	3199	1952	3375	1836	3532
9011	4780	4780	4393	5182	4060	5558	3866	5790	3702	5995
5525	6763	6763	6302	7240	5901	7684	5667	7955	5468	8195
5515	11463	11463	10860	12081	10332	12652	10022	13000	9756	13306
6326	12607	12608	11975	13256	11420	13854	11094	14218	10814	14538
9914	8182	8182	7674	8706	7231	9192	6972	9488	6751	9750
5545	6483	6484	6032	6951	5640	7385	5412	7652	5217	7887
6223	13928	13928	13263	14609	12679	15237	12335	15618	12040	15954
5306	11485	11485	10882	12104	10353	12675	10042	13024	9776	13330
6325	17002	17003	16267	17754	15619	18445	15237	18865	14909	19233
9009	2334	2335	2067	2618	1840	2887	1711	3055	1602	3204
9006	5381	5381	4971	5807	4615	6205	4409	6450	4234	6666
6225	10961	10961	10372	11566	9855	12125	9553	12465	9294	12765
9018	9155	9155	8617	9708	8147	10221	7872	10534	7637	10810
5425	18646	18646	17875	19432	17195	20155	16795	20593	16450	20978
5305	13348	13348	12698	14015	12126	14630	11790	15004	11502	15333
5426	8928	8929	8398	9475	7934	9982	7662	10291	7430	10564
6226	14692	14692	14009	15392	13408	16035	13055	16427	12751	16771
6126	5819	5819	5392	6262	5022	6675	4806	6928	4623	7152
6224	10398	10398	9824	10987	9322	11532	9028	11865	8776	12157
6216	6947	6948	6480	7431	6073	7880	5836	8155	5634	8398
6316	16999	17000	16264	17751	15616	18442	15234	18861	14906	19230
6215	12821	12821	12183	13474	11623	14077	11294	14444	11012	14767
5100	3562	3563	3230	3911	2945	4239	2780	4441	2641	4621
6213	10194	10195	9627	10778	9130	11318	8838	11647	8589	11937
9005	2650	2650	2364	2951	2121	3237	1982	3414	1865	3572
6124	15549	15548	14846	16268	14227	16929	13862	17331	13550	17685
6125	5467	5467	5054	5897	4695	6298	4487	6544	4310	6762
6214	243	243	162	340	104	442	75	509	53	571
5415	5961	5962	5529	6410	5154	6827	4936	7084	4750	7310
5205	6234	6234	5792	6692	5408	7119	5184	7381	4994	7612
9916	7230	7230	6753	7723	6338	8181	6096	8461	5889	8709
9913	3504	3504	3175	3850	2892	4175	2729	4376	2591	4554
9915	10159	10160	9593	10742	9096	11281	8806	11610	8557	11899
4606	10244	10244	9675	10829	9176	11370	8884	11700	8634	11990
6115	12054	12055	11437	12689	10894	13274	10576	13630	10303	13944
4820	3321	3321	3000	3657	2725	3975	2567	4171	2434	4345
9017	2007	2007	1760	2271	1551	2522	1432	2679	1333	2819
6123	13604	13603	12947	14277	12369	14897	12030	15275	11739	15606
6114	17984	17984	17227	18757	16560	19466	16167	19898	15829	20276
4607	11065	11065	10473	11673	9954	12234	9650	12576	9390	12878
6505	5055	5055	4658	5469	4314	5855	4115	6093	3945	6303
5020	11535	11535	10930	12155	10400	12728	10089	13077	9823	13384
6113	28059	28060	27112	29022	26273	29904	25777	30438	25351	30905
5010	8962	8963	8431	9510	7966	10018	7694	10328	7461	10601
6020	15673	15672	14967	16395	14345	17059	13980	17462	13666	17817
4900	7744	7744	7250	8254	6820	8727	6568	9016	6354	9272
6010	10125	10126	9560	10707	9064	11245	8774	11573	8526	11862
4400	9776	9776	9220	10348	8734	10877	8449	11199	8205	11484
9900	4777	4777	4391	5179	4057	5555	3864	5786	3699	5991
9904	6348	6348	5902	6811	5514	7241	5288	7505	5096	7738
9902	14217	14216	13545	14905	12954	15538	12607	15924	12309	16262
4810	5226	5226	4822	5646	4472	6038	4268	6280	4096	6493
5720	19578	19578	18788	20384	18091	21123	17680	21572	17327	21966
9901	3670	3670	3332	4023	3043	4356	2875	4561	2734	4743
5826	3064	3064	2756	3388	2493	3693	2342	3882	2215	4050
5825	2545	2545	2266	2841	2028	3121	1892	3295	1777	3450
5925	11150	11150	10556	11760	10035	12324	9730	12667	9468	12969
9015	6702	6702	6243	7177	5844	7619	5612	7889	5413	8128
4506	7762	7762	7268	8273	6837	8746	6585	9036	6370	9292
4605	11109	11109	10516	11718	9996	12281	9691	12623	9430	12925
9002	16958	16959	16224	17709	15576	18399	15195	18818	14868	19186
4226	7770	7770	7276	8281	6844	8755	6592	9045	6377	9300
4505	6115	6115	5677	6569	5297	6991	5075	7251	4887	7480
4225	7284	7284	6806	7779	6389	8238	6145	8520	5938	8768
5716	11305	11306	10707	11920	10182	12487	9875	12833	9611	13137
5916	14868	14867	14180	15571	13576	16218	13220	16612	12915	16958
4300	5473	5473	5060	5903	4701	6304	4493	6551	4315	6769
5815	2261	2261	1998	2540	1775	2806	1648	2971	1542	3118
9004	7981	7982	7480	8499	7043	8979	6787	9273	6569	9531
5715	8269	8269	7759	8796	7313	9284	7052	9582	6830	9845
3330	5665	5665	5244	6102	4878	6510	4666	6760	4486	6981
6506	5348	5348	4939	5773	4585	6170	4379	6414	4204	6629
5915	8199	8199	7691	8723	7247	9210	6988	9507	6766	9769
3905	4729	4730	4345	5130	4014	5504	3821	5734	3658	5938
4130	8493	8494	7976	9027	7524	9522	7260	9824	7034	10090
6930	4569	4569	4192	4963	3866	5331	3677	5558	3517	5758
3825	8725	8725	8200	9266	7742	9767	7474	10073	7245	10342
4120	9166	9166	8628	9720	8157	10233	7882	10546	7647	10822
3816	10815	10816	10231	11417	9718	11972	9417	12310	9160	12608
4210	10791	10792	10207	11392	9695	11947	9395	12285	9138	12583
9016	5330	5330	4922	5754	4568	6150	4363	6394	4188	6609
4005	6624	6624	6168	7096	5771	7535	5540	7804	5343	8042
4230	4683	4684	4301	5082	3971	5454	3780	5684	3617	5887
3815	8566	8566	8046	9101	7592	9598	7327	9901	7100	10169
3705	13718	13718	13058	14394	12478	15017	12137	15396	11845	15729
3900	3281	3281	2962	3615	2689	3931	2532	4126	2400	4299
4110	9263	9263	8722	9820	8249	10335	7972	10650	7736	10927
3416	9826	9826	9269	10399	8781	10929	8495	11253	8251	11538
3413	4140	4140	3781	4515	3472	4867	3293	5083	3142	5275
3706	7477	7478	6993	7979	6570	8444	6323	8729	6113	8980
3600	9499	9500	8952	10063	8472	10585	8192	10903	7952	11184
3415	11773	11773	11162	12400	10626	12978	10312	13331	10043	13641
3320	11272	11273	10675	11886	10151	12452	9844	12797	9581	13101
3505	18739	18739	17966	19527	17285	20252	16883	20691	16538	21077
3414	10746	10747	10163	11346	9652	11899	9353	12237	9096	12534
6900	3832	3832	3487	4193	3191	4532	3019	4742	2874	4927
2940	8534	8534	8015	9068	7562	9564	7297	9867	7071	10134
2216	8042	8042	7538	8561	7099	9043	6843	9337	6624	9597
3046	10566	10566	9988	11160	9481	11709	9185	12044	8931	12339
2225	7598	7598	7109	8103	6682	8572	6434	8859	6221	9112
3426	8449	8450	7933	8982	7483	9475	7219	9776	6994	10042
3427	9331	9331	8788	9890	8313	10407	8036	10723	7798	11001
3045	12055	12056	11438	12690	10895	13275	10577	13631	10304	13945
3310	9330	9330	8787	9889	8313	10406	8035	10722	7797	11000
3030	18407	18408	17642	19189	16966	19907	16568	20343	16227	20725
3130	7748	7748	7254	8258	6823	8731	6572	9021	6357	9276
3010	17718	17719	16968	18486	16305	19190	15915	19618	15580	19994
3020	10937	10937	10348	11541	9833	12099	9530	12440	9271	12739
3425	8490	8491	7973	9024	7521	9518	7257	9821	7031	10087
2100	7900	7901	7402	8415	6966	8893	6712	9185	6495	9443
1606	5721	5721	5298	6160	4930	6570	4717	6821	4535	7044
2215	7827	7827	7331	8340	6898	8815	6645	9106	6429	9363
1720	12293	12293	11669	12933	11121	13524	10799	13883	10523	14200
3120	10169	10170	9603	10753	9106	11292	8815	11621	8566	11910
1900	538	538	414	678	316	819	264	909	222	991
3110	3687	3687	3349	4041	3058	4374	2890	4580	2749	4762
3200	8871	8871	8342	9416	7880	9921	7609	10230	7378	10501
1605	7969	7970	7469	8487	7031	8966	6776	9260	6558	9518
2000	5614	5614	5194	6049	4831	6455	4620	6704	4440	6925
1820	4501	4501	4126	4892	3803	5257	3616	5482	3457	5682
1200	7538	7538	7051	8041	6626	8508	6378	8794	6167	9046
1710	9863	9863	9305	10437	8816	10969	8530	11293	8285	11578
1810	2610	2611	2327	2910	2086	3193	1948	3369	1832	3526
900	4785	4785	4398	5187	4064	5564	3871	5795	3706	6000
806	13816	13816	13154	14494	12572	15119	12229	15499	11936	15834
1506	9947	9947	9386	10524	8896	11057	8608	11383	8362	11669
1410	6419	6420	5971	6884	5580	7317	5353	7582	5160	7816
1505	8410	8411	7895	8941	7446	9434	7183	9734	6959	10000
1330	8678	8678	8155	9217	7698	9717	7430	10022	7202	10291
1000	4443	4443	4071	4831	3750	5194	3564	5418	3406	5617
1320	7381	7382	6900	7879	6480	8342	6235	8625	6026	8874
1420	6397	6398	5949	6861	5560	7293	5333	7558	5140	7792
1130	3045	3045	2738	3368	2476	3672	2326	3861	2199	4028
1116	8050	8050	7546	8569	7107	9051	6850	9346	6631	9606
1310	10826	10827	10241	11428	9728	11984	9428	12322	9170	12620
805	9241	9241	8701	9797	8228	10312	7952	10626	7716	10903
1115	6458	6459	6008	6925	5617	7359	5389	7625	5195	7860
205	5165	5165	4763	5582	4415	5973	4213	6213	4042	6425
136	5135	5136	4735	5552	4388	5941	4187	6181	4016	6392
1120	15213	15213	14518	15925	13906	16579	13546	16977	13237	17327
705	7888	7889	7390	8403	6955	8880	6701	9172	6484	9430
120	5098	5099	4699	5514	4354	5902	4154	6140	3983	6351
325	9982	9982	9421	10560	8929	11094	8641	11420	8394	11707
135	7135	7135	6661	7625	6249	8080	6008	8358	5803	8604
706	5391	5391	4980	5818	4625	6216	4418	6461	4242	6677
206	6090	6090	5653	6543	5273	6965	5053	7223	4865	7452
2910	1552	1553	1336	1785	1155	2009	1053	2149	968	2274
315	6206	6206	5765	6663	5381	7089	5158	7350	4968	7581
2935	3340	3340	3018	3677	2743	3995	2584	4192	2450	4367
605	9915	9915	9355	10491	8865	11023	8578	11348	8333	11635
606	10646	10647	10066	11243	9557	11794	9259	12130	9004	12426
506	10491	10491	9915	11083	9410	11630	9115	11964	8861	12258
110	2231	2231	1970	2509	1749	2772	1622	2937	1517	3083
505	20669	20670	19857	21497	19140	22257	18718	22717	18354	23121
2936	2791	2791	2498	3100	2248	3393	2105	3574	1984	3736
405	9945	9945	9385	10522	8894	11055	8606	11381	8360	11667
2926	9519	9520	8971	10084	8491	10606	8210	10925	7970	11206
2925	6810	6810	6348	7289	5945	7734	5711	8006	5511	8247
2927	3028	3028	2722	3350	2461	3653	2311	3842	2184	4009
