faz_id mean median lower_50 upper_50 lower_80 upper_80 lower_90 upper_90 lower_95 upper_95
8935	5888	5888	5437	6357	5046	6795	4819	7064	4626	7302
8927	2621	2622	2323	2937	2070	3237	1926	3424	1805	3590
8926	7193	7193	6693	7710	6258	8192	6005	8487	5790	8747
8936	7789	7789	7269	8327	6815	8827	6551	9133	6326	9404
8500	8993	8994	8434	9571	7945	10106	7659	10434	7416	10723
8406	1118	1118	927	1328	769	1532	682	1661	611	1777
8320	5062	5062	4644	5497	4283	5905	4074	6156	3897	6378
8925	7311	7311	6807	7833	6369	8318	6114	8615	5896	8878
8937	8499	8500	7955	9061	7481	9582	7204	9901	6968	10183
8405	7799	7799	7278	8337	6825	8838	6561	9144	6335	9415
8310	14831	14831	14110	15570	13475	16251	13103	16666	12784	17030
8910	8082	8083	7552	8631	7090	9140	6821	9451	6591	9726
7905	11266	11267	10639	11912	10089	12508	9767	12872	9492	13193
7606	2145	2145	1876	2431	1649	2705	1521	2876	1413	3028
7805	9626	9627	9047	10224	8541	10777	8245	11115	7992	11413
8220	12079	12079	11429	12747	10859	13364	10524	13740	10238	14071
8000	6261	6261	5795	6744	5391	7195	5157	7471	4957	7716
8906	3689	3689	3334	4062	3029	4414	2854	4631	2706	4824
8210	6740	6740	6256	7241	5836	7708	5592	7994	5384	8247
9020	9242	9242	8674	9827	8178	10370	7889	10701	7641	10994
8125	8678	8678	8128	9245	7648	9772	7368	10094	7129	10378
8126	6889	6889	6400	7396	5975	7867	5728	8157	5518	8412
8905	4190	4191	3811	4588	3485	4961	3297	5191	3138	5395
7806	3861	3862	3498	4243	3186	4602	3006	4824	2854	5021
7700	3762	3762	3403	4139	3096	4494	2918	4713	2769	4908
7526	6479	6479	6005	6971	5594	7429	5355	7710	5152	7959
7340	11558	11558	10922	12211	10365	12816	10039	13184	9759	13508
7605	796	796	636	974	507	1150	437	1262	380	1364
7537	13243	13243	12561	13942	11963	14587	11613	14979	11312	15325
8115	15736	15737	14993	16497	14339	17198	13955	17625	13625	18000
7335	16331	16332	15574	17106	14907	17820	14515	18254	14179	18635
8600	8196	8196	7662	8748	7196	9260	6925	9573	6693	9850
7425	11773	11773	11131	12433	10569	13042	10239	13414	9957	13741
7535	14274	14274	13567	15000	12945	15668	12580	16075	12267	16433
7525	7495	7496	6985	8023	6541	8514	6282	8815	6062	9081
7436	2342	2343	2061	2642	1823	2927	1688	3104	1575	3262
9019	8779	8779	8226	9350	7743	9879	7462	10203	7221	10488
7026	4479	4479	4087	4889	3749	5274	3554	5512	3388	5722
7205	6093	6093	5634	6570	5236	7015	5005	7289	4808	7530
7515	2453	2453	2165	2759	1921	3050	1782	3231	1665	3392
7320	12854	12854	12183	13543	11594	14179	11249	14566	10953	14907
7206	8324	8324	7786	8880	7317	9396	7043	9712	6809	9991
7315	7819	7819	7298	8358	6844	8859	6579	9166	6353	9437
7435	3444	3444	3101	3805	2808	4145	2639	4356	2497	4543
7316	8852	8852	8297	9425	7812	9957	7529	10282	7287	10568
7025	10943	10943	10324	11579	9783	12167	9466	12526	9195	12843
7415	5328	5329	4900	5775	4529	6193	4314	6450	4132	6677
7100	14893	14893	14170	15634	13535	16316	13161	16732	12841	17097
7015	8365	8365	7826	8922	7355	9440	7081	9756	6846	10036
9908	1118	1118	927	1328	769	1532	682	1661	611	1777
6410	24168	24169	23245	25109	22429	25972	21947	26496	21533	26955
6420	20765	20765	19910	21638	19155	22440	18711	22926	18328	23354
5535	15144	15145	14415	15891	13774	16579	13398	16998	13075	17366
5600	7564	7565	7052	8095	6606	8588	6346	8890	6124	9157
5546	8201	8201	7667	8753	7201	9265	6929	9579	6698	9856
4706	5609	5609	5169	6067	4788	6495	4567	6758	4379	6991
6605	5348	5349	4919	5796	4547	6214	4332	6472	4149	6700
6910	3972	3972	3603	4359	3286	4722	3103	4947	2949	5147
6606	2924	2925	2609	3258	2341	3573	2187	3769	2058	3943
9909	3080	3080	2756	3422	2480	3745	2322	3945	2188	4124
9011	5396	5397	4965	5846	4592	6266	4375	6525	4192	6753
5525	6897	6897	6408	7404	5983	7876	5736	8165	5525	8421
5515	11802	11803	11160	12463	10597	13073	10266	13445	9984	13772
6326	12569	12570	11906	13251	11324	13880	10983	14263	10691	14600
9914	8564	8565	8018	9128	7542	9652	7264	9972	7027	10254
5545	6766	6766	6281	7268	5861	7736	5616	8022	5407	8276
6223	14004	14004	13303	14722	12687	15385	12326	15788	12016	16143
5306	11848	11849	11205	12510	10640	13121	10309	13494	10026	13822
6325	17103	17104	16328	17896	15645	18626	15244	19070	14899	19459
9009	2493	2493	2203	2801	1956	3095	1816	3277	1698	3440
9006	5858	5858	5408	6326	5018	6762	4792	7031	4599	7268
6225	11463	11463	10830	12114	10275	12715	9950	13082	9672	13405
9018	9731	9731	9148	10331	8639	10887	8341	11227	8087	11527
5425	19207	19207	18385	20047	17660	20819	17233	21288	16867	21699
5305	13526	13526	12838	14232	12233	14884	11878	15281	11574	15630
5426	9263	9263	8695	9849	8198	10392	7908	10724	7661	11017
6226	14873	14873	14151	15613	13516	16295	13142	16710	12823	17075
6126	5897	5897	5445	6366	5054	6804	4827	7073	4634	7312
6224	10422	10422	9819	11043	9291	11618	8982	11969	8718	12278
6216	6967	6967	6476	7477	6048	7951	5800	8242	5588	8498
6316	17039	17040	16265	17831	15584	18559	15183	19002	14839	19391
6215	12852	12852	12181	13541	11592	14176	11247	14564	10951	14905
5100	3567	3567	3217	3934	2918	4280	2746	4494	2601	4684
6213	10259	10259	9660	10875	9137	11445	8830	11794	8569	12101
9005	3080	3080	2756	3422	2480	3745	2322	3945	2188	4124
6124	15613	15613	14873	16371	14221	17070	13839	17494	13510	17868
6125	5493	5493	5057	5946	4681	6370	4462	6630	4276	6861
6214	244	244	159	346	98	454	69	525	47	592
5415	6512	6512	6037	7005	5625	7464	5385	7746	5181	7995
5205	6474	6474	6001	6966	5589	7424	5350	7705	5147	7953
9916	7652	7652	7136	8185	6687	8681	6425	8985	6202	9253
9913	3544	3545	3196	3910	2898	4255	2727	4469	2582	4659
9915	10944	10944	10325	11580	9784	12168	9467	12528	9196	12844
4606	10771	10772	10158	11403	9621	11987	9307	12343	9038	12657
6115	12124	12124	11472	12793	10901	13411	10567	13788	10280	14120
4820	3358	3358	3019	3714	2730	4051	2564	4259	2424	4444
9017	2215	2215	1942	2506	1711	2784	1580	2957	1470	3112
6123	14310	14311	13602	15036	12979	15706	12614	16114	12300	16472
6114	18290	18290	17488	19110	16781	19864	16365	20322	16008	20724
4607	12013	12013	11364	12679	10796	13294	10463	13669	10178	14000
6505	5301	5301	4874	5747	4504	6164	4290	6420	4108	6647
5020	11917	11918	11272	12581	10706	13194	10374	13568	10090	13897
6113	28417	28417	27415	29437	26528	30371	26004	30936	25554	31432
5010	8924	8924	8367	9500	7880	10033	7596	10359	7353	10647
6020	16254	16254	15498	17028	14833	17740	14443	18172	14107	18553
4900	9947	9947	9358	10554	8843	11116	8542	11459	8284	11762
6010	10464	10464	9859	11086	9331	11662	9021	12014	8756	12323
4400	9808	9808	9223	10411	8711	10969	8413	11310	8157	11610
9900	5032	5032	4615	5466	4256	5872	4047	6123	3871	6344
9904	6557	6557	6081	7052	5667	7513	5426	7795	5221	8045
9902	14470	14471	13758	15201	13132	15874	12764	16284	12449	16644
4810	5391	5392	4960	5841	4587	6261	4371	6519	4187	6748
5720	19673	19673	18841	20523	18107	21304	17674	21778	17303	22194
9901	4113	4113	3738	4507	3415	4877	3228	5105	3071	5307
5826	3172	3172	2844	3519	2563	3847	2402	4050	2266	4230
5825	2555	2555	2261	2867	2012	3164	1869	3348	1750	3513
5925	11633	11633	10995	12289	10436	12895	10109	13264	9828	13589
9015	7209	7209	6708	7727	6273	8209	6020	8504	5804	8765
4506	8080	8081	7550	8628	7088	9137	6819	9449	6589	9724
4605	11384	11385	10754	12033	10201	12633	9877	12999	9600	13321
9002	18323	18323	17520	19144	16813	19898	16396	20356	16039	20759
4226	7987	7988	7460	8532	7001	9038	6733	9348	6505	9622
4505	6168	6169	5706	6648	5306	7096	5073	7371	4875	7614
4225	7688	7688	7171	8222	6721	8719	6459	9024	6235	9292
5716	11814	11815	11171	12475	10608	13085	10278	13458	9995	13785
5916	15454	15454	14717	16208	14070	16903	13689	17326	13362	17697
4300	5713	5714	5269	6176	4884	6607	4661	6872	4471	7107
5815	2413	2413	2127	2716	1885	3005	1748	3185	1632	3345
9004	8971	8971	8412	9548	7924	10083	7639	10410	7396	10699
5715	8327	8327	7789	8883	7319	9399	7046	9715	6812	9994
3330	6173	6174	5711	6653	5310	7101	5077	7376	4879	7619
6506	5673	5673	5230	6134	4847	6564	4625	6828	4436	7062
5915	8448	8448	7906	9008	7433	9528	7157	9846	6922	10127
3905	4872	4872	4463	5300	4109	5700	3905	5947	3731	6165
4130	8546	8547	8001	9110	7525	9632	7248	9952	7010	10234
6930	4602	4603	4205	5018	3862	5408	3664	5648	3496	5861
3825	9098	9099	8535	9679	8044	10218	7757	10547	7511	10838
4120	9540	9541	8964	10135	8459	10686	8165	11023	7913	11319
3816	11427	11427	10795	12077	10241	12677	9916	13044	9639	13366
4210	11294	11295	10666	11941	10116	12538	9793	12902	9517	13223
9016	5967	5967	5513	6439	5119	6880	4890	7150	4696	7390
4005	6999	6999	6506	7510	6078	7985	5829	8276	5616	8534
4230	4871	4871	4462	5299	4108	5699	3904	5946	3730	6164
3815	8622	8623	8075	9188	7597	9713	7318	10034	7079	10318
3705	14377	14378	13667	15105	13043	15776	12677	16185	12363	16544
3900	3539	3540	3192	3905	2894	4250	2723	4463	2578	4653
4110	10360	10360	9758	10979	9232	11552	8924	11902	8661	12210
3416	10310	10310	9710	10927	9185	11499	8878	11848	8615	12156
3413	4446	4446	4055	4855	3719	5238	3524	5475	3359	5685
3706	7548	7549	7036	8078	6591	8571	6331	8873	6109	9139
3600	9995	9995	9405	10604	8888	11167	8586	11511	8328	11814
3415	12312	12312	11656	12986	11080	13609	10742	13989	10453	14323
3320	11833	11834	11190	12495	10626	13106	10295	13478	10013	13806
3505	19186	19186	18364	20026	17640	20797	17213	21266	16847	21677
3414	11029	11029	10408	11668	9864	12258	9546	12619	9274	12936
6900	4278	4278	3894	4679	3565	5055	3374	5288	3213	5494
2940	9835	9835	9249	10438	8737	10998	8438	11339	8182	11640
2216	8471	8471	7928	9032	7455	9553	7178	9871	6942	10152
3046	10734	10735	10122	11365	9586	11948	9272	12303	9004	12617
2225	8465	8465	7922	9026	7449	9546	7173	9865	6937	10145
3426	8907	8907	8350	9482	7864	10015	7580	10341	7337	10629
3427	9660	9661	9080	10259	8573	10813	8276	11152	8023	11450
3045	12472	12473	11812	13151	11232	13778	10892	14159	10601	14496
3310	10886	10886	10269	11520	9729	12107	9413	12465	9142	12781
3030	19565	19566	18736	20413	18004	21192	17573	21665	17203	22080
3130	7978	7979	7452	8523	6993	9029	6725	9338	6497	9612
3010	18467	18467	17661	19291	16951	20048	16533	20508	16174	20912
3020	11481	11481	10847	12132	10292	12734	9967	13102	9688	13425
3425	9029	9030	8468	9608	7979	10145	7693	10473	7448	10762
2100	8066	8067	7537	8614	7075	9122	6806	9434	6576	9708
1606	5855	5855	5405	6322	5015	6759	4789	7027	4596	7265
2215	8061	8062	7532	8609	7071	9117	6801	9428	6572	9703
1720	13217	13218	12537	13916	11940	14560	11589	14953	11289	15298
3120	10989	10989	10369	11626	9827	12216	9509	12576	9237	12893
1900	535	535	406	683	304	831	250	927	208	1015
3110	3734	3734	3377	4109	3070	4463	2894	4681	2745	4875
3200	9538	9539	8962	10133	8458	10684	8163	11020	7911	11317
1605	8031	8032	7503	8578	7042	9085	6774	9396	6545	9670
2000	5914	5914	5462	6384	5070	6823	4842	7092	4649	7331
1820	4707	4707	4304	5127	3957	5521	3757	5764	3587	5979
1200	7753	7753	7234	8290	6782	8789	6518	9094	6294	9364
1710	11232	11233	10606	11877	10057	12473	9735	12836	9460	13156
1810	3216	3217	2885	3566	2603	3895	2440	4100	2304	4281
900	4997	4998	4583	5430	4224	5836	4017	6085	3841	6306
806	14975	14976	14250	15718	13613	16402	13239	16819	12917	17185
1506	10183	10184	9587	10798	9066	11366	8761	11713	8500	12019
1410	7012	7012	6519	7523	6090	7999	5841	8291	5628	8548
1505	8600	8601	8053	9166	7576	9690	7297	10011	7059	10293
1330	8840	8840	8285	9413	7801	9944	7518	10269	7277	10555
1000	4520	4520	4126	4932	3786	5319	3590	5557	3424	5769
1320	7415	7415	6908	7940	6466	8429	6209	8728	5990	8992
1420	7779	7779	7259	8317	6806	8816	6542	9122	6317	9393
1130	3135	3135	2808	3480	2529	3806	2370	4008	2235	4187
1116	8451	8451	7909	9011	7436	9531	7160	9849	6924	10130
1310	10896	10896	10279	11531	9738	12118	9422	12476	9152	12792
805	9750	9750	9166	10351	8657	10907	8359	11248	8104	11547
1115	6892	6892	6403	7399	5978	7871	5731	8160	5520	8415
205	5199	5199	4776	5640	4410	6053	4198	6307	4018	6532
136	5187	5187	4764	5628	4399	6040	4187	6294	4007	6519
1120	16099	16099	15347	16869	14685	17577	14296	18008	13962	18387
705	9677	9678	9097	10276	8589	10831	8292	11170	8038	11469
120	5296	5296	4869	5742	4499	6158	4285	6414	4103	6641
325	10362	10362	9760	10981	9234	11554	8926	11904	8663	12213
135	7183	7183	6683	7700	6249	8181	5996	8476	5781	8736
706	5914	5914	5462	6384	5070	6823	4842	7092	4649	7331
206	6153	6154	5692	6633	5292	7080	5059	7354	4862	7597
2910	1722	1722	1482	1980	1281	2227	1168	2382	1074	2521
315	6374	6374	5904	6862	5496	7316	5259	7595	5058	7842
2935	1510	1510	1286	1752	1100	1985	995	2132	908	2264
605	10590	10590	9982	11216	9450	11795	9138	12149	8872	12460
606	11633	11633	10995	12289	10436	12895	10109	13264	9828	13589
506	11717	11717	11077	12375	10516	12983	10187	13354	9906	13680
110	2270	2270	1993	2565	1760	2846	1627	3021	1515	3177
505	22751	22752	21856	23665	21065	24503	20598	25011	20197	25457
2936	4787	4787	4381	5211	4031	5608	3828	5853	3657	6069
405	10778	10779	10165	11410	9628	11994	9313	12351	9044	12665
2926	10274	10274	9675	10890	9151	11461	8844	11810	8582	12117
2925	7872	7872	7349	8413	6893	8916	6628	9223	6401	9495
2927	3949	3949	3581	4334	3265	4697	3083	4921	2929	5120
