faz_id mean median lower_50 upper_50 lower_80 upper_80 lower_90 upper_90 lower_95 upper_95
8935	13707	13708	12334	15153	11159	16517	10484	17361	9915	18112
8927	6237	6238	5323	7225	4561	8175	4134	8772	3779	9308
8926	17048	17049	15512	18656	14191	20167	13429	21098	12784	21925
8936	19491	19492	17846	21208	16427	22816	15606	23806	14910	24684
8500	20992	20993	19284	22772	17808	24438	16952	25462	16226	26370
8406	2284	2284	1745	2895	1321	3508	1096	3903	917	4263
8320	12629	12630	11312	14018	10188	15331	9544	16145	9001	16869
8925	17730	17730	16163	19369	14814	20907	14035	21856	13375	22697
8937	19171	19172	17541	20875	16134	22470	15321	23453	14631	24325
8405	19970	19971	18305	21707	16867	23334	16035	24336	15329	25223
8310	35286	35288	33061	37584	31119	39715	29985	41019	29017	42168
8910	18935	18936	17315	20628	15917	22214	15109	23192	14425	24058
7905	28606	28608	26607	30679	24867	32607	23855	33789	22992	34833
7606	5569	5570	4707	6504	3992	7407	3593	7976	3263	8488
7805	25177	25178	23303	27123	21677	28938	20732	30052	19929	31037
8220	22033	22034	20282	23856	18767	25560	17889	26607	17143	27535
8000	15504	15505	14041	17039	12786	18484	12063	19376	11451	20169
8906	9671	9672	8523	10891	7552	12052	6999	12775	6535	13420
8210	12217	12218	10923	13584	9819	14877	9187	15679	8654	16392
9020	21623	21624	19889	23430	18390	25119	17521	26158	16782	27077
8125	20681	20682	18986	22449	17522	24103	16674	25120	15954	26022
8126	14865	14866	13434	16369	12206	17786	11500	18661	10904	19439
8905	10982	10983	9757	12280	8715	13511	8120	14276	7620	14957
7806	9019	9020	7912	10199	6977	11323	6446	12024	6001	12650
7700	9059	9060	7949	10241	7012	11368	6479	12070	6034	12697
7526	16359	16360	14855	17935	13563	19416	12818	20331	12188	21142
7340	30823	30824	28745	32972	26937	34971	25882	36194	24983	37275
7605	2053	2054	1544	2635	1147	3221	938	3600	773	3946
7537	28226	28227	26240	30285	24513	32201	23508	33376	22651	34413
8115	33068	33069	30915	35293	29038	37360	27943	38624	27009	39740
7335	39155	39156	36809	41573	34758	43813	33559	45181	32534	46387
8600	21107	21108	19395	22893	17914	24563	17056	25590	16328	26499
7425	33043	33044	30891	35268	29015	37333	27920	38597	26986	39712
7535	31109	31110	29022	33269	27204	35276	26145	36505	25241	37590
7525	17775	17775	16206	19416	14855	20956	14075	21905	13414	22748
7436	6485	6485	5551	7490	4773	8458	4335	9065	3972	9610
9019	20382	20383	18699	22137	17246	23779	16405	24790	15691	25686
7026	11814	11815	10542	13159	9458	14432	8838	15222	8316	15925
7205	14154	14155	12758	15622	11563	17007	10876	17863	10296	18625
7515	5726	5727	4852	6674	4126	7589	3720	8164	3384	8682
7320	32520	32521	30385	34727	28525	36777	27440	38031	26514	39139
7206	18105	18106	16521	19761	15157	21314	14369	22272	13701	23121
7315	19967	19968	18302	21704	16865	23331	16033	24332	15327	25219
7435	9159	9159	8043	10347	7100	11479	6564	12185	6115	12815
7316	23335	23336	21532	25210	19971	26961	19065	28037	18294	28989
7025	24525	24526	22676	26446	21072	28239	20141	29340	19349	30313
7415	13892	13892	12509	15347	11326	16719	10646	17569	10072	18324
7100	31866	31867	29753	34051	27912	36081	26839	37324	25924	38421
7015	19344	19345	17706	21055	16293	22657	15475	23644	14782	24519
9908	3537	3537	2857	4289	2307	5029	2006	5499	1761	5925
6410	48926	48927	46299	51625	43996	54118	42646	55637	41489	56975
6420	42526	42527	40079	45045	37938	47375	36685	48797	35613	50051
5535	35284	35286	33059	37582	31117	39713	29984	41017	29015	42166
5600	17913	17914	16338	19561	14982	21106	14198	22059	13535	22905
5546	20403	20404	18720	22159	17266	23802	16424	24813	15709	25709
4706	15401	15402	13943	16931	12692	18371	11972	19261	11363	20051
6605	13817	13818	12438	15268	11258	16637	10580	17484	10009	18238
6910	9156	9156	8040	10344	7097	11476	6561	12181	6113	12811
6606	6897	6898	5934	7933	5128	8928	4674	9552	4296	10111
9909	6947	6947	5980	7987	5171	8985	4715	9610	4336	10171
9011	11331	11332	10086	12649	9027	13898	8421	14673	7911	15364
5525	16242	16243	14744	17812	13457	19289	12715	20200	12087	21009
5515	29251	29252	27229	31347	25469	33296	24444	34490	23571	35545
6326	26223	26224	24309	28208	22648	30059	21683	31194	20861	32197
9914	21998	21999	20248	23819	18735	25522	17858	26569	17112	27496
5545	18412	18413	16815	20082	15438	21648	14643	22613	13969	23468
6223	29736	29737	27696	31848	25921	33812	24887	35015	24006	36078
5306	26165	26166	24254	28148	22595	29997	21630	31131	20809	32133
6325	37864	37866	35558	40243	33543	42448	32365	43795	31359	44982
9009	6089	6090	5186	7065	4434	8005	4013	8596	3664	9127
9006	14751	14752	13326	16250	12103	17661	11400	18534	10806	19309
6225	21455	21456	19728	23254	18234	24937	17369	25972	16634	26888
9018	22109	22110	20356	23936	18838	25643	17958	26692	17211	27621
5425	44320	44322	41822	46891	39634	49268	38353	50718	37257	51996
5305	30405	30407	28342	32541	26546	34526	25500	35742	24608	36816
5426	23930	23931	22104	25829	20521	27600	19603	28689	18821	29651
6226	33493	33494	31326	35733	29437	37812	28334	39084	27393	40206
6126	13305	13306	11953	14730	10797	16075	10133	16908	9574	17649
6224	21837	21838	20094	23652	18587	25349	17713	26392	16971	27316
6216	16567	16568	15054	18153	13753	19643	13003	20563	12368	21379
6316	33336	33337	31174	35570	29289	37644	28189	38913	27251	40033
6215	25348	25349	23468	27301	21836	29122	20888	30240	20081	31228
5100	9684	9685	8536	10905	7563	12067	7010	12790	6546	13435
6213	19545	19546	17898	21264	16477	22874	15655	23866	14957	24745
9005	7004	7004	6032	8047	5220	9049	4762	9677	4381	10240
6124	28915	28916	26904	30998	25155	32937	24137	34124	23269	35174
6125	10479	10479	9283	11747	8267	12952	7688	13701	7202	14368
6214	378	379	180	649	64	954	23	1165	4	1366
5415	14607	14608	13188	16098	11972	17503	11273	18372	10683	19144
5205	13733	13734	12358	15180	11183	16545	10507	17390	9937	18141
9916	18659	18659	17050	20339	15664	21915	14863	22886	14183	23746
9913	7659	7660	6642	8749	5788	9793	5305	10445	4902	11029
9915	26080	26081	24172	28060	22516	29906	21553	31038	20733	32039
4606	29390	29391	27362	31490	25598	33444	24571	34640	23695	35697
6115	24492	24493	22644	26412	21042	28204	20111	29304	19320	30276
4820	7465	7466	6461	8542	5619	9573	5143	10218	4747	10796
9017	5084	5084	4262	5979	3583	6846	3206	7394	2894	7886
6123	22672	22673	20896	24521	19358	26249	18466	27310	17708	28249
6114	36449	36450	34186	38783	32211	40948	31057	42271	30072	43438
4607	32147	32149	30025	34342	28176	36381	27098	37629	26178	38730
6505	14825	14826	13396	16327	12170	17742	11465	18617	10870	19394
5020	28518	28519	26521	30587	24785	32512	23774	33693	22913	34735
6113	45284	45285	42758	47882	40546	50284	39250	51749	38141	53039
5010	20549	20550	18859	22311	17400	23959	16554	24974	15837	25873
6020	25195	25196	23320	27142	21694	28957	20749	30072	19945	31057
4900	13384	13385	12027	14813	10868	16162	10202	16997	9641	17740
6010	16663	16664	15145	18253	13840	19747	13088	20670	12451	21488
4400	25154	25155	23281	27099	21656	28913	20712	30027	19908	31012
9900	11123	11124	9889	12429	8841	13667	8241	14436	7737	15121
9904	14610	14611	13191	16101	11975	17506	11276	18375	10685	19147
9902	32471	32472	30338	34677	28479	36725	27395	37979	26470	39085
4810	11689	11690	10424	13027	9346	14294	8730	15080	8211	15780
5720	40399	40400	38015	42855	35931	45129	34712	46517	33669	47741
9901	9774	9774	8620	11000	7643	12167	7086	12893	6619	13541
5826	6114	6114	5209	7092	4456	8034	4033	8626	3683	9157
5825	5051	5052	4232	5943	3556	6808	3180	7354	2870	7845
5925	25419	25420	23536	27375	21902	29198	20953	30317	20145	31306
9015	17782	17782	16212	19423	14861	20963	14081	21913	13420	22756
4506	18902	18903	17283	20593	15887	22179	15080	23155	14396	24021
4605	28585	28587	26586	30657	24848	32585	23836	33766	22974	34810
9002	41977	41979	39547	44480	37420	46796	36176	48210	35112	49456
4226	20407	20408	18723	22163	17269	23806	16427	24818	15713	25714
4505	17552	17553	15993	19183	14652	20714	13877	21658	13221	22496
4225	19396	19397	17756	21109	16340	22714	15522	23702	14827	24577
5716	26504	26505	24580	28500	22910	30360	21939	31501	21112	32509
5916	37440	37441	35147	39806	33144	41998	31973	43338	30973	44520
4300	12748	12748	11425	14143	10295	15462	9647	16279	9102	17006
5815	5172	5172	4342	6074	3657	6948	3275	7499	2961	7995
9004	21436	21437	19709	23235	18217	24917	17352	25951	16617	26867
5715	18855	18856	17238	20545	15844	22128	15038	23103	14355	23968
3330	15271	15272	13820	16795	12575	18230	11858	19116	11252	19903
6506	14487	14488	13074	15972	11864	17372	11168	18238	10580	19007
5915	20991	20992	19283	22771	17807	24437	16951	25461	16226	26369
3905	11819	11820	10546	13164	9462	14437	8842	15227	8320	15931
4130	18643	18644	17035	20323	15649	21898	14848	22868	14169	23728
6930	11051	11052	9822	12353	8777	13587	8179	14354	7678	15037
3825	22145	22146	20390	23973	18871	25681	17991	26731	17243	27661
4120	21835	21836	20092	23650	18585	25347	17711	26390	16969	27314
3816	26951	26952	25011	28964	23326	30839	22346	31988	21511	33004
4210	29252	29253	27230	31348	25470	33297	24445	34491	23572	35546
9016	14469	14470	13057	15954	11848	17352	11152	18217	10565	18986
4005	17031	17032	15496	18639	14176	20148	13414	21079	12769	21906
4230	13075	13075	11734	14487	10589	15822	9932	16648	9378	17384
3815	20332	20333	18652	22085	17200	23726	16360	24735	15647	25630
3705	32772	32774	30629	34988	28761	37046	27672	38305	26742	39416
3900	7117	7118	6138	8169	5318	9179	4855	9811	4470	10377
4110	22241	22242	20482	24073	18960	25784	18077	26837	17327	27768
3416	25494	25495	23608	27452	21972	29278	21021	30399	20211	31390
3413	11564	11564	10305	12895	9234	14155	8621	14937	8106	15634
3706	19159	19159	17528	20861	16122	22456	15309	23439	14620	24310
3600	21892	21893	20147	23709	18637	25408	17762	26453	17019	27378
3415	31641	31642	29536	33819	27702	35842	26633	37081	25721	38174
3320	32046	32047	29927	34237	28081	36273	27004	37518	26086	38618
3505	45476	45477	42944	48079	40727	50486	39428	51954	38317	53247
3414	29488	29489	27457	31591	25690	33548	24660	34747	23783	35805
6900	10237	10238	9056	11492	8053	12683	7482	13424	7002	14086
2940	22360	22361	20596	24196	19069	25912	18184	26967	17432	27901
2216	21856	21857	20112	23672	18604	25370	17730	26413	16987	27337
3046	24622	24623	22769	26547	21162	28343	20229	29445	19435	30421
2225	19419	19420	17778	21133	16361	22738	15542	23727	14847	24603
3426	24895	24896	23032	26831	21416	28636	20477	29744	19678	30725
3427	25873	25874	23973	27846	22324	29685	21365	30813	20549	31810
3045	30431	30432	28367	32568	26571	34554	25524	35770	24631	36844
3310	26607	26608	24680	28607	23006	30470	22032	31613	21203	32623
3030	51532	51534	48836	54302	46469	56857	45081	58415	43892	59785
3130	17290	17290	15743	18909	14412	20429	13644	21367	12993	22199
3010	46358	46360	43802	48987	41563	51416	40251	52897	39128	54201
3020	24669	24670	22814	26596	21206	28393	20272	29497	19477	30473
3425	23357	23358	21553	25233	19991	26985	19084	28061	18314	29013
2100	21286	21287	19566	23079	18079	24755	17217	25786	16485	26700
1606	12918	12919	11586	14323	10448	15650	9796	16472	9246	17203
2215	19906	19907	18244	21641	16809	23265	15978	24265	15274	25151
1720	28796	28797	26789	30875	25044	32810	24028	33995	23162	35043
3120	24934	24935	23069	26871	21452	28678	20512	29787	19713	30768
1900	885	886	563	1280	335	1697	227	1975	150	2233
3110	9772	9772	8618	10998	7641	12165	7084	12890	6618	13538
3200	23282	23283	21481	25155	19922	26904	19017	27979	18247	28930
1605	17350	17351	15801	18972	14467	20495	13698	21434	13046	22268
2000	14048	14049	12658	15511	11467	16891	10783	17745	10206	18503
1820	7357	7358	6361	8426	5526	9451	5054	10092	4661	10666
1200	19569	19570	17921	21289	16499	22900	15676	23892	14978	24772
1710	23087	23088	21294	24952	19741	26694	18840	27764	18074	28712
1810	5136	5136	4309	6035	3627	6906	3247	7456	2934	7951
900	11367	11368	10120	12687	9059	13938	8452	14714	7941	15406
806	38686	38688	36355	41090	34317	43318	33126	44678	32108	45878
1506	24483	24484	22635	26403	21034	28194	20103	29294	19312	30266
1410	14759	14760	13333	16258	12111	17670	11407	18543	10813	19318
1505	20526	20527	18837	22287	17378	23935	16534	24949	15817	25847
1330	23455	23456	21647	25335	20082	27090	19173	28168	18400	29122
1000	11438	11439	10187	12762	9122	14016	8513	14794	8001	15488
1320	18229	18229	16639	19890	15270	21449	14479	22409	13809	23261
1420	14763	14764	13337	16262	12114	17674	11411	18547	10817	19323
1130	7133	7134	6153	8186	5332	9197	4869	9829	4483	10396
1116	19570	19571	17922	21290	16500	22901	15677	23894	14979	24773
1310	28056	28058	26076	30109	24355	32020	23353	33191	22499	34226
805	25702	25703	23808	27668	22164	29501	21209	30625	20396	31620
1115	17180	17181	15638	18794	14312	20310	13546	21245	12898	22074
205	11744	11745	10476	13085	9395	14355	8777	15142	8257	15844
136	11662	11663	10399	12999	9322	14264	8707	15050	8188	15749
1120	39559	39560	37201	41990	35139	44241	33933	45616	32903	46828
705	21886	21887	20141	23703	18632	25402	17757	26446	17014	27371
120	12543	12544	11231	13928	10111	15237	9470	16048	8929	16770
325	25036	25037	23167	26977	21546	28787	20605	29898	19804	30881
135	17851	17852	16279	19496	14925	21039	14143	21991	13481	22835
706	14513	14514	13099	16000	11887	17400	11191	18267	10602	19036
206	13720	13721	12346	15166	11171	16531	10496	17376	9926	18127
2910	4169	4169	3428	4982	2822	5777	2488	6281	2215	6735
315	15135	15135	13690	16652	12451	18080	11737	18963	11135	19747
2935	3738	3738	3038	4510	2470	5268	2158	5749	1904	6184
605	26444	26445	24523	28438	22854	30296	21884	31436	21058	32443
606	29107	29108	27089	31197	25334	33141	24312	34333	23441	35385
506	30224	30225	28167	32353	26377	34332	25334	35545	24444	36616
110	5134	5134	4307	6033	3625	6904	3245	7454	2932	7948
505	59391	59392	56493	62361	53945	65098	52449	66763	51166	68228
2936	13874	13874	12492	15328	11309	16700	10630	17548	10057	18303
405	27104	27105	25158	29122	23468	31002	22485	32155	21648	33173
2926	26394	26395	24475	28386	22808	30243	21839	31381	21014	32388
2925	18377	18378	16781	20045	15406	21610	14612	22574	13938	23429
2927	8012	8013	6971	9126	6095	10191	5599	10857	5185	11452
