faz_id mean median lower_50 upper_50 lower_80 upper_80 lower_90 upper_90 lower_95 upper_95
8935	15073	15074	13467	16768	12099	18373	11315	19368	10655	20254
8927	6989	6989	5910	8158	5016	9288	4516	9999	4103	10639
8926	19023	19024	17214	20922	15662	22710	14768	23815	14013	24796
8936	20431	20432	18554	22398	16942	24246	16012	25388	15225	26401
8500	22435	22436	20466	24494	18771	26425	17791	27616	16962	28672
8406	3008	3007	2316	3790	1770	4572	1478	5075	1246	5534
8320	13441	13442	11927	15045	10642	16566	9907	17512	9291	18355
8925	19751	19752	17907	21686	16323	23506	15411	24629	14639	25627
8937	22985	22986	20992	25068	19274	27022	18281	28226	17440	29293
8405	22276	22277	20315	24328	18626	26253	17650	27440	16824	28493
8310	37057	37058	34514	39690	32301	42139	31012	43639	29914	44964
8910	21484	21485	19558	23499	17902	25392	16946	26560	16136	27596
7905	30790	30791	28476	33194	26469	35437	25304	36813	24312	38031
7606	5957	5957	4964	7039	4148	8092	3694	8757	3322	9356
7805	27267	27268	25092	29532	23211	31649	22120	32951	21194	34104
8220	24688	24689	22620	26845	20836	28866	19803	30110	18927	31212
8000	15536	15537	13905	17257	12514	18884	11717	19892	11045	20790
8906	10244	10245	8929	11650	7821	12994	7194	13833	6670	14583
8210	13074	13075	11582	14656	10315	16159	9593	17093	8986	17925
9020	23347	23348	21338	25447	19606	27415	18605	28627	17756	29702
8125	21396	21397	19475	23408	17822	25297	16868	26462	16060	27496
8126	16091	16092	14431	17842	13013	19496	12200	20521	11515	21432
8905	11634	11635	10230	13130	9042	14554	8366	15441	7800	16233
7806	10617	10618	9277	12048	8148	13413	7507	14266	6971	15027
7700	9047	9048	7813	10371	6780	11641	6196	12435	5711	13147
7526	16582	16583	14896	18359	13455	20036	12628	21074	11930	21998
7340	31934	31935	29577	34382	27531	36663	26342	38064	25330	39302
7605	2100	2100	1529	2761	1092	3434	866	3872	691	4273
7537	29125	29126	26875	31464	24927	33649	23796	34991	22835	36178
8115	34792	34794	32330	37345	30189	39722	28944	41179	27883	42466
7335	40561	40563	37899	43314	35579	45871	34225	47436	33071	48817
8600	22337	22338	20373	24392	18681	26319	17704	27508	16877	28562
7425	34536	34537	32082	37079	29950	39447	28710	40899	27653	42182
7535	31981	31982	29622	34430	27574	36714	26385	38115	25372	39354
7525	19243	19244	17424	21154	15862	22951	14963	24062	14203	25048
7436	6553	6554	5510	7687	4648	8785	4167	9477	3771	10100
9019	22301	22302	20339	24354	18648	26280	17672	27468	16845	28521
7026	11968	11968	10542	13484	9335	14926	8649	15824	8073	16626
7205	14770	14771	13182	16450	11828	18039	11053	19025	10402	19903
7515	5916	5916	4927	6995	4114	8044	3662	8707	3291	9304
7320	33786	33787	31360	36302	29252	38646	28026	40083	26982	41353
7206	18450	18451	16669	20321	15142	22084	14264	23174	13522	24142
7315	21091	21092	19183	23088	17543	24965	16597	26122	15795	27150
7435	9660	9661	8384	11027	7312	12335	6706	13152	6200	13884
7316	23883	23884	21851	26006	20097	27995	19084	29220	18224	30306
7025	24968	24969	22889	27138	21094	29169	20055	30419	19173	31527
7415	14398	14399	12830	16057	11495	17628	10732	18603	10090	19471
7100	33565	33567	31147	36073	29047	38410	27825	39843	26785	41109
7015	19754	19755	17910	21689	16326	23509	15414	24633	14642	25631
9908	3529	3529	2776	4373	2174	5210	1850	5746	1589	6233
6410	55155	55157	52043	58357	49317	61319	47721	63126	46356	64718
6420	48126	48128	45222	51120	42684	53895	41200	55590	39932	57084
5535	37856	37857	35285	40516	33047	42990	31743	44505	30632	45843
5600	18450	18451	16669	20321	15142	22084	14264	23174	13522	24142
5546	21257	21258	19342	23263	17695	25146	16744	26308	15940	27339
4706	15777	15778	14134	17511	12731	19150	11926	20165	11249	21069
6605	14954	14955	13355	16643	11993	18242	11212	19233	10556	20116
6910	10318	10319	8998	11729	7886	13077	7256	13919	6729	14671
6606	8026	8027	6867	9276	5900	10479	5357	11233	4906	11910
9909	7972	7973	6817	9218	5854	10417	5313	11170	4864	11845
9011	12861	12862	11382	14431	10127	15922	9411	16850	8810	17677
5525	16425	16425	14747	18193	13313	19863	12490	20897	11797	21816
5515	30077	30078	27791	32454	25809	34672	24658	36034	23679	37239
6326	26043	26044	23919	28258	22083	30330	21019	31605	20117	32734
9914	22912	22913	20922	24992	19207	26943	18217	28145	17377	29211
5545	19109	19110	17295	21012	15740	22804	14844	23911	14087	24894
6223	29830	29832	27554	32198	25580	34407	24435	35764	23461	36964
5306	26818	26819	24661	29064	22796	31165	21716	32457	20798	33601
6325	37880	37882	35309	40542	33070	43017	31766	44533	30654	45871
9009	6415	6415	5383	7537	4532	8625	4057	9310	3666	9928
9006	15884	15885	14235	17623	12827	19267	12019	20286	11339	21193
6225	22141	22143	20186	24187	18502	26107	17530	27290	16707	28340
9018	23390	23391	21379	25491	19645	27461	18643	28675	17793	29751
5425	45465	45466	42643	48376	40179	51076	38740	52726	37511	54182
5305	30728	30729	28416	33130	26412	35370	25248	36746	24257	37962
5426	24599	24600	22535	26752	20754	28770	19724	30011	18850	31112
6226	33805	33806	31378	36322	29270	38666	28044	40104	26999	41374
6126	13442	13443	11928	15046	10642	16567	9908	17513	9292	18356
6224	21841	21842	19899	23873	18228	25781	17263	26957	16446	28000
6216	16410	16411	14733	18177	13300	19846	12477	20880	11784	21799
6316	33262	33263	30855	35759	28765	38085	27549	39512	26514	40773
6215	25279	25281	23187	27462	21380	29505	20334	30763	19446	31877
5100	9675	9676	8398	11043	7325	12352	6718	13170	6212	13902
6213	19600	19601	17763	21527	16186	23340	15277	24460	14509	25454
9005	8029	8030	6870	9279	5903	10482	5359	11237	4908	11914
6124	29082	29083	26834	31420	24887	33602	23758	34943	22797	36130
6125	10543	10543	9207	11968	8082	13329	7444	14179	6911	14938
6214	391	391	171	702	49	1060	11	1309	0	1547
5415	15644	15645	14008	17371	12612	19004	11811	20015	11137	20916
5205	14056	14057	12507	15695	11190	17249	10437	18213	9804	19073
9916	19420	19421	17592	21339	16022	23144	15118	24259	14354	25250
9913	7756	7757	6617	8985	5669	10170	5137	10913	4695	11581
9915	27759	27760	25564	30044	23665	32179	22564	33492	21628	34654
4606	30552	30553	28247	32947	26249	35182	25088	36554	24101	37767
6115	24543	24544	22482	26694	20703	28709	19674	29950	18801	31049
4820	7507	7508	6387	8717	5456	9884	4934	10617	4502	11276
9017	5559	5560	4602	6607	3817	7627	3383	8273	3026	8856
6123	23891	23892	21858	26014	20105	28004	19091	29229	18231	30315
6114	36869	36870	34333	39496	32126	41939	30841	43435	29745	44757
4607	34406	34407	31957	36945	29829	39309	28591	40758	27537	42039
6505	15326	15327	13707	17036	12326	18653	11535	19655	10869	20548
5020	29070	29071	26823	31407	24876	33590	23747	34930	22787	36117
6113	45963	45964	43126	48890	40648	51604	39201	53263	37964	54726
5010	20378	20379	18504	22342	16894	24189	15965	25329	15180	26340
6020	26190	26191	24059	28411	22218	30488	21151	31766	20246	32898
4900	17231	17232	15511	19041	14040	20748	13195	21805	12481	22744
6010	17271	17272	15549	19083	14076	20792	13229	21850	12515	22790
4400	25201	25202	23112	27380	21307	29420	20263	30676	19377	31788
9900	11718	11719	10308	13219	9115	14648	8437	15537	7869	16332
9904	15064	15065	13459	16759	12091	18363	11307	19358	10648	20244
9902	32866	32868	30474	35349	28397	37662	27190	39081	26161	40335
4810	12027	12028	10598	13547	9388	14993	8700	15893	8122	16697
5720	40376	40377	37719	43122	35405	45673	34055	47235	32903	48613
9901	10840	10840	9485	12285	8343	13663	7694	14523	7152	15292
5826	6262	6263	5244	7371	4404	8448	3936	9127	3551	9738
5825	5047	5048	4137	6047	3395	7026	2986	7646	2652	8206
5925	25931	25932	23811	28141	21980	30209	20919	31481	20018	32608
9015	19035	19036	17225	20935	15673	22723	14779	23829	14023	24810
4506	19468	19469	17637	21389	16066	23196	15161	24313	14396	25304
4605	29120	29121	26871	31459	24922	33643	23792	34985	22831	36172
9002	45014	45016	42207	47912	39756	50599	38325	52241	37102	53690
4226	20929	20930	19029	22919	17395	24789	16453	25942	15656	26966
4505	17558	17559	15822	19385	14335	21107	13481	22173	12760	23120
4225	20436	20437	18559	22403	16946	24252	16016	25393	15230	26406
5716	27038	27039	24873	29294	23000	31403	21914	32700	20992	33848
5916	37990	37992	35415	40656	33173	43134	31867	44652	30753	45992
4300	13237	13238	11736	14829	10461	16340	9733	17280	9122	18117
5815	5337	5337	4400	6364	3633	7367	3210	8002	2863	8575
9004	23771	23772	21744	25889	19995	27874	18984	29097	18126	30180
5715	18853	18854	17052	20744	15508	22525	14619	23625	13868	24603
3330	16667	16668	14977	18448	13531	20129	12702	21170	12002	22096
6506	15197	15198	13585	16900	12211	18511	11423	19509	10760	20399
5915	21222	21223	19309	23226	17663	25108	16713	26269	15909	27299
3905	12084	12085	10652	13607	9439	15056	8748	15958	8169	16764
4130	18692	18693	16899	20575	15361	22348	14477	23444	13729	24418
6930	11139	11140	9765	12603	8605	13999	7946	14869	7395	15647
3825	22724	22725	20743	24796	19036	26739	18049	27937	17213	28999
4120	22499	22500	20527	24560	18829	26495	17848	27687	17017	28744
3816	27940	27941	25738	30232	23832	32374	22727	33691	21787	34856
4210	30461	30463	28160	32853	26165	35084	25006	36454	24021	37666
9016	15950	15951	14297	17693	12886	19340	12077	20360	11395	21269
4005	17832	17833	16082	19673	14583	21408	13722	22481	12994	23435
4230	13479	13479	11963	15085	10675	16608	9940	17555	9322	18399
3815	20361	20362	18488	22325	16878	24170	15950	25310	15165	26321
3705	33881	33882	31451	36401	29341	38747	28113	40186	27067	41458
3900	7624	7624	6495	8843	5556	10018	5029	10756	4592	11419
4110	24571	24572	22509	26723	20729	28739	19699	29981	18825	31080
3416	26578	26579	24431	28815	22576	30907	21500	32194	20587	33333
3413	12304	12305	10858	13840	9633	15301	8935	16210	8350	17022
3706	19262	19263	17442	21173	15879	22972	14979	24083	14219	25070
3600	22907	22908	20917	24987	19203	26937	18212	28140	17372	29205
3415	32808	32810	30418	35289	28343	37600	27137	39018	26110	40271
3320	33361	33362	30950	35861	28857	38191	27639	39620	26603	40883
3505	46266	46268	43420	49203	40933	51926	39481	53590	38240	55057
3414	29871	29873	27593	32240	25618	34451	24472	35809	23497	37010
6900	11290	11291	9907	12764	8739	14169	8074	15044	7519	15826
2940	25596	25597	23490	27792	21671	29847	20618	31112	19724	32232
2216	22827	22828	20841	24904	19130	26851	18141	28051	17303	29115
3046	24840	24841	22766	27004	20976	29031	19940	30278	19061	31383
2225	21646	21647	19714	23670	18050	25569	17090	26741	16277	27780
3426	25923	25924	23804	28133	21972	30201	20912	31473	20011	32599
3427	26673	26674	24522	28914	22663	31009	21586	32298	20671	33439
3045	31375	31376	29039	33801	27012	36064	25834	37453	24833	38681
3310	30236	30237	27943	32619	25956	34842	24802	36207	23820	37415
3030	54449	54450	51357	57631	48650	60574	47065	62370	45709	63952
3130	17624	17625	15884	19454	14395	21179	13539	22247	12816	23195
3010	47909	47911	45012	50897	42480	53665	41000	55357	39735	56848
3020	25553	25554	23449	27747	21632	29801	20579	31064	19686	32184
3425	24575	24576	22512	26728	20732	28744	19702	29985	18829	31085
2100	21598	21600	19668	23620	18006	25517	17047	26687	16235	27726
1606	13246	13247	11744	14839	10469	16350	9741	17290	9129	18127
2215	20429	20430	18552	22396	16940	24244	16010	25385	15224	26398
1720	30247	30248	27954	32630	25966	34854	24812	36219	23830	37427
3120	26616	26617	24468	28855	22611	30948	21534	32235	20620	33376
1900	882	882	528	1327	287	1805	177	2126	103	2426
3110	9821	9821	8534	11198	7452	12516	6839	13340	6329	14077
3200	24791	24792	22720	26953	20931	28978	19896	30224	19018	31328
1605	17500	17501	15767	19324	14283	21044	13430	22108	12711	23054
2000	14787	14788	13198	16467	11843	18058	11068	19044	10416	19923
1820	7804	7805	6661	9037	5710	10224	5176	10970	4733	11639
1200	20015	20016	18158	21962	16563	23793	15644	24923	14866	25927
1710	25260	25262	23169	27442	21363	29485	20317	30742	19429	31856
1810	6166	6166	5155	7267	4323	8335	3859	9010	3478	9617
900	11736	11737	10325	13238	9131	14668	8452	15558	7883	16353
806	41402	41404	38712	44183	36366	46765	34998	48344	33830	49738
1506	24941	24942	22863	27109	21069	29140	20030	30389	19149	31497
1410	15694	15695	14055	17424	12656	19059	11855	20072	11179	20974
1505	20942	20943	19041	22933	17407	24803	16465	25957	15667	26981
1330	23770	23771	21743	25888	19994	27873	18983	29096	18125	30179
1000	11557	11557	10157	13047	8973	14467	8300	15351	7736	16141
1320	18192	18193	16423	20050	14908	21801	14037	22884	13301	23846
1420	16958	16959	15253	18754	13794	20449	12956	21498	12250	22431
1130	7332	7332	6226	8528	5307	9683	4792	10409	4366	11061
1116	20221	20222	18355	22178	16751	24018	15826	25154	15044	26162
1310	28033	28035	25828	30330	23918	32475	22811	33794	21870	34961
805	26716	26717	24564	28958	22703	31056	21624	32345	20708	33487
1115	18208	18209	16439	20067	14923	21819	14051	22902	13315	23864
205	11737	11738	10326	13239	9132	14669	8453	15559	7884	16354
136	11726	11727	10316	13227	9122	14656	8444	15547	7875	16341
1120	41525	41527	38831	44310	36481	46895	35111	48477	33941	49873
705	26244	26245	24111	28467	22267	30546	21200	31826	20293	32958
120	12983	12984	11496	14560	10235	16058	9515	16989	8911	17819
325	25758	25759	23645	27960	21820	30022	20763	31290	19866	32413
135	17857	17858	16106	19699	14606	21435	13744	22509	13016	23463
706	15754	15755	14112	17487	12710	19125	11907	20139	11230	21043
206	13686	13687	12158	15304	10860	16839	10118	17792	9495	18641
2910	4553	4554	3691	5506	2992	6441	2609	7035	2297	7573
315	15432	15433	13807	17147	12421	18769	11627	19775	10958	20670
2935	3929	3929	3132	4817	2491	5694	2142	6254	1861	6761
605	27873	27874	25673	30162	23770	32302	22666	33617	21728	34781
606	31487	31488	29146	33917	27116	36184	25936	37575	24932	38805
506	33200	33201	30795	35695	28707	38019	27493	39444	26459	40705
110	5186	5186	4263	6199	3509	7189	3093	7816	2753	8383
505	64292	64294	60928	67746	57976	70934	56245	72877	54762	74586
2936	13959	13960	12416	15593	11104	17142	10353	18103	9723	18960
405	29109	29110	26860	31448	24912	33631	23782	34973	22821	36160
2926	28050	28052	25844	30347	23934	32493	22826	33812	21885	34980
2925	20992	20993	19089	22985	17453	24857	16509	26012	15710	27038
2927	10273	10274	8956	11681	7847	13026	7218	13866	6693	14618
