faz_id mean median lower_50 upper_50 lower_80 upper_80 lower_90 upper_90 lower_95 upper_95
8935	6917	6918	6405	7449	5960	7945	5702	8250	5482	8519
8927	2905	2906	2577	3254	2298	3584	2138	3790	2005	3973
8926	8322	8322	7759	8905	7269	9446	6983	9778	6740	10071
8936	8390	8391	7825	8975	7333	9519	7046	9852	6801	10146
8500	10975	10975	10327	11642	9760	12261	9429	12638	9145	12971
8406	1336	1337	1117	1576	936	1808	835	1955	752	2087
8320	6000	6001	5524	6497	5112	6960	4873	7246	4670	7498
8925	8830	8830	8250	9430	7744	9987	7449	10328	7198	10629
8937	10673	10674	10034	11332	9476	11942	9149	12314	8870	12643
8405	9024	9025	8438	9631	7926	10194	7628	10538	7373	10842
8310	17439	17440	16620	18278	15899	19051	15475	19520	15111	19933
8910	9288	9288	8693	9903	8173	10474	7870	10823	7612	11131
7905	13259	13260	12546	13992	11921	14669	11554	15082	11240	15445
7606	2240	2240	1953	2547	1711	2841	1574	3024	1459	3188
7805	10395	10395	9764	11045	9214	11647	8892	12015	8617	12339
8220	12829	12829	12127	13550	11513	14216	11152	14622	10844	14980
8000	6740	6740	6234	7265	5796	7755	5541	8056	5325	8322
8906	3880	3880	3499	4281	3172	4659	2985	4893	2826	5101
8210	6661	6661	6158	7183	5722	7670	5469	7970	5254	8234
9020	10024	10024	9405	10663	8865	11255	8549	11616	8280	11935
8125	9132	9132	8541	9741	8027	10308	7727	10654	7470	10960
8126	7669	7669	7129	8229	6659	8750	6386	9069	6153	9351
8905	4453	4453	4044	4882	3692	5285	3489	5533	3318	5754
7806	4472	4472	4062	4902	3709	5305	3506	5555	3334	5776
7700	3797	3797	3420	4194	3097	4568	2912	4799	2755	5005
7526	6673	6673	6170	7196	5734	7683	5480	7983	5265	8248
7340	12247	12247	11562	12951	10962	13603	10610	14000	10310	14350
7605	813	813	644	1002	508	1189	435	1308	376	1416
7537	14197	14197	13458	14955	12810	15654	12430	16080	12105	16455
8115	17763	17764	16936	18610	16209	19390	15781	19864	15414	20280
7335	17786	17786	16958	18633	16230	19413	15801	19887	15434	20304
8600	8871	8871	8290	9472	7783	10031	7487	10372	7235	10674
7425	12529	12530	11836	13242	11229	13901	10873	14302	10569	14656
7535	16182	16183	15394	16991	14700	17736	14293	18190	13943	18588
7525	8758	8758	8180	9355	7677	9910	7383	10250	7133	10550
7436	2372	2372	2076	2687	1826	2988	1684	3176	1566	3344
9019	9608	9609	9003	10234	8474	10814	8166	11168	7902	11481
7026	4517	4517	4105	4949	3750	5355	3546	5605	3373	5827
7205	6596	6596	6096	7115	5662	7600	5410	7898	5196	8162
7515	2633	2634	2321	2966	2057	3281	1906	3478	1780	3654
7320	14208	14208	13469	14966	12821	15666	12441	16092	12115	16467
7206	8904	8905	8322	9507	7814	10066	7518	10408	7265	10710
7315	8542	8542	7971	9132	7474	9680	7185	10016	6938	10312
7435	3572	3573	3207	3958	2895	4321	2716	4547	2565	4747
7316	9226	9226	8633	9839	8115	10408	7813	10756	7556	11063
7025	11033	11033	10383	11702	9815	12322	9483	12700	9199	13034
7415	5667	5667	5204	6149	4804	6601	4572	6878	4376	7124
7100	16823	16824	16019	17648	15311	18407	14895	18869	14539	19275
7015	8689	8689	8113	9284	7612	9837	7320	10175	7070	10474
9908	1106	1106	907	1325	745	1539	656	1674	582	1797
6410	26926	26927	25906	27966	25003	28920	24471	29498	24014	30005
6420	23176	23176	22230	24142	21395	25028	20903	25566	20480	26039
5535	18108	18108	17273	18963	16538	19749	16105	20228	15735	20648
5600	8204	8204	7645	8782	7159	9320	6875	9650	6634	9941
5546	8685	8685	8110	9280	7608	9833	7316	10171	7067	10469
4706	5738	5738	5272	6223	4869	6677	4636	6957	4438	7204
6605	6022	6023	5545	6520	5132	6984	4892	7270	4689	7523
6910	4525	4525	4112	4957	3758	5363	3553	5614	3380	5836
6606	3443	3443	3084	3821	2778	4179	2603	4400	2455	4598
9909	3860	3860	3480	4260	3154	4637	2967	4870	2809	5078
9011	6325	6325	5836	6834	5412	7310	5166	7602	4956	7860
5525	7582	7582	7045	8138	6578	8656	6307	8974	6075	9255
5515	12204	12204	11520	12907	10921	13558	10570	13954	10270	14304
6326	13214	13215	12502	13946	11878	14622	11512	15034	11199	15396
9914	8775	8775	8197	9373	7693	9928	7399	10268	7148	10568
5545	7138	7138	6617	7678	6165	8182	5902	8491	5679	8764
6223	14219	14219	13480	14977	12831	15677	12451	16104	12125	16479
5306	12098	12098	11417	12798	10821	13446	10472	13841	10173	14189
6325	17124	17124	16312	17955	15598	18721	15178	19187	14818	19596
9009	2658	2658	2344	2991	2078	3308	1927	3506	1800	3682
9006	6299	6299	5811	6807	5388	7282	5142	7573	4933	7831
6225	11736	11736	11066	12426	10479	13064	10135	13454	9841	13797
9018	10499	10499	9865	11152	9312	11757	8988	12127	8712	12453
5425	20257	20257	19373	21160	18594	21991	18135	22495	17742	22938
5305	13734	13734	13008	14480	12371	15168	11998	15588	11678	15957
5426	10031	10032	9412	10670	8872	11262	8556	11624	8286	11943
6226	15009	15009	14249	15788	13582	16506	13191	16944	12855	17329
6126	6055	6055	5576	6553	5162	7019	4921	7305	4717	7558
6224	10400	10400	9769	11050	9218	11652	8896	12020	8621	12345
6216	6977	6978	6463	7512	6016	8010	5757	8316	5536	8586
6316	16958	16959	16151	17786	15440	18548	15022	19012	14664	19419
6215	12833	12833	12131	13554	11516	14220	11156	14626	10848	14984
5100	3572	3573	3207	3958	2895	4321	2716	4547	2565	4747
6213	10260	10260	9633	10905	9086	11504	8767	11870	8494	12192
9005	3526	3526	3163	3909	2853	4270	2675	4494	2525	4694
6124	15615	15615	14840	16409	14159	17141	13759	17587	13417	17979
6125	5491	5492	5036	5966	4643	6411	4415	6685	4222	6927
6214	243	243	155	351	93	465	63	541	42	611
5415	7887	7888	7340	8455	6863	8983	6586	9306	6349	9592
5205	7005	7005	6489	7540	6041	8039	5781	8345	5560	8616
9916	8347	8347	7783	8931	7292	9473	7006	9805	6763	10098
9913	3598	3599	3232	3985	2918	4350	2738	4576	2587	4777
9915	12260	12260	11574	12965	10974	13617	10622	14014	10322	14365
4606	11422	11423	10761	12103	10183	12733	9844	13118	9555	13457
6115	12190	12190	11506	12893	10908	13543	10557	13939	10257	14289
4820	3390	3390	3034	3765	2731	4120	2557	4340	2410	4536
9017	2572	2572	2264	2901	2003	3213	1854	3408	1730	3582
6123	14323	14323	13581	15084	12930	15787	12548	16215	12221	16591
6114	18318	18319	17478	19178	16739	19969	16304	20450	15931	20872
4607	13425	13425	12707	14162	12077	14843	11709	15258	11393	15623
6505	5623	5623	5162	6103	4763	6553	4533	6830	4337	7075
5020	12327	12327	11640	13034	11038	13687	10685	14086	10383	14437
6113	28808	28809	27752	29883	26818	30869	26267	31466	25793	31990
5010	9566	9567	8962	10190	8435	10769	8127	11123	7864	11435
6020	16408	16408	15613	17222	14915	17972	14504	18428	14152	18830
4900	11993	11994	11316	12691	10722	13336	10375	13729	10077	14076
6010	10958	10958	10310	11625	9744	12243	9413	12620	9130	12952
4400	9710	9710	9101	10338	8569	10921	8259	11278	7994	11592
9900	5271	5271	4825	5736	4440	6173	4217	6441	4029	6680
9904	7018	7018	6501	7553	6053	8053	5793	8359	5572	8630
9902	14923	14923	14166	15700	13501	16416	13110	16852	12776	17236
4810	5517	5518	5061	5994	4667	6439	4438	6714	4245	6957
5720	19674	19674	18803	20564	18036	21383	17584	21881	17196	22318
9901	5325	5325	4877	5793	4490	6231	4266	6501	4076	6740
5826	3218	3219	2872	3584	2577	3931	2408	4146	2266	4337
5825	2566	2566	2258	2894	1997	3206	1849	3401	1725	3574
5925	11782	11782	11110	12473	10522	13113	10178	13503	9884	13847
9015	7507	7507	6972	8060	6508	8576	6238	8892	6008	9172
4506	8517	8518	7948	9107	7452	9654	7163	9990	6916	10286
4605	11934	11935	11258	12630	10666	13274	10320	13666	10023	14012
9002	20400	20400	19513	21306	18731	22140	18271	22646	17876	23091
4226	8232	8232	7672	8811	7185	9350	6901	9680	6659	9972
4505	6229	6229	5743	6734	5323	7206	5079	7496	4871	7753
4225	8268	8268	7707	8849	7219	9389	6934	9719	6691	10011
5716	12099	12099	11418	12799	10822	13447	10472	13842	10174	14190
5916	15926	15926	15144	16728	14456	17468	14052	17918	13705	18313
4300	5980	5981	5505	6476	5093	6939	4855	7224	4652	7476
5815	2448	2448	2147	2768	1893	3074	1749	3264	1628	3434
9004	9963	9963	9346	10600	8808	11190	8493	11551	8224	11869
5715	8332	8332	7769	8915	7278	9457	6993	9789	6749	10082
3330	6551	6551	6052	7069	5620	7552	5370	7849	5156	8112
6506	6100	6100	5619	6600	5203	7067	4962	7355	4757	7609
5915	8577	8577	8005	9168	7507	9717	7217	10054	6969	10351
3905	5133	5134	4693	5593	4314	6024	4095	6290	3909	6525
4130	8769	8769	8191	9367	7687	9922	7393	10262	7143	10562
6930	4628	4628	4211	5065	3852	5476	3645	5729	3470	5954
3825	9548	9549	8945	10172	8418	10750	8110	11104	7848	11416
4120	9909	9909	9294	10544	8757	11132	8443	11492	8175	11810
3816	11830	11830	11157	12523	10568	13164	10223	13555	9928	13899
4210	11878	11879	11204	12572	10613	13214	10268	13606	9972	13951
9016	6512	6512	6015	7028	5584	7510	5334	7806	5122	8068
4005	7807	7807	7262	8372	6788	8897	6512	9219	6277	9504
4230	5077	5078	4640	5535	4263	5963	4045	6227	3860	6462
3815	8680	8680	8105	9275	7604	9827	7311	10165	7062	10464
3705	16089	16090	15303	16896	14611	17639	14205	18091	13857	18488
3900	3678	3678	3307	4068	2990	4437	2807	4665	2654	4868
4110	12168	12168	11485	12870	10887	13520	10537	13916	10237	14265
3416	11111	11111	10459	11783	9889	12404	9555	12784	9270	13119
3413	4663	4664	4244	5102	3884	5514	3676	5768	3500	5993
3706	7687	7687	7146	8247	6676	8769	6403	9088	6170	9371
3600	11214	11214	10559	11889	9986	12513	9651	12895	9364	13231
3415	13494	13494	12774	14233	12143	14915	11773	15332	11456	15698
3320	12334	12334	11646	13041	11044	13695	10691	14094	10390	14445
3505	20541	20541	19651	21451	18866	22287	18404	22795	18008	23241
3414	11389	11390	10729	12069	10151	12699	9813	13083	9524	13421
6900	4770	4770	4346	5213	3981	5629	3770	5886	3592	6114
2940	11031	11031	10381	11700	9813	12320	9481	12698	9197	13032
2216	8883	8883	8301	9485	7794	10043	7498	10385	7246	10687
3046	11160	11160	10507	11833	9935	12456	9601	12837	9315	13172
2225	9700	9700	9091	10328	8560	10910	8250	11267	7985	11581
3426	9438	9438	8838	10058	8314	10633	8009	10985	7748	11295
3427	10077	10078	9457	10717	8915	11311	8598	11673	8328	11993
3045	12883	12883	12180	13605	11564	14273	11203	14680	10894	15038
3310	13196	13197	12485	13927	11861	14603	11495	15014	11182	15377
3030	20482	20482	19593	21390	18810	22225	18348	22733	17952	23178
3130	8611	8611	8038	9203	7539	9754	7248	10091	7000	10388
3010	19377	19377	18512	20260	17751	21073	17303	21567	16919	22001
3020	13894	13895	13164	14644	12523	15336	12147	15758	11826	16130
3425	9582	9583	8978	10207	8450	10786	8142	11140	7879	11453
2100	8369	8370	7805	8953	7313	9497	7027	9829	6782	10123
1606	5978	5979	5503	6474	5091	6937	4853	7221	4650	7473
2215	8346	8346	7782	8930	7292	9472	7006	9804	6762	10097
1720	13622	13622	12899	14364	12265	15050	11893	15468	11574	15836
3120	13431	13431	12713	14168	12083	14849	11714	15264	11398	15630
1900	536	536	400	691	295	848	240	949	197	1042
3110	3769	3769	3393	4164	3072	4537	2887	4768	2731	4973
3200	10179	10180	9556	10823	9011	11419	8693	11783	8421	12105
1605	8128	8128	7572	8704	7088	9239	6806	9567	6565	9857
2000	6341	6341	5851	6851	5426	7327	5180	7620	4971	7878
1820	4720	4721	4299	5162	3936	5576	3727	5831	3549	6058
1200	8018	8018	7465	8590	6985	9122	6705	9448	6466	9736
1710	12728	12729	12030	13447	11418	14110	11059	14515	10752	14872
1810	3980	3980	3593	4385	3262	4768	3072	5004	2911	5215
900	5261	5261	4815	5726	4431	6162	4208	6430	4020	6668
806	16290	16290	15498	17101	14802	17848	14393	18303	14043	18703
1506	10383	10383	9753	11032	9202	11634	8881	12002	8606	12326
1410	7733	7733	7191	8295	6719	8818	6445	9139	6211	9422
1505	8829	8829	8249	9429	7743	9986	7448	10327	7197	10628
1330	8976	8977	8391	9581	7881	10143	7584	10486	7330	10789
1000	4584	4584	4169	5019	3812	5428	3606	5680	3431	5903
1320	7419	7420	6888	7970	6427	8483	6159	8797	5930	9075
1420	10082	10083	9462	10723	8920	11316	8603	11679	8332	11999
1130	3374	3374	3019	3748	2716	4103	2543	4322	2397	4518
1116	8769	8769	8191	9367	7687	9922	7393	10262	7143	10562
1310	10964	10964	10316	11631	9750	12249	9419	12626	9135	12959
805	10400	10400	9769	11050	9218	11652	8896	12020	8621	12345
1115	7098	7098	6579	7637	6128	8139	5866	8447	5643	8719
205	5297	5297	4850	5764	4464	6201	4241	6470	4051	6709
136	5263	5263	4817	5728	4433	6164	4210	6433	4022	6670
1120	17399	17399	16581	18237	15861	19009	15437	19478	15074	19890
705	12131	12131	11449	12832	10852	13481	10502	13876	10203	14225
120	5438	5438	4985	5911	4594	6354	4367	6626	4175	6868
325	10669	10670	10031	11328	9472	11937	9146	12310	8867	12638
135	7235	7235	6711	7779	6256	8286	5991	8596	5765	8871
706	6640	6640	6138	7161	5703	7648	5450	7947	5235	8211
206	6250	6250	5763	6756	5342	7229	5098	7520	4890	7777
2910	2100	2100	1822	2397	1588	2682	1456	2860	1346	3019
315	6487	6488	5992	7003	5562	7484	5312	7780	5100	8041
2935	3507	3507	3145	3889	2836	4250	2659	4473	2509	4672
605	11200	11200	10545	11874	9973	12499	9638	12880	9351	13216
606	12867	12867	12164	13589	11549	14256	11188	14663	10879	15021
506	13956	13957	13224	14708	12582	15402	12205	15824	11883	16196
110	2492	2492	2188	2815	1932	3123	1786	3315	1664	3487
505	25835	25835	24835	26854	23952	27789	23432	28355	22984	28853
2936	3166	3166	2823	3529	2530	3873	2363	4087	2222	4277
405	11584	11584	10918	12269	10335	12904	9994	13291	9702	13632
2926	11267	11268	10611	11944	10036	12570	9700	12952	9413	13288
2925	10229	10229	9603	10873	9057	11471	8738	11836	8465	12158
2927	6509	6509	6012	7025	5581	7507	5331	7803	5119	8065
