faz_id mean median lower_50 upper_50 lower_80 upper_80 lower_90 upper_90 lower_95 upper_95
8935	5341	5341	4536	6212	3866	7053	3492	7582	3181	8057
8927	1466	1466	1059	1938	750	2419	590	2733	467	3021
8926	2548	2549	2002	3160	1566	3768	1331	4157	1143	4510
8936	3819	3820	3143	4561	2591	5285	2286	5744	2036	6159
8500	12395	12395	11150	13705	10086	14941	9475	15706	8959	16386
8406	321	321	149	560	49	831	15	1019	2	1197
8320	11463	11463	10267	12724	9247	13916	8662	14655	8170	15312
8925	2952	2953	2362	3609	1887	4256	1628	4669	1418	5043
8937	7407	7407	6453	8427	5649	9402	5194	10011	4814	10556
8405	1059	1059	719	1465	468	1888	344	2166	252	2423
8310	10676	10676	9523	11894	8542	13047	7980	13763	7508	14400
8910	3170	3170	2557	3849	2061	4516	1790	4941	1570	5326
7905	5786	5787	4947	6692	4247	7564	3854	8111	3527	8602
7606	881	881	573	1254	353	1647	246	1907	169	2149
7805	2626	2626	2071	3246	1627	3862	1388	4255	1195	4613
8220	14414	14414	13069	15824	11915	17150	11250	17969	10687	18696
8000	39170	39171	36933	41474	34974	43604	33828	44904	32847	46050
8906	1401	1401	1005	1864	704	2336	549	2644	431	2928
8210	24284	24285	22529	26104	21005	27800	20119	28840	19364	29760
9020	4169	4170	3461	4943	2880	5696	2558	6172	2294	6601
8125	6513	6514	5620	7472	4872	8391	4450	8967	4099	9483
8126	7572	7572	6606	8603	5793	9588	5332	10202	4947	10752
8905	1149	1149	793	1570	529	2006	396	2293	296	2557
7806	1886	1887	1421	2417	1058	2952	867	3297	716	3613
7700	5688	5689	4856	6586	4163	7452	3773	7995	3451	8482
7526	10011	10011	8896	11191	7948	12311	7407	13006	6952	13626
7340	4148	4148	3442	4920	2863	5671	2541	6146	2278	6574
7605	1280	1280	903	1723	619	2179	475	2477	365	2752
7537	17268	17268	15793	18808	14521	20251	13786	21141	13163	21929
8115	10990	10990	9820	12225	8823	13394	8252	14119	7771	14764
7335	11565	11565	10364	12831	9339	14028	8751	14770	8256	15430
8600	12431	12432	11185	13743	10119	14981	9507	15747	8990	16428
7425	3902	3903	3219	4652	2659	5383	2350	5846	2097	6264
7535	6771	6771	5860	7748	5096	8684	4664	9269	4304	9794
7525	2413	2413	1882	3009	1461	3603	1234	3983	1052	4329
7436	2610	2611	2057	3229	1615	3843	1376	4236	1184	4593
9019	5591	5592	4766	6482	4080	7340	3694	7879	3375	8363
7026	1861	1861	1399	2388	1039	2920	849	3264	700	3578
7205	8187	8188	7182	9258	6333	10279	5851	10915	5447	11483
7515	8188	8189	7183	9259	6334	10280	5852	10916	5448	11484
7320	9445	9446	8363	10593	7445	11683	6922	12361	6482	12965
7206	20421	20422	18814	22093	17424	23655	16618	24616	15932	25465
7315	5020	5020	4240	5866	3594	6683	3233	7198	2935	7661
7435	4863	4863	4096	5696	3461	6502	3107	7010	2815	7467
7316	4443	4444	3711	5241	3109	6015	2774	6504	2498	6945
7025	12687	12688	11428	14012	10350	15262	9731	16035	9208	16722
7415	14470	14471	13123	15883	11966	17212	11300	18032	10736	18761
7100	14244	14245	12908	15646	11761	16965	11100	17780	10542	18503
7015	6398	6398	5513	7348	4773	8260	4355	8832	4008	9344
9908	4438	4438	3707	5235	3104	6009	2770	6498	2494	6938
6410	15673	15674	14270	17142	13062	18521	12365	19372	11775	20127
6420	8966	8966	7913	10085	7020	11149	6512	11811	6086	12402
5535	6501	6501	5609	7459	4862	8378	4440	8953	4090	9468
5600	15281	15282	13896	16732	12705	18095	12018	18936	11436	19683
5546	13531	13531	12229	14898	11113	16186	10471	16982	9929	17689
4706	2412	2412	1881	3008	1460	3601	1233	3982	1052	4328
6605	2801	2801	2227	3441	1766	4073	1516	4478	1314	4844
6910	2931	2931	2343	3585	1869	4230	1612	4642	1403	5015
6606	1307	1307	925	1754	638	2214	491	2514	379	2791
9909	1299	1299	918	1745	632	2203	486	2503	375	2779
9011	6216	6216	5344	7153	4616	8053	4205	8618	3864	9123
5525	7291	7291	6344	8303	5548	9271	5097	9876	4721	10417
5515	5236	5236	4438	6099	3777	6932	3407	7456	3100	7927
6326	12811	12812	11545	14142	10462	15398	9839	16174	9314	16864
9914	4269	4269	3552	5051	2963	5812	2636	6293	2368	6726
5545	4582	4582	3838	5391	3225	6177	2884	6672	2602	7118
6223	8701	8702	7664	9804	6786	10854	6287	11507	5868	12091
5306	20491	20492	18882	22166	17489	23731	16681	24693	15995	25544
6325	7531	7532	6569	8560	5758	9542	5298	10156	4915	10704
9009	2495	2496	1955	3101	1525	3703	1293	4089	1107	4440
9006	2281	2282	1766	2862	1359	3441	1140	3814	966	4153
6225	16427	16427	14989	17930	13751	19340	13036	20209	12430	20980
9018	11872	11873	10655	13155	9615	14367	9019	15117	8516	15785
5425	36218	36219	34068	38434	32188	40486	31088	41740	30148	42844
5305	24939	24940	23161	26784	21615	28501	20716	29555	19950	30485
5426	16316	16317	14883	17814	13650	19220	12937	20086	12333	20855
6226	7435	7436	6479	8457	5674	9434	5218	10044	4837	10590
6126	2936	2936	2347	3591	1874	4236	1616	4648	1407	5022
6224	7114	7114	6179	8114	5394	9071	4949	9670	4579	10205
6216	9877	9878	8770	11050	7829	12163	7292	12854	6841	13471
6316	21497	21498	19848	23211	18419	24812	17589	25795	16884	26665
6215	17918	17919	16415	19487	15118	20955	14368	21860	13731	22661
5100	1994	1994	1514	2539	1139	3086	940	3439	782	3761
6213	15791	15792	14382	17265	13170	18650	12470	19503	11878	20261
9005	583	583	339	892	175	1228	103	1454	56	1666
6124	13353	13354	12061	14712	10953	15992	10315	16783	9777	17486
6125	12141	12142	10910	13438	9858	14663	9254	15421	8744	16095
6214	30483	30484	28513	32519	26795	34409	25793	35565	24938	36585
5415	62397	62399	59564	65295	57070	67962	55602	69583	54343	71007
5205	39935	39936	37675	42260	35697	44411	34538	45723	33547	46879
9916	2524	2524	1980	3133	1547	3738	1314	4125	1126	4478
9913	6182	6183	5313	7117	4587	8015	4178	8578	3838	9083
9915	3658	3658	2997	4384	2458	5095	2161	5546	1919	5953
4606	3597	3597	2942	4318	2408	5023	2114	5471	1875	5875
6115	10024	10024	8908	11205	7960	12326	7418	13021	6962	13641
4820	5630	5630	4802	6523	4113	7384	3726	7925	3405	8410
9017	585	585	340	895	176	1231	104	1457	56	1669
6123	62865	62866	60021	65774	57517	68450	56044	70077	54780	71506
6114	21726	21727	20068	23450	18631	25059	17797	26047	17088	26921
4607	7042	7042	6112	8038	5331	8990	4889	9586	4521	10119
6505	3134	3135	2525	3810	2033	4474	1763	4897	1545	5280
5020	9272	9272	8200	10409	7291	11490	6773	12162	6338	12762
6113	42629	42630	40293	45030	38246	47249	37047	48603	36020	49794
5010	17197	17198	15726	18734	14457	20175	13723	21063	13101	21849
6020	73362	73363	70288	76502	67575	79386	65978	81137	64606	82674
4900	62112	62113	59286	65004	56797	67664	55333	69282	54077	70703
6010	132742	132745	128596	136955	124918	140805	122742	143134	120868	145173
4400	10029	10030	8913	11211	7964	12331	7422	13027	6967	13647
9900	2154	2154	1654	2719	1261	3284	1051	3648	884	3980
9904	7405	7405	6451	8425	5648	9400	5193	10009	4813	10553
9902	25316	25317	23523	27174	21965	28904	21059	29964	20287	30901
4810	10526	10527	9382	11736	8408	12882	7851	13593	7382	14227
5720	12339	12340	11098	13646	10036	14880	9426	15643	8912	16322
9901	4907	4908	4137	5744	3499	6554	3143	7064	2849	7522
5826	8601	8602	7570	9698	6698	10742	6202	11392	5786	11973
5825	52962	52963	50355	55635	48063	58098	46717	59598	45564	60916
5925	20458	20459	18850	22132	17458	23695	16651	24656	15965	25507
9015	2073	2073	1584	2628	1199	3185	995	3543	833	3870
4506	32240	32241	30213	34333	28444	36274	27411	37461	26529	38508
4605	25338	25339	23545	27197	21986	28927	21079	29988	20306	30925
9002	10424	10425	9286	11629	8317	12769	7763	13477	7297	14108
4226	3857	3857	3177	4602	2622	5330	2315	5790	2063	6206
4505	1595	1595	1170	2086	843	2584	673	2908	541	3205
4225	3417	3417	2779	4120	2261	4810	1977	5249	1745	5645
5716	8853	8853	7806	9965	6920	11023	6416	11681	5992	12269
5916	8710	8711	7673	9814	6794	10864	6294	11518	5875	12101
4300	20301	20302	18699	21968	17313	23526	16510	24484	15827	25332
5815	28882	28883	26965	30864	25295	32706	24322	33833	23491	34828
9004	5764	5765	4926	6668	4228	7538	3835	8085	3510	8575
5715	2414	2414	1883	3010	1461	3604	1235	3984	1053	4331
3330	1906	1906	1438	2439	1073	2976	880	3323	728	3640
6506	6233	6233	5360	7171	4630	8073	4219	8638	3878	9144
5915	5957	5957	5104	6875	4393	7758	3993	8312	3660	8809
3905	21974	21975	20306	23707	18861	25324	18021	26318	17307	27196
4130	26386	26387	24555	28282	22963	30046	22036	31127	21246	32082
6930	3953	3954	3265	4707	2701	5443	2389	5908	2134	6328
3825	8279	8280	7268	9356	6414	10382	5929	11021	5522	11592
4120	4557	4557	3815	5364	3204	6147	2863	6641	2583	7086
3816	4704	4704	3950	5523	3327	6318	2980	6819	2694	7269
4210	6426	6427	5539	7379	4797	8293	4379	8865	4030	9378
9016	2051	2051	1564	2603	1182	3157	979	3514	818	3839
4005	2585	2585	2035	3201	1595	3812	1358	4203	1167	4559
4230	2124	2124	1628	2686	1238	3248	1030	3610	865	3940
3815	10859	10860	9697	12088	8706	13250	8139	13971	7662	14613
3705	39910	39911	37651	42234	35673	44384	34515	45696	33524	46851
3900	27291	27292	25429	29219	23808	31012	22864	32110	22059	33079
4110	40378	40379	38106	42716	36116	44878	34950	46197	33953	47358
3416	3490	3490	2845	4201	2321	4897	2033	5339	1798	5739
3413	1707	1708	1266	2214	925	2727	747	3059	607	3364
3706	4337	4337	3614	5125	3020	5891	2690	6375	2418	6811
3600	70349	70351	67340	73425	64685	76251	63123	77968	61781	79475
3415	5275	5276	4475	6141	3810	6978	3438	7503	3131	7976
3320	6601	6602	5702	7566	4948	8491	4523	9070	4169	9589
3505	24287	24288	22532	26107	21008	27803	20121	28843	19367	29763
3414	3290	3290	2665	3981	2158	4659	1881	5091	1655	5481
6900	2060	2060	1572	2613	1189	3168	986	3526	824	3852
2940	4170	4171	3462	4944	2881	5697	2559	6173	2294	6602
2216	4692	4692	3939	5510	3317	6304	2971	6804	2685	7254
3046	9374	9374	8296	10517	7382	11603	6860	12279	6422	12881
2225	7798	7799	6818	8844	5992	9842	5523	10465	5131	11022
3426	3235	3235	2615	3920	2114	4594	1839	5023	1616	5410
3427	6815	6816	5901	7795	5134	8734	4701	9321	4340	9847
3045	4770	4770	4010	5595	3383	6394	3033	6898	2744	7351
3310	4950	4950	4176	5790	3535	6603	3177	7115	2881	7575
3030	12363	12364	11121	13672	10058	14906	9447	15671	8933	16350
3130	27584	27585	25711	29522	24081	31323	23132	32427	22322	33401
3010	11932	11932	10711	13218	9669	14432	9071	15184	8566	15853
3020	23405	23406	21683	25193	20189	26860	19320	27882	18581	28786
3425	3560	3561	2909	4278	2378	4980	2086	5426	1848	5829
2100	2124	2124	1628	2686	1238	3248	1030	3610	865	3940
1606	3744	3744	3075	4479	2529	5197	2227	5652	1981	6063
2215	7760	7760	6782	8803	5958	9799	5490	10421	5100	10976
1720	7256	7257	6312	8266	5518	9232	5068	9836	4693	10376
3120	18833	18834	17292	20441	15960	21944	15189	22869	14534	23689
1900	17337	17338	15859	18880	14585	20327	13848	21217	13223	22007
3110	3050	3050	2449	3716	1965	4373	1700	4791	1486	5170
3200	8372	8373	7355	9454	6496	10486	6007	11128	5598	11702
1605	8177	8178	7173	9247	6324	10267	5842	10903	5439	11471
2000	16095	16096	14673	17583	13448	18980	12741	19841	12142	20605
1820	26324	26325	24496	28219	22906	29981	21980	31061	21191	32014
1200	7059	7060	6128	8056	5346	9010	4904	9606	4535	10140
1710	14239	14240	12903	15641	11756	16960	11096	17774	10537	18498
1810	16838	16838	15382	18359	14127	19785	13402	20665	12787	21444
900	11899	11900	10681	13184	9640	14397	9043	15148	8539	15816
806	5220	5221	4424	6082	3764	6915	3394	7438	3089	7909
1506	4944	4944	4170	5783	3530	6596	3172	7107	2877	7567
1410	16072	16073	14651	17559	13427	18955	12720	19815	12122	20579
1505	6736	6736	5827	7710	5065	8644	4635	9228	4276	9751
1330	6106	6107	5243	7036	4521	7929	4115	8489	3778	8991
1000	3347	3347	2716	4043	2204	4727	1924	5162	1695	5555
1320	5192	5193	4398	6052	3740	6882	3371	7404	3067	7874
1420	17683	17684	16191	19242	14903	20702	14158	21601	13526	22397
1130	3181	3182	2567	3861	2070	4530	1799	4955	1578	5341
1116	9480	9480	8396	10630	7476	11721	6951	12400	6510	13006
1310	7032	7032	6103	8027	5322	8979	4881	9574	4513	10107
805	5730	5730	4894	6631	4198	7499	3807	8044	3483	8533
1115	5251	5251	4452	6115	3790	6950	3419	7474	3112	7946
205	14192	14193	12858	15591	11713	16908	11054	17721	10496	18444
136	4636	4636	3888	5450	3270	6239	2926	6737	2643	7185
1120	14686	14686	13328	16109	12162	17447	11490	18273	10922	19006
705	3789	3789	3115	4528	2566	5250	2262	5707	2014	6120
120	1730	1730	1286	2240	942	2756	762	3090	621	3395
325	6082	6083	5220	7010	4501	7901	4095	8460	3759	8961
135	3260	3261	2638	3948	2134	4624	1858	5054	1634	5443
706	4061	4061	3363	4825	2790	5569	2473	6040	2213	6464
206	8637	8637	7603	9736	6729	10782	6232	11433	5815	12015
2910	1237	1237	866	1673	589	2123	449	2417	342	2688
315	6985	6986	6059	7977	5282	8926	4842	9520	4476	10051
2935	22939	22939	21234	24709	19755	26360	18896	27373	18165	28269
605	5154	5154	4363	6010	3707	6838	3340	7358	3037	7826
606	4221	4221	3509	4999	2923	5756	2599	6235	2332	6666
506	5717	5717	4882	6617	4187	7484	3797	8028	3473	8517
110	1409	1410	1012	1873	710	2347	555	2656	435	2940
505	15298	15299	13912	16750	12720	18114	12033	18955	11451	19702
2936	4219	4219	3507	4997	2922	5754	2597	6232	2331	6664
405	4932	4932	4159	5770	3519	6582	3162	7093	2867	7552
2926	3321	3322	2693	4015	2184	4697	1904	5130	1677	5522
2925	2665	2666	2106	3291	1659	3910	1416	4306	1221	4666
2927	2084	2085	1594	2641	1208	3199	1003	3558	840	3885
