faz_id mean median lower_50 upper_50 lower_80 upper_80 lower_90 upper_90 lower_95 upper_95
8935	12931	12932	11770	14146	10772	15287	10196	15991	9708	16616
8927	5815	5816	5046	6639	4400	7428	4034	7921	3730	8362
8926	15694	15695	14413	17030	13306	18280	12664	19049	12120	19730
8936	18672	18672	17271	20126	16057	21483	15352	22316	14752	23052
8500	19959	19960	18510	21462	17253	22862	16521	23721	15899	24480
8406	1864	1864	1440	2342	1105	2819	926	3126	783	3405
8320	12232	12233	11104	13414	10135	14526	9576	15212	9103	15822
8925	16201	16202	14899	17558	13773	18827	13120	19607	12566	20298
8937	16164	16165	14863	17519	13739	18787	13087	19566	12533	20256
8405	18416	18417	17026	19861	15820	21209	15120	22036	14525	22769
8310	34018	34020	32119	35972	30455	37779	29481	38881	28647	39851
8910	17074	17075	15736	18466	14578	19767	13907	20566	13336	21273
7905	26633	26634	24956	28365	23492	29971	22637	30954	21907	31820
7606	5050	5051	4335	5820	3738	6560	3402	7023	3122	7439
7805	22995	22996	21438	24606	20083	26104	19293	27021	18620	27831
8220	20090	20090	18636	21597	17374	23002	16640	23864	16015	24625
8000	15144	15144	13885	16456	12799	17685	12170	18442	11637	19112
8906	9233	9234	8257	10264	7424	11240	6947	11844	6545	12383
8210	10406	10407	9368	11499	8479	12530	7969	13168	7538	13735
9020	20046	20046	18594	21552	17333	22955	16600	23816	15976	24577
8125	20079	20079	18626	21586	17364	22990	16630	23852	16005	24613
8126	13966	13967	12759	15228	11719	16411	11117	17140	10608	17787
8905	10445	10445	9405	11540	8514	12572	8003	13211	7571	13780
7806	7716	7717	6826	8661	6071	9559	5640	10117	5279	10615
7700	8951	8952	7990	9967	7171	10928	6703	11524	6308	12056
7526	16197	16198	14895	17554	13769	18822	13116	19602	12562	20293
7340	29802	29803	28026	31633	26474	33328	25566	34364	24790	35276
7605	1992	1992	1553	2485	1204	2976	1017	3291	867	3578
7537	27300	27301	25601	29053	24118	30679	23252	31672	22512	32549
8115	32271	32272	30422	34175	28803	35936	27856	37011	27046	37958
7335	37873	37875	35868	39934	34108	41836	33077	42995	32193	44015
8600	19792	19793	18350	21289	17098	22684	16370	23539	15750	24296
7425	31791	31792	29956	33681	28350	35429	27410	36497	26606	37437
7535	29832	29833	28055	31664	26502	33360	25593	34396	24817	35309
7525	17026	17027	15690	18416	14534	19715	13864	20514	13294	21220
7436	6247	6248	5449	7100	4777	7915	4396	8424	4077	8879
9019	18559	18560	17163	20009	15953	21362	15250	22193	14652	22927
7026	11680	11681	10579	12837	9633	13925	9089	14597	8628	15194
7205	13846	13846	12644	15102	11608	16280	11010	17006	10502	17650
7515	5557	5558	4806	6363	4176	7136	3820	7619	3524	8052
7320	31557	31558	29729	33440	28129	35183	27193	36246	26393	37184
7206	17830	17831	16463	19253	15278	20580	14590	21395	14005	22117
7315	19122	19122	17704	20593	16475	21965	15760	22808	15152	23552
7435	8747	8747	7797	9751	6989	10702	6526	11292	6137	11818
7316	22479	22480	20940	24072	19601	25554	18821	26462	18156	27263
7025	24001	24002	22410	25646	21024	27175	20215	28111	19526	28937
7415	13216	13217	12043	14444	11032	15597	10449	16308	9955	16939
7100	29899	29900	28120	31733	26565	33431	25655	34468	24878	35382
7015	19067	19068	17652	20536	16424	21907	15710	22748	15103	23491
9908	3577	3577	2979	4229	2488	4863	2215	5263	1991	5624
6410	44902	44904	42716	47143	40794	49208	39665	50464	38697	51569
6420	39486	39487	37438	41589	35640	43530	34585	44712	33681	45752
5535	33262	33263	31384	35194	29739	36981	28777	38071	27953	39032
5600	17275	17275	15929	18675	14764	19983	14088	20786	13513	21497
5546	19509	19510	18077	20995	16834	22380	16112	23230	15497	23982
4706	15032	15033	13778	16340	12696	17564	12070	18318	11539	18986
6605	12959	12960	11797	14175	10797	15318	10221	16022	9732	16647
6910	8290	8291	7367	9269	6581	10197	6133	10773	5756	11286
6606	6275	6276	5475	7130	4801	7947	4419	8456	4100	8912
9909	6250	6251	5452	7104	4779	7919	4398	8427	4080	8882
9011	10312	10313	9279	11400	8395	12427	7887	13062	7458	13627
5525	15318	15319	14053	16638	12960	17874	12327	18634	11790	19308
5515	28401	28402	26668	30188	25154	31845	24269	32857	23513	33750
6326	26081	26082	24421	27795	22973	29386	22128	30359	21406	31217
9914	20763	20764	19285	22296	18001	23722	17254	24597	16617	25370
5545	17439	17440	16087	18846	14916	20160	14237	20967	13659	21681
6223	29119	29120	27363	30928	25829	32605	24933	33629	24166	34532
5306	25828	25829	24177	27534	22736	29118	21895	30086	21178	30940
6325	37503	37504	35507	39553	33757	41446	32731	42600	31852	43616
9009	5719	5720	4957	6537	4317	7319	3955	7809	3653	8247
9006	13194	13195	12022	14422	11012	15573	10430	16284	9936	16914
6225	21041	21041	19553	22583	18259	24019	17507	24899	16866	25677
9018	20576	20576	19104	22101	17826	23522	17083	24393	16449	25163
5425	42790	42791	40657	44978	38782	46996	37681	48224	36738	49304
5305	29852	29853	28075	31684	26521	33381	25612	34417	24835	35331
5426	23078	23078	21518	24692	20160	26192	19369	27111	18694	27922
6226	33364	33365	31483	35299	29836	37088	28871	38180	28046	39142
6126	13226	13227	12052	14455	11042	15608	10458	16319	9964	16950
6224	21698	21699	20187	23264	18872	24721	18107	25614	17455	26403
6216	16530	16531	15215	17901	14076	19181	13416	19969	12856	20666
6316	33057	33058	31185	34983	29546	36765	28586	37852	27765	38810
6215	24650	24650	23037	26317	21631	27865	20811	28813	20112	29649
5100	9610	9611	8614	10662	7763	11655	7275	12271	6863	12818
6213	19221	19222	17800	20697	16567	22072	15851	22917	15241	23663
9005	6176	6176	5382	7024	4714	7834	4336	8341	4019	8793
6124	28621	28622	26882	30416	25361	32079	24473	33095	23714	33991
6125	10386	10387	9349	11478	8461	12508	7951	13145	7521	13712
6214	372	372	198	600	87	853	43	1025	17	1188
5415	14891	14892	13644	16193	12567	17412	11944	18163	11415	18828
5205	13374	13375	12193	14609	11177	15768	10589	16483	10092	17117
9916	17394	17395	16044	18799	14874	20111	14196	20917	13619	21631
9913	7414	7415	6542	8341	5803	9222	5382	9771	5030	10260
9915	23752	23753	22170	25389	20791	26911	19987	27842	19302	28664
4606	27701	27702	25990	29467	24495	31104	23622	32104	22877	32987
6115	24257	24258	22658	25912	21264	27448	20451	28388	19757	29218
4820	7347	7347	6478	8269	5743	9147	5325	9693	4974	10180
9017	4845	4845	4145	5599	3562	6325	3234	6781	2961	7190
6123	20571	20571	19100	22096	17822	23517	17078	24388	16445	25157
6114	35999	36000	34045	38009	32331	39865	31327	40996	30467	41993
4607	30128	30129	28342	31968	26780	33672	25867	34713	25087	35630
6505	14495	14496	13265	15780	12203	16984	11590	17725	11069	18383
5020	27987	27987	26266	29761	24764	31406	23886	32412	23136	33298
6113	44460	44461	42285	46690	40372	48745	39249	49995	38286	51095
5010	20268	20269	18808	21783	17540	23193	16803	24058	16175	24823
6020	23136	23137	21575	24753	20215	26255	19423	27175	18747	27987
4900	10830	10830	9770	11944	8862	12994	8340	13644	7900	14221
6010	15666	15667	14386	17001	13280	18250	12639	19018	12095	19699
4400	24987	24988	23363	26665	21947	28224	21121	29177	20416	30019
9900	10526	10526	9481	11625	8587	12661	8074	13302	7640	13872
9904	13960	13961	12754	15222	11713	16405	11112	17134	10602	17780
9902	31720	31721	29887	33608	28283	35355	27344	36421	26541	37360
4810	11404	11405	10316	12547	9383	13623	8845	14288	8391	14878
5720	39982	39983	37921	42098	36111	44051	35049	45240	34140	46286
9901	8658	8659	7714	9657	6909	10604	6449	11192	6063	11715
5826	5844	5844	5073	6670	4425	7460	4058	7954	3753	8396
5825	4945	4945	4237	5706	3647	6439	3315	6899	3039	7311
5925	24985	24986	23361	26663	21945	28222	21119	29175	20415	30017
9015	16669	16670	15348	18045	14204	19331	13541	20121	12978	20821
4506	18279	18280	16894	19719	15694	21062	14997	21887	14404	22616
4605	27618	27619	25910	29381	24417	31016	23546	32015	22801	32896
9002	38648	38649	36622	40729	34844	42650	33801	43820	32908	44850
4226	19562	19562	18128	21050	16883	22437	16160	23288	15544	24040
4505	17358	17359	16009	18762	14841	20073	14164	20878	13587	21591
4225	18727	18728	17325	20184	16109	21543	15403	22377	14802	23115
5716	26219	26220	24555	27937	23103	29532	22255	30507	21531	31367
5916	37155	37156	35168	39195	33426	41080	32405	42229	31531	43240
4300	12199	12200	11073	13380	10105	14490	9547	15176	9075	15784
5815	5145	5145	4423	5921	3819	6667	3479	7135	3197	7554
9004	19638	19638	18201	21129	16954	22518	16229	23371	15612	24124
5715	18698	18698	17296	20153	16081	21511	15375	22344	14775	23081
3330	14134	14135	12919	15403	11872	16593	11267	17326	10754	17976
6506	13574	13575	12385	14819	11360	15986	10768	16706	10266	17344
5915	20883	20884	19401	22420	18112	23850	17363	24728	16724	25503
3905	11364	11365	10278	12505	9346	13579	8810	14243	8357	14833
4130	18582	18583	17185	20033	15974	21387	15271	22218	14672	22953
6930	10949	10950	9884	12070	8970	13125	8445	13778	8002	14358
3825	21399	21400	19898	22954	18593	24402	17834	25289	17186	26073
4120	21182	21183	19689	22730	18391	24170	17636	25053	16992	25833
3816	26521	26522	24847	28250	23387	29853	22534	30833	21805	31698
4210	27631	27632	25922	29395	24430	31030	23558	32029	22813	32911
9016	13026	13026	11861	14245	10858	15390	10280	16096	9790	16723
4005	16233	16234	14929	17591	13802	18861	13149	19642	12594	20333
4230	12325	12325	11192	13512	10219	14627	9658	15316	9183	15927
3815	20128	20129	18674	21638	17410	23044	16676	23906	16050	24668
3705	32354	32355	30503	34260	28882	36024	27933	37100	27122	38048
3900	6550	6551	5732	7423	5042	8256	4650	8775	4323	9239
4110	20962	20963	19477	22501	18186	23935	17435	24813	16795	25590
3416	24965	24966	23342	26643	21927	28200	21101	29154	20397	29995
3413	10387	10388	9350	11479	8462	12509	7952	13146	7522	13713
3706	18845	18846	17438	20306	16218	21669	15509	22506	14906	23245
3600	21062	21062	19573	22605	18279	24041	17526	24922	16884	25700
3415	30270	30271	28480	32114	26914	33822	25999	34865	25216	35785
3320	30832	30833	29025	32693	27444	34416	26520	35468	25729	36395
3505	44023	44024	41858	46242	39956	48287	38838	49531	37880	50626
3414	28862	28863	27115	30664	25588	32333	24695	33353	23933	34253
6900	9263	9264	8285	10296	7451	11273	6973	11878	6571	12417
2940	19225	19226	17804	20701	16571	22077	15855	22921	15245	23667
2216	20670	20671	19196	22199	17915	23623	17169	24496	16534	25268
3046	24204	24205	22607	25857	21214	27392	20402	28331	19710	29160
2225	17533	17534	16177	18943	15003	20260	14321	21069	13742	21785
3426	23513	23514	21938	25142	20567	26656	19768	27582	19086	28401
3427	25041	25042	23415	26721	21998	28281	21171	29236	20465	30078
3045	29434	29435	27669	31253	26126	32939	25225	33968	24454	34876
3310	22580	22580	21037	24176	19695	25661	18913	26571	18246	27374
3030	47144	47145	44903	49440	42932	51553	41774	52839	40780	53970
3130	16821	16821	15493	18203	14344	19494	13678	20288	13112	20990
3010	44884	44886	42699	47125	40777	49189	39648	50445	38680	51550
3020	24118	24118	22523	25767	21133	27299	20323	28237	19631	29065
3425	21616	21617	20108	23180	18796	24634	18032	25525	17382	26313
2100	20853	20854	19372	22389	18085	23818	17336	24695	16698	25470
1606	12745	12745	11593	13951	10602	15084	10030	15784	9546	16404
2215	19134	19134	17716	20606	16486	21978	15771	22821	15163	23566
1720	27937	27938	26218	29710	24717	31353	23840	32358	23091	33244
3120	24431	24432	22826	26091	21426	27633	20610	28576	19914	29409
1900	882	883	599	1220	391	1571	288	1802	211	2015
3110	9643	9644	8645	10696	7792	11691	7303	12308	6891	12856
3200	21931	21932	20411	23505	19089	24969	18320	25867	17664	26659
1605	17089	17090	15751	18482	14592	19783	13920	20582	13349	21290
2000	13092	13092	11924	14314	10919	15462	10338	16170	9847	16797
1820	7093	7094	6241	8000	5520	8864	5110	9402	4766	9882
1200	18506	18507	17112	19954	15904	21305	15202	22135	14605	22868
1710	22470	22471	20931	24063	19592	25544	18812	26452	18148	27253
1810	4425	4425	3757	5147	3203	5844	2892	6282	2635	6676
900	10838	10838	9778	11952	8869	13003	8347	13653	7906	14230
806	36096	36097	34139	38108	32423	39967	31417	41100	30556	42097
1506	24023	24024	22431	25669	21044	27198	20236	28135	19546	28961
1410	14247	14247	13027	15521	11976	16715	11368	17451	10852	18103
1505	19913	19914	18466	21414	17210	22813	16479	23671	15858	24430
1330	22910	22911	21356	24518	20003	26013	19215	26929	18543	27738
1000	11068	11069	9996	12194	9078	13255	8550	13911	8103	14494
1320	18271	18272	16887	19711	15686	21054	14989	21878	14397	22608
1420	14012	14013	12803	15276	11761	16461	11158	17191	10648	17838
1130	6519	6520	5703	7390	5015	8221	4624	8739	4298	9202
1116	18840	18841	17434	20301	16214	21664	15505	22500	14902	23240
1310	27841	27842	26125	29611	24627	31252	23751	32255	23004	33139
805	24414	24415	22809	26073	21411	27615	20595	28558	19899	29390
1115	15325	15326	14059	16646	12966	17881	12333	18642	11796	19316
205	11616	11616	10517	12769	9574	13854	9032	14524	8573	15120
136	11525	11525	10431	12673	9492	13755	8952	14423	8495	15016
1120	37191	37192	35203	39232	33460	41118	32439	42267	31564	43279
705	20483	20484	19015	22005	17740	23423	16998	24292	16366	25060
120	12126	12127	11003	13304	10038	14411	9482	15095	9012	15701
325	23610	23610	22032	25242	20658	26759	19857	27687	19173	28507
135	17461	17462	16108	18869	14936	20183	14256	20991	13678	21705
706	13507	13507	12320	14748	11298	15912	10707	16630	10207	17267
206	13700	13701	12505	14950	11475	16122	10880	16845	10376	17486
2910	3832	3832	3212	4505	2701	5159	2417	5571	2182	5942
315	14716	14716	13476	16010	12406	17222	11787	17969	11262	18631
2935	3471	3472	2883	4114	2400	4740	2132	5135	1912	5491
605	24277	24278	22677	25932	21282	27469	20469	28410	19775	29240
606	25922	25923	24268	27631	22824	29217	21982	30187	21263	31043
506	27777	27778	26063	29545	24567	31184	23692	32186	22945	33070
110	5083	5083	4366	5855	3766	6597	3429	7062	3148	7479
505	53627	53628	51235	56073	49128	58323	47888	59690	46824	60891
2936	13726	13727	12529	14977	11499	16151	10903	16874	10398	17515
405	25072	25073	23445	26753	22027	28314	21199	29269	20493	30112
2926	25253	25254	23621	26941	22197	28507	21366	29465	20657	30311
2925	17095	17096	15757	18488	14598	19789	13926	20589	13354	21297
2927	6722	6722	5893	7605	5193	8448	4795	8973	4462	9442
