faz_id	households_2023	households_2033	households_2043
8935.0	4823.0	5395.0	6754.0
8927.0	2126.0	2360.0	2816.0
8926.0	5568.0	6642.0	8227.0
8936.0	6617.0	7265.0	8046.0
8500.0	7314.0	8039.0	10964.0
8406.0	704.0	929.0	1314.0
8320.0	5165.0	5881.0	7745.0
8925.0	5578.0	6602.0	8668.0
8937.0	5396.0	7371.0	10823.0
8405.0	5847.0	7098.0	8887.0
8310.0	12251.0	12998.0	15353.0
8910.0	6011.0	7220.0	9032.0
7905.0	8829.0	10342.0	12843.0
7606.0	1683.0	2096.0	2274.0
7805.0	7989.0	9334.0	10620.0
8220.0	7870.0	8546.0	10513.0
8000.0	5745.0	6115.0	6757.0
8906.0	3249.0	3534.0	3859.0
8210.0	4892.0	6159.0	7496.0
9020.0	7482.0	8699.0	9942.0
8125.0	7770.0	8133.0	8987.0
8126.0	5863.0	6620.0	8266.0
8905.0	3686.0	3995.0	4412.0
7806.0	2330.0	3199.0	4170.0
7700.0	3609.0	3629.0	3688.0
7526.0	6233.0	6355.0	7190.0
7340.0	9949.0	10827.0	12671.0
7605.0	763.0	779.0	813.0
7537.0	11689.0	12526.0	13860.0
8115.0	13773.0	14824.0	17615.0
7335.0	14473.0	15198.0	18428.0
8600.0	6809.0	7706.0	8763.0
7425.0	10455.0	11349.0	12535.0
7535.0	12722.0	13621.0	15925.0
7525.0	5982.0	6523.0	8429.0
7436.0	2223.0	2296.0	2346.0
9019.0	6584.0	7595.0	9075.0
7026.0	4236.0	4303.0	4371.0
7205.0	5853.0	6105.0	6746.0
7515.0	2110.0	2251.0	2675.0
7320.0	11289.0	11878.0	15239.0
7206.0	7822.0	7986.0	8839.0
7315.0	6732.0	7413.0	8770.0
7435.0	3062.0	3286.0	3519.0
7316.0	8010.0	8480.0	8910.0
7025.0	9904.0	10230.0	10638.0
7415.0	4515.0	5096.0	6348.0
7100.0	9296.0	10579.0	11843.0
7015.0	7611.0	7790.0	8242.0
9908.0	1174.0	1162.0	1153.0
6410.0	17056.0	20140.0	26066.0
6420.0	14913.0	16395.0	21853.0
5535.0	11647.0	12936.0	16967.0
5600.0	6460.0	6844.0	7741.0
5546.0	7117.0	7739.0	8625.0
4706.0	5283.0	5420.0	5642.0
6605.0	4365.0	4991.0	6011.0
6910.0	1860.0	2384.0	2910.0
6606.0	2146.0	2577.0	3376.0
9909.0	2066.0	2538.0	3485.0
9011.0	4599.0	5266.0	6666.0
5525.0	6140.0	6757.0	7457.0
5515.0	11490.0	12142.0	12833.0
6326.0	11946.0	12260.0	12372.0
9914.0	7266.0	8167.0	8710.0
5545.0	5877.0	6483.0	6999.0
6223.0	13335.0	13724.0	14470.0
5306.0	10812.0	11193.0	12715.0
6325.0	16624.0	16834.0	17031.0
9009.0	2083.0	2274.0	2549.0
9006.0	4417.0	5519.0	6385.0
6225.0	10289.0	11164.0	13096.0
9018.0	8177.0	9573.0	10663.0
5425.0	18040.0	19863.0	22619.0
5305.0	12736.0	13135.0	14580.0
5426.0	8398.0	8971.0	9821.0
6226.0	14599.0	14720.0	14991.0
6126.0	6025.0	6065.0	6289.0
6224.0	11263.0	11785.0	12312.0
6216.0	6855.0	6953.0	7029.0
6316.0	14919.0	15095.0	15553.0
6215.0	12644.0	13081.0	13517.0
5100.0	3073.0	3091.0	3116.0
6213.0	10138.0	10266.0	10332.0
9005.0	2355.0	2737.0	3430.0
6124.0	14592.0	14770.0	14770.0
6125.0	5503.0	5593.0	5622.0
6214.0	238.0	238.0	238.0
5415.0	7106.0	8670.0	10186.0
5205.0	5659.0	8041.0	11850.0
9916.0	5292.0	6284.0	7132.0
9913.0	3521.0	3568.0	3641.0
9915.0	8294.0	10017.0	10788.0
4606.0	9195.0	10288.0	11510.0
6115.0	11560.0	11751.0	11924.0
4820.0	3665.0	3763.0	3830.0
9017.0	1457.0	1686.0	2231.0
6123.0	11627.0	12826.0	18307.0
6114.0	17102.0	17777.0	18281.0
4607.0	9534.0	10973.0	13331.0
6505.0	4912.0	5029.0	5495.0
5020.0	10292.0	10643.0	11663.0
6113.0	24950.0	27186.0	28113.0
5010.0	8694.0	8907.0	9201.0
6020.0	11548.0	12942.0	15830.0
4900.0	5665.0	9770.0	16559.0
6010.0	8092.0	9295.0	10375.0
4400.0	9479.0	9623.0	9563.0
9900.0	4210.0	4795.0	5248.0
9904.0	5706.0	6184.0	7017.0
9902.0	13558.0	14202.0	14738.0
4810.0	4639.0	4754.0	4860.0
5720.0	18780.0	19217.0	19291.0
9901.0	3201.0	3828.0	5547.0
5826.0	3090.0	3259.0	3481.0
5825.0	1748.0	1998.0	2041.0
5925.0	11075.0	11413.0	12200.0
9015.0	5776.0	6283.0	6679.0
4506.0	7252.0	7573.0	8414.0
4605.0	9778.0	10401.0	11385.0
9002.0	14456.0	16961.0	18177.0
4226.0	7101.0	7689.0	7997.0
4505.0	5966.0	6061.0	6262.0
4225.0	6693.0	7185.0	8081.0
5716.0	10690.0	11009.0	11729.0
5916.0	13934.0	14449.0	15702.0
4300.0	5030.0	5369.0	5894.0
5815.0	2101.0	2165.0	2362.0
9004.0	7056.0	8049.0	10123.0
5715.0	8066.0	8108.0	8163.0
3330.0	5196.0	6044.0	6886.0
6506.0	5943.0	6615.0	7603.0
5915.0	7819.0	8064.0	8470.0
3905.0	4328.0	4616.0	5033.0
4130.0	8079.0	8394.0	8802.0
6930.0	4550.0	4557.0	4597.0
3825.0	8255.0	8684.0	9471.0
4120.0	8803.0	9121.0	9779.0
3816.0	9694.0	10238.0	11156.0
4210.0	9548.0	10723.0	11764.0
9016.0	4884.0	5815.0	7130.0
4005.0	5990.0	6424.0	7378.0
4230.0	4163.0	4705.0	5043.0
3815.0	8688.0	8853.0	9022.0
3705.0	12915.0	13568.0	15457.0
3900.0	2887.0	3311.0	3681.0
4110.0	8352.0	9048.0	11441.0
3416.0	9090.0	9524.0	10801.0
3413.0	3608.0	4260.0	4704.0
3706.0	7150.0	7431.0	7642.0
3600.0	8957.0	9499.0	12581.0
3415.0	10525.0	11835.0	13391.0
3320.0	10427.0	11278.0	12041.0
3505.0	17433.0	18574.0	20138.0
3414.0	10087.0	10596.0	11197.0
6900.0	3280.0	3903.0	4697.0
2940.0	6703.0	8748.0	9827.0
2216.0	7314.0	8027.0	8826.0
3046.0	10091.0	11569.0	14042.0
2225.0	6395.0	7410.0	9582.0
3426.0	7521.0	8556.0	9348.0
3427.0	8602.0	9338.0	10117.0
3045.0	11275.0	11980.0	13041.0
3310.0	7149.0	8765.0	13003.0
3030.0	14948.0	18011.0	19751.0
3130.0	7238.0	7575.0	8375.0
3010.0	16427.0	17475.0	18929.0
3020.0	10304.0	10788.0	13393.0
3425.0	7478.0	8591.0	9320.0
2100.0	7745.0	8049.0	8569.0
1606.0	5772.0	5911.0	6110.0
2215.0	7282.0	7762.0	8214.0
1720.0	11408.0	11972.0	13123.0
3120.0	9641.0	10406.0	13397.0
1900.0	552.0	555.0	553.0
3110.0	3449.0	3637.0	3709.0
3200.0	8028.0	8915.0	10091.0
1605.0	8104.0	8194.0	8325.0
2000.0	4912.0	5576.0	6298.0
1820.0	4640.0	5955.0	7995.0
1200.0	7085.0	7724.0	8215.0
1710.0	9067.0	9843.0	12208.0
1810.0	1964.0	3524.0	6141.0
900.0	4505.0	4816.0	5215.0
806.0	11588.0	13854.0	16264.0
1506.0	9425.0	9788.0	10277.0
1410.0	4842.0	4982.0	5648.0
1505.0	8913.0	9284.0	9756.0
1330.0	8086.0	8691.0	8989.0
1000.0	3853.0	4007.0	4112.0
1320.0	7313.0	7356.0	7401.0
1420.0	5204.0	5898.0	8122.0
1130.0	2522.0	2873.0	3187.0
1116.0	7438.0	7875.0	8502.0
1310.0	10454.0	10712.0	10838.0
805.0	8068.0	9209.0	9332.0
1115.0	5473.0	6693.0	7117.0
205.0	5699.0	5791.0	5960.0
136.0	5032.0	5121.0	5238.0
1120.0	13632.0	15218.0	17277.0
705.0	6973.0	8294.0	13314.0
120.0	4846.0	5151.0	5375.0
325.0	9647.0	10447.0	11054.0
135.0	6854.0	7127.0	7236.0
706.0	4904.0	5608.0	6591.0
206.0	5938.0	6037.0	6159.0
2910.0	1345.0	1553.0	2068.0
315.0	6105.0	6299.0	6512.0
2935.0	3080.0	3026.0	2976.0
605.0	8808.0	10160.0	11377.0
606.0	8693.0	10889.0	12930.0
506.0	9232.0	10792.0	14204.0
110.0	2174.0	2212.0	2445.0
505.0	16449.0	20247.0	23441.0
2936.0	2928.0	3052.0	3326.0
405.0	9609.0	11584.0	13349.0
2926.0	9136.0	9761.0	10967.0
2925.0	5935.0	6739.0	8710.0
2927.0	2762.0	3809.0	5918.0
