city_id	population_2000	population_2010	population_2020	population_2025	population_2030	population_2035	population_2040
1.0	2413.0	2952.0	3340.0	3440.0	3487.0	3444.0	3361.0
2.0	11734.0	17149.0	17929.0	18592.0	19864.0	21570.0	25404.0
3.0	53818.0	61527.0	71004.0	76015.0	80582.0	84694.0	91041.0
4.0	20228.0	23040.0	26436.0	28089.0	29553.0	30623.0	30878.0
5.0	305.0	316.0	322.0	320.0	319.0	319.0	319.0
6.0	115961.0	127742.0	137550.0	141608.0	145404.0	151452.0	158505.0
7.0	4203.0	6788.0	7437.0	7872.0	10945.0	14822.0	19338.0
8.0	11606.0	16821.0	20594.0	23298.0	24939.0	26256.0	27568.0
9.0	13774.0	15973.0	18415.0	19259.0	19965.0	20880.0	21978.0
10.0	34202.0	33744.0	44053.0	46283.0	47747.0	49472.0	51364.0
11.0	6450.0	6597.0	7145.0	7628.0	7949.0	8130.0	8353.0
12.0	3613.0	3991.0	4310.0	4691.0	5111.0	5385.0	5553.0
13.0	46174.0	47018.0	55014.0	56197.0	56812.0	57519.0	57824.0
14.0	795.0	751.0	761.0	829.0	966.0	1080.0	1142.0
15.0	1669.0	1848.0	1919.0	1982.0	2033.0	2091.0	2123.0
16.0	2757.0	2762.0	3143.0	3114.0	3149.0	3159.0	3149.0
17.0	13470.0	16060.0	16656.0	17395.0	18153.0	18797.0	19031.0
18.0	1041.0	1079.0	1291.0	1486.0	1574.0	1788.0	2092.0
19.0	29294.0	30335.0	33768.0	34751.0	35514.0	36092.0	36846.0
20.0	2438.0	8184.0	7989.0	8291.0	8453.0	8567.0	9002.0
21.0	4827.0	6336.0	6497.0	6852.0	7279.0	7598.0	8378.0
22.0	1609.0	1980.0	1961.0	2020.0	2268.0	2509.0	2867.0
23.0	9115.0	10178.0	11357.0	12059.0	12553.0	12681.0	12763.0
24.0	38765.0	39189.0	43974.0	44563.0	45267.0	45839.0	46214.0
25.0	11719.0	11956.0	13099.0	13904.0	14830.0	15838.0	16802.0
26.0	89389.0	96894.0	110495.0	114977.0	120974.0	129023.0	136056.0
27.0	84859.0	86801.0	94430.0	97335.0	100273.0	102708.0	109082.0
28.0	4860.0	8847.0	9088.0	9255.0	9374.0	9443.0	9764.0
29.0	5999.0	6698.0	7117.0	7133.0	7160.0	7214.0	7170.0
30.0	6704.0	7737.0	8564.0	9233.0	10205.0	11611.0	13150.0
31.0	1702.0	1994.0	2168.0	2305.0	2415.0	2644.0	2838.0
32.0	2073.0	2581.0	2954.0	3153.0	3502.0	3947.0	4960.0
33.0	560.0	612.0	713.0	723.0	711.0	707.0	697.0
34.0	221.0	236.0	244.0	243.0	258.0	242.0	242.0
35.0	18383.0	30902.0	32963.0	34094.0	35338.0	37041.0	38615.0
36.0	18045.0	20713.0	27027.0	28439.0	29909.0	32036.0	37412.0
37.0	103184.0	118095.0	134748.0	140496.0	144177.0	146486.0	151768.0
38.0	116405.0	126408.0	134663.0	141881.0	150942.0	159903.0	164716.0
39.0	76249.0	80673.0	92088.0	94848.0	97007.0	98727.0	100256.0
40.0	89363.0	99950.0	106377.0	112234.0	120323.0	128280.0	132035.0
41.0	12986.0	12733.0	15284.0	15489.0	15704.0	15836.0	15874.0
42.0	21506.0	27642.0	30957.0	33751.0	35977.0	38084.0	39731.0
43.0	56460.0	57072.0	62613.0	63529.0	64403.0	64656.0	64871.0
44.0	32560.0	35283.0	37450.0	37998.0	38359.0	39211.0	40898.0
45.0	14692.0	20047.0	21907.0	22957.0	23869.0	24915.0	25537.0
46.0	47366.0	58538.0	65226.0	69956.0	75260.0	81770.0	93408.0
47.0	3018.0	3058.0	3573.0	3606.0	3598.0	3583.0	3586.0
48.0	21758.0	22906.0	23835.0	24128.0	24286.0	24548.0	24440.0
49.0	13834.0	18123.0	18461.0	18833.0	19245.0	19713.0	20902.0
50.0	851.0	1054.0	1314.0	1555.0	1870.0	2032.0	2095.0
51.0	11882.0	14394.0	16018.0	17113.0	17877.0	18411.0	19029.0
52.0	19210.0	18917.0	26383.0	28631.0	30511.0	31726.0	34651.0
53.0	17967.0	19939.0	20592.0	20900.0	21212.0	21547.0	21884.0
54.0	7829.0	10067.0	11812.0	12619.0	13458.0	13812.0	14298.0
55.0	6588.0	6538.0	7326.0	7447.0	7521.0	7611.0	7654.0
56.0	5932.0	6046.0	6574.0	6796.0	7249.0	7647.0	8307.0
57.0	3532.0	5751.0	5962.0	6361.0	6540.0	6723.0	6965.0
58.0	5511.0	6366.0	7362.0	7838.0	8162.0	8375.0	8330.0
59.0	139019.0	158988.0	168592.0	177756.0	188926.0	202427.0	216413.0
60.0	9574.0	11082.0	17595.0	19113.0	20768.0	22789.0	26412.0
61.0	6697.0	8118.0	10438.0	11676.0	13394.0	15437.0	18290.0
62.0	33782.0	36949.0	45049.0	47991.0	50493.0	52362.0	54222.0
63.0	44160.0	50881.0	56691.0	59340.0	61790.0	63872.0	66621.0
64.0	72227.0	89632.0	100400.0	105643.0	110280.0	114628.0	120790.0
65.0	805.0	930.0	910.0	934.0	982.0	1048.0	1247.0
66.0	718.0	751.0	843.0	947.0	1060.0	1171.0	1405.0
67.0	33212.0	44298.0	48541.0	51924.0	54983.0	57659.0	60777.0
68.0	23529.0	24985.0	27847.0	28532.0	29592.0	30557.0	32878.0
69.0	532764.0	583278.0	632105.0	645385.0	654831.0	663247.0	665455.0
70.0	51265.0	51832.0	60532.0	64298.0	70454.0	81444.0	91602.0
71.0	17347.0	18149.0	25449.0	29905.0	33341.0	36738.0	39754.0
72.0	318.0	321.0	458.0	568.0	680.0	782.0	904.0
73.0	8736.0	8910.0	10618.0	11307.0	12149.0	13372.0	14451.0
74.0	110583.0	126120.0	136880.0	146154.0	158778.0	173038.0	183856.0
75.0	2685.0	9588.0	9730.0	9789.0	10059.0	10375.0	11084.0
76.0	528.0	652.0	830.0	1052.0	1189.0	1366.0	1517.0
77.0	3747.0	5375.0	6021.0	6448.0	6885.0	7323.0	8303.0
78.0	6217.0	6058.0	6813.0	7114.0	7408.0	7465.0	7557.0
79.0	3192.0	3886.0	4388.0	4877.0	5407.0	6005.0	6683.0
80.0	8405.0	9867.0	10896.0	11553.0	12045.0	12669.0	13167.0
81.0	185004.0	191438.0	205958.0	210172.0	214978.0	222643.0	231622.0
82.0	17106.0	18575.0	23179.0	24091.0	25273.0	26344.0	27410.0
83.0	29455.0	30030.0	33442.0	34576.0	35510.0	36260.0	37080.0
84.0	399.0	498.0	590.0	652.0	729.0	759.0	774.0
85.0	10444.0	11439.0	14242.0	15603.0	16999.0	18718.0	19879.0
86.0	960.0	1070.0	1396.0	1402.0	1421.0	1424.0	1405.0
87.0	977.0	1017.0	1237.0	1229.0	1246.0	1235.0	1233.0
88.0	107306.0	125334.0	146318.0	155613.0	163093.0	169009.0	176373.0
89.0	47088.0	50292.0	74580.0	86031.0	94364.0	101551.0	109377.0
90.0	160498.0	201962.0	234890.0	262296.0	288159.0	312509.0	339996.0
91.0	140942.0	186715.0	211723.0	222466.0	232418.0	244370.0	261434.0
92.0	835.0	6807.0	6794.0	7530.0	8286.0	8961.0	9382.0
93.0	13124.0	16420.0	18451.0	19605.0	20596.0	21399.0	21991.0
94.0	4904.0	5386.0	6094.0	6486.0	6733.0	6918.0	7502.0
95.0	178.0	129.0	128.0	124.0	118.0	96.0	92.0
