city_id	jobs_2000	jobs_2010	jobs_2020	jobs_2025	jobs_2030	jobs_2035	jobs_2040
1.0	1749.0	1631.0	1908.0	2004.0	2052.0	2118.0	2142.0
2.0	10119.0	8593.0	12982.0	14410.0	15435.0	17794.0	20905.0
3.0	43097.0	40144.0	48130.0	50129.0	52718.0	56242.0	59793.0
4.0	7133.0	8145.0	9396.0	9644.0	9946.0	10356.0	10521.0
5.0	30.0	26.0	27.0	27.0	28.0	28.0	28.0
6.0	129217.0	127902.0	163708.0	170842.0	180944.0	196985.0	215916.0
7.0	679.0	1039.0	1934.0	2071.0	2341.0	2943.0	4811.0
8.0	2722.0	5215.0	6184.0	6687.0	7065.0	7317.0	7473.0
9.0	10643.0	12199.0	14001.0	14467.0	14837.0	15612.0	16030.0
10.0	29584.0	29138.0	35406.0	36697.0	38556.0	41262.0	44712.0
11.0	587.0	685.0	811.0	835.0	876.0	913.0	946.0
12.0	2021.0	2186.0	2600.0	2618.0	2659.0	2727.0	2806.0
13.0	15465.0	15333.0	19444.0	19948.0	20605.0	21951.0	23452.0
14.0	38.0	38.0	57.0	60.0	64.0	67.0	66.0
15.0	800.0	702.0	1088.0	1130.0	1148.0	1228.0	1411.0
16.0	666.0	656.0	748.0	769.0	793.0	830.0	861.0
17.0	3120.0	4421.0	5445.0	5514.0	5597.0	5710.0	6165.0
18.0	516.0	647.0	857.0	1093.0	1274.0	1651.0	2341.0
19.0	6654.0	6280.0	8660.0	9134.0	9973.0	10631.0	11315.0
20.0	3804.0	3136.0	4450.0	4682.0	4887.0	5011.0	5455.0
21.0	1324.0	1697.0	1875.0	1888.0	1909.0	1949.0	1995.0
22.0	911.0	974.0	1120.0	1200.0	1256.0	1288.0	1326.0
23.0	1797.0	1957.0	2671.0	2711.0	2834.0	3060.0	3455.0
24.0	12761.0	12485.0	16736.0	17893.0	18980.0	20091.0	21441.0
25.0	5117.0	5913.0	6942.0	7187.0	7423.0	7607.0	7859.0
26.0	81360.0	85210.0	98830.0	102134.0	107950.0	122955.0	141414.0
27.0	32048.0	30355.0	39088.0	40253.0	41588.0	43243.0	46296.0
28.0	12717.0	12698.0	14708.0	15341.0	15554.0	15915.0	16218.0
29.0	1350.0	1123.0	1408.0	1409.0	1428.0	1437.0	1465.0
30.0	5812.0	8255.0	10339.0	10787.0	11047.0	11167.0	11342.0
31.0	265.0	332.0	419.0	426.0	435.0	445.0	462.0
32.0	970.0	1087.0	1406.0	1541.0	1741.0	1954.0	2301.0
33.0	59.0	76.0	87.0	87.0	87.0	91.0	92.0
34.0	80.0	73.0	99.0	104.0	107.0	108.0	108.0
35.0	16474.0	19103.0	29888.0	34186.0	37897.0	43448.0	56782.0
36.0	5409.0	4262.0	5535.0	5599.0	5430.0	4966.0	4724.0
37.0	67191.0	66967.0	82536.0	86100.0	91149.0	96900.0	108049.0
38.0	21591.0	22794.0	26075.0	26631.0	27468.0	28624.0	30534.0
39.0	44365.0	40634.0	50649.0	52437.0	55172.0	59449.0	65538.0
40.0	13946.0	17393.0	20322.0	20851.0	21864.0	22733.0	23753.0
41.0	1925.0	2190.0	2577.0	2599.0	2651.0	2740.0	2798.0
42.0	3860.0	4721.0	5744.0	6083.0	6451.0	7017.0	7318.0
43.0	26756.0	24372.0	31594.0	32020.0	32762.0	34003.0	35404.0
44.0	26269.0	24092.0	32980.0	34859.0	38160.0	43098.0	51713.0
45.0	3058.0	3973.0	5187.0	5788.0	6071.0	6665.0	6918.0
46.0	12233.0	12693.0	17087.0	18876.0	20261.0	21573.0	23815.0
47.0	522.0	587.0	701.0	714.0	726.0	748.0	765.0
48.0	7823.0	7698.0	9411.0	9645.0	9741.0	10042.0	10398.0
49.0	4073.0	4528.0	5664.0	6078.0	6599.0	7353.0	7842.0
50.0	25.0	27.0	40.0	51.0	54.0	65.0	72.0
51.0	7809.0	8000.0	10647.0	11116.0	11730.0	12491.0	13387.0
52.0	7759.0	7140.0	9417.0	10273.0	11099.0	13951.0	18066.0
53.0	7915.0	10389.0	12046.0	12581.0	13065.0	13512.0	14322.0
54.0	1346.0	1772.0	2554.0	2646.0	2685.0	2729.0	2810.0
55.0	734.0	644.0	950.0	968.0	995.0	1014.0	1036.0
56.0	2511.0	3375.0	4047.0	4699.0	5609.0	7393.0	10414.0
57.0	772.0	1153.0	1233.0	1262.0	1331.0	1548.0	1583.0
58.0	999.0	1203.0	1340.0	1385.0	1478.0	1670.0	1749.0
59.0	18969.0	20212.0	24303.0	25091.0	26080.0	27454.0	29270.0
60.0	6147.0	6564.0	7904.0	8061.0	8162.0	8265.0	8487.0
61.0	5974.0	6089.0	7451.0	7647.0	7801.0	7986.0	8235.0
62.0	20187.0	19938.0	24567.0	25415.0	26199.0	27555.0	29883.0
63.0	75594.0	80373.0	102213.0	105215.0	106825.0	118016.0	142144.0
64.0	61786.0	56627.0	71393.0	73775.0	75405.0	78866.0	83954.0
65.0	482.0	541.0	626.0	635.0	646.0	651.0	666.0
66.0	166.0	220.0	256.0	260.0	265.0	267.0	274.0
67.0	7756.0	8946.0	9558.0	9615.0	9792.0	9998.0	10288.0
68.0	32564.0	24907.0	31220.0	32393.0	34046.0	35561.0	37293.0
69.0	538205.0	493272.0	609611.0	644234.0	683000.0	717117.0	746655.0
70.0	18150.0	18553.0	21672.0	21382.0	22269.0	22678.0	26694.0
71.0	10044.0	11309.0	12935.0	13495.0	13905.0	14573.0	15276.0
72.0	142.0	120.0	157.0	159.0	155.0	160.0	164.0
73.0	4773.0	4601.0	6689.0	6763.0	6983.0	7189.0	7562.0
74.0	14418.0	20407.0	22371.0	22401.0	22975.0	23971.0	25236.0
75.0	1307.0	1744.0	1901.0	1988.0	2135.0	2332.0	2674.0
76.0	73.0	67.0	96.0	100.0	98.0	102.0	110.0
77.0	2990.0	3369.0	3680.0	4062.0	4452.0	4637.0	5017.0
78.0	1100.0	825.0	1105.0	1152.0	1176.0	1215.0	1255.0
79.0	935.0	1103.0	1603.0	1614.0	1717.0	1885.0	1921.0
80.0	7097.0	9119.0	9736.0	10003.0	10125.0	10540.0	10944.0
81.0	111851.0	103706.0	132627.0	140100.0	148785.0	165177.0	187567.0
82.0	50342.0	43307.0	53712.0	59524.0	70068.0	81154.0	89931.0
83.0	6557.0	6502.0	8023.0	8993.0	9613.0	10123.0	10256.0
84.0	181.0	120.0	180.0	201.0	211.0	213.0	218.0
85.0	14832.0	12228.0	16110.0	16368.0	16414.0	17013.0	18029.0
86.0	94.0	77.0	101.0	100.0	103.0	105.0	105.0
87.0	105.0	103.0	120.0	118.0	121.0	134.0	143.0
88.0	17240.0	18891.0	23304.0	25104.0	26356.0	27235.0	28690.0
89.0	9144.0	10695.0	12909.0	13159.0	13515.0	13958.0	13921.0
90.0	41785.0	55359.0	62542.0	67189.0	73542.0	84375.0	99678.0
91.0	33730.0	35826.0	41496.0	44137.0	46842.0	50644.0	56193.0
92.0	36.0	307.0	340.0	354.0	367.0	398.0	436.0
93.0	11430.0	12651.0	15559.0	16128.0	16777.0	17345.0	18118.0
94.0	2060.0	2073.0	2599.0	2697.0	2833.0	3007.0	3074.0
95.0	1534.0	1705.0	1790.0	1891.0	2063.0	2279.0	2394.0
