faz_id	jobs_2000	jobs_2010	jobs_2020	jobs_2025	jobs_2030	jobs_2035	jobs_2040
8935.0	3616.0	3899.0	4428.0	4825.0	5432.0	5754.0	6345.0
8927.0	487.0	1202.0	1270.0	1274.0	1293.0	1319.0	1350.0
8926.0	1231.0	1376.0	1795.0	2092.0	2364.0	2939.0	4002.0
8936.0	1755.0	2490.0	3099.0	3332.0	3440.0	3674.0	3790.0
8500.0	8953.0	7181.0	10874.0	11999.0	12734.0	14504.0	16532.0
8406.0	236.0	169.0	248.0	241.0	248.0	272.0	280.0
8320.0	5103.0	5637.0	8143.0	9499.0	10847.0	12176.0	14944.0
8925.0	1691.0	1776.0	2299.0	2456.0	2688.0	2947.0	3365.0
8937.0	2963.0	7505.0	7236.0	7187.0	7089.0	7108.0	7453.0
8405.0	459.0	695.0	850.0	872.0	933.0	1005.0	1079.0
8310.0	8098.0	7699.0	9871.0	10367.0	10716.0	11221.0	11733.0
8910.0	1773.0	2029.0	2837.0	2874.0	3024.0	3336.0	3458.0
7905.0	3270.0	4098.0	5014.0	5323.0	5652.0	6208.0	6527.0
7606.0	526.0	696.0	718.0	735.0	759.0	774.0	800.0
7805.0	1511.0	1541.0	2006.0	2167.0	2352.0	2618.0	3053.0
8220.0	11623.0	11217.0	12728.0	13434.0	14365.0	15743.0	18549.0
8000.0	30093.0	36739.0	37773.0	37832.0	38234.0	39276.0	40237.0
8906.0	1141.0	1170.0	1336.0	1332.0	1380.0	1393.0	1433.0
8210.0	15070.0	14189.0	19341.0	21002.0	24525.0	33844.0	43874.0
9020.0	2641.0	3085.0	3789.0	3940.0	4167.0	4505.0	4859.0
8125.0	4469.0	4073.0	5588.0	5810.0	5986.0	7023.0	8082.0
8126.0	5706.0	4799.0	6821.0	6969.0	7137.0	7858.0	9772.0
8905.0	684.0	894.0	988.0	991.0	1037.0	1068.0	1102.0
7806.0	921.0	1471.0	1919.0	1975.0	2147.0	2303.0	2519.0
7700.0	4377.0	3788.0	5488.0	5533.0	5612.0	5686.0	5863.0
7526.0	6118.0	7669.0	9100.0	9544.0	9966.0	10338.0	11087.0
7340.0	2511.0	2857.0	3841.0	3932.0	3959.0	4057.0	4207.0
7605.0	739.0	952.0	1055.0	1240.0	1419.0	1797.0	2115.0
7537.0	13787.0	13291.0	14015.0	14670.0	15416.0	16155.0	17330.0
8115.0	9136.0	9038.0	9861.0	10065.0	10210.0	11343.0	12673.0
7335.0	7719.0	8332.0	10034.0	10493.0	10822.0	11199.0	11842.0
8600.0	8434.0	8527.0	11233.0	11710.0	12322.0	13094.0	14012.0
7425.0	2005.0	3233.0	3954.0	3998.0	4357.0	4927.0	5423.0
7535.0	4673.0	4722.0	5216.0	5593.0	5767.0	6661.0	8229.0
7525.0	1719.0	1801.0	2400.0	2447.0	2511.0	2637.0	2869.0
7436.0	1781.0	1828.0	2361.0	2414.0	2515.0	2593.0	2653.0
9019.0	2974.0	4519.0	5287.0	5437.0	5725.0	5984.0	6313.0
7026.0	1025.0	1129.0	1619.0	1648.0	1699.0	1758.0	1818.0
7205.0	5655.0	4938.0	7078.0	7222.0	7430.0	7717.0	8375.0
7515.0	5783.0	6346.0	7287.0	7633.0	7978.0	8343.0	8446.0
7320.0	6156.0	6701.0	7781.0	8444.0	9484.0	10621.0	11610.0
7206.0	13413.0	11382.0	16492.0	17987.0	20790.0	25158.0	33070.0
7315.0	2665.0	3288.0	4157.0	4271.0	4428.0	4570.0	4686.0
7435.0	2920.0	2863.0	3858.0	4284.0	4618.0	5039.0	5174.0
7316.0	2903.0	3143.0	4425.0	4571.0	4685.0	4822.0	5101.0
7025.0	8415.0	8598.0	10943.0	12026.0	12713.0	13427.0	14434.0
7415.0	9121.0	10677.0	12431.0	12845.0	13373.0	13593.0	14014.0
7100.0	8174.0	7396.0	9956.0	10838.0	11663.0	14522.0	18645.0
7015.0	4338.0	3665.0	5457.0	5511.0	5893.0	6262.0	6578.0
9908.0	2175.0	3881.0	4260.0	4391.0	4499.0	4544.0	4626.0
6410.0	13292.0	12788.0	15353.0	15163.0	16027.0	17129.0	21054.0
6420.0	6982.0	8185.0	9147.0	9068.0	9146.0	8529.0	8586.0
5535.0	5696.0	4525.0	6008.0	6087.0	5923.0	5484.0	5354.0
5600.0	10524.0	12400.0	13745.0	14192.0	14540.0	15205.0	15620.0
5546.0	11913.0	9221.0	11981.0	12205.0	12410.0	13177.0	14095.0
4706.0	2139.0	2120.0	2528.0	2581.0	2648.0	2816.0	2882.0
6605.0	1865.0	2263.0	2496.0	2524.0	2584.0	2670.0	2764.0
6910.0	1759.0	2154.0	2535.0	2861.0	3204.0	3655.0	4573.0
6606.0	1241.0	1056.0	1521.0	1572.0	1611.0	1707.0	1925.0
9909.0	801.0	1124.0	1433.0	1454.0	1472.0	1510.0	1577.0
9011.0	5406.0	5011.0	6004.0	6043.0	6077.0	6186.0	6291.0
5525.0	6201.0	5650.0	7473.0	7524.0	7453.0	7396.0	7525.0
5515.0	3583.0	4531.0	5454.0	5567.0	5694.0	5870.0	6024.0
6326.0	10783.0	9321.0	11753.0	12346.0	13406.0	14983.0	16602.0
9914.0	2805.0	3439.0	3775.0	3986.0	4079.0	4143.0	4247.0
5545.0	3917.0	3363.0	4328.0	4490.0	4567.0	4644.0	4838.0
6223.0	7744.0	6113.0	7649.0	7994.0	8466.0	9702.0	11158.0
5306.0	17269.0	15480.0	19241.0	19793.0	20763.0	22517.0	25866.0
6325.0	6207.0	6354.0	7693.0	8391.0	8699.0	9084.0	9779.0
9009.0	1704.0	2146.0	2388.0	2416.0	2437.0	2493.0	2579.0
9006.0	1061.0	1158.0	1610.0	1850.0	1998.0	2279.0	2780.0
6225.0	14135.0	13547.0	16290.0	16591.0	17253.0	19810.0	21657.0
9018.0	9374.0	10235.0	11368.0	11688.0	11981.0	12366.0	12541.0
5425.0	27437.0	23936.0	29788.0	31025.0	33461.0	43210.0	64475.0
5305.0	20641.0	17842.0	22621.0	23693.0	25276.0	27594.0	30109.0
5426.0	12433.0	11333.0	14518.0	16056.0	17215.0	18113.0	18777.0
6226.0	6045.0	5638.0	6638.0	6727.0	6848.0	6972.0	7709.0
6126.0	2412.0	2549.0	2820.0	2886.0	2975.0	3221.0	3709.0
6224.0	5228.0	5938.0	7274.0	7332.0	7333.0	7487.0	7868.0
6216.0	7079.0	9969.0	9599.0	9920.0	10197.0	10588.0	10860.0
6316.0	15324.0	16857.0	19721.0	19906.0	20992.0	22980.0	25407.0
6215.0	14345.0	11112.0	15191.0	15655.0	17527.0	19956.0	21211.0
5100.0	1538.0	1559.0	1810.0	1843.0	1878.0	1949.0	2008.0
6213.0	12077.0	13424.0	15951.0	15900.0	15937.0	16308.0	16544.0
9005.0	324.0	356.0	467.0	474.0	481.0	500.0	518.0
6124.0	10813.0	12152.0	13175.0	13271.0	13551.0	14219.0	14619.0
6125.0	10288.0	8432.0	11466.0	11911.0	12258.0	12533.0	13547.0
6214.0	22751.0	26178.0	29447.0	29870.0	30107.0	30664.0	31450.0
5415.0	38606.0	48724.0	62376.0	63588.0	62034.0	62721.0	65004.0
5205.0	32414.0	25794.0	35456.0	37212.0	39564.0	43824.0	49316.0
9916.0	1703.0	2096.0	2219.0	2246.0	2277.0	2325.0	2379.0
9913.0	4328.0	4706.0	5621.0	5658.0	5867.0	6213.0	6274.0
9915.0	2472.0	2896.0	3268.0	3287.0	3364.0	3471.0	3249.0
4606.0	3532.0	3151.0	3521.0	3508.0	3595.0	3699.0	3815.0
6115.0	9386.0	7567.0	9764.0	9790.0	9860.0	9986.0	10148.0
4820.0	5159.0	4200.0	5361.0	5456.0	5512.0	5514.0	5453.0
9017.0	449.0	404.0	583.0	595.0	611.0	658.0	672.0
6123.0	44347.0	38420.0	54254.0	58859.0	63626.0	68942.0	71164.0
6114.0	18816.0	13895.0	19608.0	20215.0	21320.0	22401.0	22770.0
4607.0	4000.0	5085.0	6105.0	6698.0	6961.0	7631.0	8913.0
6505.0	1686.0	3053.0	3235.0	3269.0	3315.0	3378.0	3484.0
5020.0	6960.0	7673.0	9215.0	9585.0	9698.0	9702.0	10460.0
6113.0	36081.0	40293.0	41214.0	41770.0	42468.0	43589.0	44768.0
5010.0	14967.0	10463.0	16191.0	16413.0	16562.0	16467.0	16004.0
6020.0	44308.0	37200.0	53633.0	65299.0	75892.0	79189.0	79811.0
4900.0	31036.0	38293.0	51139.0	55178.0	62033.0	73140.0	85469.0
6010.0	117772.0	93906.0	116745.0	125369.0	134225.0	137479.0	138306.0
4400.0	7823.0	7698.0	9411.0	9645.0	9741.0	10042.0	10398.0
9900.0	1315.0	1451.0	2041.0	2260.0	2405.0	2416.0	2570.0
9904.0	6215.0	5521.0	6944.0	7021.0	7058.0	7088.0	6970.0
9902.0	19634.0	19673.0	22484.0	23092.0	24141.0	25811.0	28017.0
4810.0	8392.0	8323.0	9095.0	9445.0	9886.0	10776.0	11262.0
5720.0	8643.0	9278.0	11777.0	12045.0	12676.0	14280.0	16101.0
9901.0	3358.0	3138.0	4074.0	4397.0	5018.0	5870.0	6488.0
5826.0	7501.0	5723.0	8044.0	8043.0	8602.0	9199.0	10182.0
5825.0	45363.0	40120.0	48963.0	51395.0	53680.0	54903.0	57263.0
5925.0	17470.0	17149.0	19691.0	20466.0	21499.0	22402.0	24183.0
9015.0	1476.0	1441.0	1912.0	1979.0	2028.0	2091.0	2216.0
4506.0	26195.0	28477.0	31737.0	31928.0	31991.0	31671.0	32037.0
4605.0	9475.0	13805.0	17692.0	20274.0	22581.0	24404.0	31179.0
9002.0	7536.0	7867.0	9851.0	10039.0	10152.0	10336.0	10536.0
4226.0	1779.0	2675.0	3230.0	3560.0	3617.0	3724.0	3863.0
4505.0	1077.0	1273.0	1451.0	1491.0	1559.0	1662.0	1734.0
4225.0	1875.0	2226.0	3302.0	3392.0	3464.0	3539.0	3532.0
5716.0	6414.0	7252.0	8055.0	8295.0	8725.0	9439.0	11092.0
5916.0	5475.0	6178.0	7992.0	8092.0	8214.0	8862.0	9456.0
4300.0	9328.0	8556.0	14918.0	16310.0	17773.0	21265.0	27472.0
5815.0	24386.0	22600.0	27120.0	27559.0	28096.0	28729.0	29609.0
9004.0	2869.0	3678.0	5126.0	5451.0	5963.0	6346.0	7182.0
5715.0	1408.0	2035.0	2318.0	2342.0	2402.0	2569.0	2638.0
3330.0	1579.0	1491.0	1702.0	1743.0	1806.0	1842.0	1906.0
6506.0	2662.0	3494.0	4079.0	4484.0	5229.0	6789.0	9391.0
5915.0	4838.0	3658.0	5272.0	5466.0	5705.0	6224.0	6624.0
3905.0	21269.0	18289.0	21299.0	22493.0	23327.0	24510.0	25310.0
4130.0	25120.0	21738.0	24385.0	25303.0	26272.0	28632.0	31375.0
6930.0	3059.0	3167.0	3560.0	3621.0	3724.0	3902.0	4247.0
3825.0	5629.0	7277.0	8560.0	8553.0	9362.0	9592.0	10181.0
4120.0	2766.0	2702.0	3481.0	3667.0	3745.0	4255.0	4771.0
3816.0	3564.0	3926.0	4675.0	4796.0	4870.0	5067.0	5557.0
4210.0	4124.0	3775.0	5354.0	6111.0	6206.0	6416.0	7771.0
9016.0	1352.0	1508.0	1819.0	1850.0	1949.0	1998.0	2021.0
4005.0	1777.0	1556.0	2027.0	2098.0	2169.0	2294.0	2366.0
4230.0	1501.0	1777.0	2067.0	2100.0	2163.0	2222.0	2309.0
3815.0	8604.0	7719.0	10069.0	10346.0	10588.0	11411.0	12277.0
3705.0	34633.0	26454.0	33373.0	34714.0	36596.0	38762.0	40905.0
3900.0	22511.0	18722.0	24390.0	25349.0	27185.0	30807.0	35882.0
4110.0	30316.0	28245.0	38153.0	38623.0	39480.0	40112.0	40628.0
3416.0	3005.0	2848.0	3320.0	3172.0	3251.0	3395.0	3552.0
3413.0	1119.0	1356.0	1492.0	1515.0	1580.0	1674.0	1767.0
3706.0	3439.0	2873.0	4102.0	4252.0	4368.0	4448.0	4642.0
3600.0	46524.0	43828.0	52851.0	57842.0	67190.0	74218.0	78454.0
3415.0	3462.0	3762.0	5043.0	5384.0	5448.0	5590.0	5598.0
3320.0	4085.0	5036.0	6385.0	6885.0	7214.0	7845.0	8125.0
3505.0	16028.0	16586.0	20418.0	22026.0	24226.0	27330.0	36244.0
3414.0	2021.0	2291.0	3069.0	3153.0	3219.0	3294.0	3418.0
6900.0	1938.0	1379.0	1960.0	1972.0	2018.0	2070.0	2114.0
2940.0	1884.0	2401.0	2990.0	3014.0	3087.0	3204.0	3313.0
2216.0	2665.0	3154.0	4168.0	4390.0	4625.0	4759.0	4963.0
3046.0	6437.0	6278.0	8174.0	8532.0	9521.0	10871.0	11530.0
2225.0	3695.0	6016.0	6655.0	6991.0	7096.0	7199.0	7327.0
3426.0	1804.0	2657.0	3134.0	3383.0	3542.0	3649.0	3927.0
3427.0	3338.0	5154.0	6119.0	6238.0	6322.0	6559.0	7095.0
3045.0	3325.0	2855.0	4585.0	4772.0	4866.0	4997.0	5164.0
3310.0	2268.0	2903.0	4177.0	4526.0	4881.0	5559.0	7509.0
3030.0	9431.0	9189.0	10989.0	11714.0	12753.0	13971.0	14308.0
3130.0	18054.0	20121.0	23570.0	24666.0	26261.0	28142.0	30085.0
3010.0	7827.0	8186.0	10981.0	11250.0	11434.0	11838.0	12222.0
3020.0	19153.0	17901.0	22829.0	23208.0	23511.0	24242.0	26750.0
3425.0	2438.0	2600.0	3298.0	3387.0	3506.0	3618.0	3762.0
2100.0	1802.0	1733.0	1973.0	2156.0	2198.0	2279.0	2388.0
1606.0	1605.0	1942.0	2793.0	3406.0	3643.0	3881.0	3933.0
2215.0	4931.0	5671.0	7093.0	7179.0	7227.0	7265.0	7291.0
1720.0	6335.0	6168.0	7293.0	7420.0	7598.0	7839.0	8275.0
3120.0	19677.0	14368.0	17330.0	17912.0	18679.0	19723.0	21065.0
1900.0	13475.0	9755.0	14670.0	16010.0	17061.0	19064.0	19884.0
3110.0	2095.0	2338.0	2757.0	2887.0	2998.0	3108.0	3183.0
3200.0	5906.0	7099.0	8687.0	9192.0	9417.0	9604.0	9914.0
1605.0	6456.0	6035.0	7517.0	7647.0	7868.0	8053.0	8225.0
2000.0	13167.0	12801.0	14726.0	15205.0	15436.0	15669.0	15873.0
1820.0	19759.0	17611.0	23133.0	25476.0	27761.0	33240.0	40229.0
1200.0	4066.0	4180.0	5538.0	5835.0	6120.0	6611.0	7443.0
1710.0	11435.0	9973.0	12205.0	12514.0	13185.0	13826.0	15054.0
1810.0	11488.0	13272.0	14454.0	15376.0	17369.0	20967.0	25410.0
900.0	8550.0	10613.0	11288.0	11657.0	11931.0	12585.0	13143.0
806.0	2188.0	3726.0	4326.0	4563.0	4985.0	5226.0	5365.0
1506.0	3252.0	3530.0	4053.0	4215.0	4469.0	4854.0	4978.0
1410.0	12379.0	10732.0	14846.0	15486.0	15867.0	16486.0	17297.0
1505.0	4768.0	4188.0	5485.0	6299.0	6685.0	6820.0	6862.0
1330.0	3373.0	4752.0	5446.0	5557.0	5624.0	5827.0	6084.0
1000.0	2847.0	2572.0	3358.0	3379.0	3488.0	3543.0	3579.0
1320.0	4453.0	3830.0	4980.0	5051.0	5145.0	5472.0	5976.0
1420.0	13743.0	11933.0	15383.0	15972.0	17093.0	19316.0	25500.0
1130.0	1747.0	3313.0	3385.0	3594.0	3827.0	4098.0	5676.0
1116.0	6983.0	6171.0	8243.0	8452.0	8643.0	9235.0	9803.0
1310.0	4906.0	5288.0	7019.0	7084.0	7339.0	7898.0	8254.0
805.0	2551.0	4532.0	5155.0	5459.0	5541.0	5692.0	5860.0
1115.0	3823.0	4665.0	4748.0	4780.0	5215.0	5362.0	5792.0
205.0	11162.0	9994.0	13520.0	13693.0	13863.0	14326.0	14479.0
136.0	4331.0	4040.0	4710.0	4728.0	4738.0	4810.0	4848.0
1120.0	10698.0	10495.0	12968.0	13448.0	14233.0	15661.0	18631.0
705.0	1592.0	2276.0	2675.0	3073.0	3667.0	4709.0	5519.0
120.0	1488.0	1125.0	1468.0	1542.0	1577.0	1639.0	1721.0
325.0	4332.0	4082.0	4905.0	5001.0	5299.0	5894.0	6295.0
135.0	2586.0	2663.0	3251.0	3320.0	3426.0	3499.0	3815.0
706.0	3037.0	3066.0	3662.0	3704.0	3782.0	3899.0	4034.0
206.0	6982.0	6298.0	8134.0	8222.0	8579.0	9094.0	9795.0
2910.0	1152.0	591.0	933.0	1067.0	1101.0	1168.0	1206.0
315.0	7009.0	6076.0	7065.0	7831.0	8606.0	9567.0	10024.0
2935.0	9811.0	16393.0	19437.0	20664.0	21569.0	22229.0	22703.0
605.0	3046.0	3660.0	4043.0	4155.0	4299.0	4551.0	4664.0
606.0	2755.0	3688.0	3937.0	3976.0	4055.0	4436.0	5351.0
506.0	2499.0	4097.0	4609.0	5062.0	6082.0	8809.0	13714.0
110.0	880.0	689.0	1133.0	1177.0	1225.0	1307.0	1480.0
505.0	6161.0	9378.0	10624.0	12023.0	13805.0	17021.0	20919.0
2936.0	4224.0	3463.0	4616.0	4621.0	4630.0	4735.0	5194.0
405.0	3359.0	3566.0	3541.0	3815.0	4021.0	4438.0	4712.0
2926.0	2012.0	2054.0	2611.0	2839.0	3104.0	3291.0	3863.0
2925.0	2080.0	2201.0	2831.0	3086.0	3383.0	3776.0	3894.0
2927.0	1259.0	1350.0	1561.0	1647.0	1723.0	1770.0	1983.0
