tract10_id	jobs_2000	jobs_2010	jobs_2020	jobs_2025	jobs_2030	jobs_2035	jobs_2040
32307.0	1316.0	1061.0	1241.0	1310.0	1320.0	1334.0	1349.0
28802.0	2896.0	2420.0	3144.0	3160.0	3330.0	3315.0	3385.0
20100.0	487.0	477.0	530.0	538.0	539.0	550.0	569.0
25101.0	1162.0	1020.0	1372.0	1524.0	1549.0	1577.0	2534.0
29601.0	783.0	1305.0	1671.0	1896.0	2014.0	2064.0	2085.0
26200.0	47561.0	41778.0	56984.0	58254.0	60713.0	64714.0	70104.0
8600.0	4669.0	5609.0	5588.0	5524.0	5616.0	5690.0	5982.0
8100.0	75022.0	58662.0	73033.0	77325.0	82050.0	83462.0	83741.0
30503.0	2175.0	2488.0	2703.0	2712.0	2745.0	2758.0	2808.0
30501.0	12700.0	13851.0	16779.0	17752.0	19183.0	21077.0	22604.0
29101.0	167.0	184.0	206.0	238.0	261.0	277.0	298.0
29102.0	331.0	435.0	547.0	591.0	607.0	623.0	638.0
10900.0	18198.0	17154.0	20228.0	20733.0	21118.0	21657.0	22024.0
10402.0	409.0	447.0	645.0	642.0	659.0	717.0	753.0
9300.0	45884.0	40225.0	49058.0	51483.0	53764.0	54983.0	57339.0
10001.0	3886.0	4498.0	5111.0	5276.0	5326.0	5413.0	5864.0
11002.0	636.0	700.0	798.0	816.0	833.0	1060.0	1165.0
26400.0	3168.0	3756.0	4236.0	4158.0	4687.0	4814.0	5181.0
26300.0	12560.0	10355.0	12152.0	13059.0	13767.0	14485.0	14897.0
26100.0	613.0	523.0	802.0	925.0	954.0	995.0	1048.0
26002.0	931.0	1149.0	1416.0	1421.0	1480.0	1779.0	1876.0
28600.0	826.0	724.0	1063.0	1090.0	1121.0	1141.0	1169.0
30504.0	1272.0	1414.0	1685.0	1697.0	1711.0	1731.0	1727.0
29700.0	5905.0	6012.0	7412.0	8077.0	8545.0	10122.0	13947.0
28300.0	5667.0	5590.0	6368.0	10179.0	17415.0	23302.0	26136.0
29206.0	38890.0	35873.0	43838.0	44928.0	46966.0	48020.0	49344.0
27200.0	6608.0	6023.0	6908.0	7086.0	7290.0	7807.0	8074.0
11700.0	3014.0	2080.0	3188.0	3296.0	3435.0	3724.0	4012.0
9500.0	3918.0	3191.0	3891.0	4211.0	4652.0	5011.0	5672.0
29205.0	1475.0	1766.0	1912.0	1929.0	1962.0	2007.0	2051.0
31301.0	374.0	483.0	1221.0	1467.0	1494.0	1514.0	1535.0
25701.0	1288.0	1041.0	1238.0	1350.0	1506.0	1549.0	1628.0
25302.0	15976.0	13689.0	15608.0	16021.0	16819.0	18550.0	20762.0
23201.0	881.0	1100.0	1331.0	1345.0	1386.0	1364.0	1550.0
22003.0	1125.0	1361.0	1459.0	1477.0	1497.0	1512.0	1559.0
7000.0	1452.0	1909.0	2032.0	2007.0	2036.0	2064.0	2184.0
11200.0	6803.0	5776.0	7340.0	7399.0	7574.0	7668.0	8172.0
30600.0	2461.0	2946.0	3209.0	3320.0	3450.0	3767.0	4150.0
25301.0	8395.0	7092.0	7587.0	8039.0	8149.0	8479.0	8918.0
8800.0	188.0	186.0	260.0	266.0	274.0	371.0	383.0
8900.0	1591.0	1199.0	1673.0	1751.0	1824.0	1860.0	1868.0
9000.0	6337.0	4014.0	6256.0	6517.0	7156.0	7697.0	7758.0
2500.0	690.0	668.0	742.0	752.0	761.0	768.0	809.0
9702.0	549.0	537.0	678.0	730.0	751.0	772.0	794.0
29902.0	3142.0	3021.0	3708.0	3886.0	3919.0	4028.0	4102.0
32323.0	929.0	863.0	1011.0	1035.0	1065.0	1095.0	1141.0
31703.0	633.0	1028.0	1195.0	1255.0	1284.0	1395.0	1476.0
23804.0	24602.0	28293.0	38831.0	42396.0	48306.0	55049.0	61050.0
31502.0	1635.0	1151.0	1667.0	1671.0	1708.0	1753.0	1786.0
32325.0	320.0	307.0	358.0	414.0	485.0	686.0	1180.0
31202.0	1167.0	1268.0	1378.0	1388.0	1376.0	1389.0	1429.0
28902.0	1287.0	1273.0	1525.0	1614.0	1915.0	1966.0	2239.0
24500.0	846.0	877.0	1019.0	1049.0	1084.0	1135.0	1173.0
28200.0	1326.0	1443.0	1683.0	1692.0	1683.0	1689.0	1809.0
11600.0	770.0	977.0	1070.0	1090.0	1115.0	1138.0	1158.0
12000.0	223.0	283.0	329.0	348.0	353.0	376.0	392.0
27300.0	1516.0	1200.0	1616.0	1663.0	1702.0	1782.0	1875.0
28100.0	1520.0	1209.0	1682.0	1689.0	1748.0	1801.0	1829.0
32007.0	748.0	851.0	924.0	924.0	937.0	953.0	961.0
10500.0	3247.0	3246.0	4361.0	4532.0	4932.0	6032.0	7476.0
30100.0	836.0	684.0	909.0	975.0	986.0	1019.0	1044.0
6700.0	7746.0	6818.0	8561.0	8837.0	9473.0	10240.0	10838.0
9600.0	1501.0	1746.0	2171.0	2191.0	2195.0	2211.0	2263.0
9800.0	1467.0	1742.0	2070.0	2114.0	2300.0	2396.0	2538.0
9900.0	7626.0	5826.0	8167.0	8166.0	8728.0	9320.0	10305.0
9701.0	773.0	831.0	977.0	971.0	977.0	1054.0	1165.0
29801.0	1607.0	1544.0	1953.0	1977.0	1996.0	2036.0	2063.0
6900.0	509.0	622.0	705.0	717.0	730.0	749.0	766.0
10600.0	1098.0	1172.0	1515.0	1502.0	1516.0	1809.0	1857.0
32215.0	268.0	325.0	348.0	375.0	406.0	421.0	463.0
4400.0	1778.0	1476.0	1987.0	2024.0	2140.0	2229.0	2317.0
30801.0	14054.0	9457.0	11321.0	11790.0	12482.0	13270.0	14286.0
5000.0	2833.0	3366.0	3653.0	3642.0	3658.0	3660.0	3754.0
29502.0	908.0	1180.0	1242.0	1250.0	1275.0	1302.0	1534.0
32103.0	7711.0	7030.0	13078.0	14408.0	15803.0	19172.0	25237.0
22005.0	4549.0	3918.0	4933.0	4997.0	5223.0	5677.0	6467.0
11001.0	555.0	587.0	924.0	930.0	934.0	931.0	948.0
27500.0	1342.0	1201.0	1451.0	1515.0	1596.0	1716.0	1905.0
25805.0	688.0	717.0	764.0	786.0	808.0	834.0	878.0
25806.0	3229.0	3352.0	3449.0	3456.0	3496.0	3655.0	3697.0
25400.0	1798.0	1743.0	2206.0	2316.0	2357.0	2592.0	2975.0
2800.0	720.0	937.0	1176.0	1184.0	1206.0	1223.0	1290.0
32208.0	7342.0	10842.0	14530.0	17063.0	19290.0	21034.0	27722.0
7800.0	1308.0	995.0	1249.0	1254.0	1276.0	1285.0	1327.0
5400.0	4112.0	4259.0	5281.0	5234.0	5269.0	5550.0	5615.0
30311.0	519.0	573.0	715.0	731.0	743.0	765.0	779.0
29403.0	414.0	486.0	727.0	747.0	762.0	753.0	765.0
1400.0	632.0	632.0	722.0	695.0	712.0	733.0	740.0
32210.0	2145.0	2875.0	3692.0	4212.0	4382.0	4965.0	6111.0
29003.0	1396.0	1327.0	1615.0	1730.0	1873.0	1941.0	2034.0
20402.0	734.0	811.0	920.0	911.0	927.0	874.0	873.0
30401.0	3875.0	3576.0	4051.0	4463.0	5278.0	5730.0	5777.0
4301.0	2151.0	1672.0	2226.0	2148.0	2513.0	3416.0	3754.0
30308.0	426.0	500.0	578.0	590.0	609.0	633.0	656.0
30312.0	597.0	635.0	782.0	796.0	811.0	825.0	841.0
21700.0	2260.0	1810.0	2446.0	2488.0	2266.0	1914.0	1737.0
29305.0	406.0	501.0	542.0	549.0	574.0	589.0	575.0
27400.0	1697.0	2459.0	2859.0	2907.0	3142.0	3203.0	3412.0
32401.0	1339.0	1593.0	1738.0	1755.0	1791.0	1849.0	1892.0
32207.0	842.0	1209.0	1241.0	1244.0	1252.0	1259.0	1272.0
27702.0	669.0	735.0	844.0	844.0	864.0	916.0	929.0
51917.0	298.0	318.0	364.0	382.0	396.0	411.0	433.0
21600.0	1271.0	1019.0	1268.0	1246.0	1221.0	1065.0	1038.0
31400.0	3389.0	4194.0	4710.0	4915.0	5091.0	5204.0	5399.0
70207.0	2064.0	2226.0	2646.0	2661.0	2704.0	2780.0	2860.0
22500.0	9097.0	8075.0	9430.0	10316.0	11376.0	13467.0	15433.0
31501.0	303.0	228.0	293.0	301.0	310.0	317.0	328.0
31603.0	774.0	1215.0	1885.0	2031.0	2116.0	2342.0	2455.0
32702.0	460.0	633.0	797.0	837.0	1004.0	1100.0	1381.0
27701.0	2390.0	2432.0	2716.0	2777.0	2860.0	2986.0	3318.0
31601.0	616.0	665.0	708.0	744.0	788.0	816.0	829.0
31204.0	668.0	742.0	968.0	962.0	979.0	992.0	1022.0
12100.0	133.0	143.0	181.0	179.0	192.0	197.0	213.0
26600.0	617.0	720.0	764.0	786.0	796.0	826.0	876.0
26001.0	896.0	782.0	945.0	1002.0	1046.0	1130.0	1142.0
25006.0	129.0	194.0	240.0	258.0	281.0	317.0	346.0
31906.0	307.0	382.0	430.0	437.0	461.0	495.0	521.0
31800.0	818.0	985.0	1076.0	1092.0	1135.0	1195.0	1267.0
32003.0	1110.0	1342.0	1714.0	1900.0	1836.0	1862.0	1912.0
32002.0	422.0	406.0	436.0	441.0	460.0	470.0	492.0
3300.0	901.0	1104.0	1298.0	1317.0	1334.0	1385.0	1454.0
26700.0	546.0	535.0	665.0	678.0	695.0	731.0	836.0
11402.0	1066.0	1397.0	1495.0	1506.0	1522.0	1542.0	1649.0
32324.0	595.0	534.0	626.0	648.0	897.0	1091.0	1250.0
32313.0	11193.0	9881.0	12358.0	13065.0	13742.0	14507.0	15075.0
32402.0	526.0	670.0	758.0	769.0	793.0	821.0	872.0
32315.0	545.0	543.0	645.0	652.0	687.0	712.0	751.0
32102.0	523.0	451.0	543.0	558.0	583.0	604.0	618.0
32703.0	860.0	1153.0	1247.0	1256.0	1365.0	1575.0	1750.0
32602.0	1055.0	1925.0	2034.0	2055.0	2080.0	2118.0	2183.0
32800.0	625.0	486.0	619.0	680.0	778.0	937.0	1132.0
4800.0	2499.0	2771.0	3194.0	3213.0	3272.0	3328.0	3368.0
24300.0	4739.0	4657.0	5685.0	5854.0	5875.0	6073.0	6323.0
23300.0	1318.0	1451.0	1631.0	1648.0	1671.0	1698.0	1667.0
23100.0	145.0	172.0	218.0	229.0	240.0	255.0	272.0
32213.0	381.0	429.0	473.0	475.0	491.0	507.0	530.0
32601.0	557.0	1086.0	1120.0	1133.0	1154.0	1179.0	1217.0
8001.0	12753.0	9966.0	11601.0	11684.0	12399.0	12422.0	12483.0
2900.0	769.0	826.0	893.0	828.0	828.0	884.0	970.0
3000.0	1048.0	1081.0	1219.0	1221.0	1232.0	1251.0	1456.0
32309.0	18008.0	16101.0	18736.0	19596.0	21325.0	29724.0	49234.0
32320.0	1142.0	974.0	1175.0	1197.0	1214.0	1262.0	1296.0
2200.0	643.0	407.0	453.0	464.0	466.0	476.0	497.0
32500.0	1241.0	1056.0	1521.0	1572.0	1611.0	1707.0	1925.0
20200.0	1646.0	1632.0	1911.0	1973.0	2020.0	2043.0	2073.0
20800.0	546.0	501.0	563.0	575.0	585.0	595.0	593.0
51912.0	2238.0	2147.0	2942.0	3325.0	3626.0	4006.0	4122.0
20300.0	2245.0	2237.0	3186.0	3488.0	4067.0	4689.0	7401.0
30901.0	1624.0	1788.0	2109.0	2225.0	2289.0	2334.0	2374.0
11401.0	430.0	535.0	593.0	619.0	647.0	664.0	707.0
28402.0	20871.0	15475.0	18893.0	19732.0	20533.0	21852.0	22725.0
22803.0	37741.0	47519.0	61086.0	62269.0	60680.0	61328.0	63578.0
4900.0	4006.0	4503.0	5366.0	5382.0	5367.0	5431.0	5503.0
31704.0	614.0	1064.0	1176.0	1189.0	1207.0	1278.0	1660.0
401.0	2296.0	1991.0	2381.0	2516.0	2583.0	3968.0	4551.0
24601.0	609.0	603.0	743.0	751.0	762.0	792.0	813.0
21904.0	2467.0	2174.0	2843.0	2986.0	3021.0	3035.0	3148.0
6100.0	4677.0	3813.0	5098.0	5104.0	5106.0	5137.0	5181.0
6600.0	7946.0	6892.0	7531.0	7741.0	8230.0	8963.0	9761.0
25200.0	686.0	653.0	830.0	879.0	902.0	949.0	1013.0
32704.0	2550.0	3418.0	4032.0	4653.0	5367.0	6913.0	9785.0
29307.0	496.0	532.0	610.0	644.0	669.0	710.0	749.0
21500.0	469.0	553.0	634.0	646.0	659.0	660.0	577.0
29802.0	701.0	735.0	897.0	954.0	1065.0	1160.0	1245.0
7401.0	886.0	996.0	1022.0	1043.0	1072.0	1084.0	1138.0
29503.0	2610.0	2641.0	3349.0	3389.0	3423.0	3333.0	3462.0
7402.0	1256.0	1520.0	1512.0	1539.0	1621.0	1794.0	1873.0
28500.0	2145.0	1594.0	2503.0	2639.0	2710.0	2598.0	2746.0
22102.0	676.0	515.0	715.0	746.0	785.0	818.0	863.0
21802.0	7428.0	7758.0	8348.0	8370.0	8417.0	8546.0	8383.0
32322.0	301.0	255.0	294.0	300.0	316.0	341.0	367.0
25602.0	653.0	580.0	719.0	756.0	777.0	802.0	829.0
23700.0	29240.0	23076.0	31701.0	33266.0	35571.0	39586.0	44801.0
300.0	612.0	543.0	700.0	719.0	1052.0	1131.0	1306.0
10300.0	1908.0	2179.0	2874.0	2910.0	2952.0	3234.0	3504.0
3900.0	481.0	428.0	436.0	441.0	446.0	455.0	478.0
7300.0	19362.0	16814.0	30172.0	34668.0	42158.0	44477.0	45095.0
6200.0	839.0	743.0	914.0	919.0	962.0	981.0	1000.0
21000.0	1560.0	1569.0	1811.0	1531.0	1482.0	1457.0	1587.0
5600.0	1130.0	1027.0	1103.0	1098.0	1095.0	1113.0	1149.0
31605.0	366.0	461.0	910.0	1045.0	1250.0	1646.0	3427.0
7500.0	6064.0	7733.0	7740.0	8131.0	8275.0	8516.0	8783.0
23401.0	11242.0	13285.0	13594.0	13454.0	13555.0	13201.0	13270.0
22605.0	5904.0	4478.0	5692.0	5935.0	6125.0	6412.0	6371.0
11800.0	1534.0	1263.0	1615.0	1612.0	1626.0	1790.0	1890.0
11900.0	305.0	254.0	343.0	339.0	356.0	376.0	411.0
25102.0	1062.0	938.0	1232.0	1304.0	1325.0	1436.0	1713.0
25005.0	812.0	977.0	1656.0	1710.0	1727.0	1733.0	1765.0
32214.0	1206.0	1456.0	1592.0	1636.0	1682.0	1738.0	1809.0
3100.0	616.0	582.0	666.0	680.0	691.0	704.0	760.0
4000.0	247.0	263.0	321.0	327.0	331.0	337.0	338.0
32329.0	172.0	296.0	807.0	1625.0	2039.0	2112.0	2146.0
22604.0	2231.0	1938.0	2755.0	2796.0	2946.0	2975.0	3129.0
32319.0	9690.0	7342.0	9856.0	9990.0	10157.0	10820.0	11687.0
32311.0	682.0	669.0	813.0	846.0	867.0	893.0	931.0
27900.0	6497.0	5812.0	7683.0	7869.0	7960.0	8634.0	9276.0
21906.0	3697.0	3385.0	4352.0	4356.0	4227.0	4160.0	4193.0
10401.0	326.0	369.0	504.0	506.0	521.0	557.0	603.0
24000.0	5956.0	4749.0	6179.0	6282.0	6329.0	6326.0	6266.0
28403.0	3007.0	2576.0	3086.0	3150.0	3279.0	3306.0	3352.0
27800.0	207.0	191.0	269.0	278.0	286.0	299.0	314.0
28700.0	606.0	437.0	605.0	611.0	636.0	668.0	682.0
8002.0	5733.0	4487.0	5970.0	6940.0	8060.0	8270.0	8271.0
30201.0	846.0	738.0	924.0	942.0	965.0	995.0	1070.0
23604.0	1386.0	986.0	1261.0	1303.0	1344.0	1381.0	1425.0
24100.0	830.0	834.0	956.0	974.0	1000.0	1054.0	1095.0
31205.0	587.0	656.0	897.0	930.0	969.0	1010.0	1070.0
30802.0	419.0	352.0	438.0	453.0	468.0	494.0	533.0
22203.0	737.0	717.0	868.0	885.0	907.0	934.0	960.0
22201.0	655.0	731.0	903.0	924.0	951.0	971.0	1004.0
30003.0	1369.0	1137.0	2185.0	2271.0	2302.0	2364.0	2403.0
31903.0	872.0	1010.0	1189.0	1207.0	1248.0	1287.0	1340.0
30202.0	2257.0	2108.0	2582.0	2611.0	2625.0	2621.0	2374.0
200.0	1016.0	858.0	1182.0	1216.0	1163.0	1254.0	1851.0
31100.0	2540.0	2420.0	2685.0	2697.0	2717.0	2822.0	2982.0
28801.0	3221.0	2419.0	3229.0	3484.0	4077.0	4560.0	5360.0
32203.0	828.0	755.0	855.0	860.0	887.0	943.0	995.0
22902.0	463.0	700.0	766.0	788.0	818.0	845.0	883.0
5900.0	3366.0	3300.0	3690.0	3817.0	4055.0	4297.0	4449.0
1300.0	2898.0	2762.0	3656.0	3841.0	3976.0	4258.0	4888.0
27100.0	620.0	946.0	1203.0	1208.0	1238.0	1265.0	1294.0
22901.0	483.0	603.0	633.0	643.0	653.0	672.0	675.0
23000.0	2002.0	2056.0	2945.0	3129.0	3173.0	3254.0	3799.0
30004.0	271.0	293.0	564.0	581.0	610.0	616.0	642.0
22801.0	2742.0	2383.0	3255.0	3447.0	3480.0	3725.0	4002.0
5802.0	4802.0	3750.0	5104.0	5488.0	5778.0	5945.0	6821.0
5700.0	1406.0	1629.0	1844.0	1915.0	2007.0	2242.0	2696.0
22101.0	1273.0	913.0	1209.0	1238.0	1274.0	1310.0	1333.0
21903.0	7705.0	7338.0	8600.0	8833.0	9206.0	10434.0	11950.0
29303.0	1886.0	1935.0	2157.0	2206.0	2128.0	2144.0	2044.0
6000.0	3131.0	3640.0	3924.0	3902.0	3906.0	3959.0	3980.0
24702.0	610.0	1099.0	1548.0	1852.0	1877.0	1929.0	2017.0
23900.0	740.0	641.0	741.0	756.0	782.0	808.0	847.0
11500.0	259.0	598.0	700.0	686.0	702.0	818.0	833.0
20500.0	1421.0	1656.0	1736.0	1597.0	1580.0	1437.0	1473.0
32327.0	480.0	491.0	591.0	601.0	612.0	687.0	699.0
30005.0	521.0	512.0	920.0	1103.0	1123.0	1142.0	1185.0
9400.0	6816.0	6749.0	7538.0	7772.0	8284.0	8605.0	9171.0
29602.0	113.0	172.0	221.0	237.0	253.0	283.0	308.0
20700.0	2587.0	2631.0	3061.0	2953.0	3284.0	3701.0	4602.0
23803.0	7399.0	11538.0	13802.0	14301.0	15312.0	20451.0	27220.0
1200.0	5945.0	5873.0	6590.0	6562.0	6655.0	7358.0	8366.0
20600.0	450.0	440.0	533.0	547.0	575.0	603.0	631.0
52113.0	243.0	246.0	305.0	304.0	322.0	346.0	359.0
21803.0	2381.0	3577.0	4385.0	4658.0	4877.0	5355.0	5708.0
22603.0	1433.0	1299.0	1663.0	1701.0	1755.0	1871.0	1994.0
23601.0	11140.0	7675.0	12396.0	12569.0	12699.0	12544.0	12215.0
30902.0	1071.0	988.0	1068.0	1088.0	1154.0	1359.0	1418.0
32211.0	647.0	923.0	996.0	1027.0	1062.0	1092.0	1136.0
29304.0	341.0	392.0	460.0	501.0	520.0	568.0	613.0
20900.0	3771.0	3301.0	3758.0	3558.0	3475.0	3491.0	3598.0
20401.0	779.0	994.0	1153.0	1161.0	1161.0	976.0	970.0
29901.0	529.0	541.0	604.0	611.0	649.0	687.0	723.0
32212.0	621.0	807.0	898.0	913.0	947.0	991.0	1020.0
26801.0	723.0	882.0	1150.0	1171.0	1176.0	1151.0	1319.0
22802.0	452.0	468.0	2016.0	2027.0	2175.0	2789.0	3842.0
32318.0	705.0	681.0	802.0	814.0	862.0	897.0	946.0
70307.0	271.0	376.0	435.0	435.0	456.0	469.0	482.0
31604.0	469.0	513.0	610.0	636.0	655.0	685.0	725.0
24602.0	607.0	614.0	807.0	832.0	854.0	872.0	902.0
8300.0	8471.0	8243.0	8980.0	9097.0	9093.0	9091.0	9098.0
32104.0	1617.0	1526.0	1840.0	1902.0	1970.0	2093.0	2235.0
3200.0	2233.0	2448.0	2950.0	2972.0	2993.0	3484.0	3770.0
2400.0	627.0	599.0	692.0	699.0	694.0	730.0	1113.0
22606.0	842.0	764.0	922.0	942.0	958.0	983.0	1027.0
32326.0	977.0	960.0	1124.0	1133.0	1168.0	1235.0	1251.0
5801.0	4790.0	4118.0	5647.0	5694.0	5727.0	5813.0	5953.0
22300.0	301.0	387.0	476.0	498.0	540.0	550.0	571.0
600.0	5814.0	5018.0	6492.0	6855.0	6990.0	7080.0	7614.0
21804.0	1120.0	1375.0	1468.0	1618.0	1711.0	1769.0	2027.0
31302.0	976.0	1154.0	1378.0	1422.0	1456.0	1497.0	1551.0
24902.0	168.0	226.0	282.0	291.0	310.0	337.0	362.0
4700.0	8831.0	9511.0	11010.0	11129.0	12120.0	13431.0	15382.0
11101.0	533.0	584.0	697.0	708.0	710.0	737.0	793.0
4100.0	5483.0	7594.0	7189.0	7505.0	7806.0	8166.0	8408.0
30314.0	5171.0	4827.0	5880.0	5910.0	5937.0	5928.0	5395.0
24800.0	8499.0	9178.0	9822.0	9878.0	9823.0	9683.0	9737.0
25500.0	282.0	306.0	445.0	472.0	486.0	714.0	783.0
70100.0	1152.0	591.0	933.0	1067.0	1101.0	1168.0	1206.0
32006.0	401.0	426.0	548.0	564.0	585.0	594.0	608.0
29306.0	333.0	400.0	1133.0	1146.0	1170.0	1192.0	1229.0
23500.0	507.0	369.0	481.0	484.0	497.0	512.0	524.0
23801.0	6709.0	6159.0	6875.0	7185.0	7534.0	7623.0	7630.0
2600.0	1155.0	1177.0	1463.0	1488.0	1544.0	1632.0	1724.0
3800.0	650.0	631.0	746.0	754.0	754.0	762.0	813.0
32328.0	879.0	1007.0	1102.0	1109.0	1142.0	1177.0	1200.0
2100.0	928.0	915.0	1074.0	1081.0	1124.0	1148.0	1243.0
7100.0	13383.0	12065.0	13791.0	14222.0	14350.0	14607.0	14801.0
3500.0	952.0	1074.0	1296.0	1295.0	1290.0	1371.0	1393.0
3400.0	367.0	463.0	568.0	569.0	569.0	573.0	646.0
1500.0	163.0	149.0	186.0	193.0	206.0	212.0	225.0
1600.0	978.0	990.0	1177.0	1188.0	1149.0	1175.0	1303.0
700.0	1447.0	1188.0	1422.0	1443.0	1580.0	1872.0	2282.0
5100.0	1188.0	1381.0	1745.0	1737.0	1742.0	1764.0	1768.0
6500.0	1174.0	717.0	875.0	870.0	867.0	921.0	943.0
26500.0	687.0	791.0	871.0	899.0	916.0	1007.0	1096.0
2700.0	995.0	1163.0	1410.0	1420.0	1416.0	1437.0	1476.0
30006.0	3553.0	3281.0	3992.0	4060.0	4247.0	4565.0	7509.0
22001.0	941.0	881.0	1321.0	1339.0	1370.0	1401.0	1421.0
1702.0	823.0	879.0	970.0	984.0	991.0	995.0	1161.0
28901.0	1696.0	1663.0	2254.0	2265.0	2417.0	2517.0	2528.0
28000.0	1565.0	1330.0	1860.0	1970.0	2063.0	2423.0	2675.0
24701.0	499.0	646.0	660.0	670.0	678.0	701.0	722.0
29204.0	1314.0	1348.0	1912.0	2301.0	2304.0	2372.0	2434.0
10002.0	789.0	956.0	1033.0	1036.0	1054.0	1107.0	1113.0
402.0	1655.0	1495.0	1838.0	1910.0	2421.0	2434.0	2622.0
22006.0	671.0	591.0	735.0	898.0	915.0	928.0	984.0
30305.0	524.0	560.0	705.0	729.0	756.0	783.0	843.0
22202.0	981.0	1603.0	2118.0	2152.0	2176.0	2280.0	2313.0
9100.0	2594.0	2497.0	3150.0	3963.0	5170.0	5825.0	5954.0
26802.0	791.0	837.0	1022.0	1060.0	1083.0	1146.0	1218.0
22400.0	4024.0	3345.0	4578.0	4664.0	5016.0	5073.0	6057.0
53801.0	350.0	325.0	462.0	476.0	487.0	533.0	592.0
24200.0	519.0	585.0	699.0	712.0	724.0	746.0	763.0
23403.0	5980.0	5426.0	7679.0	7953.0	7964.0	8134.0	8357.0
7200.0	23286.0	20050.0	32000.0	41808.0	46591.0	50896.0	51473.0
21100.0	2009.0	2382.0	2628.0	2654.0	2691.0	2483.0	2567.0
29405.0	307.0	332.0	435.0	449.0	466.0	488.0	541.0
8400.0	5227.0	5131.0	5008.0	5144.0	5373.0	5772.0	6063.0
24400.0	1022.0	947.0	1157.0	1159.0	1166.0	1170.0	1187.0
8200.0	24656.0	19316.0	24619.0	26505.0	26669.0	26703.0	26772.0
30310.0	986.0	942.0	1597.0	1609.0	1631.0	1662.0	1709.0
32010.0	1007.0	1334.0	1649.0	1767.0	1868.0	2042.0	2166.0
7600.0	2889.0	2356.0	3091.0	3086.0	3167.0	3210.0	3251.0
11102.0	673.0	776.0	940.0	959.0	970.0	980.0	1010.0
24903.0	428.0	503.0	564.0	587.0	613.0	645.0	673.0
5302.0	22751.0	26178.0	29447.0	29870.0	30107.0	30664.0	31450.0
4600.0	462.0	543.0	826.0	825.0	839.0	895.0	916.0
29408.0	233.0	225.0	253.0	265.0	267.0	280.0	289.0
25803.0	539.0	570.0	622.0	411.0	416.0	429.0	440.0
29504.0	1029.0	1210.0	1687.0	1711.0	1746.0	1862.0	1894.0
29407.0	801.0	964.0	1204.0	1230.0	1236.0	1259.0	1279.0
1000.0	882.0	798.0	965.0	943.0	965.0	994.0	1014.0
31706.0	1691.0	2410.0	3021.0	3049.0	3079.0	3108.0	3151.0
32005.0	759.0	877.0	1092.0	1111.0	1143.0	1168.0	1199.0
32316.0	542.0	498.0	595.0	603.0	621.0	649.0	673.0
1701.0	1178.0	1215.0	1860.0	2602.0	2890.0	3130.0	3164.0
27000.0	338.0	360.0	387.0	393.0	396.0	408.0	391.0
6800.0	1828.0	2134.0	2181.0	2197.0	2217.0	2558.0	2644.0
800.0	290.0	240.0	297.0	307.0	310.0	315.0	327.0
900.0	152.0	117.0	161.0	172.0	171.0	176.0	181.0
21400.0	870.0	938.0	1169.0	1180.0	1198.0	1217.0	1231.0
23603.0	2363.0	1766.0	2551.0	2554.0	2533.0	2541.0	2351.0
3600.0	2534.0	2700.0	3177.0	3223.0	3191.0	3247.0	3488.0
5200.0	2710.0	2162.0	3572.0	3679.0	4043.0	4206.0	4430.0
4500.0	376.0	327.0	378.0	390.0	396.0	483.0	521.0
5301.0	6557.0	4839.0	6180.0	6574.0	7597.0	8788.0	9356.0
22702.0	884.0	718.0	935.0	982.0	1010.0	1048.0	1068.0
22701.0	5892.0	4955.0	6684.0	6725.0	7007.0	7049.0	7289.0
22703.0	735.0	654.0	791.0	804.0	819.0	821.0	833.0
29406.0	266.0	284.0	450.0	462.0	488.0	514.0	544.0
30700.0	1543.0	1368.0	2005.0	2027.0	2029.0	2029.0	2050.0
500.0	226.0	185.0	237.0	241.0	248.0	259.0	273.0
4302.0	769.0	632.0	844.0	836.0	834.0	830.0	829.0
1800.0	546.0	532.0	840.0	896.0	1092.0	1586.0	1862.0
1900.0	4920.0	4466.0	5300.0	5386.0	5629.0	6705.0	6761.0
31909.0	486.0	441.0	534.0	542.0	582.0	593.0	623.0
10200.0	354.0	451.0	518.0	529.0	543.0	554.0	569.0
31206.0	1180.0	1200.0	1431.0	1493.0	1556.0	1612.0	1666.0
4200.0	1547.0	2307.0	2337.0	2343.0	2319.0	2350.0	2381.0
21905.0	957.0	948.0	1093.0	1131.0	1160.0	1183.0	1228.0
8500.0	20085.0	19754.0	21128.0	21755.0	23247.0	23528.0	23797.0
7700.0	922.0	749.0	976.0	984.0	1191.0	1200.0	1260.0
21300.0	700.0	851.0	907.0	919.0	930.0	882.0	895.0
30306.0	556.0	647.0	776.0	798.0	831.0	872.0	914.0
940001.0	2934.0	7446.0	7101.0	7034.0	6914.0	6926.0	7297.0
30313.0	7651.0	7173.0	9455.0	9524.0	9579.0	9986.0	10287.0
10701.0	369.0	505.0	525.0	535.0	540.0	550.0	556.0
32317.0	1480.0	1241.0	1296.0	1258.0	1255.0	1238.0	1230.0
31000.0	603.0	446.0	578.0	643.0	681.0	772.0	877.0
25601.0	1247.0	1237.0	2031.0	2527.0	2555.0	2601.0	2695.0
6300.0	1979.0	1585.0	2056.0	2069.0	2074.0	2096.0	2170.0
31904.0	651.0	796.0	920.0	934.0	956.0	976.0	1010.0
24901.0	460.0	522.0	584.0	593.0	616.0	660.0	680.0
32321.0	1221.0	1002.0	1269.0	1283.0	1312.0	1349.0	1404.0
30403.0	168.0	210.0	270.0	291.0	302.0	323.0	345.0
25702.0	61.0	79.0	108.0	127.0	144.0	170.0	206.0
30304.0	2145.0	2073.0	3259.0	3399.0	3442.0	3661.0	3797.0
30404.0	328.0	360.0	477.0	507.0	504.0	538.0	571.0
10800.0	1769.0	2013.0	2221.0	2278.0	2396.0	2727.0	3522.0
8700.0	3924.0	3083.0	4128.0	4043.0	4043.0	4060.0	4070.0
27600.0	692.0	615.0	806.0	822.0	884.0	902.0	924.0
11300.0	2405.0	2379.0	2737.0	2865.0	3104.0	3414.0	4058.0
10100.0	1617.0	1732.0	2111.0	2171.0	2187.0	2274.0	2374.0
30309.0	2074.0	2256.0	2569.0	2598.0	2611.0	2637.0	2684.0
29203.0	3621.0	3887.0	4305.0	4973.0	6667.0	8058.0	12900.0
25003.0	906.0	1025.0	1362.0	1380.0	1412.0	1443.0	1375.0
31908.0	1010.0	967.0	1130.0	1141.0	1149.0	1221.0	1242.0
31907.0	399.0	380.0	468.0	497.0	508.0	533.0	581.0
6400.0	406.0	379.0	468.0	476.0	496.0	500.0	504.0
7900.0	1657.0	1313.0	1975.0	2314.0	2389.0	2718.0	2853.0
23202.0	2533.0	2796.0	2981.0	3122.0	3111.0	3007.0	3040.0
25804.0	565.0	479.0	552.0	566.0	578.0	600.0	642.0
32008.0	181.0	231.0	284.0	299.0	314.0	335.0	348.0
100.0	3377.0	2412.0	3024.0	3317.0	3683.0	4280.0	4597.0
29001.0	687.0	713.0	824.0	836.0	849.0	869.0	889.0
29004.0	1393.0	1336.0	1991.0	2123.0	2503.0	3614.0	3877.0
31705.0	406.0	656.0	733.0	751.0	759.0	786.0	817.0
25001.0	648.0	912.0	1003.0	1018.0	1042.0	1074.0	1102.0
32011.0	553.0	656.0	957.0	1130.0	1361.0	1725.0	1795.0
23404.0	501.0	614.0	669.0	671.0	677.0	683.0	703.0
940002.0	11339.0	10926.0	12603.0	13078.0	13254.0	13404.0	13606.0
10702.0	254.0	326.0	373.0	381.0	381.0	415.0	475.0
9200.0	4779.0	4600.0	6024.0	6956.0	8352.0	9443.0	9709.0
940005.0	705.0	712.0	824.0	978.0	999.0	1016.0	1037.0
1100.0	603.0	514.0	625.0	625.0	624.0	841.0	938.0
2000.0	656.0	607.0	766.0	775.0	783.0	720.0	749.0
73500.0	1299.0	1376.0	1810.0	1802.0	1869.0	1919.0	2000.0
51914.0	328.0	396.0	484.0	488.0	504.0	522.0	542.0
70315.0	416.0	531.0	568.0	586.0	612.0	641.0	679.0
70316.0	7.0	302.0	321.0	332.0	338.0	358.0	365.0
990100.0	0.0	0.0	0.0	0.0	0.0	0.0	0.0
92901.0	261.0	381.0	547.0	660.0	927.0	1028.0	1104.0
92803.0	98.0	117.0	143.0	143.0	161.0	169.0	176.0
92902.0	624.0	692.0	775.0	777.0	827.0	850.0	891.0
92802.0	327.0	385.0	435.0	443.0	451.0	468.0	485.0
72503.0	393.0	493.0	812.0	902.0	918.0	937.0	949.0
72601.0	414.0	569.0	769.0	764.0	783.0	805.0	838.0
92200.0	2200.0	2487.0	2708.0	2725.0	2760.0	2782.0	2826.0
92100.0	2031.0	2671.0	3872.0	4082.0	4276.0	4536.0	5258.0
92000.0	324.0	356.0	467.0	474.0	481.0	500.0	518.0
92300.0	2378.0	2249.0	3309.0	3400.0	3408.0	3449.0	3476.0
92801.0	961.0	1041.0	1282.0	1307.0	1383.0	1410.0	1413.0
92704.0	487.0	491.0	577.0	606.0	627.0	641.0	659.0
92701.0	565.0	507.0	660.0	684.0	694.0	726.0	813.0
92400.0	949.0	1011.0	1376.0	1412.0	1435.0	1500.0	1571.0
91800.0	1239.0	1506.0	1585.0	1591.0	1592.0	1607.0	1615.0
91302.0	667.0	770.0	1150.0	1384.0	1515.0	1774.0	2256.0
80200.0	2106.0	1819.0	2239.0	2247.0	2256.0	2270.0	2290.0
80102.0	1151.0	1259.0	1793.0	2006.0	2141.0	2150.0	2294.0
91301.0	405.0	399.0	472.0	478.0	496.0	519.0	539.0
80101.0	164.0	192.0	248.0	254.0	264.0	266.0	276.0
91900.0	880.0	1079.0	1112.0	1134.0	1166.0	1223.0	924.0
80700.0	1007.0	903.0	1016.0	1019.0	1021.0	1035.0	1095.0
91400.0	201.0	185.0	260.0	272.0	291.0	336.0	357.0
80600.0	1371.0	1173.0	1344.0	1402.0	1454.0	1524.0	1591.0
80900.0	3122.0	2871.0	3828.0	4130.0	4746.0	5593.0	6193.0
80800.0	464.0	463.0	549.0	569.0	570.0	576.0	586.0
80500.0	2635.0	2762.0	3104.0	3398.0	4011.0	4826.0	5833.0
80300.0	3324.0	3013.0	3729.0	3788.0	3797.0	3804.0	3745.0
80400.0	788.0	689.0	976.0	987.0	1006.0	1015.0	937.0
81200.0	524.0	494.0	605.0	612.0	748.0	989.0	1222.0
81000.0	1202.0	1144.0	1458.0	1490.0	1575.0	1648.0	1693.0
81100.0	1898.0	1915.0	2279.0	2384.0	2477.0	2774.0	3171.0
81400.0	10997.0	11282.0	12678.0	12787.0	12855.0	13015.0	13412.0
92500.0	1961.0	2053.0	2389.0	2433.0	2481.0	2536.0	2591.0
91000.0	845.0	994.0	1090.0	1133.0	1159.0	1201.0	1268.0
92600.0	390.0	408.0	634.0	646.0	661.0	675.0	691.0
91100.0	1703.0	2145.0	2386.0	2416.0	2436.0	2492.0	2578.0
91203.0	483.0	501.0	585.0	600.0	623.0	658.0	701.0
90400.0	744.0	1073.0	1376.0	1399.0	1416.0	1457.0	1523.0
90300.0	2175.0	3881.0	4260.0	4391.0	4499.0	4544.0	4626.0
91700.0	461.0	590.0	634.0	654.0	684.0	717.0	762.0
91204.0	1334.0	1541.0	1654.0	1837.0	1953.0	1958.0	1958.0
91201.0	7611.0	8267.0	9193.0	9311.0	9465.0	9811.0	9943.0
91500.0	552.0	590.0	647.0	632.0	653.0	683.0	702.0
91600.0	997.0	1167.0	1456.0	1471.0	1496.0	1515.0	1573.0
90700.0	984.0	1070.0	1164.0	1175.0	1225.0	1238.0	1254.0
90800.0	976.0	1375.0	1521.0	1678.0	1695.0	1704.0	1725.0
90900.0	4328.0	4706.0	5621.0	5658.0	5867.0	6213.0	6274.0
90202.0	811.0	1252.0	1347.0	1394.0	1466.0	1536.0	1676.0
90201.0	739.0	1349.0	1906.0	1996.0	2119.0	2192.0	2245.0
90502.0	1890.0	1669.0	2069.0	2101.0	2127.0	2229.0	2321.0
90501.0	3777.0	3599.0	4201.0	4206.0	4218.0	4270.0	4330.0
940100.0	1215.0	1708.0	1798.0	1803.0	1825.0	1841.0	1925.0
90102.0	1655.0	2021.0	2442.0	2498.0	2586.0	2679.0	2803.0
90101.0	844.0	918.0	1173.0	1269.0	1462.0	1748.0	1963.0
940000.0	147.0	150.0	201.0	208.0	222.0	233.0	254.0
900202.0	0.0	0.0	0.0	0.0	0.0	0.0	0.0
72603.0	932.0	1134.0	1316.0	1346.0	1382.0	1417.0	1471.0
72602.0	538.0	698.0	905.0	904.0	922.0	982.0	1004.0
72800.0	4224.0	3463.0	4616.0	4621.0	4630.0	4735.0	5194.0
72906.0	5841.0	12429.0	14202.0	14555.0	14752.0	15023.0	15400.0
72109.0	807.0	581.0	747.0	787.0	804.0	826.0	853.0
72903.0	1277.0	1318.0	1839.0	2289.0	2687.0	2857.0	2892.0
72410.0	236.0	200.0	255.0	270.0	279.0	283.0	284.0
72504.0	1235.0	1381.0	1733.0	1835.0	2024.0	2100.0	2257.0
72405.0	395.0	422.0	469.0	483.0	501.0	519.0	531.0
72406.0	642.0	858.0	1154.0	1170.0	1182.0	1203.0	1226.0
72408.0	2818.0	3122.0	3883.0	3952.0	3967.0	3983.0	4001.0
72409.0	181.0	195.0	256.0	255.0	264.0	271.0	276.0
72505.0	1265.0	2371.0	2932.0	3235.0	3314.0	3373.0	3463.0
73006.0	693.0	550.0	635.0	637.0	651.0	658.0	688.0
73001.0	955.0	1117.0	1590.0	1843.0	2115.0	2453.0	2487.0
71902.0	983.0	1109.0	1378.0	1377.0	1396.0	1407.0	1636.0
71901.0	5017.0	4368.0	5451.0	5484.0	5724.0	5934.0	6536.0
71805.0	1467.0	1339.0	1715.0	1768.0	1870.0	2170.0	2260.0
71807.0	8770.0	7692.0	9973.0	10057.0	10130.0	10329.0	10425.0
72107.0	1251.0	1156.0	1325.0	1384.0	1450.0	1494.0	1562.0
71706.0	745.0	676.0	1191.0	1899.0	2448.0	2889.0	2894.0
72112.0	432.0	332.0	417.0	442.0	450.0	476.0	510.0
72111.0	247.0	209.0	299.0	308.0	318.0	332.0	352.0
72108.0	354.0	401.0	553.0	564.0	585.0	603.0	623.0
71806.0	498.0	591.0	968.0	970.0	985.0	990.0	999.0
72901.0	1514.0	1586.0	2073.0	2611.0	2980.0	3017.0	3058.0
72000.0	880.0	689.0	1136.0	1181.0	1230.0	1311.0	1484.0
61100.0	4609.0	3972.0	4993.0	5055.0	5092.0	5161.0	5189.0
60800.0	991.0	976.0	1099.0	1111.0	1128.0	1155.0	1193.0
61002.0	3669.0	3495.0	4345.0	4421.0	4559.0	4673.0	4771.0
60906.0	1321.0	1172.0	1413.0	1429.0	1435.0	1455.0	1463.0
61001.0	411.0	379.0	545.0	562.0	597.0	603.0	622.0
72309.0	479.0	515.0	608.0	623.0	652.0	713.0	740.0
72311.0	2729.0	2430.0	3258.0	4045.0	4400.0	4640.0	4652.0
72310.0	1285.0	1399.0	1524.0	1541.0	1567.0	1693.0	1723.0
72305.0	1351.0	1123.0	1404.0	1405.0	1423.0	1431.0	1458.0
62801.0	1978.0	1681.0	2234.0	2378.0	2392.0	2427.0	2522.0
62600.0	18452.0	16083.0	21619.0	22504.0	23745.0	25906.0	32382.0
72313.0	321.0	285.0	365.0	382.0	388.0	287.0	274.0
72307.0	480.0	526.0	594.0	611.0	688.0	707.0	722.0
72308.0	1008.0	1090.0	1327.0	1440.0	1562.0	1742.0	1794.0
72312.0	944.0	873.0	1108.0	1114.0	1126.0	1169.0	1200.0
62802.0	887.0	706.0	947.0	957.0	1001.0	1058.0	1145.0
71803.0	1746.0	1701.0	2541.0	2572.0	2638.0	2947.0	2982.0
62900.0	1586.0	1460.0	1820.0	1968.0	2027.0	2206.0	2522.0
72106.0	1491.0	1447.0	2003.0	2023.0	2040.0	2094.0	2129.0
72105.0	2840.0	2593.0	2707.0	2705.0	2698.0	2715.0	2718.0
72507.0	2255.0	3440.0	3503.0	3525.0	3540.0	3568.0	3599.0
72506.0	175.0	205.0	220.0	231.0	242.0	258.0	265.0
72407.0	1696.0	2154.0	2699.0	2702.0	2717.0	2728.0	2730.0
60300.0	809.0	998.0	1142.0	1334.0	1550.0	1654.0	1673.0
60400.0	540.0	523.0	635.0	638.0	652.0	683.0	698.0
60904.0	406.0	516.0	1123.0	1534.0	1549.0	1613.0	1635.0
60903.0	399.0	442.0	548.0	559.0	565.0	636.0	651.0
60905.0	1136.0	1065.0	1302.0	1324.0	1367.0	1413.0	1461.0
73200.0	1337.0	1443.0	1661.0	1751.0	1829.0	1874.0	2117.0
73005.0	344.0	456.0	525.0	520.0	529.0	575.0	599.0
71406.0	1244.0	2978.0	3484.0	4168.0	5343.0	7370.0	10220.0
71407.0	717.0	835.0	923.0	951.0	990.0	1037.0	1091.0
71411.0	258.0	262.0	509.0	511.0	523.0	689.0	708.0
71410.0	1328.0	1387.0	1050.0	1129.0	1157.0	1282.0	1362.0
73115.0	580.0	436.0	471.0	473.0	475.0	490.0	504.0
73114.0	285.0	414.0	522.0	532.0	550.0	641.0	651.0
73117.0	325.0	323.0	486.0	684.0	906.0	913.0	924.0
71100.0	386.0	430.0	845.0	840.0	856.0	868.0	882.0
71305.0	2134.0	2411.0	2211.0	2287.0	2331.0	2544.0	2564.0
71601.0	990.0	911.0	1176.0	1167.0	1308.0	1438.0	1456.0
71602.0	2490.0	2078.0	2584.0	2656.0	2693.0	2776.0	2865.0
71705.0	832.0	853.0	956.0	968.0	1074.0	1334.0	1603.0
71707.0	868.0	849.0	996.0	989.0	1028.0	1038.0	1161.0
71703.0	860.0	917.0	1006.0	1025.0	1034.0	1036.0	1082.0
71704.0	374.0	354.0	394.0	402.0	423.0	578.0	590.0
71505.0	259.0	430.0	704.0	715.0	761.0	784.0	828.0
71503.0	2706.0	2348.0	2702.0	2704.0	2792.0	3183.0	3313.0
71504.0	3115.0	2619.0	2743.0	2830.0	2934.0	3077.0	3278.0
71306.0	447.0	534.0	804.0	819.0	864.0	889.0	924.0
71506.0	188.0	263.0	301.0	311.0	320.0	311.0	325.0
71403.0	1250.0	1190.0	1312.0	1324.0	1336.0	1454.0	1502.0
71408.0	989.0	1015.0	1220.0	1245.0	1325.0	1463.0	1578.0
71309.0	458.0	687.0	960.0	1185.0	1362.0	1598.0	1675.0
73108.0	1389.0	1590.0	1724.0	2052.0	2318.0	2997.0	3407.0
71409.0	327.0	402.0	403.0	411.0	419.0	446.0	476.0
60200.0	13636.0	9884.0	14868.0	16207.0	17258.0	19261.0	20082.0
61500.0	7325.0	6896.0	8414.0	8628.0	9149.0	9770.0	11177.0
61601.0	13046.0	11313.0	15423.0	17554.0	19433.0	24351.0	29912.0
61602.0	4132.0	4902.0	5361.0	5993.0	7743.0	11016.0	15081.0
61300.0	1220.0	1215.0	1497.0	1514.0	1503.0	1387.0	1403.0
61700.0	4641.0	3912.0	4570.0	4802.0	5461.0	6112.0	7320.0
61400.0	6628.0	7680.0	8261.0	8549.0	8677.0	8942.0	9341.0
60600.0	1249.0	1253.0	1541.0	1665.0	1812.0	2135.0	2568.0
61200.0	945.0	863.0	1138.0	1135.0	1120.0	1156.0	1131.0
61800.0	756.0	637.0	761.0	779.0	811.0	929.0	1033.0
940007.0	1001.0	1218.0	1376.0	1390.0	1409.0	1511.0	1581.0
940004.0	1385.0	1263.0	1427.0	1446.0	1525.0	1534.0	1549.0
63100.0	1139.0	1264.0	1455.0	1464.0	1474.0	1491.0	1493.0
940006.0	379.0	491.0	612.0	630.0	647.0	672.0	699.0
62000.0	728.0	944.0	1018.0	1040.0	1060.0	1100.0	1208.0
62300.0	277.0	473.0	515.0	536.0	543.0	565.0	583.0
63000.0	2366.0	1943.0	2648.0	2705.0	2816.0	3123.0	3138.0
62400.0	959.0	814.0	1144.0	1173.0	1200.0	1313.0	1621.0
63200.0	630.0	690.0	879.0	893.0	911.0	951.0	1021.0
63300.0	1112.0	1796.0	2184.0	2219.0	2226.0	2266.0	2304.0
71205.0	460.0	648.0	687.0	706.0	724.0	745.0	758.0
63501.0	1209.0	1191.0	1471.0	1484.0	1589.0	1608.0	1678.0
71808.0	889.0	830.0	1263.0	1309.0	1368.0	1371.0	1384.0
63400.0	1392.0	1486.0	2390.0	2412.0	2519.0	2965.0	3084.0
63502.0	239.0	298.0	370.0	379.0	389.0	399.0	464.0
940011.0	387.0	355.0	402.0	416.0	426.0	460.0	474.0
940008.0	385.0	376.0	447.0	462.0	476.0	489.0	517.0
60500.0	1404.0	1462.0	1794.0	1803.0	1811.0	1825.0	1833.0
60700.0	2114.0	1915.0	2177.0	2155.0	2147.0	1992.0	1930.0
73119.0	222.0	266.0	303.0	313.0	323.0	386.0	406.0
73113.0	441.0	523.0	558.0	568.0	585.0	600.0	668.0
73118.0	306.0	297.0	498.0	503.0	513.0	526.0	541.0
73124.0	545.0	758.0	790.0	834.0	868.0	956.0	971.0
73125.0	328.0	506.0	561.0	541.0	567.0	587.0	592.0
73116.0	317.0	296.0	315.0	319.0	323.0	324.0	827.0
70401.0	624.0	568.0	571.0	581.0	583.0	607.0	642.0
71210.0	406.0	304.0	523.0	877.0	1527.0	2700.0	5347.0
71206.0	3363.0	4017.0	4061.0	4074.0	4491.0	4617.0	5034.0
71209.0	397.0	373.0	447.0	461.0	462.0	481.0	487.0
71207.0	2794.0	2619.0	3711.0	3754.0	3814.0	3905.0	4171.0
71307.0	511.0	683.0	789.0	787.0	812.0	831.0	1043.0
71304.0	1505.0	2049.0	2073.0	2131.0	2198.0	2542.0	3186.0
71208.0	1245.0	1218.0	1271.0	1241.0	1255.0	1266.0	1286.0
73110.0	439.0	456.0	574.0	672.0	786.0	1330.0	1889.0
70203.0	167.0	437.0	712.0	1069.0	1575.0	2374.0	3085.0
70404.0	299.0	341.0	408.0	425.0	478.0	683.0	711.0
73111.0	489.0	680.0	642.0	694.0	923.0	1413.0	3041.0
73120.0	790.0	1149.0	1135.0	1167.0	1193.0	1214.0	1237.0
71310.0	511.0	688.0	784.0	757.0	758.0	771.0	810.0
73122.0	980.0	2289.0	2684.0	2972.0	3495.0	4902.0	6819.0
73123.0	181.0	187.0	193.0	197.0	334.0	607.0	1341.0
70403.0	558.0	927.0	961.0	973.0	991.0	1009.0	1029.0
73121.0	834.0	1047.0	1100.0	1193.0	1217.0	1239.0	1469.0
73126.0	6.0	20.0	27.0	31.0	31.0	103.0	352.0
70703.0	1945.0	1907.0	2432.0	2531.0	2662.0	2815.0	2874.0
73301.0	7145.0	8723.0	9316.0	9657.0	9915.0	10515.0	11253.0
940003.0	2137.0	2187.0	2488.0	2511.0	2585.0	2692.0	2712.0
940009.0	763.0	821.0	1225.0	1432.0	1490.0	1829.0	2271.0
940010.0	1732.0	3290.0	3357.0	3565.0	3798.0	4032.0	5608.0
73408.0	712.0	615.0	819.0	895.0	913.0	927.0	961.0
73407.0	3638.0	3224.0	4551.0	4662.0	4717.0	5313.0	5631.0
73302.0	1473.0	1981.0	2064.0	2091.0	2136.0	2176.0	2248.0
73404.0	2633.0	2332.0	2873.0	2895.0	3013.0	2995.0	3211.0
73406.0	2281.0	2351.0	3028.0	3121.0	3187.0	3329.0	3359.0
73405.0	3433.0	3501.0	3862.0	3866.0	3860.0	3839.0	3841.0
70311.0	259.0	590.0	691.0	706.0	724.0	740.0	757.0
70309.0	1115.0	1682.0	1733.0	1715.0	1719.0	1808.0	1915.0
70205.0	763.0	654.0	762.0	784.0	805.0	826.0	859.0
70310.0	708.0	1340.0	1635.0	1946.0	1965.0	1993.0	2029.0
70312.0	400.0	1014.0	1431.0	1629.0	1942.0	2050.0	2056.0
70204.0	134.0	190.0	208.0	213.0	229.0	248.0	267.0
70206.0	210.0	186.0	254.0	259.0	273.0	293.0	315.0
70314.0	200.0	287.0	306.0	315.0	324.0	332.0	352.0
70313.0	902.0	1227.0	1275.0	1277.0	1324.0	1387.0	1442.0
70308.0	469.0	920.0	1096.0	1092.0	1133.0	1151.0	1159.0
61900.0	1630.0	1481.0	1824.0	1836.0	1837.0	1858.0	1926.0
62500.0	1108.0	898.0	1251.0	1263.0	1297.0	1372.0	1396.0
51602.0	858.0	733.0	1187.0	1190.0	1202.0	1295.0	1485.0
41201.0	73.0	79.0	133.0	137.0	146.0	156.0	174.0
51702.0	3566.0	3086.0	4157.0	4157.0	4275.0	5045.0	8053.0
51300.0	687.0	638.0	757.0	995.0	1025.0	1254.0	1547.0
50700.0	1550.0	1205.0	1862.0	1909.0	1937.0	1974.0	2089.0
52301.0	400.0	424.0	480.0	486.0	509.0	524.0	553.0
52206.0	340.0	420.0	474.0	479.0	500.0	522.0	540.0
50300.0	430.0	512.0	667.0	682.0	712.0	746.0	768.0
50200.0	512.0	558.0	864.0	873.0	889.0	912.0	949.0
50101.0	182.0	156.0	180.0	191.0	197.0	206.0	214.0
52004.0	1131.0	1203.0	1493.0	1709.0	1836.0	1881.0	1927.0
50402.0	2690.0	2840.0	3916.0	4507.0	4890.0	4939.0	5349.0
51913.0	329.0	370.0	439.0	463.0	498.0	528.0	549.0
51905.0	2164.0	2739.0	3509.0	3600.0	3778.0	3864.0	4018.0
41704.0	2155.0	2254.0	2933.0	3017.0	3040.0	3169.0	3533.0
51701.0	2619.0	2233.0	3244.0	3540.0	3638.0	3947.0	4082.0
51802.0	5858.0	6464.0	7418.0	7764.0	8116.0	8481.0	8585.0
51400.0	7805.0	6569.0	9935.0	11154.0	13765.0	17054.0	21824.0
51927.0	466.0	597.0	702.0	712.0	746.0	816.0	841.0
51928.0	1613.0	1758.0	2043.0	2311.0	2552.0	2624.0	2920.0
51601.0	955.0	841.0	1421.0	1437.0	1474.0	1552.0	1608.0
51803.0	929.0	878.0	1053.0	1056.0	1008.0	1124.0	1324.0
51922.0	1760.0	1378.0	1581.0	1652.0	1852.0	2237.0	2457.0
51915.0	762.0	865.0	1006.0	1026.0	1065.0	1099.0	1131.0
50102.0	749.0	707.0	1086.0	1094.0	1121.0	1186.0	1326.0
51804.0	204.0	264.0	386.0	524.0	624.0	1225.0	2150.0
51921.0	758.0	634.0	582.0	655.0	705.0	720.0	748.0
51923.0	875.0	1526.0	2002.0	2228.0	2714.0	3290.0	3690.0
51916.0	784.0	848.0	1590.0	1701.0	1762.0	1796.0	1901.0
52804.0	948.0	1028.0	1364.0	1474.0	1570.0	1714.0	1817.0
41811.0	2336.0	2405.0	2851.0	2916.0	2970.0	3132.0	3527.0
41812.0	1129.0	1057.0	795.0	966.0	1027.0	1042.0	1089.0
41901.0	8006.0	6992.0	6918.0	7086.0	7235.0	7484.0	7993.0
42004.0	601.0	718.0	869.0	880.0	886.0	924.0	989.0
51500.0	4300.0	3800.0	5044.0	5174.0	5341.0	5455.0	5938.0
50401.0	1253.0	1221.0	1447.0	1503.0	1521.0	1569.0	1699.0
41703.0	596.0	740.0	781.0	864.0	921.0	964.0	1033.0
41809.0	192.0	180.0	185.0	198.0	206.0	228.0	251.0
41810.0	558.0	531.0	384.0	390.0	401.0	408.0	691.0
41608.0	417.0	463.0	619.0	641.0	670.0	694.0	733.0
41400.0	1785.0	1357.0	2250.0	2270.0	2289.0	2305.0	2344.0
53602.0	486.0	480.0	710.0	840.0	1006.0	1230.0	1546.0
53700.0	619.0	765.0	1017.0	1312.0	1559.0	2066.0	3077.0
52701.0	236.0	169.0	248.0	241.0	248.0	272.0	280.0
51000.0	5104.0	4522.0	6000.0	6339.0	6582.0	7833.0	9257.0
52906.0	466.0	410.0	508.0	526.0	534.0	551.0	579.0
52905.0	1687.0	1670.0	2317.0	2331.0	2385.0	2428.0	2442.0
51100.0	1259.0	1117.0	1615.0	1841.0	2269.0	3600.0	5855.0
40500.0	706.0	556.0	845.0	873.0	900.0	1133.0	1384.0
52208.0	2023.0	2048.0	2952.0	2979.0	3032.0	3344.0	3580.0
52203.0	2097.0	2090.0	2878.0	2866.0	2949.0	3012.0	3047.0
52207.0	347.0	479.0	519.0	517.0	543.0	552.0	569.0
42003.0	187.0	220.0	265.0	282.0	307.0	321.0	340.0
41904.0	1742.0	1911.0	2196.0	2248.0	2315.0	2480.0	2639.0
53504.0	2564.0	2329.0	2999.0	3109.0	3178.0	3412.0	3595.0
53509.0	4007.0	2851.0	4644.0	5139.0	5354.0	6110.0	7494.0
52107.0	784.0	1015.0	1112.0	1017.0	1045.0	1127.0	1138.0
52502.0	734.0	1321.0	1567.0	1607.0	1768.0	1923.0	2137.0
52105.0	739.0	952.0	1055.0	1240.0	1419.0	1797.0	2115.0
53202.0	277.0	396.0	439.0	448.0	461.0	484.0	494.0
52104.0	521.0	690.0	713.0	729.0	754.0	769.0	795.0
990002.0	5.0	6.0	5.0	6.0	5.0	5.0	5.0
41905.0	1130.0	1531.0	1547.0	1739.0	2041.0	2214.0	2422.0
53508.0	1078.0	913.0	1492.0	1601.0	1799.0	2153.0	2348.0
52108.0	1781.0	1823.0	2353.0	2406.0	2507.0	2585.0	2645.0
52401.0	2183.0	1809.0	2657.0	2678.0	2731.0	2766.0	2929.0
52503.0	812.0	853.0	1050.0	1104.0	1139.0	1171.0	1222.0
52504.0	498.0	490.0	759.0	783.0	807.0	822.0	846.0
53102.0	754.0	866.0	973.0	1001.0	1056.0	1105.0	1161.0
53505.0	259.0	274.0	348.0	347.0	360.0	416.0	445.0
41805.0	5839.0	5642.0	6413.0	6541.0	6579.0	7120.0	7581.0
52607.0	514.0	460.0	545.0	566.0	600.0	643.0	671.0
41606.0	605.0	683.0	772.0	775.0	796.0	808.0	840.0
53506.0	353.0	337.0	430.0	433.0	445.0	457.0	480.0
53302.0	606.0	567.0	775.0	798.0	1006.0	1150.0	1318.0
53101.0	146.0	543.0	951.0	1154.0	1177.0	1285.0	1301.0
53802.0	973.0	1121.0	1614.0	1624.0	1700.0	1870.0	1910.0
50600.0	95.0	77.0	103.0	102.0	105.0	107.0	111.0
52603.0	211.0	248.0	294.0	317.0	332.0	344.0	362.0
52605.0	1163.0	1545.0	1800.0	1903.0	2130.0	2618.0	2833.0
53803.0	447.0	578.0	756.0	769.0	831.0	927.0	949.0
40100.0	6678.0	6602.0	7346.0	7515.0	7578.0	7703.0	8855.0
51925.0	7800.0	9410.0	10931.0	11318.0	11716.0	11841.0	12190.0
40200.0	1114.0	1368.0	1829.0	1970.0	2059.0	2513.0	3047.0
41000.0	4334.0	3716.0	4863.0	4899.0	5082.0	5648.0	7734.0
50800.0	785.0	708.0	1209.0	1220.0	1245.0	1548.0	1565.0
52904.0	642.0	568.0	711.0	733.0	740.0	766.0	647.0
41301.0	1903.0	2847.0	3057.0	3076.0	3130.0	3225.0	3282.0
52709.0	131.0	176.0	224.0	229.0	241.0	262.0	284.0
52118.0	209.0	870.0	1243.0	1333.0	1593.0	2002.0	2367.0
41202.0	2052.0	1782.0	2441.0	2497.0	2543.0	2699.0	3208.0
41806.0	1521.0	1606.0	1736.0	1760.0	1826.0	2270.0	2729.0
41303.0	3959.0	4021.0	4230.0	4188.0	4201.0	4244.0	4480.0
41304.0	24231.0	29871.0	30486.0	30568.0	30903.0	31807.0	32475.0
50500.0	4107.0	4169.0	5104.0	5540.0	5823.0	6444.0	6842.0
50900.0	1768.0	1545.0	2131.0	2129.0	2456.0	2483.0	2661.0
41903.0	2909.0	2857.0	3354.0	3597.0	3825.0	3977.0	4276.0
41100.0	2103.0	1975.0	2699.0	2851.0	2956.0	3818.0	4325.0
53201.0	578.0	685.0	736.0	729.0	746.0	800.0	834.0
53603.0	401.0	360.0	433.0	435.0	445.0	470.0	514.0
51200.0	521.0	517.0	607.0	660.0	687.0	743.0	815.0
52806.0	340.0	279.0	345.0	357.0	367.0	377.0	389.0
52805.0	1599.0	1410.0	1906.0	1928.0	1926.0	1948.0	1959.0
52209.0	2254.0	2546.0	2860.0	2946.0	3021.0	3310.0	3895.0
52803.0	4203.0	4670.0	6843.0	8090.0	9346.0	10542.0	13239.0
53400.0	399.0	1122.0	1157.0	1162.0	1180.0	1201.0	1229.0
41500.0	286.0	228.0	406.0	493.0	550.0	697.0	710.0
41701.0	2002.0	2175.0	2490.0	2489.0	2547.0	2609.0	2677.0
52005.0	548.0	705.0	765.0	776.0	797.0	821.0	868.0
52003.0	183.0	236.0	276.0	301.0	327.0	340.0	387.0
52006.0	274.0	278.0	326.0	344.0	359.0	379.0	397.0
53301.0	3010.0	3332.0	3653.0	4027.0	4426.0	4604.0	5027.0
40400.0	2074.0	1539.0	1564.0	1592.0	1704.0	1954.0	2807.0
40300.0	597.0	743.0	808.0	1014.0	1172.0	1179.0	1401.0
52112.0	431.0	451.0	567.0	596.0	611.0	628.0	637.0
41605.0	714.0	814.0	1020.0	1049.0	994.0	1010.0	1031.0
42001.0	620.0	906.0	1233.0	1258.0	1343.0	1377.0	1525.0
51918.0	1059.0	1112.0	1465.0	1462.0	1462.0	1516.0	1636.0
52606.0	311.0	321.0	564.0	664.0	768.0	946.0	1282.0
52903.0	3316.0	3301.0	4020.0	4427.0	4695.0	5071.0	5605.0
52707.0	83.0	115.0	153.0	166.0	179.0	205.0	234.0
52604.0	1206.0	1418.0	1704.0	1740.0	1762.0	1782.0	1807.0
52114.0	386.0	479.0	532.0	543.0	563.0	593.0	620.0
52706.0	226.0	395.0	572.0	683.0	736.0	748.0	778.0
52402.0	2164.0	1957.0	2802.0	2828.0	2853.0	2890.0	2902.0
41601.0	653.0	757.0	1244.0	1274.0	1294.0	1316.0	1353.0
52302.0	712.0	710.0	813.0	802.0	826.0	825.0	838.0
51924.0	684.0	808.0	871.0	886.0	915.0	934.0	954.0
40900.0	241.0	237.0	315.0	325.0	341.0	350.0	375.0
52007.0	1013.0	977.0	1246.0	1294.0	1322.0	1376.0	1407.0
51926.0	1338.0	1304.0	1564.0	1604.0	1734.0	1829.0	1901.0
41808.0	1026.0	1079.0	1143.0	1176.0	1198.0	1317.0	1421.0
40800.0	6662.0	6140.0	7980.0	8719.0	9217.0	10964.0	13552.0
40700.0	8163.0	7956.0	10999.0	12060.0	15476.0	23349.0	30361.0
42005.0	2605.0	3012.0	3571.0	3710.0	3805.0	3907.0	4162.0
42006.0	2893.0	3751.0	4296.0	4576.0	4818.0	5054.0	5400.0
53604.0	808.0	939.0	1160.0	1185.0	1241.0	1251.0	1309.0
52705.0	143.0	241.0	313.0	325.0	364.0	408.0	433.0
52708.0	184.0	277.0	312.0	317.0	327.0	332.0	359.0
41607.0	128.0	148.0	195.0	203.0	216.0	240.0	262.0
52204.0	2060.0	1843.0	2543.0	2919.0	3320.0	3428.0	3490.0
52115.0	437.0	625.0	782.0	794.0	818.0	854.0	899.0
53507.0	1392.0	1168.0	1852.0	2262.0	2516.0	2947.0	3216.0
