tract10_id	population_2000	population_2010	population_2020	population_2025	population_2030	population_2035	population_2040
32307.0	6766.0	6667.0	7065.0	7115.0	7185.0	7261.0	7264.0
28802.0	5940.0	5950.0	6668.0	6761.0	7158.0	7630.0	9006.0
20100.0	3121.0	3294.0	3518.0	3517.0	3578.0	3676.0	3883.0
25101.0	5158.0	6137.0	6926.0	7416.0	7860.0	8109.0	8170.0
29601.0	6752.0	7267.0	8326.0	8789.0	9092.0	9197.0	9293.0
26200.0	4876.0	4899.0	6341.0	6661.0	7362.0	7973.0	8338.0
8600.0	2230.0	2216.0	3062.0	3317.0	3502.0	3565.0	3591.0
8100.0	2312.0	3935.0	5566.0	6411.0	6865.0	6948.0	6957.0
30503.0	3339.0	3501.0	3952.0	4191.0	4549.0	4980.0	5733.0
30501.0	1494.0	1693.0	1789.0	1844.0	1901.0	1949.0	1977.0
29101.0	1804.0	1941.0	2239.0	2575.0	2752.0	2957.0	3310.0
29102.0	3092.0	4351.0	4774.0	4943.0	4928.0	4953.0	4975.0
10900.0	1164.0	1289.0	1394.0	1393.0	1414.0	1534.0	1599.0
10402.0	4560.0	4990.0	5036.0	5011.0	4981.0	4958.0	4854.0
9300.0	1915.0	1922.0	3249.0	3542.0	3722.0	3720.0	3711.0
10001.0	3395.0	3508.0	3589.0	3605.0	3628.0	3810.0	3785.0
11002.0	3532.0	3669.0	3695.0	3735.0	3803.0	3861.0	3786.0
26400.0	5681.0	5494.0	6410.0	6563.0	6657.0	7013.0	7377.0
26300.0	1322.0	1644.0	2384.0	2533.0	2632.0	2662.0	2659.0
26100.0	5918.0	6315.0	9499.0	10206.0	10411.0	10765.0	11709.0
26002.0	5557.0	6997.0	7446.0	7673.0	7903.0	8172.0	8376.0
28600.0	6488.0	6418.0	7204.0	7336.0	7392.0	7488.0	7540.0
30504.0	4690.0	4783.0	4879.0	4930.0	4963.0	4968.0	4985.0
29700.0	5870.0	7123.0	8555.0	8931.0	8960.0	9009.0	9066.0
28300.0	3263.0	4844.0	5216.0	5435.0	5886.0	6581.0	7263.0
29206.0	3750.0	4052.0	3986.0	4029.0	4059.0	4004.0	4837.0
27200.0	2107.0	2514.0	3192.0	3335.0	3387.0	3403.0	3455.0
11700.0	4924.0	5194.0	5872.0	5990.0	6036.0	6086.0	6069.0
9500.0	5705.0	6143.0	6240.0	6262.0	6316.0	6421.0	6448.0
29205.0	4510.0	4888.0	5113.0	5162.0	5234.0	5313.0	5667.0
31301.0	2564.0	2630.0	3581.0	4277.0	4839.0	5525.0	6028.0
25701.0	5292.0	5693.0	5965.0	6220.0	6764.0	7598.0	9615.0
25302.0	2971.0	4271.0	4260.0	4280.0	4335.0	4320.0	4225.0
23201.0	5435.0	5369.0	5460.0	5477.0	5499.0	5572.0	5691.0
22003.0	5204.0	5167.0	5642.0	5706.0	5739.0	5892.0	5980.0
7000.0	6832.0	7408.0	8593.0	8639.0	8736.0	8775.0	8763.0
11200.0	3494.0	3665.0	3839.0	3880.0	3857.0	3869.0	3810.0
30600.0	5068.0	5368.0	5773.0	5860.0	5925.0	5898.0	5889.0
25301.0	4019.0	5687.0	5899.0	6099.0	6253.0	6467.0	6564.0
8800.0	3461.0	3498.0	3508.0	3527.0	3524.0	3560.0	3512.0
8900.0	4277.0	4561.0	4624.0	4636.0	4786.0	5031.0	5064.0
9000.0	1880.0	2288.0	2789.0	2956.0	3096.0	3215.0	3196.0
2500.0	2487.0	2598.0	2771.0	2764.0	2756.0	2721.0	2714.0
9702.0	5097.0	5150.0	5347.0	5358.0	5369.0	5390.0	5353.0
29902.0	3875.0	4810.0	6461.0	7491.0	8346.0	8574.0	8678.0
32323.0	4871.0	5275.0	5518.0	5864.0	6021.0	6207.0	6521.0
31703.0	7188.0	8261.0	8855.0	9254.0	9459.0	9648.0	10047.0
23804.0	1064.0	4006.0	4951.0	6051.0	7119.0	8936.0	10440.0
31502.0	4001.0	4224.0	4743.0	5234.0	5846.0	6490.0	6911.0
32325.0	5293.0	4915.0	5274.0	5510.0	5886.0	6262.0	7000.0
31202.0	5947.0	5856.0	6255.0	6564.0	6879.0	7074.0	7271.0
28902.0	6105.0	6028.0	6318.0	6320.0	6500.0	6913.0	7253.0
24500.0	4742.0	5232.0	5475.0	5509.0	5530.0	5574.0	5545.0
28200.0	4313.0	4585.0	5719.0	5941.0	6013.0	6179.0	6551.0
11600.0	6146.0	6380.0	7002.0	7034.0	7066.0	7098.0	7072.0
12000.0	3467.0	3335.0	3622.0	3612.0	3670.0	3666.0	3656.0
27300.0	5531.0	5655.0	6249.0	6512.0	6585.0	6542.0	6559.0
28100.0	2176.0	2098.0	2290.0	2426.0	2671.0	2894.0	3276.0
32007.0	3166.0	3672.0	3843.0	4179.0	4573.0	4838.0	4931.0
10500.0	5165.0	5544.0	6227.0	6295.0	6363.0	6430.0	6373.0
30100.0	7410.0	7838.0	8628.0	8874.0	9055.0	9239.0	9245.0
6700.0	5192.0	6239.0	6605.0	6869.0	7423.0	7700.0	7641.0
9600.0	4881.0	5122.0	5710.0	5845.0	5892.0	5889.0	5866.0
9800.0	5900.0	6097.0	6463.0	6560.0	6658.0	6650.0	6593.0
9900.0	4429.0	4888.0	6153.0	6156.0	6536.0	6787.0	6837.0
9701.0	5413.0	5833.0	6090.0	6257.0	6274.0	6309.0	6277.0
29801.0	7439.0	7613.0	8305.0	8621.0	8944.0	9182.0	9015.0
6900.0	3798.0	4051.0	4261.0	4283.0	4333.0	4362.0	4335.0
10600.0	7301.0	7402.0	7692.0	7815.0	7936.0	7996.0	7974.0
32215.0	1267.0	3918.0	4833.0	5639.0	6991.0	8286.0	9522.0
4400.0	5468.0	5722.0	5579.0	5597.0	5566.0	5522.0	5460.0
30801.0	5337.0	5457.0	5644.0	5737.0	5712.0	5776.0	6804.0
5000.0	3109.0	3483.0	3646.0	3682.0	3747.0	3728.0	3694.0
29502.0	5529.0	6540.0	7792.0	8519.0	8797.0	9078.0	9190.0
32103.0	4389.0	4312.0	4708.0	4779.0	4912.0	5083.0	5230.0
22005.0	4495.0	4606.0	4832.0	4884.0	4959.0	4991.0	4953.0
11001.0	2405.0	2974.0	3274.0	3280.0	3392.0	3566.0	3565.0
27500.0	4513.0	4568.0	5005.0	5027.0	5088.0	5179.0	5139.0
25805.0	4422.0	4611.0	5137.0	5353.0	5630.0	5787.0	6041.0
25806.0	3659.0	4404.0	5259.0	5455.0	5785.0	6089.0	6464.0
25400.0	6250.0	6608.0	6854.0	7008.0	7152.0	7470.0	7884.0
2800.0	4209.0	4542.0	4631.0	4607.0	4686.0	4694.0	4670.0
32208.0	4209.0	6613.0	7228.0	7839.0	8493.0	9164.0	9972.0
7800.0	5300.0	5707.0	5829.0	5855.0	5918.0	5935.0	5901.0
5400.0	4106.0	4902.0	5228.0	5249.0	5276.0	5291.0	5246.0
30311.0	5015.0	4893.0	4898.0	4857.0	4905.0	4924.0	4864.0
29403.0	5348.0	5927.0	7138.0	7332.0	7482.0	7097.0	7459.0
1400.0	4541.0	4990.0	5251.0	5290.0	5383.0	5399.0	5332.0
32210.0	2040.0	12602.0	12831.0	13342.0	13961.0	14834.0	15779.0
29003.0	5239.0	5544.0	6061.0	6295.0	6369.0	6344.0	6534.0
20402.0	5458.0	5335.0	6347.0	6485.0	6659.0	6878.0	7354.0
30401.0	5645.0	7026.0	9136.0	10838.0	12193.0	12961.0	13106.0
4301.0	4311.0	2915.0	2891.0	2863.0	2898.0	2985.0	2989.0
30308.0	7024.0	6785.0	6805.0	6795.0	6756.0	6732.0	6869.0
30312.0	5199.0	5168.0	5549.0	5755.0	5890.0	5874.0	5860.0
21700.0	5221.0	6534.0	9270.0	9862.0	10702.0	12066.0	16020.0
29305.0	3646.0	4192.0	5449.0	6067.0	6585.0	6796.0	6699.0
27400.0	4954.0	5338.0	6292.0	6402.0	6389.0	6423.0	6394.0
32401.0	4529.0	5529.0	5718.0	6062.0	6782.0	7479.0	8226.0
32207.0	2730.0	3851.0	3976.0	4191.0	4383.0	4432.0	4486.0
27702.0	5062.0	5157.0	5095.0	5070.0	5165.0	5195.0	5171.0
51917.0	4036.0	4304.0	4454.0	4540.0	4611.0	4695.0	4747.0
21600.0	4541.0	5103.0	6025.0	6321.0	6753.0	7399.0	8661.0
31400.0	5994.0	5947.0	6371.0	6514.0	6785.0	7018.0	7273.0
70207.0	4187.0	4580.0	4965.0	5420.0	5903.0	6321.0	6564.0
22500.0	6296.0	7129.0	7893.0	8203.0	8411.0	8299.0	8391.0
31501.0	3187.0	3381.0	3686.0	4008.0	4533.0	5044.0	5365.0
31603.0	3262.0	4431.0	4926.0	5352.0	8518.0	12445.0	16730.0
32702.0	6323.0	6248.0	6962.0	7286.0	7770.0	8240.0	8676.0
27701.0	5205.0	5454.0	5390.0	5452.0	5484.0	5526.0	5541.0
31601.0	4408.0	5074.0	5100.0	5245.0	5411.0	5494.0	5485.0
31204.0	5842.0	6651.0	7031.0	7373.0	7792.0	8113.0	8131.0
12100.0	2796.0	2728.0	2972.0	3017.0	3011.0	3015.0	2992.0
26600.0	2105.0	2040.0	2660.0	2772.0	2901.0	2989.0	2988.0
26001.0	5024.0	5426.0	6167.0	6332.0	6464.0	6609.0	6999.0
25006.0	1737.0	5158.0	5625.0	6125.0	6537.0	7082.0	7328.0
31906.0	2618.0	3492.0	4338.0	4864.0	5444.0	5802.0	5976.0
31800.0	3936.0	4825.0	5703.0	6251.0	6744.0	7163.0	7213.0
32003.0	4769.0	4766.0	5285.0	5806.0	6457.0	7069.0	7609.0
32002.0	2903.0	2972.0	3417.0	3764.0	4255.0	4705.0	4883.0
3300.0	5791.0	6357.0	6438.0	6507.0	6589.0	6608.0	6593.0
26700.0	5657.0	5626.0	6311.0	6341.0	6409.0	6476.0	6497.0
11402.0	3942.0	4153.0	4215.0	4172.0	4228.0	4137.0	4263.0
32324.0	4948.0	5155.0	5355.0	5446.0	5441.0	5461.0	5879.0
32313.0	3689.0	5047.0	5193.0	5281.0	5389.0	5591.0	5672.0
32402.0	5179.0	6331.0	6632.0	7066.0	7573.0	8079.0	8582.0
32315.0	5051.0	5649.0	6141.0	6551.0	6840.0	7153.0	7317.0
32102.0	4503.0	4549.0	5089.0	5514.0	5919.0	6284.0	6417.0
32703.0	1958.0	2070.0	2184.0	2293.0	2463.0	2577.0	2671.0
32602.0	2387.0	10425.0	10723.0	10799.0	11025.0	11336.0	11955.0
32800.0	2707.0	3043.0	3982.0	4632.0	5371.0	6052.0	6596.0
4800.0	4266.0	4573.0	4618.0	4679.0	4731.0	4758.0	4726.0
24300.0	6269.0	7445.0	7631.0	7753.0	7836.0	7900.0	7880.0
23300.0	6007.0	6535.0	6557.0	6585.0	6638.0	6632.0	6971.0
23100.0	3629.0	4118.0	4139.0	4246.0	4279.0	4295.0	4274.0
32213.0	3167.0	4489.0	4739.0	4879.0	4962.0	4952.0	5176.0
32601.0	2710.0	3482.0	3451.0	3450.0	3503.0	3588.0	3587.0
8001.0	3001.0	5133.0	5931.0	6159.0	6452.0	6596.0	6891.0
2900.0	3979.0	4216.0	4331.0	4305.0	4356.0	4343.0	4316.0
3000.0	5250.0	5557.0	5683.0	5695.0	5691.0	5686.0	5640.0
32309.0	3318.0	4836.0	5321.0	5613.0	5927.0	5615.0	5648.0
32320.0	4008.0	4015.0	5488.0	5875.0	6054.0	6195.0	6419.0
2200.0	5310.0	5517.0	6079.0	6071.0	6099.0	6203.0	6444.0
32500.0	4884.0	5257.0	5809.0	6299.0	7093.0	8238.0	9033.0
20200.0	5347.0	5315.0	5832.0	5875.0	5933.0	5943.0	5920.0
20800.0	4427.0	4661.0	5167.0	5253.0	5359.0	5439.0	5584.0
51912.0	2377.0	2496.0	2636.0	2727.0	2786.0	2893.0	2884.0
20300.0	6043.0	5722.0	6378.0	6948.0	7619.0	8635.0	10048.0
30901.0	2981.0	3580.0	4013.0	4123.0	4158.0	4100.0	4018.0
11401.0	4075.0	4283.0	4311.0	4339.0	4362.0	4440.0	4474.0
28402.0	4679.0	4968.0	5535.0	5521.0	5528.0	5538.0	5494.0
22803.0	3641.0	4420.0	5205.0	5438.0	5576.0	6162.0	7240.0
4900.0	5563.0	6371.0	6639.0	6735.0	6803.0	6865.0	6840.0
31704.0	4039.0	6603.0	7444.0	7855.0	8115.0	8325.0	8530.0
401.0	4364.0	4534.0	5081.0	5202.0	4906.0	5423.0	5730.0
24601.0	4472.0	4817.0	4962.0	4994.0	4994.0	5002.0	4955.0
21904.0	4718.0	4945.0	5694.0	6035.0	6199.0	6333.0	6614.0
6100.0	4437.0	4639.0	5314.0	5437.0	5512.0	5518.0	5505.0
6600.0	2887.0	3502.0	4174.0	4343.0	4376.0	4526.0	4575.0
25200.0	6254.0	8028.0	9603.0	9826.0	9923.0	10026.0	10058.0
32704.0	6037.0	6226.0	7353.0	7873.0	8631.0	9213.0	9941.0
29307.0	4065.0	4325.0	4694.0	5005.0	5151.0	5311.0	5454.0
21500.0	4355.0	4383.0	5374.0	5449.0	5519.0	5610.0	5816.0
29802.0	6932.0	8222.0	9433.0	9994.0	10486.0	10763.0	10853.0
7401.0	4260.0	4319.0	4980.0	5116.0	5156.0	5181.0	5187.0
29503.0	7100.0	7383.0	8013.0	8126.0	8299.0	8318.0	8607.0
7402.0	4494.0	5038.0	5898.0	5957.0	6002.0	6091.0	6056.0
28500.0	3643.0	3545.0	5135.0	5513.0	5628.0	5617.0	5584.0
22102.0	5302.0	5970.0	7920.0	8577.0	8943.0	9228.0	9408.0
21802.0	4091.0	5093.0	5958.0	6240.0	6554.0	7246.0	8112.0
32322.0	3575.0	4242.0	4889.0	4964.0	4977.0	4967.0	5015.0
25602.0	4054.0	6172.0	6786.0	7332.0	7639.0	7977.0	8295.0
23700.0	4085.0	4569.0	4860.0	5120.0	5432.0	5790.0	6470.0
300.0	2419.0	2653.0	2735.0	2725.0	2714.0	2786.0	2741.0
10300.0	5882.0	6099.0	6172.0	6143.0	6145.0	6231.0	6326.0
3900.0	2669.0	2735.0	2955.0	2987.0	2980.0	2976.0	2941.0
7300.0	1337.0	3802.0	5144.0	6289.0	6863.0	7837.0	8144.0
6200.0	3846.0	3935.0	4154.0	4149.0	4161.0	4149.0	4090.0
21000.0	5476.0	5654.0	6221.0	6734.0	7956.0	9884.0	11924.0
5600.0	6264.0	6356.0	7097.0	7127.0	7134.0	7199.0	7560.0
31605.0	3155.0	5099.0	5464.0	5700.0	6008.0	6373.0	6822.0
7500.0	5197.0	5675.0	6920.0	7015.0	7169.0	7237.0	7223.0
23401.0	3398.0	3596.0	4009.0	4080.0	4132.0	4305.0	4632.0
22605.0	4894.0	5941.0	7345.0	7883.0	8146.0	8344.0	7869.0
11800.0	7128.0	6953.0	7584.0	7647.0	7692.0	7772.0	7935.0
11900.0	6863.0	7311.0	7844.0	7829.0	7779.0	7720.0	7637.0
25102.0	4458.0	6911.0	8069.0	8691.0	9142.0	9397.0	9564.0
25005.0	2454.0	4115.0	4324.0	4491.0	4835.0	4998.0	5447.0
32214.0	3475.0	5140.0	5598.0	6109.0	6390.0	6957.0	7481.0
3100.0	5852.0	6274.0	6473.0	6453.0	6403.0	6368.0	6317.0
4000.0	2335.0	2405.0	2886.0	2944.0	2946.0	2942.0	2918.0
32329.0	1301.0	6675.0	7299.0	7715.0	8027.0	8355.0	8959.0
22604.0	3771.0	4391.0	5340.0	5522.0	5646.0	5700.0	5699.0
32319.0	4435.0	4729.0	5919.0	6373.0	6940.0	7601.0	8228.0
32311.0	6126.0	6556.0	6594.0	6680.0	6720.0	6792.0	6871.0
27900.0	6317.0	6837.0	7732.0	7764.0	7878.0	7836.0	7833.0
21906.0	3566.0	3824.0	4090.0	4439.0	4915.0	5590.0	5933.0
10401.0	4041.0	4612.0	4797.0	4868.0	5024.0	5299.0	5634.0
24000.0	6997.0	7627.0	8380.0	8499.0	8631.0	8727.0	8744.0
28403.0	4892.0	4822.0	5446.0	5462.0	5574.0	5657.0	6059.0
27800.0	3478.0	3651.0	4013.0	4101.0	4152.0	4147.0	4119.0
28700.0	5218.0	5132.0	5830.0	5860.0	6017.0	6123.0	6333.0
8002.0	2500.0	3013.0	3185.0	3238.0	3271.0	3272.0	3297.0
30201.0	5101.0	5266.0	5568.0	5741.0	5929.0	6089.0	6121.0
23604.0	5634.0	5912.0	6292.0	6411.0	6485.0	6526.0	6584.0
24100.0	4321.0	4414.0	5123.0	5095.0	5135.0	5129.0	5109.0
31205.0	3995.0	6214.0	8558.0	9690.0	10493.0	11010.0	11346.0
30802.0	3983.0	4170.0	4308.0	4315.0	4335.0	4318.0	4257.0
22203.0	4409.0	4689.0	6223.0	6438.0	6656.0	6891.0	7115.0
22201.0	4691.0	4544.0	4823.0	4883.0	4932.0	5007.0	5038.0
30003.0	5351.0	6023.0	7017.0	7478.0	7932.0	8012.0	8275.0
31903.0	5995.0	6090.0	7321.0	8075.0	8667.0	9073.0	9267.0
30202.0	6320.0	6078.0	6437.0	6676.0	6865.0	6994.0	8286.0
200.0	7251.0	7695.0	7977.0	8013.0	7923.0	8218.0	8825.0
31100.0	6930.0	7078.0	7308.0	7525.0	7783.0	8175.0	8874.0
28801.0	2767.0	2743.0	2946.0	2947.0	2999.0	3049.0	3089.0
32203.0	5101.0	6775.0	8361.0	9456.0	10333.0	10977.0	11456.0
22902.0	5911.0	6229.0	6647.0	6830.0	7012.0	7159.0	7302.0
5900.0	5116.0	5406.0	5750.0	5829.0	5882.0	5904.0	5854.0
1300.0	4014.0	4383.0	4448.0	4489.0	4529.0	4547.0	4526.0
27100.0	2971.0	3008.0	4047.0	4212.0	4276.0	4371.0	4470.0
22901.0	3101.0	3346.0	3528.0	3560.0	3572.0	3602.0	3543.0
23000.0	5051.0	5620.0	5751.0	5782.0	5870.0	5919.0	5915.0
30004.0	7541.0	7302.0	7568.0	7692.0	7861.0	7923.0	8116.0
22801.0	7655.0	7832.0	7977.0	8024.0	8073.0	8189.0	8241.0
5802.0	4293.0	4560.0	5124.0	5211.0	5276.0	5279.0	5275.0
5700.0	5829.0	6186.0	6970.0	6980.0	6989.0	7022.0	6987.0
22101.0	4664.0	5162.0	6388.0	6534.0	6675.0	6704.0	6785.0
21903.0	5633.0	6097.0	6584.0	6796.0	6923.0	7190.0	7414.0
29303.0	5311.0	6142.0	7065.0	7605.0	7828.0	8093.0	8751.0
6000.0	4527.0	4847.0	5291.0	5371.0	5428.0	5406.0	5354.0
24702.0	6203.0	6733.0	8857.0	9705.0	10279.0	10448.0	10475.0
23900.0	6453.0	6935.0	7749.0	7835.0	7914.0	7861.0	7891.0
11500.0	4255.0	4251.0	4485.0	4507.0	4524.0	4516.0	4490.0
20500.0	6136.0	6223.0	7295.0	7711.0	8349.0	10767.0	12268.0
32327.0	1392.0	3315.0	3545.0	3657.0	3851.0	4036.0	4124.0
30005.0	4908.0	5150.0	5578.0	5673.0	5729.0	5750.0	6179.0
9400.0	5036.0	5321.0	5369.0	5450.0	5684.0	5965.0	5985.0
29602.0	2983.0	5126.0	7034.0	7839.0	8383.0	8702.0	9177.0
20700.0	3237.0	3160.0	4012.0	4620.0	5365.0	6319.0	6608.0
23803.0	1137.0	3109.0	3956.0	4789.0	5277.0	6972.0	9067.0
1200.0	6031.0	6476.0	6862.0	7406.0	7858.0	8108.0	8206.0
20600.0	3562.0	3687.0	3850.0	3940.0	4144.0	4707.0	5120.0
52113.0	2577.0	2815.0	3131.0	3345.0	3486.0	3625.0	3663.0
21803.0	4127.0	4610.0	5391.0	5586.0	5637.0	5686.0	5725.0
22603.0	4537.0	4869.0	5795.0	5877.0	5930.0	6050.0	6232.0
23601.0	3566.0	3915.0	4231.0	4309.0	4342.0	4423.0	4865.0
30902.0	4526.0	5200.0	5753.0	5968.0	6156.0	6249.0	6168.0
32211.0	4366.0	5019.0	5062.0	5159.0	5279.0	5325.0	5450.0
29304.0	4566.0	5305.0	7097.0	7761.0	8238.0	8699.0	8860.0
20900.0	3047.0	3372.0	5764.0	6547.0	7739.0	8345.0	9599.0
20401.0	3516.0	3459.0	4024.0	4159.0	4563.0	5973.0	7635.0
29901.0	4562.0	5295.0	6127.0	6601.0	7050.0	7204.0	7475.0
32212.0	8714.0	8760.0	8670.0	8676.0	8679.0	8792.0	8889.0
26801.0	4909.0	4523.0	5141.0	5252.0	5258.0	4747.0	5323.0
22802.0	4333.0	4631.0	4960.0	5146.0	5296.0	5497.0	5670.0
32318.0	4942.0	5639.0	5899.0	6147.0	6433.0	6609.0	7015.0
70307.0	3718.0	4593.0	4748.0	4873.0	4976.0	5292.0	5624.0
31604.0	2526.0	4840.0	5232.0	5429.0	5652.0	6137.0	6662.0
24602.0	3767.0	3951.0	4062.0	4114.0	4082.0	4105.0	4120.0
8300.0	2169.0	2635.0	4119.0	4557.0	4900.0	4926.0	4926.0
32104.0	5811.0	5710.0	6812.0	7165.0	7654.0	8181.0	8455.0
3200.0	7152.0	7753.0	8048.0	8144.0	8240.0	8259.0	8212.0
2400.0	2862.0	3202.0	3787.0	3791.0	3837.0	3820.0	3809.0
22606.0	5490.0	6183.0	6439.0	6630.0	6798.0	6884.0	6858.0
32326.0	3827.0	3910.0	3893.0	3925.0	3936.0	3991.0	3998.0
5801.0	4456.0	4759.0	5123.0	5180.0	5223.0	5188.0	5175.0
22300.0	2585.0	2726.0	4113.0	4552.0	4897.0	5145.0	5230.0
600.0	7006.0	7880.0	8246.0	8056.0	8022.0	8053.0	7986.0
21804.0	3946.0	4444.0	4821.0	4998.0	5103.0	5169.0	5138.0
31302.0	4624.0	4611.0	4796.0	5033.0	5264.0	5625.0	5920.0
24902.0	3683.0	3879.0	4116.0	4153.0	4159.0	4156.0	4221.0
4700.0	4655.0	6252.0	7042.0	7079.0	6984.0	6949.0	6667.0
11101.0	4189.0	4322.0	4545.0	4600.0	4633.0	4592.0	4696.0
4100.0	7552.0	7977.0	8391.0	8413.0	8451.0	8459.0	8417.0
30314.0	3468.0	3522.0	3777.0	3799.0	3907.0	4145.0	5132.0
24800.0	5303.0	5405.0	6016.0	6167.0	6372.0	6591.0	7051.0
25500.0	4195.0	4741.0	5159.0	5208.0	5285.0	5304.0	5338.0
70100.0	1650.0	3383.0	3629.0	3918.0	4226.0	4646.0	5528.0
32006.0	4107.0	4447.0	4956.0	5177.0	5393.0	5540.0	5560.0
29306.0	2625.0	3246.0	4107.0	4415.0	4637.0	4773.0	5691.0
23500.0	3464.0	3856.0	4086.0	4070.0	4103.0	4116.0	4165.0
23801.0	2283.0	2443.0	3027.0	3110.0	3202.0	3296.0	3465.0
2600.0	4481.0	4532.0	4850.0	4862.0	4856.0	4816.0	4776.0
3800.0	1813.0	1966.0	2140.0	2135.0	2149.0	2138.0	2128.0
32328.0	3322.0	3594.0	3692.0	3717.0	3752.0	3755.0	3689.0
2100.0	3556.0	3840.0	4092.0	4106.0	4128.0	4147.0	4110.0
7100.0	1717.0	3040.0	3139.0	3207.0	3304.0	3321.0	3281.0
3500.0	3617.0	3964.0	4071.0	4095.0	4135.0	4142.0	4094.0
3400.0	3167.0	3425.0	3442.0	3483.0	3490.0	3514.0	3479.0
1500.0	2331.0	2561.0	2736.0	2724.0	2772.0	2767.0	2737.0
1600.0	3872.0	4198.0	4415.0	4461.0	4538.0	4641.0	4581.0
700.0	4140.0	4389.0	4634.0	4671.0	4664.0	4745.0	4727.0
5100.0	3448.0	3569.0	3682.0	3655.0	3658.0	3650.0	3619.0
6500.0	4216.0	4353.0	4991.0	5014.0	5083.0	5115.0	5098.0
26500.0	4146.0	4180.0	5671.0	6029.0	6253.0	6523.0	6585.0
2700.0	4925.0	5311.0	5356.0	5381.0	5394.0	5367.0	5369.0
30006.0	3508.0	3755.0	4231.0	4367.0	4441.0	4681.0	5043.0
22001.0	3843.0	4476.0	5047.0	5471.0	5763.0	5332.0	5793.0
1702.0	3738.0	4197.0	4357.0	4390.0	4442.0	4392.0	4351.0
28901.0	3212.0	3553.0	4012.0	4200.0	4175.0	4206.0	4200.0
28000.0	3441.0	3405.0	3859.0	3881.0	3868.0	3834.0	3787.0
24701.0	3404.0	3479.0	3967.0	4108.0	4145.0	4282.0	4340.0
29204.0	5161.0	7071.0	9709.0	10356.0	10844.0	11352.0	12372.0
10002.0	4388.0	4487.0	4503.0	4450.0	4465.0	4452.0	4402.0
402.0	4384.0	4675.0	4666.0	4666.0	4612.0	4691.0	4596.0
22006.0	3461.0	3694.0	4058.0	4003.0	4002.0	4007.0	3979.0
30305.0	4450.0	4713.0	5409.0	5742.0	5984.0	6315.0	6739.0
22202.0	6811.0	7043.0	7921.0	8215.0	8539.0	8755.0	8953.0
9100.0	1744.0	2176.0	2460.0	2345.0	2115.0	2363.0	2929.0
26802.0	5032.0	4684.0	5329.0	5394.0	5543.0	5773.0	6064.0
22400.0	7161.0	7373.0	8766.0	9146.0	9428.0	9578.0	9686.0
53801.0	3495.0	4003.0	4411.0	4861.0	5553.0	6175.0	6430.0
24200.0	2999.0	3041.0	3554.0	3582.0	3574.0	3555.0	3556.0
23403.0	3807.0	3915.0	4391.0	4456.0	4539.0	4588.0	4548.0
7200.0	2578.0	4704.0	6091.0	7612.0	8589.0	9372.0	9369.0
21100.0	3897.0	3930.0	4676.0	5037.0	5645.0	7039.0	7629.0
29405.0	5608.0	6102.0	6719.0	6926.0	7041.0	7060.0	7304.0
8400.0	3693.0	4182.0	5617.0	6350.0	6757.0	6782.0	6755.0
24400.0	2508.0	1461.0	1705.0	1758.0	1844.0	1967.0	1940.0
8200.0	2463.0	2891.0	4320.0	5597.0	6389.0	6769.0	7377.0
30310.0	5118.0	4994.0	5805.0	6125.0	6408.0	6596.0	7021.0
32010.0	3299.0	4173.0	4482.0	4678.0	4885.0	5212.0	5395.0
7600.0	3159.0	3438.0	3545.0	3730.0	3753.0	3735.0	3724.0
11102.0	3990.0	4393.0	4428.0	4410.0	4391.0	4486.0	4534.0
24903.0	6631.0	6711.0	7241.0	7346.0	7442.0	7533.0	7607.0
5302.0	305.0	239.0	360.0	368.0	373.0	377.0	391.0
4600.0	3017.0	3164.0	3208.0	3202.0	3212.0	3204.0	3193.0
29408.0	3309.0	3963.0	4502.0	4583.0	4646.0	4708.0	4738.0
25803.0	4217.0	4588.0	4660.0	4880.0	5051.0	5273.0	5543.0
29504.0	4459.0	4758.0	5774.0	6160.0	6287.0	6298.0	6225.0
29407.0	4742.0	4803.0	5100.0	5105.0	5037.0	5005.0	4990.0
1000.0	1703.0	1829.0	1905.0	1925.0	1923.0	1900.0	1885.0
31706.0	3661.0	4603.0	4744.0	4807.0	4952.0	4965.0	5013.0
32005.0	7055.0	7518.0	7512.0	7679.0	7804.0	7907.0	7903.0
32316.0	4510.0	5259.0	5701.0	6059.0	6306.0	6751.0	7112.0
1701.0	3315.0	3366.0	3644.0	3661.0	3679.0	3695.0	3641.0
27000.0	3160.0	3685.0	4790.0	5037.0	5190.0	5472.0	5592.0
6800.0	2500.0	2704.0	2970.0	2977.0	3025.0	2998.0	2990.0
800.0	2527.0	2687.0	2761.0	2755.0	2761.0	2753.0	2738.0
900.0	2090.0	2301.0	2346.0	2361.0	2358.0	2359.0	2340.0
21400.0	3781.0	3674.0	4674.0	4756.0	4816.0	4819.0	4824.0
23603.0	5211.0	5384.0	5647.0	5767.0	5889.0	5984.0	5776.0
3600.0	4814.0	5472.0	6098.0	6151.0	6202.0	6198.0	6117.0
5200.0	5274.0	6128.0	5995.0	5927.0	5854.0	5965.0	5975.0
4500.0	2364.0	2472.0	2484.0	2470.0	2468.0	2443.0	2434.0
5301.0	3868.0	5817.0	5879.0	5956.0	5937.0	5806.0	5710.0
22702.0	3064.0	3355.0	3703.0	3764.0	3834.0	3976.0	3997.0
22701.0	2577.0	2970.0	3078.0	3177.0	3252.0	3313.0	3356.0
22703.0	2254.0	2370.0	2807.0	2856.0	2861.0	2864.0	2860.0
29406.0	3924.0	4395.0	5581.0	5855.0	6067.0	6267.0	6414.0
30700.0	3734.0	3771.0	3954.0	3965.0	3905.0	3873.0	3937.0
500.0	3216.0	3623.0	4057.0	4105.0	4137.0	4141.0	4222.0
4302.0	1096.0	1503.0	1519.0	1505.0	1545.0	1550.0	1542.0
1800.0	3864.0	4479.0	4478.0	4486.0	4538.0	4606.0	4569.0
1900.0	3352.0	4029.0	4523.0	4730.0	4865.0	4997.0	5153.0
31909.0	2872.0	3371.0	3848.0	4079.0	4237.0	4327.0	4344.0
10200.0	4823.0	5520.0	5506.0	5518.0	5443.0	5395.0	5325.0
31206.0	4332.0	4717.0	5062.0	5413.0	5646.0	5871.0	5789.0
4200.0	7229.0	7677.0	8028.0	8020.0	8112.0	8067.0	7980.0
21905.0	4717.0	5269.0	5538.0	5682.0	5744.0	5843.0	5971.0
8500.0	2528.0	2499.0	4161.0	5375.0	5876.0	6386.0	6993.0
7700.0	3991.0	4332.0	4454.0	4530.0	4610.0	4698.0	4652.0
21300.0	3762.0	3683.0	3969.0	4063.0	4239.0	4602.0	4763.0
30306.0	6166.0	5978.0	6385.0	6443.0	6600.0	6655.0	6633.0
940001.0	8103.0	9455.0	12722.0	14780.0	17696.0	21005.0	25417.0
30313.0	3325.0	3857.0	4149.0	4198.0	4281.0	4313.0	5353.0
10701.0	3152.0	3249.0	3197.0	3219.0	3206.0	3241.0	3429.0
32317.0	6053.0	6197.0	6421.0	6587.0	6684.0	6836.0	6910.0
31000.0	2969.0	3178.0	3571.0	3983.0	5070.0	6909.0	9833.0
25601.0	2127.0	4245.0	4397.0	4670.0	4967.0	5371.0	5713.0
6300.0	4661.0	5351.0	6010.0	6101.0	6150.0	6198.0	6342.0
31904.0	3511.0	3704.0	4161.0	4400.0	4622.0	4771.0	4805.0
24901.0	5066.0	5256.0	5665.0	5719.0	5751.0	5787.0	5820.0
32321.0	3060.0	4144.0	6069.0	6638.0	7365.0	7698.0	7984.0
30403.0	4123.0	4772.0	5117.0	5459.0	5894.0	6191.0	6313.0
25702.0	3377.0	3728.0	3907.0	3985.0	4173.0	4544.0	5238.0
30304.0	2416.0	2451.0	3702.0	4258.0	4838.0	5327.0	5735.0
30404.0	3495.0	4574.0	6352.0	7436.0	8185.0	8855.0	9237.0
10800.0	4199.0	4660.0	5142.0	5189.0	5198.0	5233.0	5145.0
8700.0	3488.0	3666.0	3913.0	3992.0	4005.0	4027.0	4023.0
27600.0	4164.0	3778.0	3994.0	4061.0	4125.0	4222.0	4285.0
11300.0	5871.0	6458.0	6540.0	6563.0	6604.0	6769.0	6786.0
10100.0	5671.0	6287.0	6511.0	6482.0	6526.0	6666.0	6651.0
30309.0	5641.0	5662.0	5846.0	5862.0	5893.0	6037.0	6155.0
29203.0	2630.0	3001.0	3169.0	3156.0	3234.0	3312.0	3146.0
25003.0	6764.0	7471.0	7475.0	7490.0	7575.0	7767.0	8221.0
31908.0	4466.0	4381.0	4285.0	4278.0	4272.0	4275.0	4308.0
31907.0	5759.0	6897.0	7195.0	7330.0	7446.0	7623.0	8467.0
6400.0	3208.0	3091.0	3241.0	3182.0	3210.0	3210.0	3178.0
7900.0	4061.0	4968.0	5802.0	6023.0	6044.0	6045.0	6019.0
23202.0	3945.0	3817.0	3963.0	4056.0	4340.0	4768.0	5242.0
25804.0	3734.0	3855.0	3901.0	3985.0	4291.0	4673.0	5293.0
32008.0	4277.0	4864.0	5087.0	5269.0	5396.0	5475.0	5509.0
100.0	5379.0	5707.0	6411.0	6773.0	6977.0	7053.0	6994.0
29001.0	4175.0	4474.0	4968.0	5109.0	5152.0	5130.0	5106.0
29004.0	3284.0	3144.0	3255.0	3261.0	3297.0	3241.0	3168.0
31705.0	1969.0	2854.0	3145.0	3449.0	3744.0	4029.0	4130.0
25001.0	4793.0	5009.0	5615.0	5802.0	6026.0	6175.0	6175.0
32011.0	2328.0	3360.0	3806.0	4125.0	4348.0	4476.0	4559.0
23404.0	3304.0	3408.0	3653.0	3688.0	3717.0	3744.0	3782.0
940002.0	7038.0	8036.0	10753.0	12595.0	14142.0	15756.0	17458.0
10702.0	2783.0	2798.0	2730.0	2767.0	2755.0	2740.0	2689.0
9200.0	1467.0	1909.0	2615.0	2722.0	2583.0	2582.0	2591.0
940005.0	5180.0	5451.0	5988.0	6090.0	6149.0	6129.0	6232.0
1100.0	2414.0	2529.0	2581.0	2586.0	2596.0	2599.0	2584.0
2000.0	3149.0	3261.0	3587.0	3642.0	3647.0	3694.0	3673.0
73500.0	6720.0	7574.0	8601.0	9282.0	9785.0	9974.0	10070.0
51914.0	4066.0	4161.0	4524.0	4798.0	4925.0	5003.0	5207.0
70315.0	2819.0	5487.0	6187.0	6935.0	7756.0	8507.0	8889.0
70316.0	55.0	4234.0	4195.0	4783.0	5304.0	5683.0	6005.0
990100.0	0.0	0.0	0.0	0.0	0.0	0.0	5.0
92901.0	4786.0	5645.0	5949.0	6364.0	7056.0	7641.0	7731.0
92803.0	2543.0	2740.0	2898.0	3088.0	3363.0	3666.0	3754.0
92902.0	4824.0	5581.0	5641.0	5819.0	6279.0	6729.0	6761.0
92802.0	3776.0	4358.0	4563.0	4736.0	5074.0	5336.0	5444.0
72503.0	3894.0	4427.0	4675.0	4907.0	5114.0	5353.0	5513.0
72601.0	4628.0	5167.0	5572.0	5962.0	6661.0	7363.0	8023.0
92200.0	5757.0	5986.0	10330.0	11008.0	11566.0	12215.0	13501.0
92100.0	4826.0	6490.0	7272.0	7840.0	8636.0	10207.0	12503.0
92000.0	4689.0	5740.0	6216.0	6671.0	7434.0	8507.0	9212.0
92300.0	5185.0	5536.0	7862.0	9271.0	10733.0	11928.0	12758.0
92801.0	4126.0	4506.0	5735.0	6497.0	7552.0	8909.0	9949.0
92704.0	3168.0	3450.0	3791.0	4013.0	4286.0	4468.0	4500.0
92701.0	4126.0	4464.0	4729.0	5061.0	5377.0	5739.0	5772.0
92400.0	6351.0	6846.0	8021.0	8810.0	9241.0	9701.0	9896.0
91800.0	2819.0	3173.0	4381.0	5119.0	5598.0	6022.0	6551.0
91302.0	5051.0	6045.0	7477.0	8898.0	9980.0	10877.0	11514.0
80200.0	3426.0	3217.0	4305.0	4760.0	4959.0	5129.0	5346.0
80102.0	4359.0	4446.0	5641.0	6010.0	6166.0	6433.0	6618.0
91301.0	3677.0	4017.0	4442.0	4826.0	5341.0	5707.0	5799.0
80101.0	2316.0	2449.0	4049.0	4827.0	5240.0	5445.0	5604.0
91900.0	3322.0	3558.0	7111.0	8585.0	9581.0	10303.0	11349.0
80700.0	3211.0	3005.0	6341.0	7256.0	7675.0	7861.0	7989.0
91400.0	3121.0	3108.0	3581.0	3860.0	4281.0	4977.0	5701.0
80600.0	4853.0	5051.0	6236.0	6368.0	6411.0	6448.0	6514.0
80900.0	4334.0	4165.0	6156.0	7153.0	8106.0	9726.0	12381.0
80800.0	2835.0	2128.0	2097.0	2101.0	2063.0	2046.0	2192.0
80500.0	2519.0	2505.0	4187.0	4209.0	4268.0	4250.0	4296.0
80300.0	2865.0	3032.0	3382.0	3400.0	3591.0	3803.0	4188.0
80400.0	3471.0	3652.0	4856.0	5431.0	5664.0	5902.0	6376.0
81200.0	2973.0	2861.0	3072.0	3072.0	3059.0	3077.0	3072.0
81000.0	4679.0	4442.0	7287.0	7449.0	7645.0	7670.0	7999.0
81100.0	2583.0	2424.0	2864.0	2988.0	3066.0	3088.0	3020.0
81400.0	40.0	36.0	40.0	40.0	36.0	40.0	37.0
92500.0	4503.0	5282.0	8033.0	9446.0	10302.0	10935.0	11348.0
91000.0	5945.0	6453.0	7730.0	8428.0	8876.0	9322.0	9491.0
92600.0	5614.0	6126.0	6547.0	6694.0	6932.0	7053.0	7056.0
91100.0	4233.0	4973.0	5370.0	5652.0	5991.0	6420.0	6679.0
91203.0	7984.0	7766.0	8680.0	9244.0	9774.0	10349.0	10798.0
90400.0	4203.0	4549.0	5536.0	6219.0	6994.0	8144.0	9180.0
90300.0	4286.0	3812.0	3750.0	3725.0	3725.0	3671.0	3652.0
91700.0	7010.0	7768.0	10736.0	11899.0	12582.0	12983.0	13384.0
91204.0	2673.0	2720.0	4818.0	5723.0	6211.0	6473.0	6578.0
91201.0	3603.0	3736.0	5403.0	6448.0	7177.0	7756.0	8104.0
91500.0	3777.0	4013.0	4989.0	5573.0	6277.0	6598.0	6718.0
91600.0	6816.0	6846.0	8422.0	9180.0	9866.0	10262.0	11018.0
90700.0	4820.0	5256.0	6157.0	6642.0	7028.0	7275.0	7295.0
90800.0	4110.0	4407.0	5030.0	5429.0	5863.0	6088.0	6118.0
90900.0	5353.0	6924.0	7519.0	7590.0	7786.0	7938.0	7974.0
90202.0	3880.0	4633.0	4972.0	5471.0	6263.0	7228.0	8055.0
90201.0	4204.0	4850.0	5389.0	5764.0	6221.0	6633.0	7061.0
90502.0	3814.0	4480.0	5220.0	5665.0	6559.0	7614.0	8917.0
90501.0	3085.0	3755.0	5004.0	5501.0	5838.0	6303.0	7007.0
940100.0	5291.0	6403.0	6609.0	7043.0	7537.0	7992.0	8232.0
90102.0	4809.0	5734.0	7747.0	8930.0	10149.0	11315.0	12220.0
90101.0	4837.0	5758.0	6884.0	7461.0	7959.0	8268.0	8476.0
940000.0	3035.0	3473.0	3869.0	4070.0	4254.0	4417.0	4419.0
900202.0	0.0	0.0	0.0	0.0	0.0	0.0	0.0
72603.0	3997.0	5130.0	6677.0	8307.0	10077.0	11690.0	12552.0
72602.0	3362.0	4137.0	4973.0	5918.0	6953.0	7788.0	8302.0
72800.0	13394.0	18842.0	18384.0	18585.0	18626.0	18607.0	18906.0
72906.0	0.0	20.0	22.0	18.0	18.0	18.0	16.0
72109.0	3496.0	3422.0	3930.0	4172.0	4518.0	4755.0	4895.0
72903.0	1997.0	45.0	45.0	45.0	44.0	44.0	44.0
72410.0	2837.0	3399.0	3993.0	4300.0	4508.0	4611.0	4684.0
72504.0	2910.0	3758.0	4324.0	4695.0	5129.0	5457.0	5829.0
72405.0	3967.0	4548.0	4843.0	5025.0	5197.0	5305.0	5375.0
72406.0	4962.0	5467.0	5911.0	6292.0	6694.0	6956.0	7166.0
72408.0	5478.0	6122.0	6419.0	6618.0	6868.0	6993.0	7040.0
72409.0	2314.0	2606.0	2797.0	2889.0	3010.0	3029.0	3083.0
72505.0	6111.0	6858.0	7995.0	9091.0	10099.0	11660.0	14370.0
73006.0	2825.0	3827.0	4193.0	4722.0	5673.0	7578.0	9947.0
73001.0	5247.0	6265.0	6393.0	6559.0	7004.0	7799.0	8589.0
71902.0	5180.0	5611.0	6327.0	6374.0	6456.0	6518.0	6478.0
71901.0	4507.0	4714.0	5717.0	5827.0	5959.0	5948.0	5883.0
71805.0	3354.0	3389.0	3499.0	3506.0	3489.0	3486.0	3498.0
71807.0	3692.0	3646.0	3747.0	3737.0	3762.0	3719.0	3704.0
72107.0	4244.0	4429.0	4960.0	5265.0	5362.0	5372.0	5341.0
71706.0	1795.0	1935.0	2031.0	2042.0	2076.0	2090.0	2075.0
72112.0	4803.0	4613.0	5094.0	5128.0	5272.0	5323.0	5379.0
72111.0	2516.0	2440.0	2769.0	2944.0	3032.0	3033.0	3020.0
72108.0	5040.0	5191.0	5818.0	5994.0	6160.0	6209.0	6181.0
71806.0	4213.0	4165.0	4497.0	4490.0	4500.0	4408.0	4409.0
72901.0	3501.0	0.0	0.0	0.0	7.0	7.0	7.0
72000.0	4733.0	4695.0	4999.0	5060.0	5128.0	5156.0	5450.0
61100.0	5599.0	5885.0	6055.0	6178.0	6264.0	6387.0	6534.0
60800.0	5280.0	5165.0	5536.0	5532.0	5545.0	5567.0	5590.0
61002.0	4619.0	4304.0	4447.0	4536.0	4570.0	4640.0	4703.0
60906.0	2108.0	2021.0	2206.0	2230.0	2244.0	2248.0	2239.0
61001.0	3738.0	3746.0	4400.0	4466.0	4500.0	4517.0	4496.0
72309.0	5721.0	5810.0	6634.0	6805.0	7028.0	7151.0	7170.0
72311.0	4117.0	4320.0	4578.0	4718.0	4813.0	4821.0	4802.0
72310.0	3677.0	3714.0	4066.0	4127.0	4226.0	4243.0	4205.0
72305.0	6003.0	6304.0	6512.0	6526.0	6556.0	6612.0	6582.0
62801.0	6026.0	6052.0	6346.0	6391.0	6344.0	6339.0	6321.0
62600.0	2465.0	3074.0	3436.0	3549.0	3798.0	4846.0	5754.0
72313.0	2210.0	2923.0	3826.0	4041.0	4192.0	4436.0	4712.0
72307.0	4554.0	4521.0	4648.0	4687.0	4740.0	4747.0	4720.0
72308.0	7164.0	6835.0	7333.0	7568.0	7866.0	8227.0	8782.0
72312.0	5521.0	5916.0	6779.0	7082.0	7153.0	7211.0	7371.0
62802.0	3680.0	3928.0	4147.0	4198.0	4261.0	4273.0	4218.0
71803.0	4832.0	5268.0	5890.0	5979.0	6078.0	6159.0	6278.0
62900.0	6284.0	7141.0	7472.0	7685.0	8564.0	10469.0	14399.0
72106.0	6379.0	6025.0	6603.0	6690.0	6818.0	6931.0	6922.0
72105.0	4673.0	4191.0	4737.0	4801.0	4805.0	4840.0	4807.0
72507.0	2653.0	3007.0	3412.0	3563.0	3843.0	4302.0	4393.0
72506.0	2642.0	3212.0	4035.0	4441.0	4833.0	5255.0	5604.0
72407.0	4374.0	4646.0	4966.0	5078.0	5219.0	5388.0	5647.0
60300.0	3813.0	3861.0	4242.0	4355.0	4510.0	4638.0	4885.0
60400.0	3958.0	3851.0	4612.0	4701.0	4712.0	4784.0	4747.0
60904.0	5272.0	5070.0	5370.0	5416.0	5489.0	5527.0	5506.0
60903.0	3124.0	3011.0	3203.0	3251.0	3274.0	3341.0	3352.0
60905.0	6287.0	5999.0	6368.0	6451.0	6499.0	6537.0	6511.0
73200.0	5092.0	6276.0	7129.0	8327.0	10386.0	13855.0	19312.0
73005.0	4600.0	5551.0	5613.0	5751.0	6014.0	6543.0	7120.0
71406.0	3794.0	7366.0	9575.0	12183.0	14145.0	15894.0	16947.0
71407.0	4876.0	6209.0	6556.0	7082.0	7615.0	7875.0	7956.0
71411.0	3430.0	4680.0	5469.0	6523.0	7223.0	7791.0	8370.0
71410.0	3358.0	5624.0	7075.0	8430.0	9713.0	10800.0	11745.0
73115.0	4415.0	4614.0	4570.0	4521.0	4530.0	4504.0	4483.0
73114.0	5564.0	5812.0	5679.0	5649.0	5647.0	5616.0	5589.0
73117.0	3374.0	3829.0	3974.0	4109.0	4391.0	4828.0	5188.0
71100.0	2338.0	2331.0	2628.0	2717.0	2791.0	2798.0	2808.0
71305.0	3399.0	3817.0	4272.0	4454.0	4700.0	4857.0	4848.0
71601.0	4005.0	4767.0	4900.0	5360.0	5882.0	6125.0	6127.0
71602.0	4700.0	7288.0	7813.0	8226.0	8566.0	8684.0	8911.0
71705.0	3256.0	3630.0	3891.0	4032.0	4169.0	4204.0	4157.0
71707.0	2582.0	2651.0	2886.0	2889.0	2906.0	2898.0	2851.0
71703.0	3193.0	3405.0	3621.0	3673.0	3838.0	3903.0	3945.0
71704.0	3868.0	4456.0	4484.0	4525.0	4490.0	4395.0	4339.0
71505.0	4963.0	5219.0	5792.0	6155.0	6731.0	6986.0	7249.0
71503.0	4879.0	5058.0	5725.0	5872.0	6201.0	6612.0	6719.0
71504.0	3893.0	4054.0	4384.0	4421.0	4451.0	4401.0	4381.0
71306.0	5213.0	6161.0	8148.0	9438.0	10485.0	11107.0	11529.0
71506.0	4952.0	5234.0	5469.0	5690.0	6062.0	6396.0	6924.0
71403.0	3865.0	4310.0	4813.0	5056.0	5376.0	5470.0	5561.0
71408.0	3499.0	3888.0	4374.0	4762.0	5038.0	5253.0	5471.0
71309.0	2257.0	3610.0	3789.0	4871.0	5477.0	5982.0	6430.0
73108.0	5288.0	7477.0	7900.0	8637.0	9895.0	10866.0	12132.0
71409.0	4112.0	4433.0	4840.0	5069.0	5162.0	5194.0	5197.0
60200.0	256.0	628.0	846.0	852.0	863.0	859.0	861.0
61500.0	4194.0	4559.0	5034.0	5203.0	5475.0	6157.0	6428.0
61601.0	1335.0	1609.0	2066.0	2120.0	2145.0	2023.0	2027.0
61602.0	436.0	654.0	754.0	760.0	762.0	723.0	727.0
61300.0	4797.0	4877.0	5002.0	5239.0	5604.0	6335.0	6999.0
61700.0	3966.0	4410.0	4878.0	4955.0	5173.0	5525.0	6397.0
61400.0	2459.0	2841.0	3009.0	3137.0	3471.0	4302.0	5475.0
60600.0	5450.0	5458.0	5908.0	6073.0	6375.0	6855.0	7211.0
61200.0	5045.0	5316.0	5407.0	5633.0	5919.0	6541.0	7120.0
61800.0	2863.0	2780.0	2882.0	2897.0	2911.0	2897.0	2848.0
940007.0	3041.0	3328.0	3529.0	3718.0	3814.0	3784.0	3731.0
940004.0	6739.0	6656.0	7219.0	7414.0	7607.0	7697.0	7694.0
63100.0	4067.0	4321.0	4575.0	4604.0	4619.0	4596.0	4580.0
940006.0	2665.0	2300.0	2603.0	2989.0	3137.0	3220.0	3430.0
62000.0	4187.0	4631.0	4625.0	4692.0	4678.0	4655.0	4599.0
62300.0	4315.0	4841.0	5162.0	5460.0	5553.0	5556.0	5531.0
63000.0	3072.0	3140.0	3107.0	3111.0	3134.0	3113.0	3095.0
62400.0	5392.0	5278.0	5842.0	5837.0	5798.0	5775.0	5707.0
63200.0	4688.0	5107.0	5397.0	5495.0	5486.0	5414.0	5376.0
63300.0	6280.0	6900.0	7156.0	7347.0	7384.0	7327.0	7244.0
71205.0	4057.0	4777.0	5528.0	6062.0	6444.0	6653.0	6706.0
63501.0	4106.0	4217.0	4498.0	4511.0	4542.0	4512.0	4419.0
71808.0	3644.0	3697.0	3668.0	3661.0	3649.0	3617.0	3581.0
63400.0	6909.0	7398.0	8295.0	8480.0	8613.0	8652.0	8525.0
63502.0	4327.0	4612.0	5317.0	5353.0	5393.0	5350.0	5304.0
940011.0	4126.0	4350.0	4809.0	4899.0	5020.0	5133.0	5220.0
940008.0	5612.0	5697.0	6053.0	6159.0	6231.0	6238.0	6295.0
60500.0	3948.0	3892.0	4323.0	4327.0	4371.0	4396.0	4344.0
60700.0	5521.0	5298.0	5928.0	6233.0	6621.0	7300.0	7630.0
73119.0	2698.0	3314.0	3666.0	3901.0	4322.0	4802.0	5328.0
73113.0	3679.0	5944.0	6526.0	7390.0	8074.0	9268.0	10977.0
73118.0	4064.0	4646.0	4760.0	4912.0	5178.0	5410.0	5566.0
73124.0	1738.0	2224.0	2388.0	2771.0	3165.0	3551.0	3699.0
73125.0	4997.0	8955.0	9506.0	10452.0	11655.0	12687.0	14336.0
73116.0	2952.0	3161.0	3301.0	3466.0	3703.0	3938.0	4133.0
70401.0	1972.0	2363.0	2400.0	2428.0	2476.0	2578.0	2769.0
71210.0	4643.0	4995.0	6405.0	7217.0	8190.0	8981.0	9688.0
71206.0	4992.0	6484.0	8651.0	10350.0	11654.0	12099.0	12063.0
71209.0	4637.0	4846.0	5084.0	5140.0	5132.0	5164.0	5116.0
71207.0	4524.0	5154.0	5905.0	6410.0	6873.0	7321.0	8083.0
71307.0	3533.0	4724.0	6006.0	7084.0	7947.0	8388.0	8813.0
71304.0	4563.0	6456.0	7951.0	8660.0	9116.0	9655.0	10323.0
71208.0	5871.0	6555.0	7729.0	8427.0	8834.0	9272.0	9627.0
73110.0	3375.0	4166.0	4965.0	5461.0	5870.0	6208.0	6891.0
70203.0	3769.0	5360.0	6000.0	7674.0	9230.0	13476.0	18801.0
70404.0	1822.0	4046.0	4250.0	4691.0	4878.0	5021.0	5283.0
73111.0	3723.0	4313.0	4780.0	5150.0	5347.0	5494.0	5614.0
73120.0	2693.0	3636.0	4032.0	4514.0	4874.0	5233.0	5667.0
71310.0	3454.0	4886.0	5742.0	6746.0	7757.0	8865.0	9616.0
73122.0	2545.0	4231.0	4894.0	5102.0	5607.0	6080.0	7080.0
73123.0	1968.0	5036.0	5749.0	6326.0	6937.0	7915.0	9664.0
70403.0	2968.0	3299.0	3277.0	3313.0	3358.0	3519.0	3682.0
73121.0	3646.0	5491.0	5458.0	5473.0	5554.0	5635.0	5942.0
73126.0	182.0	3366.0	3309.0	3356.0	3369.0	3377.0	3873.0
70703.0	4720.0	5221.0	5852.0	6266.0	6512.0	6605.0	7068.0
73301.0	4956.0	5489.0	6002.0	6276.0	6487.0	6623.0	6855.0
940003.0	2942.0	6536.0	6738.0	6904.0	6993.0	7043.0	7164.0
940009.0	2575.0	3028.0	3206.0	3278.0	3337.0	3352.0	3330.0
940010.0	4101.0	3989.0	5599.0	6300.0	6745.0	6991.0	7305.0
73408.0	4034.0	4166.0	5420.0	5540.0	5758.0	5823.0	5808.0
73407.0	3435.0	3483.0	3826.0	3871.0	3867.0	3906.0	3846.0
73302.0	3582.0	4245.0	4711.0	4953.0	5127.0	5309.0	5336.0
73404.0	5983.0	6036.0	9058.0	9575.0	10096.0	10440.0	10931.0
73406.0	4152.0	4790.0	5363.0	5550.0	5655.0	5804.0	5817.0
73405.0	3146.0	3487.0	4113.0	4469.0	4731.0	5035.0	5427.0
70311.0	4656.0	4972.0	5014.0	5090.0	5158.0	5165.0	5234.0
70309.0	4435.0	5757.0	6772.0	7356.0	7893.0	8188.0	8308.0
70205.0	3555.0	3615.0	3732.0	3834.0	3952.0	4079.0	4139.0
70310.0	4073.0	4669.0	5530.0	6165.0	6698.0	7117.0	7758.0
70312.0	1200.0	3833.0	4653.0	5784.0	6255.0	6641.0	6943.0
70204.0	3694.0	3742.0	3681.0	3689.0	3745.0	3748.0	3797.0
70206.0	3820.0	4015.0	4525.0	5055.0	5719.0	6486.0	7177.0
70314.0	2194.0	3347.0	3853.0	4068.0	4350.0	4677.0	5154.0
70313.0	6099.0	7126.0	8352.0	9429.0	10558.0	11408.0	12259.0
70308.0	3461.0	4078.0	5220.0	5830.0	6141.0	6346.0	6475.0
61900.0	1771.0	1787.0	2092.0	2095.0	2095.0	2070.0	2034.0
62500.0	7409.0	7239.0	7555.0	7553.0	7609.0	7567.0	7477.0
51602.0	4108.0	4212.0	4690.0	4737.0	4720.0	4761.0	4811.0
41201.0	3317.0	3418.0	3897.0	3969.0	4046.0	4183.0	4459.0
51702.0	4057.0	4330.0	4611.0	4703.0	4788.0	4949.0	5290.0
51300.0	7171.0	7015.0	9060.0	9773.0	10537.0	10925.0	11787.0
50700.0	5899.0	6112.0	6528.0	6554.0	6587.0	6633.0	7016.0
52301.0	4411.0	4750.0	5281.0	5531.0	5871.0	6287.0	6477.0
52206.0	3347.0	4266.0	4564.0	4743.0	5120.0	5505.0	5611.0
50300.0	5465.0	5459.0	5982.0	6051.0	6085.0	6154.0	6118.0
50200.0	4143.0	4005.0	4760.0	4897.0	4927.0	4997.0	5015.0
50101.0	2766.0	2888.0	3158.0	3345.0	3415.0	3519.0	3590.0
52004.0	5919.0	6642.0	6528.0	6489.0	6545.0	6635.0	6934.0
50402.0	5235.0	5272.0	5969.0	5972.0	6092.0	6206.0	6257.0
51913.0	4250.0	4501.0	5337.0	5729.0	6118.0	6335.0	6392.0
51905.0	6973.0	7683.0	8463.0	8841.0	9222.0	9851.0	11432.0
41704.0	1955.0	3373.0	3648.0	3846.0	4029.0	4258.0	4632.0
51701.0	5430.0	5552.0	5694.0	5704.0	5735.0	5833.0	6003.0
51802.0	3255.0	5084.0	5438.0	5673.0	5793.0	6088.0	6567.0
51400.0	6953.0	7501.0	7784.0	7763.0	7750.0	7827.0	8284.0
51927.0	4741.0	6718.0	7154.0	7375.0	7614.0	8085.0	8467.0
51928.0	2175.0	3238.0	3282.0	3435.0	3608.0	3898.0	4185.0
51601.0	4440.0	4589.0	4934.0	5198.0	5406.0	5750.0	6174.0
51803.0	4053.0	5892.0	7315.0	7569.0	7784.0	8055.0	8545.0
51922.0	3372.0	4924.0	5434.0	5664.0	5904.0	6086.0	6704.0
51915.0	5269.0	6373.0	7024.0	7301.0	7569.0	7672.0	7724.0
50102.0	4553.0	4601.0	4536.0	4662.0	4943.0	5473.0	6431.0
51804.0	1907.0	2311.0	2951.0	2967.0	2945.0	2928.0	2882.0
51921.0	3148.0	4241.0	4373.0	4548.0	4722.0	5072.0	5496.0
51923.0	3355.0	4566.0	4575.0	4685.0	4760.0	4898.0	5236.0
51916.0	3706.0	4173.0	4705.0	4894.0	4948.0	5112.0	5150.0
52804.0	6400.0	7015.0	7625.0	8261.0	9064.0	10756.0	15301.0
41811.0	4828.0	8894.0	9611.0	9757.0	9745.0	9956.0	10577.0
41812.0	1925.0	4163.0	9116.0	10045.0	10562.0	11201.0	13032.0
41901.0	2732.0	4026.0	7785.0	8731.0	9316.0	9761.0	10834.0
42004.0	3748.0	4550.0	4636.0	4758.0	5026.0	5644.0	6603.0
51500.0	5351.0	5373.0	5416.0	5404.0	5451.0	5542.0	5611.0
50401.0	7142.0	6866.0	7644.0	7693.0	7748.0	7868.0	7943.0
41703.0	3844.0	5512.0	5907.0	6228.0	6474.0	6988.0	7414.0
41809.0	4592.0	5362.0	6418.0	6559.0	6703.0	6868.0	7477.0
41810.0	3900.0	3941.0	4811.0	5171.0	5445.0	5758.0	6606.0
41608.0	5172.0	5926.0	6118.0	6430.0	6717.0	7095.0	7343.0
41400.0	5117.0	5164.0	6042.0	6311.0	6481.0	6836.0	7638.0
53602.0	4489.0	6010.0	6731.0	7381.0	8412.0	9519.0	10833.0
53700.0	2837.0	3084.0	3760.0	4408.0	5155.0	6188.0	7129.0
52701.0	1382.0	1714.0	1851.0	2112.0	2564.0	3277.0	3599.0
51000.0	4229.0	4157.0	5917.0	6440.0	6855.0	7331.0	8121.0
52906.0	4711.0	5230.0	5866.0	6130.0	6234.0	6490.0	6995.0
52905.0	2882.0	2872.0	3010.0	3077.0	3292.0	3763.0	4816.0
51100.0	3919.0	3733.0	4239.0	4258.0	4307.0	4347.0	4353.0
40500.0	2462.0	2340.0	2535.0	2557.0	2656.0	2656.0	2659.0
52208.0	3419.0	3992.0	4285.0	4455.0	4542.0	4556.0	4638.0
52203.0	3331.0	4938.0	6844.0	8069.0	9165.0	10205.0	11340.0
52207.0	4666.0	5536.0	5782.0	5859.0	6159.0	6432.0	6543.0
42003.0	3394.0	3663.0	3781.0	3926.0	4176.0	4446.0	4563.0
41904.0	4654.0	4779.0	5041.0	5023.0	4937.0	4915.0	4927.0
53504.0	4763.0	7038.0	7365.0	7549.0	7989.0	8726.0	9799.0
53509.0	2054.0	2645.0	2932.0	3009.0	3266.0	4078.0	6737.0
52107.0	2910.0	4306.0	4542.0	4862.0	5168.0	5361.0	5444.0
52502.0	4012.0	4391.0	6307.0	7770.0	9164.0	10578.0	11639.0
52105.0	1805.0	1961.0	2047.0	2064.0	2125.0	2169.0	2176.0
53202.0	4032.0	5005.0	5211.0	5476.0	5743.0	5905.0	5927.0
52104.0	1329.0	3296.0	4610.0	5358.0	5925.0	6190.0	6235.0
990002.0	122.0	162.0	161.0	171.0	163.0	168.0	163.0
41905.0	3804.0	5613.0	6367.0	6516.0	6611.0	6580.0	6606.0
53508.0	2121.0	3444.0	3355.0	3371.0	3456.0	3572.0	3942.0
52108.0	5670.0	5930.0	6227.0	6431.0	6539.0	6590.0	6567.0
52401.0	4681.0	4748.0	5178.0	5228.0	5247.0	5262.0	5252.0
52503.0	5611.0	6648.0	7001.0	7606.0	8114.0	8771.0	9122.0
52504.0	2574.0	3420.0	4110.0	4640.0	5245.0	5661.0	5954.0
53102.0	4516.0	4613.0	4734.0	4830.0	5043.0	5254.0	5393.0
53505.0	4249.0	4936.0	5169.0	5615.0	6171.0	6846.0	7150.0
41805.0	5215.0	5576.0	6373.0	6632.0	6930.0	7252.0	7686.0
52607.0	3339.0	5287.0	5905.0	6510.0	6930.0	7308.0	7552.0
41606.0	3474.0	5002.0	5802.0	6099.0	6391.0	6682.0	7128.0
53506.0	4883.0	5236.0	5729.0	6203.0	6813.0	7481.0	7847.0
53302.0	4675.0	5719.0	5810.0	6029.0	6543.0	7453.0	7944.0
53101.0	2762.0	3112.0	3447.0	3680.0	4126.0	4525.0	4780.0
53802.0	4171.0	4985.0	5761.0	6565.0	7492.0	8632.0	9939.0
50600.0	926.0	1039.0	1369.0	1375.0	1395.0	1398.0	1449.0
52603.0	2170.0	2762.0	3252.0	3545.0	3793.0	4110.0	4337.0
52605.0	5252.0	6238.0	6672.0	6961.0	7154.0	7175.0	7364.0
53803.0	4992.0	5385.0	5865.0	6310.0	6821.0	7495.0	7919.0
40100.0	4048.0	4308.0	4615.0	4625.0	4684.0	4852.0	4791.0
51925.0	3361.0	6306.0	7326.0	8036.0	8698.0	9171.0	9617.0
40200.0	5222.0	4680.0	4851.0	4848.0	4892.0	5170.0	5997.0
41000.0	5141.0	5564.0	6439.0	6733.0	7458.0	8488.0	9150.0
50800.0	5829.0	6039.0	6699.0	6778.0	7019.0	7328.0	7411.0
52904.0	5511.0	5776.0	6125.0	6385.0	6634.0	6808.0	7152.0
41301.0	4850.0	5510.0	6165.0	6279.0	6451.0	6620.0	6815.0
52709.0	2136.0	3080.0	3230.0	3377.0	3852.0	4516.0	5404.0
52118.0	3321.0	6285.0	6724.0	7013.0	7172.0	7465.0	7732.0
41202.0	5260.0	5276.0	6031.0	6302.0	6407.0	6589.0	6838.0
41806.0	7435.0	8327.0	9420.0	9541.0	9743.0	10289.0	10950.0
41303.0	3683.0	4313.0	5058.0	5357.0	5655.0	5747.0	6311.0
41304.0	2475.0	2680.0	3197.0	3246.0	3329.0	3368.0	3525.0
50500.0	6191.0	6758.0	8064.0	8295.0	8672.0	8859.0	8832.0
50900.0	3132.0	3123.0	3357.0	3364.0	3397.0	3343.0	3333.0
41903.0	6504.0	7195.0	7743.0	7809.0	7988.0	8239.0	8526.0
41100.0	4205.0	4547.0	5406.0	5505.0	5609.0	5794.0	6128.0
53201.0	3444.0	3697.0	4137.0	4369.0	4622.0	4864.0	5127.0
53603.0	3678.0	4205.0	4434.0	4819.0	5241.0	5778.0	6231.0
51200.0	4470.0	4591.0	7823.0	8705.0	9296.0	9553.0	10258.0
52806.0	5548.0	6781.0	7280.0	7418.0	7537.0	7815.0	7891.0
52805.0	3962.0	4446.0	4987.0	5348.0	5530.0	5835.0	6298.0
52209.0	2380.0	2500.0	2499.0	2520.0	2504.0	2478.0	2470.0
52803.0	5123.0	4970.0	4996.0	5032.0	5059.0	5088.0	5393.0
53400.0	4718.0	5623.0	5917.0	6175.0	6579.0	7365.0	7748.0
41500.0	1384.0	1420.0	1710.0	1860.0	1978.0	2075.0	2348.0
41701.0	3954.0	4482.0	5503.0	6012.0	6458.0	6931.0	7360.0
52005.0	5296.0	5756.0	5662.0	5681.0	5726.0	5832.0	6457.0
52003.0	934.0	7089.0	8083.0	8904.0	9600.0	10221.0	11121.0
52006.0	4173.0	4597.0	4538.0	4518.0	4519.0	4476.0	4419.0
53301.0	4340.0	6074.0	6650.0	7117.0	7713.0	8312.0	9336.0
40400.0	3944.0	4226.0	4496.0	4843.0	5541.0	6901.0	7338.0
40300.0	3207.0	3216.0	3240.0	3257.0	3301.0	3301.0	3273.0
52112.0	2532.0	2716.0	2896.0	2976.0	3098.0	3248.0	3272.0
41605.0	5457.0	6135.0	6182.0	6192.0	6311.0	6517.0	6630.0
42001.0	5502.0	5965.0	5965.0	5999.0	6042.0	6090.0	6151.0
51918.0	4549.0	4961.0	5589.0	5980.0	6239.0	6469.0	6590.0
52606.0	3945.0	5020.0	5750.0	6223.0	6664.0	6975.0	7226.0
52903.0	4060.0	4266.0	4404.0	4432.0	4432.0	4474.0	4817.0
52707.0	1698.0	3544.0	4784.0	5934.0	7021.0	7976.0	10094.0
52604.0	3872.0	4988.0	5668.0	5977.0	6264.0	6549.0	6680.0
52114.0	4821.0	5550.0	5495.0	5549.0	5548.0	5560.0	5558.0
52706.0	2676.0	3988.0	4485.0	5004.0	5342.0	5696.0	6305.0
52402.0	3190.0	3033.0	3336.0	3349.0	3363.0	3358.0	3392.0
41601.0	4378.0	5644.0	6199.0	6668.0	7069.0	7269.0	7541.0
52302.0	3462.0	3699.0	3862.0	4017.0	4246.0	4387.0	4396.0
51924.0	4122.0	5281.0	5306.0	5386.0	5476.0	5572.0	5982.0
40900.0	2939.0	3243.0	4531.0	4620.0	4788.0	4918.0	5093.0
52007.0	3748.0	4571.0	4487.0	4468.0	4578.0	4579.0	4797.0
51926.0	3346.0	4675.0	5021.0	5248.0	5419.0	5491.0	5501.0
41808.0	3654.0	4283.0	4442.0	4710.0	4946.0	5214.0	5702.0
40800.0	2052.0	2165.0	2852.0	3167.0	3817.0	4974.0	4949.0
40700.0	3164.0	3276.0	4283.0	4943.0	5991.0	7211.0	7146.0
42005.0	4885.0	5508.0	5456.0	5545.0	5632.0	5778.0	5848.0
42006.0	3519.0	4180.0	4188.0	4317.0	4371.0	4444.0	4534.0
53604.0	3025.0	3583.0	3895.0	4120.0	4638.0	5189.0	6133.0
52705.0	4091.0	7494.0	8806.0	10092.0	11802.0	13366.0	14134.0
52708.0	4327.0	5383.0	5394.0	5390.0	5563.0	5619.0	5882.0
41607.0	2653.0	3657.0	3926.0	4092.0	4234.0	4365.0	4507.0
52204.0	4973.0	5419.0	5582.0	5642.0	5663.0	5683.0	5662.0
52115.0	6069.0	6877.0	6772.0	6776.0	6775.0	6790.0	6830.0
53507.0	3346.0	5187.0	5532.0	5989.0	6589.0	6837.0	6767.0
